      15.811553       8.103309
      15.308586       8.279238
      14.606245       7.852557
      14.033648       7.027825
      13.575587       6.015913
      13.321494       5.113105
      13.222538       4.378825
      13.602192       3.708234
      13.927189       3.324011
      13.858230       3.127878
      13.304784       3.260866
      13.141980       3.844610
      13.085126       4.714093
      12.429108       5.369613
      10.954674       5.580886
       9.476575       5.561070
       8.714569       5.567692
       8.558886       5.492827
       8.443218       5.216535
       8.240277       4.581456
       7.912801       3.381431
       7.699452       1.455552
       7.492373      -1.120708
       7.215114      -4.356092
       6.948759      -8.161051
       6.800597     -12.193675
       6.762513     -16.078891
       6.702128     -19.187914
       6.667061     -21.265860
       6.491115     -22.401061
       6.041792     -22.898328
       5.545204     -23.063483
       5.288158     -23.312428
       5.487651     -23.444539
       6.133913     -23.408735
       6.848760     -23.261716
       7.230890     -22.938857
       7.118525     -22.164953
       7.524739     -20.806179
       8.384959     -18.734473
       9.188221     -15.584803
       9.241570     -11.441552
       8.623792      -6.678014
       7.406712      -1.440044
       5.994816       3.706240
       5.228219       8.289464
       5.564644      12.004025
       5.926984      14.610883
       6.106679      16.042119
       6.622676      16.398466
       8.224363      15.951393
      10.120485      14.707377
      10.766008      12.826357
      10.498638      10.749352
      10.249316       8.736195
      10.497473       6.773456
      10.149372       4.454595
       9.266606       2.245909
       8.132861       0.432749
       8.026492      -1.030791
       9.037618      -2.257245
      10.020975      -2.948801
      10.744105      -3.008084
      11.092703      -2.706184
      10.905409      -1.208150
       9.657351       1.521081
       8.298844       4.518470
       7.508072       7.573968
       6.882233      10.675705
       6.413981      13.557065
       6.362421      15.676511
       7.206946      16.916873
      10.319034      17.505080
      12.845404      18.020631
      13.600240      18.544194
      14.410669      18.935289
      15.144643      19.271920
      15.353136      19.438860
      15.208922      19.485756
      14.967537      19.444427
      14.920421      19.381151
      14.850264      19.240974
      14.879973      19.073428
      15.126417      18.799391
      15.566157      18.494182
      15.917195      18.156609
      15.987565      17.902872
      15.826115      17.754637
      15.481308      17.754651
      15.040455      17.805354
      14.492093      17.785162
      14.000014      17.719511
      13.749290      17.694680
      13.561277      17.689109
      13.424271      17.686671
      13.508228      17.892310
      13.396150      18.316412
      12.885745      18.905749
      12.091648      19.552015
      11.009113      20.065722
       9.799762      20.361986
       8.478799      20.360336
       7.314634      20.231358
       6.344157      20.046213
       5.553185      19.801789
       4.852134      19.480288
       4.137365      19.080388
       3.608188      18.541412
       3.001239      17.791664
       2.335134      16.765244
       1.957476      15.716128
       1.705276      14.637565
       1.713173      13.608203
       1.714967      12.270530
       1.723767      10.437324
       2.073499       8.007045
       2.945755       5.215507
       4.468932       1.902832
       5.853362      -1.477953
       7.017465      -4.636668
       7.865724      -7.299049
       8.229030      -9.191536
       8.324578     -10.352360
       8.426029     -11.009088
       8.620605     -11.182805
       8.732113     -11.010944
       8.630535     -10.619812
       8.259329     -10.149793
       7.679247      -9.630531
       6.721753      -9.161074
       5.208115      -8.768113
       3.025130      -8.535401
       0.422236      -8.422901
      -1.854740      -8.366644
      -3.371455      -8.366961
      -4.088752      -8.248381
      -4.310241      -7.812137
      -4.524436      -7.026483
      -4.713871      -6.090196
      -4.597854      -5.000118
      -4.360382      -3.560881
      -4.135985      -1.264227
      -4.160119       1.489714
      -4.544266       4.380770
      -5.044853       7.342867
      -5.218010       9.988985
      -5.174935      12.213505
      -5.354018      13.815591
      -6.083098      14.699084
      -7.392566      14.860605
      -9.231541      14.429526
     -11.399690      13.696670
     -13.668248      12.927344
     -15.744188      12.388581
     -17.455690      12.126978
     -18.766784      12.065167
     -19.797079      12.070207
     -20.529344      12.186977
     -21.089215      12.320969
     -21.638032      12.356707
     -22.224663      12.140122
     -22.644072      11.581986
     -22.381067      10.320259
     -21.559368       7.732266
     -20.284574       3.533657
     -18.434104      -1.985931
     -16.279043      -8.103326
     -14.271428     -14.025227
     -12.491480     -19.204397
     -10.714683     -23.590791
      -8.903528     -27.547334
      -7.290632     -30.974870
      -5.996132     -33.772455
      -5.019493     -35.994813
      -4.107432     -37.898144
      -3.281671     -39.525628
      -2.676562     -40.868005
      -2.272706     -41.756909
      -2.136951     -42.208039
      -2.098964     -42.361375
      -2.113336     -42.353293
      -2.042357     -42.377082
      -1.764670     -42.463207
      -1.432145     -42.507785
      -0.966993     -42.550876
      -0.287803     -43.026112
       0.956140     -44.501797
       3.158411     -47.213857
       5.417209     -50.627606
       7.482897     -54.182044
       9.166729     -57.416457
      10.279614     -59.850788
      10.788248     -61.276086
      10.907532     -62.015985
      10.857979     -62.449135
      10.650633     -62.835890
      10.509570     -63.260301
      10.497632     -63.621305
      10.605416     -63.784569
      10.598501     -63.823604
      10.494462     -63.711451
      10.314093     -63.410092
       9.906438     -62.593238
       9.261123     -60.968597
       8.951161     -58.445384
       8.653158     -54.723174
       8.597362     -50.520174
       8.558391     -46.623301
       8.798820     -43.306566
       9.761120     -40.756274
      10.849874     -38.742045
      12.029532     -37.121543
      13.369200     -35.594686
      14.508186     -33.722078
      15.169805     -31.663999
      15.778616     -29.812478
      16.460789     -28.411520
      17.372535     -27.418852
      18.606260     -26.738115
      20.132681     -26.105386
      21.513804     -25.475202
      22.562076     -24.861311
      23.372089     -24.224212
      24.004911     -23.692592
      24.501174     -23.280770
      24.973590     -22.947537
      25.484649     -22.663692
      26.046473     -22.334949
      26.588036     -21.854590
      27.117150     -21.230377
      27.672354     -20.465039
      28.366960     -19.577144
      28.876500     -18.439436
      29.209605     -17.050191
      29.630789     -15.680539
      30.062056     -14.444365
      30.555695     -13.447172
      31.082453     -12.627966
      31.509565     -11.900579
      31.651626     -11.170240
      31.529445     -10.479451
      31.229971      -9.716783
      30.708696      -8.646831
      29.294306      -7.280084
      26.740782      -5.907931
      23.544691      -4.665787
      21.020131      -3.554975
      19.047809      -2.458964
      16.808650      -1.354674
      13.935111      -0.173026
      10.801687       1.081236
       7.679755       2.683285
       4.825519       4.658142
       2.725130       6.467514
       1.742417       7.807144
       2.066012       8.810658
       2.746282      10.288668
       3.299059      12.251050
       3.913862      14.651546
       5.311893      17.145376
       9.492248      19.328436
      15.343258      21.372474
      18.909119      23.451399
      20.094930      24.898309
      20.998680      26.035923
      21.760575      27.034877
      22.617269      28.118273
      23.213099      29.313460
      23.584766      30.689406
      23.815166      32.292974
      23.980171      33.646860
      24.472166      33.763807
      25.264048      32.635443
      26.090278      31.651478
      26.779626      31.377041
      27.592308      31.867662
      28.801194      32.355613
      30.090205      32.768533
      31.089472      33.456761
      31.547125      34.379493
      31.584759      35.454197
      31.207986      36.052031
      30.443687      36.421099
      29.789183      36.945910
      29.122977      37.809967
      28.792226      39.279052
      28.572861      41.007970
      27.963331      42.307700
      27.043894      42.932381
      26.297056      43.274034
      25.522580      43.842825
      24.405479      45.719069
      22.229268      49.993250
      19.684333      55.199483
      17.042214      59.696091
      14.771098      62.797845
      12.898161      64.415000
      11.529484      64.725160
      10.779864      64.423019
      10.355817      64.165796
       9.868492      63.703888
       8.996152      62.812314
       8.227581      60.941466
       8.252289      57.415617
       9.391727      53.575916
      11.091343      50.193922
      13.440373      47.392746
      15.639251      45.297033
      17.219282      43.602529
      18.914524      42.548283
      20.623531      41.673606
      21.962549      40.587549
      23.297461      38.844591
      24.630655      36.753009
      25.640945      35.339323
      26.213559      34.763181
      26.621122      34.583194
      27.050993      34.118635
      27.499058      32.613462
      27.721617      28.845044
      27.034984      22.178781
      25.424648      13.580206
      23.441792       4.762700
      21.143507      -3.843548
      18.982327     -11.944852
      17.090613     -19.375516
      15.534721     -25.600469
      14.362786     -30.621745
      13.222396     -34.663862
      12.014326     -38.364780
      10.804265     -42.345507
       9.766778     -46.231388
       8.964319     -49.999520
       8.328522     -53.724294
       7.845056     -57.649322
       7.240269     -61.350899
       6.398204     -64.238972
       5.411541     -65.794623
       4.379465     -65.942170
       3.459420     -65.140178
       2.668331     -64.234120
       1.801903     -63.596184
       0.935705     -63.113197
       0.106014     -62.702293
      -0.556396     -62.374123
      -1.197495     -62.023990
      -1.808727     -61.548822
      -2.232511     -61.036149
      -2.633482     -60.457274
      -3.061939     -59.690175
      -3.550013     -58.858051
      -3.879737     -58.093643
      -4.089616     -57.426147
      -3.626251     -56.923003
      -2.598962     -56.626083
      -1.205347     -56.387298
       0.207359     -56.131687
       1.583088     -55.820682
       2.801218     -55.408947
       4.006660     -54.935859
       5.290621     -54.394791
       6.419179     -53.889675
       7.589807     -53.139304
       8.440181     -52.170595
       8.800973     -50.936964
       8.480472     -49.469726
       7.522422     -48.011021
       6.089172     -46.623481
       4.444334     -45.322935
       2.818978     -44.325079
       1.307484     -43.569506
      -0.037873     -42.992098
      -1.534936     -41.934642
      -3.103965     -40.044067
      -4.583049     -37.194143
      -5.804967     -33.344491
      -7.119430     -29.416368
      -8.622586     -25.876390
     -10.064717     -22.862271
     -11.085583     -20.805339
     -11.753804     -19.396047
     -12.122814     -17.825271
     -12.359100     -16.281646
     -12.561287     -14.988114
     -12.598355     -14.106143
     -12.606765     -13.803709
     -12.702615     -13.868587
     -12.773617     -14.066457
     -12.782210     -14.373924
     -12.562595     -14.800214
     -12.116186     -15.550399
     -11.301338     -16.690117
     -10.235220     -17.980373
      -8.407894     -19.476184
      -6.017658     -21.077888
      -3.651638     -22.549941
      -1.441836     -23.677091
       1.002257     -24.362356
       3.316939     -24.703909
       4.963471     -24.757050
       5.856599     -24.686412
       6.345570     -24.560722
       6.616023     -24.378386
       6.737815     -24.143625
       6.760737     -23.884235
       6.657887     -23.638691
       6.443049     -23.374666
       6.189835     -23.133167
       5.925770     -22.944545
       5.533524     -22.729136
       4.666732     -22.324961
       2.983418     -21.825302
       0.927217     -21.451469
      -0.900110     -21.227186
      -2.556767     -21.077077
      -3.856301     -20.954955
      -4.760491     -20.877349
      -5.413390     -20.790690
      -5.980514     -20.661943
      -6.554664     -20.419742
      -7.139195     -20.046949
      -7.770578     -19.500620
      -8.513122     -18.629780
      -9.274081     -17.346559
      -9.982232     -15.849632
     -10.515276     -14.279888
     -10.901504     -12.798319
     -11.135926     -11.463470
     -11.217784     -10.219943
     -11.198359      -9.059416
     -11.129307      -7.866713
     -11.087929      -6.561223
     -11.090304      -5.073560
     -11.039849      -3.077694
     -10.777427      -0.682177
     -10.346584       1.915486
      -9.846737       4.285150
