      16.725398     -10.439335
      15.938925     -11.655858
      14.037748     -12.465356
      11.571522     -12.720371
       9.803308     -12.714607
       8.675983     -12.320403
       7.828372     -11.591118
       7.191111     -10.765760
       6.712485      -9.930155
       6.083539      -9.114567
       5.173364      -8.046768
       4.408890      -6.790013
       3.971939      -5.372015
       3.792799      -3.866322
       4.123299      -2.390778
       4.754312      -0.911803
       5.431144       0.816028
       6.301970       2.983257
       7.626881       5.888177
       9.145813       9.990733
      10.771284      16.050974
      12.226725      22.823376
      13.041856      29.105861
      13.390474      34.240228
      13.444356      37.846126
      13.476908      40.225931
      13.552376      41.844801
      13.588106      43.047696
      13.788877      44.126670
      13.991887      45.255184
      14.041052      46.516908
      14.026733      48.185286
      13.959527      50.362277
      13.971153      52.861997
      13.939355      55.691578
      14.110928      59.098376
      14.445166      62.919246
      14.885946      67.184106
      15.367878      71.817138
      15.881838      76.613046
      16.322298      81.325558
      16.540231      85.552582
      16.696698      89.127429
      16.886435      92.208909
      17.028485      95.297325
      17.026738      98.916983
      16.310664     103.126788
      14.788965     108.244420
      13.255045     113.330724
      11.923066     117.639380
      10.349426     121.098669
       8.733569     124.074907
       7.016926     126.899460
       5.557452     129.327088
       4.463185     131.438232
       3.512350     133.347946
       2.783680     135.399688
       2.598580     137.683937
       2.884637     139.829809
       3.119191     141.710128
       3.658296     143.170275
       5.263706     144.114092
       8.946350     144.298047
      14.467311     143.621939
      18.808856     141.801381
      22.242608     139.059786
      24.775822     135.194372
      26.746472     130.985490
      28.384064     128.672196
      29.480517     128.454359
      29.603606     129.326952
      29.161413     130.397858
      28.772562     130.840692
      29.123820     130.106679
      30.960425     127.834243
      33.842668     121.846631
      36.001202     112.053531
      36.158188     101.458935
      34.654835      91.824340
      32.099208      83.508066
      30.115260      76.325146
      28.141312      69.798569
      26.475720      64.079341
      25.569807      59.057670
      24.948186      54.586221
      24.243157      50.425962
      23.343576      46.314453
      22.640490      42.866904
      21.891935      40.063723
      20.596023      37.685169
      19.222548      35.203140
      18.120782      32.567131
      16.717108      30.148448
      14.761093      28.218029
      13.190246      26.636890
      13.192613      25.132303
      13.479794      23.665288
      13.320417      21.917695
      12.979034      20.302553
      12.486509      19.434993
      12.023691      20.514913
      11.611058      25.460099
      11.493999      34.952287
      11.664114      47.609685
      11.927116      61.674653
      12.079857      75.172234
      12.025938      87.317090
      11.818463      97.472514
      11.549087     105.833151
      11.060544     112.935042
      10.385921     118.735212
       9.672864     123.237401
       9.167476     126.907261
       9.227460     130.363091
       9.608858     133.770371
      11.012336     137.063005
      12.866750     139.772797
      14.388922     141.984637
      14.713109     144.387649
      14.009295     146.944143
      12.953646     149.445209
      12.439750     151.912043
      12.059983     153.886336
      11.549082     155.989475
      11.094231     158.310860
      10.612223     160.940171
      10.211156     163.401788
       9.913253     165.185249
       9.611656     165.421436
       9.570612     164.303640
      10.071228     163.106948
      11.029000     162.504541
      11.570969     163.005980
      11.333384     164.396254
      10.828005     165.737511
       9.987063     166.596933
       9.118014     167.259567
       8.432326     167.764911
       7.698914     167.883888
       6.725296     167.739382
       5.710175     167.317521
       5.009730     167.015491
       4.521926     166.871588
       4.033091     166.627920
       3.500862     165.781905
       2.870433     164.217185
       1.833117     161.620077
      -0.053306     157.844528
      -2.833794     153.944076
      -5.487287     149.919634
      -7.430746     146.513238
      -8.404655     143.327341
      -8.534296     140.562821
      -7.895486     137.367016
      -6.799098     133.814414
      -5.573146     130.321156
      -4.368685     126.995192
      -3.026188     124.153387
      -1.706092     121.400863
      -0.574315     118.763082
       0.143126     116.484030
       0.670963     114.596659
       1.094216     112.803660
       1.562463     110.895170
       2.511657     108.516190
       4.024779     105.427998
       6.230722     101.546536
       9.171710      97.212236
      12.907957      92.542276
      16.893352      87.811166
      19.775639      83.084718
      21.453579      78.551493
      22.723708      74.235134
      24.095431      70.270113
      25.303261      66.073946
      26.381224      61.435134
      27.105651      56.334589
      27.597588      50.633488
      28.119018      44.216845
      28.848043      38.008309
      29.887329      32.527107
      30.883794      28.222388
      31.632810      25.204661
      32.613256      23.068867
      33.218033      21.729108
      32.497547      20.916055
      30.913395      20.082706
      27.596322      19.141224
      22.623772      18.257315
      17.470832      17.730495
      13.279756      17.472495
      10.696668      17.472718
       9.612460      17.670474
       8.690341      18.108199
       7.166209      18.500729
       5.302193      18.820042
       3.294730      19.400267
       1.249176      20.187415
      -0.992469      20.732561
      -3.356501      20.687457
      -5.104926      20.197500
      -5.973295      19.283432
      -6.238953      18.099454
      -6.042144      16.993053
      -5.671290      16.129019
      -5.435296      15.688205
      -4.348142      15.859177
       1.040114      17.063519
      12.562758      19.545681
      19.903616      22.909251
      22.330000      26.282143
      22.966486      29.254714
      23.104919      31.566130
      22.979717      33.446121
      22.735450      35.112678
      22.516009      37.002283
      22.173176      39.493147
      21.682945      42.123376
      21.437830      44.711703
      21.253586      47.275463
      21.208739      49.681424
      20.274440      51.905071
      18.369616      53.606963
      16.237028      54.771652
      14.672599      55.540427
      13.454108      56.063062
      12.501437      56.540848
      11.725216      56.756227
      11.086003      56.687564
      10.679491      56.392718
      10.377052      55.886388
      10.118908      55.593733
       9.691246      56.051561
       8.910318      57.308199
       7.806975      59.187872
       6.387765      61.036440
       4.960946      61.970684
       3.798214      61.362016
       2.790104      58.856526
       2.310018      54.265123
       2.579100      46.435679
       4.240881      35.177060
       7.447253      22.532489
      11.232832      10.700548
      14.468721       0.397190
      16.877739      -7.839279
      18.394127     -14.141530
      19.031804     -18.751756
      18.555782     -21.805094
      17.197028     -23.470313
      15.113725     -24.128298
      12.714460     -23.954140
      11.280813     -23.616409
      10.083391     -23.137759
       9.638980     -22.681607
      10.047634     -22.736360
      10.704717     -23.293527
      11.376259     -24.105786
      12.220849     -24.897860
      14.302907     -25.594112
      17.557763     -26.368433
      20.507497     -27.112706
      23.986500     -27.790305
      28.372948     -28.183107
      33.727416     -26.098982
      39.167510     -23.801035
      42.432637     -24.056142
      44.062416     -25.967957
      44.604304     -27.997806
      44.138409     -29.719446
      42.553353     -31.658627
      39.473717     -34.067798
      34.875546     -36.855523
      30.119733     -39.708721
      26.084907     -41.995277
      22.814716     -43.429410
      19.716255     -44.204809
      17.351267     -44.733380
      15.502412     -45.272796
      13.486039     -45.851404
      11.159918     -46.578228
       9.581029     -47.980285
       8.820536     -50.277706
       8.140976     -53.855681
       6.975774     -59.161343
       5.446648     -65.712710
       4.265156     -72.841810
       3.624883     -79.653882
       3.402377     -85.960115
       3.130376     -91.262838
       2.450200     -95.369529
       1.087994     -97.890597
      -0.348555     -99.070717
      -1.514108     -99.941135
      -2.399353    -100.880551
      -3.690007    -100.975292
      -6.218739     -99.520721
      -9.676468     -97.923916
     -13.089037     -97.518160
     -16.590173     -96.352601
     -21.272087     -94.158742
     -27.638962     -91.897914
     -32.777200     -89.233953
     -35.871576     -85.946137
     -37.731799     -82.319485
     -38.791203     -79.010900
     -39.337802     -75.707857
     -39.355465     -73.163714
     -38.594879     -70.678224
     -36.888005     -68.002519
     -34.588845     -64.986633
     -32.046886     -61.429650
     -29.467882     -56.907082
     -26.917473     -51.031429
     -24.209792     -44.972870
     -22.021402     -39.298502
     -20.218676     -34.526462
     -18.781836     -30.964136
     -17.459333     -28.343160
     -16.428901     -26.133071
     -15.815185     -24.172556
     -15.608312     -22.604563
     -15.447084     -21.477099
     -15.214048     -20.824947
     -15.050667     -20.375881
     -14.796547     -20.326475
     -14.450117     -20.643139
     -13.987591     -21.168516
     -13.253988     -21.887056
     -12.112105     -22.977026
     -10.631262     -24.539195
      -8.657499     -26.432337
      -6.186595     -28.296346
      -3.686396     -30.026216
      -1.420173     -31.494443
       0.309284     -32.807624
       1.966180     -34.032845
       3.790693     -35.315769
       5.684640     -36.764556
       7.622396     -38.530446
       9.489405     -40.557729
      10.558931     -42.333942
      11.490771     -43.834238
      12.573250     -45.513719
      13.377791     -47.769272
      13.620603     -50.391433
      13.545632     -53.241238
      13.630200     -56.361322
      13.911792     -59.428144
      14.694260     -62.191193
      15.523684     -64.808769
      16.368340     -67.246383
      17.150781     -69.660343
      17.711210     -72.235226
      18.183757     -74.999037
      18.774104     -77.912105
      19.192738     -81.024155
      19.568151     -84.321015
      20.245865     -87.704603
      21.534849     -91.282607
      23.234871     -94.694743
      25.369688     -97.779788
      27.968492    -100.376771
      30.420881    -102.641640
      31.742989    -104.523940
      32.351460    -106.080490
      33.002163    -107.824579
      34.141739    -109.728241
      35.082074    -111.715589
      35.887477    -113.518623
      36.069929    -115.751581
      35.209855    -118.097495
      32.842872    -120.804051
      30.074157    -124.113705
      26.039175    -128.065505
      21.684958    -132.016111
      17.878420    -135.276271
      14.841755    -138.629998
      12.426175    -142.153885
      10.272125    -145.318391
       8.414585    -147.993639
       6.166165    -150.360302
       4.143396    -152.140896
       2.795461    -153.517542
       1.389329    -154.322049
      -0.255325    -154.838205
      -2.363216    -155.095705
      -4.355912    -154.978709
      -5.651205    -154.208065
      -6.156184    -153.351626
      -6.096082    -152.418922
      -5.987310    -151.676594
      -5.630293    -151.295726
      -4.919056    -151.043393
      -3.653655    -150.618870
      -1.725825    -150.025420
       0.837600    -149.155226
       3.112439    -147.777851
       5.195681    -145.813108
       6.814281    -143.330110
       7.537742    -140.440657
       7.920360    -137.373971
       8.543332    -134.389476
       9.025029    -131.191000
       9.549208    -127.892178
      10.108294    -124.481867
      10.735236    -120.800962
      11.514547    -116.448525
      12.772943    -111.518044
      14.442908    -105.826176
      16.385292     -99.408319
      18.121868     -92.171772
      19.457696     -83.964461
      20.396963     -75.445490
      21.041478     -66.862518
      21.495066     -58.090087
      21.864787     -49.251912
      22.475516     -40.277333
      22.833071     -31.757203
      22.799788     -23.760663
      22.496606     -15.976590
      21.878197      -8.637590
      20.716810      -2.650914
      18.923885       1.480663
      17.388458       3.827330
      16.840250       4.965799
      17.088319       5.491036
      17.430572       5.679931
      17.643473       5.423428
      17.684080       4.580623
      17.515945       3.304564
      17.112269       1.742318
      16.476532      -0.073069
      15.305676      -2.060059
      14.230967      -4.088593
      13.351336      -6.088656
      12.623658      -8.188344
      12.043531     -10.097806
      11.523973     -11.603932
      11.040213     -12.571793
      10.770370     -12.984311
      10.773966     -12.692326
      11.008736     -11.569948
      11.253246      -9.533523
      11.461318      -6.880561
      11.422736      -4.264999
      11.171320      -2.142134
      11.217038      -0.832643
      11.525437      -0.216475
      11.773454       0.086926
      11.957658       0.382589
      12.190666       0.851266
      12.561544       1.808854
      12.935496       3.854327
      13.290772       7.373989
      13.598613      12.298190
      14.112883      18.098119
      14.519316      23.884434
      14.648353      29.473530
      14.683351      34.721083
      14.723451      39.254116
      14.938783      42.974385
      15.370564      45.850019
      16.020559      48.009962
      16.982078      50.101751
      18.097164      52.372346
      18.947898      54.864917
      19.741340      57.741115
      20.707295      61.065340
      21.822191      64.401746
      22.652351      67.029852
      23.293019      68.816799
      23.569733      69.651576
      23.583700      69.774687
      23.531897      69.243236
      23.615001      68.387740
      24.025718      67.129586
      24.838670      65.650724
      25.774778      63.789780
      26.723042      61.829272
      27.827813      59.921817
      28.759973      58.214796
      29.420443      56.612338
      29.537755      55.171852
      29.320328      53.986238
      29.059464      53.075031
      28.728657      52.385445
      28.628875      51.908471
      28.312296      51.474423
      27.903582      50.945999
      27.570677      50.143142
      27.205917      49.015745
      26.600227      47.600058
      25.611806      45.769971
      24.215669      43.570176
      22.564577      41.057235
      20.820940      38.369858
      19.090855      35.489614
      17.419143      32.443816
      16.206588      29.590776
      15.443191      27.220374
      15.052562      25.344572
      14.750615      23.935729
      14.380176      22.776970
      13.987541      21.616928
      13.652526      20.422234
      13.576318      19.145179
      13.986365      17.686179
      14.244805      16.198972
      14.103927      14.983627
      13.833053      14.043842
      13.604266      13.258116
      13.430385      12.385906
      13.265561      11.271328
      13.180093      10.033275
      13.094149       8.786456
