      12.749869      -0.367061
      12.127235      -0.876561
      11.904737      -1.482646
      11.921553      -2.177893
      11.588373      -2.878397
      11.081768      -3.652724
      10.561735      -4.403406
      10.239956      -5.021888
      10.339372      -5.594101
      10.252747      -6.059203
       9.887525      -6.263730
       8.773042      -6.269913
       6.695204      -6.295310
       3.999595      -6.425486
       0.814469      -6.630570
      -3.065621      -6.801559
      -6.666652      -7.034638
      -9.737126      -7.495237
     -12.931640      -8.323838
     -15.370813      -9.141338
     -16.305263      -9.883514
     -16.097070     -10.330257
     -15.207508     -10.392760
     -14.066404     -10.068695
     -13.022112      -9.276023
     -12.394313      -8.193026
     -12.320124      -6.969714
     -13.155356      -5.829797
     -15.088800      -5.088305
     -17.018504      -4.663774
     -17.952123      -4.656077
     -18.651419      -4.537932
     -19.388275      -4.544032
     -19.761720      -4.663117
     -19.704798      -4.576057
     -19.290300      -4.143220
     -18.468858      -3.511813
     -17.061086      -2.511124
     -15.486800      -1.347209
     -13.564161       0.221731
     -10.718919       2.570220
      -7.077744       5.078907
      -3.099477       7.377857
       0.556037       9.162005
       3.191281      10.424644
       5.141292      11.141442
       6.111178      11.593691
       6.511831      11.747275
       6.654073      11.779228
       6.795825      11.624137
       7.034431      11.265213
       7.390547      10.997701
       7.830395      10.877298
       8.098234      10.943347
       8.053108      11.024347
       7.758868      11.000301
       7.656580      10.790798
       7.549171      10.477208
       7.408198      10.081536
       7.155354       9.635894
       7.015357       9.148261
       6.907276       8.642438
       6.875403       8.168121
       6.777405       7.835148
       6.795356       7.529681
       6.821481       7.184066
       6.845636       6.817480
       6.827529       6.411851
       6.709049       6.006236
       6.562018       5.567115
       6.417893       5.078423
       6.139352       4.574428
       5.744673       4.065969
       5.452520       3.640970
       5.180490       3.313460
       4.987828       3.105053
       4.833982       2.876238
       4.792991       2.606940
       4.988037       2.333829
       5.411903       2.111001
       5.825039       1.899203
       6.209252       1.702392
       6.532559       1.470141
       6.551373       1.237104
       6.211199       1.012175
       5.781319       0.822640
       5.357466       0.618460
       5.208269       0.404820
       5.247311       0.210630
       5.359677       0.042785
       5.477210      -0.065179
       5.518693      -0.117341
       5.546188      -0.125123
       5.562100      -0.094792
       5.618222      -0.095190
       5.727369      -0.108362
       5.929643      -0.117411
       6.167337      -0.154585
       6.416623      -0.196733
       6.669942      -0.263039
       6.870383      -0.357657
       7.058142      -0.476284
       7.222355      -0.628529
       7.463814      -0.798099
       7.778123      -0.974994
       8.159514      -1.171591
       8.957471      -1.412547
      12.162595      -2.173176
      14.690362      -3.250542
      15.578804      -4.296344
      16.104645      -5.141334
      16.107917      -5.741802
      15.995921      -6.147566
      15.886692      -6.418305
      15.822538      -6.623605
      15.683105      -6.749118
      15.682248      -6.858875
      15.652157      -6.960286
      15.609975      -7.050863
      15.432534      -7.081263
      15.224815      -7.061079
      15.009860      -6.970481
      14.821753      -6.834142
      14.644956      -6.698761
      14.504494      -6.552574
      14.397455      -6.467163
      14.282172      -6.408372
      14.032934      -6.328091
      13.680813      -6.209469
      12.871368      -6.045217
      11.511397      -5.859786
       9.874801      -5.507981
       8.759617      -5.262190
       8.155885      -5.293533
       7.698959      -5.527484
       7.168722      -5.867137
       6.512260      -6.169867
       5.928747      -6.412400
       5.110587      -6.568969
       3.940524      -6.666505
       2.081311      -6.756863
      -0.043570      -7.089436
      -2.921413      -7.562281
      -6.903003      -8.046816
     -10.972380      -8.612806
     -13.534944      -9.459589
     -14.603407     -10.484032
     -15.211894     -11.364535
     -15.859425     -12.083058
     -16.244144     -12.825009
     -16.174593     -13.554788
     -15.822724     -14.319808
     -15.353226     -15.300838
     -14.605337     -16.782141
     -13.483959     -18.739505
     -11.703728     -20.919219
      -8.736024     -23.011093
      -4.448274     -25.010873
      -0.092521     -26.776889
       3.483582     -28.394715
       5.877601     -29.967079
       7.866977     -31.844018
       9.857787     -34.173565
      11.571328     -37.060211
      12.649946     -40.571620
      13.202867     -45.014606
      13.243676     -50.439600
      13.070861     -56.716662
      12.674359     -63.388226
      12.195790     -70.312627
      11.281765     -77.236197
      10.181526     -84.225012
       9.115700     -91.039697
       8.247846     -97.450910
       7.641960    -103.338088
       7.238036    -108.766162
       7.217559    -114.027503
       7.724305    -119.098818
       8.955712    -123.739559
      10.654964    -127.361470
      12.236940    -130.091700
      13.018655    -132.055851
      13.257536    -133.560305
      13.318304    -134.834535
      13.348207    -135.886148
      13.194434    -136.525964
      13.140713    -136.776052
      13.994159    -137.000622
      15.564761    -137.480360
      17.227861    -137.730166
      18.664250    -137.356447
      19.438285    -136.405733
      19.713528    -135.223757
      19.811757    -134.209786
      19.757548    -133.555496
      19.766226    -133.214232
      19.504474    -133.107300
      19.157383    -133.198767
      18.746576    -133.397390
      19.006768    -133.538827
      19.705567    -133.621590
      19.945103    -133.389619
      20.157304    -132.952691
      20.067526    -132.607561
      19.800105    -132.233939
      19.273928    -131.831923
      18.534393    -131.340237
      17.527741    -130.787702
      16.509466    -130.376225
      15.878055    -130.304807
      15.310197    -130.522256
      14.734373    -130.581580
      14.338990    -130.201809
      14.073054    -129.413941
      14.016240    -128.363600
      14.284139    -127.181041
      15.337111    -125.857299
      16.826748    -124.347677
      18.830672    -122.818084
      20.557815    -121.138652
      22.168463    -119.027362
      23.587425    -116.137258
      24.684964    -112.899693
      25.338195    -110.006004
      25.885297    -108.170700
      26.599962    -109.280831
      26.965504    -111.497548
      27.495376    -113.188326
      28.109537    -113.609479
      28.677386    -113.262872
      29.024166    -112.492946
      28.955478    -111.760497
      28.551643    -111.462140
      27.858361    -111.991157
      26.797034    -112.962504
      25.025811    -114.108237
      22.770411    -115.289368
      20.442413    -115.902712
      18.487141    -115.900847
      16.941905    -115.713366
      15.903495    -115.318519
      14.947182    -114.690351
      14.279841    -113.732711
      14.114724    -112.456752
      14.165446    -111.133854
      14.294380    -110.384124
      14.218071    -109.798221
      14.057248    -109.181466
      14.070144    -108.514995
      14.319768    -107.717365
      14.550043    -106.604437
      14.980719    -104.931891
      15.494547    -102.056174
      15.232184     -97.321489
      14.167930     -90.591297
      12.346734     -82.044771
       9.785072     -72.582799
       7.998186     -63.343570
       6.998443     -54.954111
       6.811674     -47.122030
       7.914992     -39.544267
       8.143358     -32.717143
       7.549129     -26.926731
       7.009289     -22.829227
       6.466841     -19.990616
       5.805656     -17.873159
       4.903417     -16.396919
       3.913529     -15.040412
       3.093904     -13.512216
       1.993099     -11.531006
       0.472959      -9.164561
      -1.351938      -6.742880
      -3.719064      -4.557390
      -7.246673      -2.615525
     -10.671724      -0.776053
     -12.929406       0.740225
     -14.222811       1.992394
     -14.907641       2.714508
     -14.795103       1.910885
     -13.642256      -0.947921
     -11.989472      -4.975667
     -10.144643      -9.255297
      -8.409823     -12.829411
      -7.403528     -15.118423
      -7.505753     -15.911314
      -8.865113     -15.862411
     -11.281515     -16.031419
     -14.668118     -17.267758
     -17.021554     -20.278381
     -16.859306     -24.957837
     -15.887298     -30.584676
     -14.732824     -37.717070
     -13.287554     -46.618318
     -10.634597     -56.474607
      -7.523397     -66.247264
      -4.342328     -75.529682
      -1.429522     -84.425063
       1.163673     -92.873515
       3.402827    -100.731110
       5.228391    -107.829786
       6.553233    -113.930120
       7.079912    -119.022039
       7.083574    -123.582084
       6.945772    -126.799474
       6.782420    -128.806522
       6.659904    -130.325226
       6.642803    -131.863261
       6.783414    -133.639153
       7.053476    -135.449376
       7.931962    -137.569331
       9.422397    -140.209880
      10.496734    -142.741779
      11.025189    -144.593111
      11.300332    -145.876191
      11.509074    -146.984224
      11.777539    -147.920425
      11.766528    -148.631376
      11.504723    -149.117438
      11.363709    -149.553851
      11.301667    -149.729345
      11.209698    -149.495586
      11.010204    -149.109939
      10.841755    -148.907984
      10.865675    -148.739746
      10.984599    -148.697208
      11.181052    -148.587760
      11.570866    -148.223046
      11.934190    -147.668617
      12.377071    -147.086221
      13.213161    -146.335879
      14.766007    -145.451600
      17.342098    -144.429750
      20.732782    -143.007040
      23.808981    -141.404028
      26.263052    -140.076788
      28.338240    -139.085722
      30.137821    -137.932170
      31.734033    -136.474703
      33.110377    -134.844259
      34.389134    -133.379118
      35.570078    -132.279974
      36.270303    -131.908237
      36.406052    -132.125763
      35.975368    -132.716776
      35.830548    -133.542149
      35.551561    -134.457358
      34.728106    -135.752347
      33.016513    -137.504033
      30.266017    -139.128056
      26.209329    -139.695104
      21.900943    -139.963960
      18.836796    -140.570990
      16.696811    -141.470705
      14.553287    -142.114008
      12.529539    -142.462170
      10.877663    -142.745431
       9.704076    -142.580263
       9.017650    -141.876937
       8.374154    -140.668364
       7.628746    -139.036025
       6.239902    -136.792683
       4.081676    -134.288421
       2.154621    -131.925324
       1.369036    -130.377973
       1.627999    -129.255360
       2.634204    -128.108772
       4.035939    -126.630216
       5.743541    -124.776698
       7.678922    -122.613361
      10.020229    -120.325227
      12.669587    -118.087800
      14.878080    -115.835608
      16.672441    -113.523665
      18.147785    -111.301693
      19.280271    -109.354211
      20.306225    -107.754823
      21.373392    -106.495124
      22.337725    -105.623347
      23.212225    -104.928793
      24.076491    -104.404302
      24.925132    -103.892819
      25.446912    -103.366793
      25.565909    -102.868239
      25.356576    -102.701925
      25.010377    -102.898149
      24.423380    -103.342703
      23.599721    -103.821168
      22.594283    -104.230090
      21.654971    -104.579204
      21.011896    -104.874394
      20.707154    -104.896649
      20.236324    -104.597145
      19.303670    -103.908721
      17.521988    -102.989335
      15.191424    -101.831129
      12.586568    -100.496633
       9.827323     -99.098519
       7.172903     -97.948317
       5.180161     -97.012884
       3.783452     -95.709735
       3.364836     -94.414124
       3.450171     -92.680332
       3.824768     -90.675051
       4.214466     -88.314664
       4.428162     -85.727571
       4.275770     -82.903377
       3.873488     -80.528108
       3.879749     -78.990495
       4.482683     -78.327249
       5.836927     -78.349218
       7.757672     -78.845028
       9.411373     -79.601154
      10.798001     -80.665348
      12.111625     -82.246901
      13.123119     -83.944489
      13.943162     -85.497338
      14.669044     -86.882163
      15.561083     -87.882700
      16.497134     -88.530209
      17.386315     -88.799852
      18.296718     -88.781405
      19.243485     -88.617781
      19.995048     -88.503622
      20.346987     -88.501310
      20.609193     -88.752904
      20.913636     -89.320447
      21.289247     -90.126023
      21.660229     -91.066450
      21.969366     -92.029316
      22.096057     -92.956385
      22.069819     -93.807414
      21.902611     -94.480189
      21.472930     -95.092883
      20.864830     -95.769466
      20.115681     -96.719860
      19.242004     -98.079273
      18.261220     -99.808247
      17.069638    -101.806727
      15.314511    -103.837429
      12.633060    -105.486428
       8.946850    -106.239723
       4.520279    -105.858291
       0.017572    -104.411529
      -3.819633    -102.044886
      -6.717748     -99.553807
      -8.881099     -97.681677
     -10.057871     -96.223967
     -10.601743     -94.524582
     -10.873662     -91.433670
     -10.706289     -86.372185
      -9.861396     -79.215196
      -8.536147     -70.533675
      -7.099558     -61.181534
      -5.742839     -51.829132
      -4.600550     -43.228781
      -3.622944     -35.490503
      -2.667580     -28.952352
      -1.572590     -23.577259
      -0.628715     -19.135413
       0.155379     -15.309582
       0.908904     -12.027187
       1.566438      -9.292614
       2.224517      -7.070988
       2.791117      -5.397533
       3.175387      -3.958818
       3.395001      -2.725144
       3.480724      -1.772390
       3.674043      -0.790666
       4.091001       0.061531
       4.691821       0.660425
       5.361850       0.856815
       6.150156       0.806241
       6.998135       0.737162
       7.763403       0.734384
       8.372196       0.463447
       9.079661      -0.809662
