      10.087487      12.187707
      10.157784      12.575113
      10.260218      13.566481
      10.138475      14.949481
       9.981464      16.305885
       9.839091      17.226730
       9.647533      17.683554
       9.432489      17.775058
       9.280693      17.687549
       9.238838      17.521159
       9.217141      17.331880
       9.219176      17.094980
       9.304233      16.719350
       9.482854      16.055464
       9.807759      14.794025
      10.369636      12.548592
      11.006269       9.858870
      11.711031       7.124634
      12.337643       4.651649
      12.848131       2.545188
      13.261634       0.905323
      13.649451      -0.324952
      13.976329      -1.180746
      14.246611      -1.728011
      14.483762      -2.083129
      14.688308      -2.417385
      14.852622      -2.760188
      14.985270      -3.122825
      15.149692      -3.547051
      15.359472      -4.016771
      15.533179      -4.408267
      15.642617      -4.673755
      15.740437      -4.859804
      15.767198      -4.949808
      15.769873      -4.998244
      15.742833      -5.078239
      15.722916      -5.117532
      15.703870      -5.141495
      15.683935      -5.203376
      15.597941      -5.287452
      15.458151      -5.366399
      15.274568      -5.385727
      15.000376      -5.307581
      14.420636      -5.000453
      13.681308      -4.286932
      12.980175      -3.267885
      12.428397      -2.200119
      11.935040      -1.167623
      11.583827       0.006574
      11.353536       1.227636
      11.110334       2.493390
      10.894680       3.763725
      10.701375       4.999534
      10.565867       6.062464
      10.517157       6.668669
      10.592474       6.671454
      10.774987       6.124390
      10.988637       5.379357
      11.184009       4.641944
      11.402926       4.031249
      11.656831       3.531072
      11.933713       3.133779
      12.135934       2.741884
      12.246485       2.235299
      12.273667       1.532605
      12.433250       1.788820
      12.391880       3.372617
      12.104220       5.466783
      11.761991       7.805647
      11.423004      10.013949
      11.106485      11.935422
      10.921630      13.411259
      10.794422      14.579886
      10.749887      15.656093
      10.658357      16.699636
      10.524045      17.716949
      10.263672      18.639868
      10.019444      19.375155
       9.828833      19.896328
       9.724865      20.149584
       9.678140      20.043243
       9.689992      19.429638
       9.761561      17.674667
      10.031138      14.227594
      10.550771       9.398445
      10.984258       4.363938
      11.350899       0.184295
      11.407605      -2.765008
      10.979429      -4.726646
      10.673491      -6.105837
      10.535015      -6.959972
      10.656244      -7.286746
      10.809302      -7.168327
      11.016781      -6.846890
      11.141515      -6.650256
      11.195205      -6.684839
      11.301133      -6.798192
      11.334630      -6.810247
      11.341912      -6.616877
      11.388611      -6.254857
      11.464171      -5.781744
      11.567092      -5.347246
      11.634096      -5.004612
      11.664514      -4.724592
      11.596018      -4.558406
      11.528786      -4.465543
      11.434032      -4.454319
      11.425670      -4.444673
      11.429381      -4.352743
      11.408365      -4.241164
      11.377441      -4.138474
      11.365495      -4.057996
      11.348903      -4.047295
      11.320632      -4.096194
      11.257560      -4.201937
      11.226735      -4.253274
      11.227092      -4.232129
      11.286279      -3.881252
      11.304088      -2.888070
      11.274375      -1.569351
      11.272577      -0.265750
      11.303111       0.825482
      11.344089       1.642588
      11.446772       2.047147
      11.638322       2.060572
      11.895499       2.067228
      11.961041       2.102012
      11.974468       2.175373
      12.009194       2.234477
      12.176186       2.256188
      12.537370       2.237296
      13.112734       2.164395
      13.840071       2.080348
      14.772931       2.024527
      15.771326       2.008771
      17.318430       2.140150
      19.692671       2.493566
      22.314147       3.003008
      24.501765       3.445246
      26.332401       3.829299
      27.679941       4.170826
      28.827048       4.490863
      30.124126       4.823839
      31.711384       5.183771
      33.187934       5.552107
      34.540724       5.867174
      35.581521       6.171385
      36.315758       6.476991
      36.713446       6.867152
      36.918208       7.341976
      36.994223       7.832452
      37.146719       8.277847
      37.354051       8.609244
      37.568355       8.827572
      37.757949       8.900715
      37.987839       7.900023
      38.631659       4.923591
      39.348498       0.818186
      39.887365      -3.098714
      40.213276      -6.105205
      40.317986      -8.036748
      40.389688      -9.104029
      40.475929      -9.652484
      40.700958      -9.946634
      40.944605      -9.959712
      41.289163      -9.483155
      41.694263      -8.308335
      42.236195      -6.264374
      42.757679      -3.975716
      43.165882      -1.828462
      43.487845      -0.022784
      43.677419       1.449304
      43.798077       2.646641
      44.004656       3.583835
      44.135291       4.376608
      44.158104       5.066063
      44.055577       5.687959
      43.774370       6.230554
      43.405387       6.802077
      43.063001       7.340526
      42.825021       7.672993
      42.721431       7.801169
      42.679617       7.800761
      42.673084       7.684385
      42.581699       7.641548
      42.451618       7.758296
      42.403461       8.027982
      42.393689       8.487385
      42.416342       9.038231
      42.512851       9.561077
      42.603439       9.875936
      42.646526       9.932642
      42.538909       9.786009
      42.246050       9.540248
      41.505252       9.242416
      40.447749       8.839022
      39.103619       8.451128
      36.960265       8.201761
      33.864058       8.357808
      30.425101       8.795798
      27.180355       9.497671
      24.527908      10.122337
      22.328885      10.432371
      20.574781      10.498603
      19.341195      10.464969
      18.559048      10.414849
      17.979995      10.317574
      17.546024      10.157511
      17.238699      10.120728
      17.075120      10.511365
      16.989138      11.426940
      16.979249      12.667157
      17.405679      14.014884
      18.711277      15.215775
      20.928467      16.060932
      23.651669      16.409711
      27.168868      16.254568
      30.771769      15.681411
      33.862235      14.889880
      36.306447      14.091116
      38.494686      13.421580
      40.504923      13.017217
      42.523313      12.762375
      44.417586      12.534373
      46.176513      12.348025
      47.861046      12.203968
      49.234077      12.052381
      49.905362      11.938736
      50.084727      11.905864
      50.121801      11.908129
      50.130019      11.915856
      50.154765      11.947560
      50.165494      11.993688
      50.039780      11.970285
      49.878289      11.956162
      49.810587      11.924771
      49.888639      11.915347
      49.964962      11.860962
      50.031154      11.805236
      50.063341      11.765707
      50.073609      11.765323
      50.060510      11.808710
      50.011473      11.870428
      49.951737      11.932194
      49.818815      12.052565
      49.672924      12.114601
      49.511632      12.267892
      49.321373      12.518411
      49.243340      12.819177
      49.165666      13.158188
      49.147414      13.443218
      49.120972      13.685880
      49.051706      13.920556
      48.984543      14.181762
      48.888126      14.451546
      48.813799      14.720526
      48.742134      14.944706
      48.725178      15.130016
      48.697391      15.292806
      48.693549      15.407355
      48.679784      15.498881
      48.690649      15.648870
      48.650875      15.773120
      48.602169      15.922378
      48.547367      16.045278
      48.506743      16.124781
      48.441829      16.124303
      48.309699      15.946330
      47.964806      15.440163
      47.515191      14.761733
      47.125872      14.011162
      46.390164      13.084473
      45.532030      12.089929
      44.631295      11.124120
      44.017513      10.343347
      43.471583       9.810087
      43.113932       9.427845
      42.709526       8.986423
      42.336162       7.982284
      42.222755       4.841927
      41.914592      -1.146462
      41.019447      -7.769674
      40.117488     -13.659411
      39.248470     -18.270547
      38.564873     -21.304435
      38.091155     -23.170663
      37.727099     -24.167157
      37.423567     -24.435427
      37.248364     -24.337505
      37.000289     -24.197210
      36.761467     -24.225762
      36.635338     -24.380781
      36.926300     -24.587282
      38.287753     -24.566166
      40.120604     -24.119536
      41.419559     -23.457670
      42.327380     -22.743505
      42.942217     -22.104663
      43.484173     -21.596677
      43.923360     -21.297263
      44.518806     -21.062686
      45.235970     -20.815359
      45.923132     -20.551470
      46.443348     -20.199252
      46.752226     -19.553019
      46.889451     -18.341732
      46.969893     -16.518758
      46.974843     -14.665991
      47.025506     -12.947777
      47.110091     -11.558905
      47.184142     -10.420315
      47.237987      -9.405708
      47.197965      -8.444631
      47.114230      -7.446594
      46.960150      -6.271877
      46.860144      -4.706691
      46.785341      -2.921387
      46.691610      -1.346615
      46.431196      -0.090621
      45.966141       0.710710
      45.489186       1.337945
      44.910783       1.939316
      44.100252       2.481370
      42.907484       2.985968
      41.397936       3.518212
      39.657771       4.041877
      37.830950       4.592394
      35.743617       5.228411
      33.045903       5.878056
      29.441904       6.575753
      25.234167       7.494370
      21.319829       8.880080
      17.805425      10.668930
      14.787907      12.651684
      12.399029      14.666241
      10.790810      16.647777
       9.789231      18.445349
       9.174435      19.770011
       8.697660      20.621654
       8.313490      20.949311
       8.105161      20.759751
       8.499609      20.092143
       9.437632      19.142833
      10.354318      18.002703
      11.659905      16.718627
      13.167188      15.323762
      14.624460      13.909068
      16.126135      12.475470
      17.696332      11.037923
      19.117925       9.561916
      20.505680       7.976557
      21.753666       6.138443
      22.907541       4.127738
      24.311214       2.421865
      25.988808       1.061293
      27.656520      -0.103036
      28.889726      -1.402319
      29.350927      -3.107138
      28.264916      -5.633868
      25.597677      -9.044139
      23.140188     -12.858778
      21.597877     -16.586469
      20.868815     -19.765915
      20.359185     -22.128764
      19.987541     -23.833079
      19.640851     -25.189558
      19.149752     -26.287814
      18.449981     -27.250281
      17.521700     -28.018580
      16.359901     -28.637333
      15.120792     -29.305353
      13.891361     -30.075342
      12.635811     -30.920668
      11.316090     -31.976498
       9.904366     -33.373264
       8.507835     -34.562078
       7.035539     -35.461014
       5.679327     -36.076998
       4.579066     -36.343812
       3.887581     -36.167512
       3.928652     -35.550517
       4.234603     -34.937978
       4.557770     -34.521367
       4.811112     -34.172771
       4.912593     -33.708459
       4.880649     -33.009133
       4.879188     -32.076572
       5.029570     -31.031918
       5.293109     -29.988656
       5.648951     -28.905941
       6.004607     -27.802620
       6.313060     -26.971457
       6.431097     -26.632509
       6.411606     -26.622768
       6.368439     -26.338276
       6.616212     -24.277239
       6.857721     -19.155519
       7.086077     -11.160959
       7.406235      -2.362524
       7.810188       5.691495
       8.312964      11.990835
       8.660914      16.355243
       8.765397      18.939399
       8.790611      20.317824
       8.750010      21.208392
       8.775626      21.997695
       8.839519      22.941281
       9.073407      24.243677
       9.382962      25.800375
       9.753525      27.422101
      10.124936      28.716595
      10.403090      29.484058
      10.458695      29.599172
      10.367214      29.204777
      10.349157      28.528924
      10.404634      27.772300
      10.474587      27.117257
      10.608134      26.612326
      10.746083      26.202743
      10.878319      25.774399
      11.044789      25.246378
      11.205113      24.655174
      11.307403      23.947338
      11.454449      22.676723
      11.629177      19.008841
      11.844889      11.080083
      12.713802       2.438658
      13.881553      -4.378207
      14.761673      -8.883201
      15.212512     -11.179145
      15.337624     -11.467365
      15.285487     -10.168162
      15.268533      -8.518594
      15.308530      -7.190121
      15.537596      -6.407655
      16.020005      -5.690821
      16.529114      -4.326826
      16.742579      -2.156729
      16.846871       0.174233
      16.874715       2.208508
      16.829002       3.782535
      16.801106       4.973437
      16.923333       5.944108
      17.287788       6.894009
      18.014412       7.882110
      18.718236       8.937337
      19.204181      10.033633
      19.462463      11.120748
      19.519589      12.079153
      19.469781      12.870787
      19.549284      13.534492
      19.663227      14.055672
      19.747103      14.389982
      19.812997      14.629047
      19.799972      14.769594
      19.659045      14.853063
      19.427052      14.922582
      19.254266      14.984821
      19.094663      15.032460
      19.014771      15.025971
      18.848614      14.963478
      18.627232      14.848393
      18.371554      14.692009
      18.076446      14.517740
      17.744062      14.156373
      17.292677      13.039805
      16.554512      10.856324
      15.625545       7.192957
      14.665770       2.154298
      13.920920      -3.270610
      13.750344      -7.874807
      14.275364     -10.854431
      14.795931     -12.019027
      14.978765     -12.354611
      14.884638     -12.704196
      14.440255     -13.534036
      13.721857     -14.753118
      13.109334     -16.042709
      12.820618     -17.074387
      12.760509     -17.712030
      12.872008     -17.786234
      13.068809     -16.730244
      13.219461     -13.777841
      13.006045      -9.473427
      12.361660      -4.519045
      11.461418       0.485004
      10.614788       5.252384
      10.048262       9.639535
       9.857120      13.411037
       9.990263      16.849607
      10.240062      19.945086
      10.537819      22.824226
      10.789365      25.848153
      10.879588      29.209957
      10.795954      33.050162
      10.779003      37.483886
      10.862066      41.999944
      10.963077      45.894136
      11.337094      48.866804
      11.627852      50.638568
      11.908366      51.616554
      12.215448      52.373823
      12.427350      52.904545
      12.562942      52.794140
      12.856688      52.353141
      13.345944      51.991410
      13.919766      51.777701
      14.470183      51.581035
      15.044460      51.255313
      15.574609      50.865168
      16.166973      50.638258
      16.839577      50.699092
      17.547710      50.926590
      18.250947      51.314885
      18.937753      51.832138
      19.450449      52.280670
      19.778564      52.564038
      19.900472      52.571110
      19.984675      52.445124
      20.199065      52.312911
      20.707689      52.196172
      21.395159      52.143007
      22.010267      52.084771
      22.546917      51.969383
      23.030191      51.816023
      23.413750      51.692649
      23.731958      51.522804
      23.838944      51.286641
      23.989713      50.988473
      24.015970      50.676643
      24.025662      50.517327
      23.940026      50.498914
      23.778573      50.522617
      23.605602      50.571692
      23.393892      50.599775
      23.084973      50.600125
      22.743765      50.518454
      22.392053      50.390957
      22.114365      50.291573
      21.905528      50.214026
      21.732159      50.097297
      21.519938      49.974676
      21.309739      49.857627
      20.994115      49.708725
      20.426501      49.445941
      18.812315      48.971240
      14.435106      48.197181
       9.005074      47.022281
       4.547468      46.072218
       1.282086      46.077882
      -1.444366      46.821832
      -3.737057      47.929636
      -5.719497      49.024798
      -7.290753      49.929603
      -8.621796      50.584073
      -9.810856      51.045451
     -10.675300      51.399645
     -11.333500      51.696768
     -11.957738      51.985528
     -12.678444      52.145329
     -13.589338      52.106089
     -14.585005      51.775831
     -15.930804      50.968472
     -17.683524      49.447179
     -19.719270      46.677598
     -21.178473      42.051642
     -21.202498      35.154072
     -19.228724      26.274452
     -15.832908      16.731888
     -11.737910       7.826272
      -7.673954       0.445832
      -4.253475      -5.127694
      -1.676989      -9.132903
       0.027586     -11.916413
       1.014743     -13.671078
       1.611157     -14.846567
       2.167968     -15.721515
       2.834689     -16.736245
       3.669409     -17.987449
       4.722776     -19.489728
       5.729646     -21.001106
       6.579389     -22.344799
       7.213297     -23.368694
       7.601481     -24.137422
       7.743991     -24.630665
       7.851930     -24.962208
       7.953539     -25.270449
       8.086929     -25.685494
       8.255067     -26.311795
       8.438864     -27.165563
       8.540406     -28.125272
       8.604576     -29.150135
       8.663492     -30.204711
       8.682454     -31.028385
       8.602536     -31.468249
       8.531768     -31.812146
       8.478516     -32.153740
       8.412658     -32.714981
       8.303634     -33.419799
       8.187999     -34.179814
       8.003812     -34.956345
       7.775553     -35.660674
       7.548891     -36.320408
       7.386372     -36.939120
       7.259207     -37.462843
       7.193142     -37.952011
       7.163309     -38.158153
       7.122509     -38.075678
       7.078770     -37.791146
       7.102624     -37.542472
       7.149123     -37.326334
       7.201161     -37.107656
       7.211446     -36.757975
       7.286730     -36.358227
       7.400792     -35.970860
       7.591575     -35.622986
       7.795061     -35.288371
       7.959127     -34.998526
       8.099870     -34.791952
       8.210895     -34.658500
       8.258724     -34.593741
       8.248552     -34.545030
       8.228611     -34.536322
       8.206351     -34.542643
       8.209937     -34.528021
       8.227905     -34.493985
       8.191513     -34.393217
       8.228989     -34.140455
       8.280908     -33.828690
       8.537270     -33.432337
       8.874168     -33.081786
       9.233155     -32.747397
       9.576561     -32.431907
       9.804911     -32.185214
       9.905365     -31.988507
       9.982632     -31.811111
      10.066441     -31.588572
      10.083451     -31.185903
      10.047774     -30.602839
       9.979962     -29.930270
       9.884505     -29.308630
       9.777689     -28.883822
       9.618357     -28.746060
       9.468876     -28.909062
       9.327599     -29.177164
       9.197280     -29.425344
       9.081599     -29.540004
       8.960845     -29.535513
       8.837482     -29.479842
       8.737466     -29.453723
       8.638752     -29.460815
       8.544928     -29.462660
       8.455204     -29.414746
       8.421763     -29.292762
       8.418919     -29.100676
       8.388249     -28.867808
       8.393524     -28.645772
       8.404344     -28.484198
       8.429736     -28.352911
       8.513382     -28.206338
       8.591926     -28.068780
       8.697424     -27.811258
       8.814537     -27.288960
       8.893107     -26.489161
       8.932889     -25.440185
       8.903171     -24.124920
       8.902807     -22.632138
       8.900983     -21.160198
       8.961026     -19.579239
       9.126898     -17.986926
       9.384129     -16.255637
       9.677176     -14.070947
       9.804777     -11.453518
       9.928726      -8.662048
      10.100936      -6.133296
      10.257226      -3.962054
      10.357701      -2.439447
      10.385923      -1.672009
      10.405419      -1.572902
      10.406561      -1.805486
      10.335690      -2.044332
      10.266616      -2.045113
      10.204808      -1.929239
      10.202810      -1.842249
      10.163736      -1.886960
      10.182255      -2.008716
      10.177174      -2.177785
      10.172081      -2.356935
      10.240355      -2.526734
      10.293729      -2.710003
      10.322899      -2.915174
      10.352220      -3.072106
      10.351816      -3.143457
      10.341393      -3.166877
      10.316127      -3.196143
      10.319238      -3.250448
      10.346798      -3.315271
      10.355916      -3.380076
      10.367499      -3.505961
      10.380157      -3.660437
      10.388378      -3.900997
      10.380877      -4.268784
      10.358746      -4.756294
      10.364158      -5.355896
      10.413510      -5.984745
      10.475337      -6.596649
      10.471677      -7.249386
      10.480721      -7.885330
      10.511332      -8.444461
      10.568303      -8.872487
      10.662462      -9.136248
      10.763165      -9.284568
      10.843486      -9.403690
      10.912780      -9.561164
      10.949814      -9.803406
      11.014812     -10.052150
      11.071853     -10.314999
      11.194636     -10.520864
      11.339183     -10.751441
      11.531037     -11.039411
      11.769953     -11.551793
      12.045323     -12.367847
      12.315362     -13.421203
      12.569746     -14.674488
      12.825298     -16.118688
      13.056655     -17.655508
      13.318338     -19.212464
      13.580791     -20.810352
      13.985975     -22.791920
      14.480739     -25.108468
      15.049646     -27.277961
      15.606007     -29.187595
      16.086062     -30.713113
      16.493013     -31.811199
      16.760510     -32.555994
      16.869202     -33.094364
      16.997251     -33.556116
      17.193399     -33.963598
      17.367228     -34.414172
      17.422666     -34.844609
      17.385409     -35.306621
      17.278007     -35.742284
      17.115711     -36.093005
      16.924497     -36.384067
      16.681074     -36.608656
      16.449520     -36.763750
      16.200591     -36.843284
      15.949391     -36.846747
      15.749949     -36.816769
      15.536099     -36.749628
      15.382177     -36.385228
      15.289335     -34.486736
      15.091035     -30.066796
      14.743839     -25.058387
