      11.753547       5.951585
      11.746869       5.919560
      11.709594       5.897531
      11.653110       5.882920
      11.619334       5.912164
      11.548428       5.923170
      11.496716       5.918522
      11.432766       5.903323
      11.394074       5.889423
      11.416169       5.926548
      11.484057       6.072613
      11.525727       6.340717
      11.543611       6.674523
      11.407890       6.881295
      10.903330       6.685285
       9.634825       5.353707
       7.759164       2.389556
       6.174368      -1.880636
       5.013974      -6.959904
       4.182561     -12.207878
       3.485661     -17.011126
       2.903299     -21.109600
       2.418691     -24.396661
       1.878047     -26.880322
       1.322460     -28.975039
       0.719231     -31.012461
       0.058967     -33.060022
      -0.480543     -35.267665
      -0.804170     -37.759151
      -0.710698     -40.680631
      -0.013012     -44.125805
       1.599481     -47.903404
       3.566282     -51.324322
       4.674142     -54.010382
       5.007507     -55.691854
       4.756254     -56.510632
       4.194125     -56.970791
       3.422520     -57.524181
       2.767056     -58.158809
       2.102818     -58.806489
       1.365385     -59.497595
       0.377369     -60.365627
      -0.674533     -61.530385
      -1.686573     -63.087600
      -2.527512     -65.046608
      -3.287083     -66.908431
      -4.015188     -68.265877
      -4.807389     -68.908888
      -5.479643     -69.153697
      -5.928803     -69.395630
      -6.150421     -69.628301
      -6.160149     -69.632886
      -6.061230     -69.438537
      -5.911857     -69.113981
      -5.806020     -68.651967
      -5.816074     -68.232912
      -5.874202     -68.011602
      -6.009701     -67.732697
      -6.117825     -66.935873
      -6.314135     -65.135156
      -6.738867     -62.157694
      -7.428844     -58.161656
      -8.542335     -53.157785
      -9.277691     -47.059763
      -9.420907     -39.775105
      -8.828177     -31.501481
      -7.768781     -22.648179
      -5.950132     -13.016366
      -3.576840      -3.349410
      -0.999224       5.663207
       1.222916      13.195918
       2.748783      19.130742
       3.870549      23.755512
       4.658751      27.444516
       5.274782      30.915292
       5.658519      34.378828
       5.867904      37.661848
       6.036657      40.802382
       6.133382      43.826855
       6.084308      46.848730
       6.103838      49.872164
       6.280680      52.915959
       6.520445      55.931116
       6.337018      58.558776
       5.926386      60.790908
       5.576492      62.556528
       4.980512      64.121325
       4.298693      65.756656
       3.561659      67.800380
       2.879241      70.318436
       2.308379      73.253321
       1.605522      76.330143
       0.677398      78.994274
      -0.395495      80.999079
      -1.335827      82.433576
      -2.018918      83.414530
      -2.828747      84.123063
      -3.920076      84.384749
      -5.405205      84.482453
      -7.318831      84.504203
      -9.255932      84.874454
     -11.153197      85.420859
     -13.057868      85.929118
     -15.006295      86.438775
     -16.805288      87.186990
     -18.297031      87.993168
     -19.573031      88.892572
     -20.577256      90.026833
     -21.359550      91.221000
     -21.644232      92.326012
     -21.376241      93.404271
     -20.881762      94.333624
     -20.090545      94.979627
     -18.848846      95.087220
     -17.202291      94.654226
     -15.413495      93.421543
     -13.662441      91.573455
     -11.881194      89.637028
     -10.121514      87.882098
      -8.504910      86.337962
      -7.033365      83.897755
      -5.785131      79.316615
      -4.441758      72.449901
      -3.262317      64.108279
      -2.298811      54.511782
      -1.467910      44.588825
      -0.593230      35.035356
       0.754142      26.659718
       1.971601      19.930021
       2.947296      14.709079
       3.499909      10.714252
       3.677856       7.541344
       3.704005       4.980118
       3.623615       2.652016
       3.419617       0.433828
       3.190259      -1.694743
       2.965931      -3.615455
       2.773059      -5.283193
       2.602500      -6.655977
       2.555409      -7.716996
       2.653811      -8.434939
       2.877856      -8.777469
       3.168366      -8.960355
       3.472160      -9.276822
       3.724708      -9.901017
       3.948240     -10.855217
       4.154169     -11.832274
       4.371908     -12.640725
       4.678119     -13.117233
       5.036978     -13.059691
       5.381122     -12.264473
       5.787118     -10.613756
       6.143918      -8.597861
       6.508351      -6.670949
       6.920348      -5.072411
       7.319974      -3.888639
       7.747148      -2.984322
       8.199446      -2.266234
       8.558678      -1.646101
       8.938568      -1.217338
       9.261499      -1.077542
       9.655828      -1.300036
      10.024996      -1.757059
      10.359560      -2.256074
      10.499556      -2.720616
      10.664540      -3.055618
      10.695881      -3.280087
      10.692078      -3.430518
      10.676560      -3.536438
      10.673753      -3.586837
      10.684376      -3.609307
      10.729326      -3.605275
      10.796806      -3.559417
      10.807740      -3.519521
      10.856020      -3.554171
      10.981371      -3.652799
      11.155933      -3.772413
      11.302268      -3.968217
      11.412612      -4.299629
      11.510468      -4.785081
      11.583728      -5.396727
      11.775964      -6.048810
      11.945230      -6.661205
      12.084469      -7.213851
      12.178711      -7.761776
      12.234208      -8.294918
      12.187663      -8.887287
      12.031317      -9.552552
      11.811012     -10.286643
      11.551317     -11.041193
      11.356132     -11.764897
      11.218443     -12.432298
      11.109098     -12.982006
      11.004780     -13.383517
      10.869773     -13.642504
      10.713821     -13.748227
      10.597808     -13.736447
      10.528423     -13.650770
      10.543194     -13.525105
      10.587636     -13.301613
      10.634252     -13.110860
      10.651197     -13.017060
      10.629882     -13.064647
      10.603463     -13.190668
      10.573858     -13.372668
      10.530342     -13.534334
      10.508344     -13.674158
      10.491304     -13.763776
      10.507297     -13.806509
      10.510896     -13.835428
      10.525330     -13.858886
      10.525550     -13.859026
      10.546322     -13.435201
      10.571291     -11.795289
      10.384428      -9.065315
       9.982082      -5.705780
       9.396475      -2.388757
       9.136104       0.616997
       9.290650       3.363444
       9.734148       5.612492
      10.409854       7.115621
      11.215942       7.991874
      11.973772       8.489150
      12.622748       8.781357
      13.017686       8.933291
      13.248697       8.965388
      13.441081       8.901180
      13.683599       8.761359
      14.091615       8.569184
      14.896833       8.263152
      16.002737       7.560911
      17.047471       6.227475
      17.931096       4.078503
      18.710347       1.119902
      19.406004      -2.278049
      20.086791      -5.641061
      20.907895      -9.102204
      21.904248     -12.509213
      22.815064     -15.681954
      23.588222     -18.375504
      24.141412     -20.700053
      24.621483     -22.539933
      24.866425     -23.908967
      25.110979     -24.883075
      25.419924     -25.542902
      25.741714     -25.906561
      26.059106     -26.042408
      26.262156     -26.000470
      26.459997     -25.801045
      26.584939     -25.538278
      26.637854     -25.225983
      26.690524     -24.872049
      26.803425     -24.499572
      26.936175     -24.122805
      27.023492     -23.795993
      26.977977     -23.511005
      26.838942     -23.222524
      26.713753     -23.031357
      26.725074     -23.002853
      26.795916     -23.032692
      26.877058     -23.095722
      26.849273     -23.098845
      26.784675     -23.031318
      26.627883     -22.904678
      26.496884     -22.701509
      26.394644     -22.474477
      26.419011     -22.272971
      26.446245     -22.105613
      26.488195     -21.993454
      26.466775     -21.900746
      26.430656     -21.843154
      26.341051     -21.784214
      26.265882     -21.709719
      26.228653     -21.588478
      26.206237     -21.485815
      26.163156     -21.372931
      26.145809     -21.297339
      26.073813     -21.252389
      26.024985     -21.221965
      25.952145     -21.199363
      25.918077     -21.159897
      25.897236     -21.112742
      25.905923     -21.065049
      25.888629     -21.021489
      25.858771     -20.984724
      25.805676     -20.969448
      25.750576     -20.948323
      25.675872     -20.955955
      25.597006     -20.946844
      25.526526     -20.917932
      25.470476     -20.876385
      25.410827     -20.832857
      25.379358     -20.813290
      25.357468     -20.811833
      25.335417     -20.822572
      25.309080     -20.831407
      25.311241     -20.811566
      25.306362     -20.797575
      25.306437     -20.757663
      25.296723     -20.723236
      25.307795     -20.681818
      25.272445     -20.695510
      25.253549     -20.688025
      25.230333     -20.701241
      25.174953     -20.694626
      25.146418     -20.684355
      25.109849     -20.661127
      25.096689     -20.648780
      25.082334     -20.648807
      25.078024     -20.650497
      25.059395     -20.643170
      25.036212     -20.633000
      24.992761     -20.609395
      24.975567     -20.581627
      24.959648     -20.589923
      24.943705     -20.584592
      24.932029     -20.571272
      24.907433     -20.553063
      24.877205     -20.542290
      24.863538     -20.561856
      24.839364     -20.576277
      24.850380     -20.598797
      24.863899     -20.618300
      24.859705     -20.637585
      24.827982     -20.660857
      24.770717     -20.661809
      24.701354     -20.649715
      24.639959     -20.612544
      24.555423     -20.623740
      24.479779     -20.622802
      24.415234     -20.620495
      24.343348     -20.591518
      24.310806     -20.562471
      24.287560     -20.528608
      24.301327     -20.506151
      24.297687     -20.479052
      24.281518     -20.471416
      24.253304     -20.454796
      24.233339     -20.417620
      24.208638     -20.377809
      24.206693     -20.348121
      24.196843     -20.323323
      24.142447     -20.319291
      24.117635     -20.280323
      24.093886     -20.245169
      24.076204     -20.204533
      24.079935     -20.184950
      24.093000     -20.174503
      24.101648     -20.182794
      24.103440     -20.184718
      24.082093     -20.181867
      24.063654     -20.151705
      24.033705     -20.108346
      24.017315     -20.063448
      24.017939     -20.026450
      24.020570     -20.008591
      23.968286     -20.019536
      23.937641     -20.012454
      23.913511     -20.002807
      23.899326     -19.997076
      23.910643     -19.997887
      23.914667     -19.987920
      23.895749     -19.991913
      23.845639     -20.017842
      23.753137     -20.037051
      23.489177     -20.014001
      22.694590     -19.923217
      21.272133     -19.758059
      19.491762     -19.575781
      17.899313     -19.497861
      16.490396     -19.647391
      14.954745     -19.949087
      13.460576     -20.288432
      11.956577     -20.630010
      10.447784     -20.915559
       8.901248     -21.126459
       7.174351     -21.193408
       5.288549     -21.157398
       3.390451     -20.972715
       1.408732     -20.679817
      -0.485595     -20.238980
      -2.227884     -19.640535
      -3.831159     -18.799069
      -5.328991     -17.645556
      -6.994326     -16.150405
      -8.642788     -14.421729
     -10.122761     -12.573062
     -11.413216     -10.815525
     -12.547514      -9.390234
     -13.405929      -8.282624
     -14.084585      -7.417117
     -14.635553      -6.742286
     -15.094110      -6.159091
     -15.421416      -5.621841
     -15.704967      -5.097362
     -15.943154      -4.615235
     -16.212192      -4.204896
     -16.404240      -3.887488
     -16.600637      -3.685286
     -16.763845      -3.580495
     -16.895946      -3.583091
     -16.981048      -3.623332
     -17.021962      -3.685051
     -17.055650      -3.748260
     -17.081825      -3.804785
     -17.055469      -3.849887
     -17.025917      -3.884370
     -16.977501      -3.908772
     -16.925359      -3.949723
     -16.873800      -3.984720
     -16.835824      -4.024716
     -16.803628      -4.059747
     -16.762872      -4.100889
     -16.632633      -4.329666
     -16.414706      -5.225347
     -16.199489      -6.628230
     -15.858897      -8.323168
     -15.481012     -10.072110
     -15.084529     -11.710011
     -14.697196     -13.110664
     -14.348365     -14.215415
     -13.938082     -14.997251
     -13.462275     -15.628091
     -12.934496     -16.268083
     -12.400299     -16.959462
     -11.866466     -17.732170
     -11.257889     -18.563812
     -10.530081     -19.452193
      -9.756790     -20.364091
      -9.077842     -21.317043
      -8.478427     -22.236556
      -7.999104     -23.083429
      -7.624717     -23.792724
      -7.280053     -24.344195
      -7.019356     -24.695995
      -6.860870     -24.810397
      -6.757501     -24.742226
      -6.711902     -24.621592
      -6.643285     -24.569690
      -6.632095     -24.594874
      -6.632642     -24.664460
      -6.639220     -24.719223
      -6.650637     -24.739008
      -6.681541     -24.721450
      -6.651059     -24.645015
      -6.615832     -24.554279
      -6.568667     -24.475918
      -6.525024     -24.403638
      -6.501622     -24.262240
      -6.487448     -23.964937
      -6.435262     -23.609843
      -6.350618     -23.335302
      -6.222135     -23.195250
      -6.089493     -23.191619
      -5.914565     -23.347148
      -5.727130     -23.630784
      -5.507331     -23.890702
      -5.313287     -24.056072
      -5.116524     -24.036129
      -4.985646     -23.861186
      -4.914598     -23.581446
      -4.839921     -23.281938
      -4.765165     -23.074465
      -4.694673     -23.005032
      -4.575526     -22.991415
      -4.438035     -22.836741
      -4.249325     -22.420773
      -4.154623     -21.754841
      -4.093109     -21.014225
      -4.022508     -20.378987
      -3.917054     -19.921780
      -3.862449     -19.670120
      -3.734722     -19.568148
      -3.632453     -19.561183
      -3.501450     -19.545995
      -3.345562     -19.475569
      -3.221251     -19.342701
      -3.120147     -19.227261
      -3.071872     -19.157760
      -3.018829     -19.042063
      -2.942056     -18.907847
      -2.852363     -18.781974
      -2.755691     -18.692392
      -2.636704     -18.646244
      -2.489212     -18.692647
      -2.335566     -18.744049
      -2.109213     -18.686056
      -1.874176     -18.525373
      -1.647317     -18.302532
      -1.450270     -18.064178
      -1.305694     -17.838972
      -1.226649     -17.660461
      -1.163023     -17.529810
      -1.146076     -17.446531
      -1.184561     -17.402246
      -1.306578     -17.366661
      -1.439857     -17.303934
      -1.515986     -17.202395
      -1.574346     -17.136494
      -1.616370     -17.098801
      -1.617710     -17.084662
      -1.631713     -17.084698
      -1.656204     -17.063494
      -1.642725     -17.029785
      -1.627750     -16.993159
      -1.596092     -16.964290
      -1.578456     -16.951877
      -1.587771     -16.951667
      -1.605619     -16.962562
      -1.646224     -16.970762
      -1.649918     -16.958951
      -1.666684     -16.929340
      -1.672872     -16.933350
      -1.681501     -16.953424
      -1.651052     -16.966479
      -1.669729     -16.968573
      -1.658901     -16.979720
      -1.652438     -17.016735
      -1.648085     -17.032437
      -1.643382     -17.038652
      -1.627449     -17.036651
      -1.648005     -17.045743
      -1.687214     -17.045347
      -1.748302     -17.024563
      -1.791376     -16.984478
      -1.810240     -16.944358
      -1.813977     -16.920677
      -1.828501     -16.922533
      -1.841040     -16.926525
      -1.868337     -16.935594
      -1.882542     -16.944446
      -1.878409     -16.959562
      -1.869905     -16.973027
      -1.882342     -16.983335
      -1.872216     -16.995859
      -1.875692     -17.039055
      -1.891932     -17.073309
      -1.904877     -17.090769
      -1.904806     -17.092131
      -1.878911     -17.078534
      -1.871796     -17.051820
      -1.863502     -17.057368
      -1.833509     -17.066979
      -1.816596     -17.044655
      -1.817114     -17.023053
      -1.807794     -17.009516
      -1.807791     -16.997090
      -1.798680     -16.993142
      -1.789238     -16.999206
      -1.781354     -17.011610
      -1.807471     -17.015576
      -1.826117     -16.992049
      -1.854019     -16.956839
      -1.841582     -16.937203
      -1.837442     -16.937094
      -1.833664     -16.929219
