       1.716160      -5.535525
       1.620731      -5.028608
       1.547100      -4.698413
       1.474991      -4.412794
       1.342270      -4.110596
       1.178648      -3.673200
       1.030821      -3.103042
       0.942296      -2.368196
       0.961344      -1.511976
       1.097165      -0.547411
       1.309292       0.464737
       1.470571       1.372565
       1.717879       2.230003
       1.927372       2.880792
       2.148275       3.320845
       2.315425       3.551299
       2.504371       3.691340
       2.666569       3.764065
       2.799225       3.805422
       2.930391       3.932831
       3.057219       4.206518
       3.173722       4.531837
       3.270023       4.791839
       3.395564       4.921464
       3.522950       4.896459
       3.680800       4.761611
       3.810151       4.581141
       3.956869       4.437260
       4.108167       4.319184
       4.234699       4.118274
       4.321206       3.667641
       4.331716       2.687602
       4.519601       1.213352
       4.762762      -0.404339
       4.950293      -1.727350
       4.964015      -2.621786
       4.917465      -3.154220
       4.805737      -3.513526
       4.699114      -3.819016
       4.777552      -4.167240
       5.116004      -4.590080
       5.459094      -4.787155
       5.629571      -4.679968
       5.529871      -4.340314
       5.259737      -3.884816
       4.942360      -3.342918
       4.592701      -2.852078
       4.240640      -2.416216
       4.012237      -1.993913
       3.922835      -1.710469
       3.887657      -1.559958
       3.859644      -1.457372
       3.813019      -1.341057
       3.746404      -1.237310
       3.861777      -1.169038
       4.474494      -1.079623
       5.814525      -0.871485
       7.456709      -0.557491
       8.956366      -0.204031
      10.154896       0.145127
      10.971031       0.489991
      11.407550       0.850097
      11.665116       1.218170
      11.890597       1.557093
      12.192456       1.940814
      12.482190       2.287032
      12.739427       2.589943
      12.921923       2.859110
      12.907647       3.321226
      12.576408       4.105258
      11.564228       6.106454
       9.527818      10.157560
       6.592870      15.975896
       3.605825      22.835818
       0.751477      30.421092
      -2.104319      38.421576
      -5.004013      46.632136
      -7.622718      54.460453
      -9.924083      61.575351
     -12.018498      67.872171
     -13.541721      73.184594
     -14.364786      77.198623
     -14.488551      80.232436
     -14.140348      82.530221
     -13.746718      84.335655
     -13.718246      85.591584
     -14.114525      86.601262
     -14.730300      87.596252
     -15.217914      88.647506
     -15.546115      89.504800
     -15.616368      89.908011
     -15.383103      89.958582
     -15.001626      89.887844
     -14.396143      89.802176
     -13.718199      89.676379
     -13.107695      89.358050
     -12.546997      88.926202
     -12.061995      88.560585
     -11.602247      88.250658
     -11.160603      87.947153
     -10.699075      87.644686
     -10.285596      87.381824
      -9.945165      87.115358
      -9.597567      86.892440
      -8.932626      86.645859
      -7.623166      86.233682
      -5.833539      85.761900
      -4.458757      85.408688
      -3.395000      85.126796
      -2.748381      84.859999
      -2.375580      84.646922
      -2.223911      84.470961
      -2.113442      84.341862
      -1.917552      84.220621
      -1.631710      84.072686
      -1.374036      83.945830
      -1.178214      83.831369
      -1.063126      83.760068
      -1.059894      83.741660
      -1.087302      83.779690
      -1.134447      83.816050
      -1.106476      83.803888
      -1.081307      83.774192
      -1.035637      83.708108
      -0.997515      83.642334
      -0.996889      83.556209
      -0.971384      83.529020
      -0.951299      83.601593
      -0.933637      83.663258
      -0.902323      83.643101
      -0.873093      83.602953
      -0.857384      83.580106
      -0.829471      83.539686
      -0.807743      83.472863
      -0.817071      83.440894
      -0.853302      83.383969
      -0.919926      83.314446
      -0.941663      83.241319
      -0.972576      83.197858
      -1.020408      83.186687
      -1.060947      83.170960
      -1.097521      83.165734
      -1.161616      83.173349
      -1.245113      83.153552
      -1.352332      83.118232
      -1.459448      83.119708
      -1.577304      83.110490
      -1.753638      83.103777
      -1.955338      83.097026
      -2.211994      83.126304
      -2.612817      83.188445
      -3.312002      83.229691
      -4.274472      83.201481
      -5.170335      83.166618
      -5.806497      83.150094
      -6.248553      83.144149
      -6.440079      83.022539
      -6.441434      82.792442
      -6.345297      82.503313
      -6.118213      82.167071
      -5.689135      81.807603
      -5.186257      81.486709
      -4.734751      81.173854
      -4.380613      80.892506
      -4.121547      80.644186
      -3.918346      80.440968
      -3.743817      80.285300
      -3.531131      80.219041
      -3.322209      80.240951
      -3.166455      80.313728
      -2.996392      80.351569
      -2.892954      80.367209
      -2.859445      80.338009
      -2.856930      80.344410
      -2.861687      80.397522
      -2.814044      80.524581
      -2.726987      80.656775
      -2.594978      80.737096
      -2.436499      80.764543
      -2.322990      80.769016
      -2.224851      80.804594
      -2.146747      80.846034
      -2.098749      80.882180
      -2.056148      80.875307
      -2.008033      80.861450
      -1.944832      80.884992
      -1.889943      80.895663
      -1.871610      80.860275
      -1.878752      80.818174
      -1.882517      80.807775
      -1.869098      80.772955
      -1.852900      80.732535
      -1.834687      80.704452
      -1.785842      80.658878
      -1.726105      80.618084
      -1.674280      80.573244
      -1.592722      80.503288
      -1.513975      80.435246
      -1.435003      80.354678
      -1.420963      80.244555
      -1.432767      80.156176
      -1.413982      80.088013
      -1.357252      80.031564
      -1.247954      79.944153
      -1.149058      79.855070
      -1.085474      79.742163
      -1.064861      79.665894
      -1.089503      79.639229
      -1.073335      79.642080
      -1.046008      79.597599
      -0.990257      79.525589
      -0.956907      79.459232
      -0.947221      79.399364
      -0.921216      79.350527
      -0.931752      79.310379
      -0.894812      79.276744
      -0.828116      79.234736
      -0.737566      79.155595
      -0.661583      79.124758
      -0.586653      79.098297
      -0.556148      79.077043
      -0.558899      79.046968
      -0.584076      79.028997
      -0.605051      79.031134
      -0.568984      79.042198
      -0.578297      79.039022
      -0.573038      79.035083
      -0.592677      79.031265
      -0.628998      79.031260
      -0.662865      79.012755
      -0.707935      78.976148
      -0.774729      78.938642
      -0.844663      78.892442
      -0.919213      78.844343
      -1.039365      78.776636
      -1.081410      78.671627
      -1.119258      78.553344
      -1.135445      78.441491
      -1.106382      78.368753
      -1.141654      78.326929
      -1.166017      78.288651
      -1.222868      78.254059
      -1.242322      78.204716
      -1.234391      78.168133
      -1.267876      78.119068
      -1.306964      78.056475
      -1.376653      78.005617
      -1.441948      77.986456
      -1.503521      77.970788
      -1.541761      77.980876
      -1.590931      77.969335
      -1.595403      77.939742
      -1.591738      77.914582
      -1.587323      77.899530
      -1.623930      77.870276
      -1.655142      77.869752
      -1.666129      77.892653
      -1.651122      77.903362
      -1.653587      77.884080
      -1.659227      77.891550
      -1.665667      77.901852
      -1.682728      77.893984
      -1.699649      77.878946
      -1.711023      77.863467
      -1.695222      77.846084
      -1.695267      77.832285
      -1.667712      77.818496
      -1.670801      77.800000
      -1.664881      77.772077
      -1.626765      77.771203
      -1.586454      77.795949
      -1.535513      77.815329
      -1.477531      77.803551
      -1.413974      77.761970
      -1.348551      77.712608
      -1.298488      77.663440
      -1.245849      77.618804
      -1.215994      77.569593
      -1.169020      77.541155
      -1.136146      77.521047
      -1.105441      77.491754
      -1.058648      77.459139
      -1.046190      77.398917
      -1.037841      77.365340
      -1.023368      77.349987
      -1.016785      77.341949
      -0.992199      77.335256
      -0.993504      77.313569
      -0.963902      77.293369
      -0.959991      77.264819
      -0.966959      77.235162
      -0.976191      77.213432
      -0.967825      77.212509
      -0.958656      77.204553
      -0.932897      77.215817
      -0.899867      77.214505
      -0.890955      77.189982
      -0.888745      77.165634
      -0.864333      77.200507
      -0.868592      77.253585
      -0.860362      77.293879
      -0.869815      77.327645
      -0.863889      77.338272
      -0.864417      77.322919
      -0.872412      77.306818
      -0.896691      77.290047
      -0.941481      77.288356
      -1.006745      77.272853
      -1.060000      77.242924
      -1.133950      77.261487
      -1.181031      77.247820
      -1.238120      77.204816
      -1.276734      77.153924
      -1.302118      77.115233
      -1.338330      77.099515
      -1.342535      77.092580
      -1.375490      77.089928
      -1.419891      77.087159
      -1.431897      77.088582
      -1.467434      77.079772
      -1.475230      77.046681
      -1.458800      77.039439
      -1.462315      77.027248
      -1.453462      77.042314
      -1.452963      77.043966
      -1.425812      77.028039
      -1.427040      76.995274
      -1.400060      76.976404
      -1.412443      76.964437
      -1.416215      76.956937
      -1.411458      76.954120
      -1.400020      76.936577
      -1.379712      76.908085
      -1.356175      76.870448
      -1.365249      76.832772
      -1.377984      76.814204
      -1.431245      76.785897
      -1.439429      76.764934
      -1.458611      76.773259
      -1.426913      76.734641
      -1.463416      76.661577
      -1.466033      76.625766
      -1.494933      76.614940
      -1.534082      76.620846
      -1.561634      76.630103
      -1.625498      76.601734
      -1.669544      76.568040
      -1.714358      76.536834
      -1.774371      76.513851
      -1.833667      76.482450
      -1.906346      76.451074
      -1.976654      76.405359
      -2.049771      76.387141
      -2.088074      76.326389
      -2.126184      76.258468
      -2.187059      76.194798
      -2.240211      76.152546
      -2.314373      76.118824
      -2.358176      76.118654
      -2.396655      76.106511
      -2.402106      76.079434
      -2.386727      76.063211
      -2.396247      76.015991
      -2.433488      75.977188
      -2.471910      75.951330
      -2.507441      75.950227
      -2.521582      75.963074
      -2.563975      75.941329
      -2.586927      75.892812
      -2.610713      75.864326
      -2.703718      75.867153
      -3.080259      75.811413
      -4.815383      75.348214
      -9.361594      73.929394
     -15.495796      71.979198
     -21.524349      69.860778
     -26.294028      67.484256
     -30.022449      65.182017
     -33.051867      63.053771
     -35.657136      61.375922
     -38.044540      60.568636
     -39.744034      60.860611
     -40.594249      61.355008
     -41.020686      61.304888
     -41.310961      60.866717
     -41.571375      60.574081
     -41.493502      60.836569
     -40.561019      61.581267
     -38.451022      62.027195
     -34.529701      61.849215
     -28.637034      61.962272
     -21.760259      63.037136
     -15.409794      64.705912
     -10.731080      66.190864
      -7.642834      67.090210
      -5.543261      67.525579
      -4.342400      67.721638
      -3.524457      68.127763
      -2.873808      68.930769
      -2.102107      69.980372
      -1.386525      70.952933
      -0.969983      71.711721
      -0.774028      72.182109
      -0.683861      72.481433
      -0.642569      72.685083
      -0.646211      72.827448
      -0.699963      72.952137
      -0.715510      73.096255
      -0.696189      73.220886
      -0.667466      73.346620
      -0.601372      73.449725
      -0.467864      73.474894
      -0.357954      73.458875
      -0.238736      73.401208
      -0.163670      73.312280
      -0.130974      73.235797
      -0.147528      73.119345
      -0.212885      73.009566
      -0.205331      72.951078
      -0.249149      72.942413
      -0.374379      72.948538
      -0.536440      72.924802
      -0.677510      72.898321
      -0.747620      72.949097
      -0.780545      73.065131
      -0.802513      73.117256
      -0.782447      73.089950
      -0.785445      73.005943
      -0.741499      72.898355
      -0.671081      72.829453
      -0.587399      72.760843
      -0.513063      72.642580
      -0.462789      72.512416
      -0.424151      72.423843
      -0.431028      72.354330
      -0.469187      72.314930
      -0.497250      72.294491
      -0.534472      72.265738
      -0.566196      72.222462
      -0.629564      72.180871
      -0.650688      72.136614
      -0.707621      72.112494
      -0.742975      72.095018
      -0.795795      72.087519
      -0.855501      72.063865
      -0.911020      72.048736
      -0.981468      72.029487
      -1.038985      71.973199
      -1.066861      71.928257
      -1.118009      71.883354
      -1.167852      71.832253
      -1.225589      71.802382
      -1.303252      71.763745
      -1.362219      71.725340
      -1.424769      71.651941
      -1.411645      71.557316
      -1.389585      71.479410
      -1.333425      71.460773
      -1.318121      71.496822
      -1.295590      71.570095
      -1.270557      71.605430
      -1.247456      71.592069
      -1.194744      71.612293
      -1.125064      71.692536
      -1.059380      71.778675
      -1.038969      71.813471
      -1.026442      71.824856
      -1.011677      71.827586
      -0.989569      71.841132
      -0.956973      71.869040
      -0.872866      71.897590
      -0.779386      71.917339
      -0.670167      71.944465
      -0.486144      71.984681
      -0.294808      72.028370
      -0.136231      72.070723
      -0.040039      72.075255
       0.035202      72.045899
       0.093076      72.044631
       0.130508      72.050581
       0.142187      72.074395
       0.143905      72.110837
       0.178540      72.182381
       0.248893      72.294686
       0.345350      72.500074
       0.491749      72.652668
       0.598059      72.666622
       0.661870      72.556450
       0.669070      72.354728
       0.497742      71.478686
       0.087917      68.640285
      -0.352783      64.014767
      -0.488520      59.178745
      -0.191092      55.656811
       0.067576      53.899214
       0.273690      53.926064
       0.425469      55.185680
       0.429398      56.366607
       0.448470      57.031426
       0.506916      57.090721
       0.512650      56.940770
       0.490604      56.747378
       0.486001      56.754557
       0.438512      56.983623
       0.303283      57.312561
       0.217980      57.646039
       0.090604      57.911427
      -0.065525      58.012453
      -0.200842      58.021045
      -0.315215      57.979168
      -0.419461      58.007503
      -0.514926      58.084152
      -0.561510      58.177184
      -0.562542      58.216317
      -0.589408      58.185314
      -0.608515      58.134053
      -0.631937      58.032517
      -0.641922      58.004050
      -0.605850      58.019316
      -0.520387      58.066715
      -0.430663      58.137949
      -0.378478      58.124077
      -0.334752      58.068581
      -0.308879      58.000922
      -0.270892      57.943420
      -0.243016      57.899410
      -0.238682      57.844429
      -0.235214      57.797340
      -0.244458      57.686809
      -0.206931      57.544974
      -0.152182      57.312386
       0.036345      56.960217
       0.264496      56.525970
       0.528200      56.044188
       0.818426      55.548247
       1.110673      55.042208
       1.435359      54.515843
       1.798835      53.897500
       2.178248      53.213412
       2.565009      52.490313
       2.897666      51.827733
       3.160535      51.174978
       3.401158      50.572542
       3.600292      50.020643
       3.779997      49.510165
       3.951815      48.976956
       4.097630      48.432979
       4.286557      47.837878
       4.479337      47.189528
       4.681177      46.508641
       4.867926      45.782448
       5.074673      45.192393
       5.266582      44.694436
       5.413580      44.298846
       5.550090      43.990503
       5.711113      43.812775
       5.829483      43.673199
       5.945748      43.596938
       6.003102      43.553089
       6.050887      43.562968
       6.094751      43.646397
       6.197543      44.035382
       6.402937      45.375163
       6.679338      47.559604
       6.876107      49.936690
       7.074623      52.119553
       7.169967      53.970423
       7.138784      55.592786
       7.045897      56.871742
       7.019427      57.821008
       7.003938      58.569898
       6.953341      59.210642
       6.898472      59.701725
       6.812841      60.075167
       6.710067      60.375409
       6.630074      60.610649
       6.567798      60.733236
       6.484572      60.602431
       6.366952      59.966812
       5.633585      57.331930
       4.139961      51.255459
       2.805494      42.072013
       2.304982      31.137695
       2.617672      19.975121
       3.309637       9.439568
       4.395146       0.239692
       5.665529      -7.110111
       6.686858     -12.673149
       7.190970     -17.010791
       7.470814     -20.933161
       7.946549     -25.323507
       8.363957     -29.844068
       8.653839     -33.791203
       8.707740     -36.885248
       8.550676     -39.216644
       8.290413     -40.988003
       8.060872     -42.472401
       7.873201     -43.633186
       7.737688     -44.622013
       7.539973     -45.352937
       7.322248     -45.957840
       7.162945     -46.547799
       7.030103     -47.132939
       6.957830     -47.695062
       6.938118     -48.102357
       6.962558     -48.356428
       6.955834     -48.487364
       6.897384     -48.547673
       6.838750     -48.624511
       6.841365     -48.742032
       6.867253     -48.933685
       6.913562     -49.228098
       6.926556     -49.500398
       6.939358     -49.763736
       6.975035     -50.188143
