      12.234645      16.732555
      12.234391      16.572850
      12.198932      16.429701
      12.123406      16.321828
      12.044665      16.280478
      11.905093      16.273760
      11.758548      16.343810
      11.704501      16.408754
      11.637618      16.436655
      11.608713      16.553541
      11.779367      16.902700
      12.344597      17.577032
      12.977220      18.405275
      13.389499      19.142316
      13.578363      19.751491
      13.438569      20.594442
      13.113623      23.006620
      12.707342      26.972554
      12.603176      31.620398
      12.787713      36.491737
      12.987481      41.097563
      13.151558      45.059825
      13.412288      48.203461
      13.620023      50.727350
      13.674200      52.816336
      13.671027      54.688898
      13.569795      56.566230
      13.492327      58.354781
      13.468131      59.936271
      13.367695      61.091883
      13.090448      61.817843
      12.342038      61.888440
      10.853192      61.163379
       8.706911      59.825735
       6.075518      58.215928
       3.054705      56.463325
      -0.089753      54.955321
      -3.055776      53.840498
      -5.979899      53.570112
      -9.376530      53.689435
     -13.602081      54.076258
     -18.074470      54.879459
     -22.408757      56.319498
     -26.046694      58.744154
     -28.861859      61.732709
     -30.753169      64.884145
     -31.713388      68.048972
     -31.879719      71.007147
     -31.610504      73.380881
     -31.228526      75.116660
     -31.107227      76.069035
     -31.519367      75.692237
     -32.316409      72.594019
     -32.816182      64.754497
     -32.569917      53.845010
     -31.935249      43.845992
     -31.562352      35.877161
     -30.989177      28.934554
     -30.152732      23.086243
     -29.357188      17.596203
     -28.084633      11.960544
     -25.549485       5.472771
     -21.327401      -1.510987
     -16.630692      -7.994663
     -12.094717     -13.422894
      -7.805015     -17.853938
      -3.258401     -21.990917
       0.902200     -26.151950
       4.149914     -29.472651
       6.543903     -31.415737
       8.015172     -31.897914
       8.944971     -31.415424
       9.876172     -30.450151
      11.412326     -29.863918
      13.299384     -30.052857
      14.827761     -30.674116
      15.781641     -31.199559
      16.353436     -31.498960
      16.580433     -31.526835
      16.468523     -30.841224
      16.130852     -28.891076
      15.580023     -24.928199
      14.917676     -20.192867
      14.467274     -16.431173
      14.303256     -13.766300
      14.102205     -11.721606
      14.082204      -9.844188
      14.096358      -7.863328
      14.207690      -6.012490
      14.609486      -3.769645
      14.720781      -0.388394
      14.616547       3.683772
      14.637551       7.538412
      14.953246      10.657260
      15.427213      13.135499
      16.231215      15.515968
      17.241369      17.717482
      18.147616      19.822902
      19.128595      21.708680
      20.117293      23.783700
      21.340357      27.031174
      22.621837      31.482623
      23.647230      36.144157
      24.536434      40.437107
      25.182775      43.964372
      25.703025      46.967630
      26.536872      49.828101
      27.871082      52.810882
      29.907821      56.180563
      32.162935      58.891419
      34.159999      60.161244
      36.055470      60.108351
      37.670627      59.603439
      38.863308      59.289272
      39.779507      59.341038
      40.452686      59.600325
      41.154030      59.938360
      41.765384      60.265602
      42.278723      60.461199
      42.800139      60.577670
      43.286657      60.616837
      43.688275      60.636406
      44.122255      60.386124
      44.639591      59.166821
      44.645026      56.108810
      43.867800      51.580234
      42.326293      46.893376
      40.867286      43.364268
      39.446097      40.857917
      38.154017      39.168751
      37.039024      37.852986
      36.519481      36.766574
      35.924646      35.431483
      34.921474      33.751997
      33.413191      31.758153
      31.278968      29.504246
      28.651822      27.219978
      25.704191      24.871561
      22.621832      22.543561
      19.768298      20.435360
      17.464692      18.542261
      15.466390      16.838980
      13.761766      15.368910
      11.994175      14.015135
      10.198995      12.781164
       8.623911      11.682727
       7.223755      10.701852
       6.121914       9.810451
       5.397699       8.950219
       5.254422       8.187011
       5.275817       7.597031
       5.367314       7.271781
       5.496267       7.291093
       5.559045       7.532675
       5.703805       7.889282
       5.859911       8.316827
       6.058894       8.705187
       6.366006       8.947733
       6.772870       9.006158
       7.241796       8.923583
       7.689150       8.749305
       8.093380       8.527029
       8.456041       8.296992
       8.855768       8.038466
       9.189187       7.723664
       9.484922       7.300386
       9.804276       6.745602
      10.185972       6.093559
      10.653298       5.439300
      11.131047       4.864382
      11.545004       4.406646
      11.799582       4.041783
      12.049543       3.754689
      12.277969       3.565207
      12.524214       3.149547
      12.859148       2.136383
      13.249599       0.813497
      13.590781      -0.439916
      13.782058      -1.373195
      13.596879      -1.859157
      13.159004      -1.779504
      12.731707      -1.240301
      12.215698      -0.424043
      11.619645       0.494633
      10.836784       1.497617
      10.024130       2.509763
       9.311074       3.433329
       8.762778       4.219077
       8.322644       4.784158
       8.009332       5.155804
       7.605494       5.391134
       7.129061       5.595128
       6.794568       5.855796
       6.609091       6.215892
       6.553093       6.590136
       6.582069       6.931288
       6.610589       7.201399
       6.556918       7.354769
       6.492910       7.456776
       6.436672       7.525773
       6.357381       7.619514
       6.310228       7.697229
       6.271006       7.616226
       6.182690       6.796064
       5.880917       4.843320
       5.284158       2.168009
       4.538559      -0.578268
       4.029065      -2.895916
       3.735263      -4.582330
       3.637303      -5.614025
       3.659692      -6.148406
       3.661465      -6.408107
       3.662221      -6.558069
       3.629760      -6.730476
       3.569756      -6.960343
       3.561028      -7.224590
       3.598074      -7.462719
       3.703217      -7.639965
       3.840764      -7.743533
       3.986572      -7.817498
       4.134197      -7.899305
       4.275815      -8.013033
       4.451437      -8.157783
       4.664150      -8.388387
       4.864925      -8.653101
       5.000631      -8.892096
       5.071017      -9.053580
       5.122075      -9.143196
       5.188959      -9.185547
       5.284743      -9.191031
       5.371218      -9.168303
       5.479670      -9.142736
       5.649017      -9.294919
       5.943592     -10.351209
       6.316809     -12.695735
       6.586095     -15.555618
       6.788912     -18.005620
       7.025046     -19.467734
       7.257524     -19.923616
       7.476346     -19.584813
       7.644269     -18.913350
       7.806543     -18.292399
       8.033267     -17.951953
       8.149773     -17.836990
       8.262104     -17.962772
       8.469399     -18.491471
       8.883561     -19.862397
       9.510222     -22.095277
      10.468001     -25.415966
      11.711435     -29.193751
      12.943420     -32.760754
      14.228765     -35.453228
      15.227633     -37.167942
      15.906568     -38.143990
      16.404471     -38.717959
      16.796762     -39.015478
      17.364711     -39.092253
      17.998414     -38.953478
      18.935595     -38.644759
      20.264241     -38.086876
      22.223927     -37.028579
      24.578559     -35.139816
      26.809917     -33.198292
      29.100093     -31.597060
      31.325569     -30.298763
      33.442884     -29.021813
      35.440631     -27.995929
      37.303778     -27.145229
      38.890701     -26.037317
      40.540547     -23.593640
      42.073936     -17.615775
      43.620665      -8.498773
      44.403549       1.475134
      44.670239      11.046995
      44.704626      18.966443
      44.579699      24.779530
      44.788439      28.516706
      45.194117      30.542675
      45.548311      30.893622
      45.677032      30.345456
      45.330041      29.877550
      44.781848      29.350589
      44.730490      28.599266
      44.792072      27.412501
      44.842867      25.978431
      44.942708      24.398495
      44.818596      22.618697
      44.774674      21.123365
      44.840948      20.131241
      44.854859      19.668431
      44.798022      19.535770
      44.737309      19.545294
      44.689953      19.585977
      44.627307      19.567833
      44.527515      19.417424
      44.471062      19.166044
      44.449725      18.816407
      44.418620      18.497522
      44.419592      18.220460
      44.437301      17.990228
      44.483816      17.769861
      44.509141      17.553814
      44.527039      17.364446
      44.506426      17.327489
      44.475676      17.733812
      44.397920      18.725104
      44.231135      20.115352
      43.964256      21.664935
      43.689732      22.949550
      43.506564      23.821529
      43.360766      24.300820
      43.218270      24.621451
      43.033878      24.820169
      42.488017      24.977107
      41.145288      24.880204
      38.046434      24.324486
      33.793117      23.653332
      29.608099      23.528524
      26.312912      23.924524
      23.510072      24.570929
      20.978548      25.342656
      18.355988      26.240142
      15.122821      27.570811
      11.385330      29.743260
       7.717227      33.073163
       4.671456      37.377243
       2.610214      42.444969
       1.638120      47.364983
       1.643250      51.277932
       2.228038      53.803895
       3.014976      55.314886
       3.934064      56.177178
       4.660235      56.691245
       5.296286      57.137994
       5.868012      57.515336
       6.501693      58.123606
       7.377037      59.283516
       8.399999      60.791491
       9.374809      61.965001
      10.208927      62.494504
      10.714006      62.449212
      10.923316      61.988009
      11.059363      61.474981
      11.153786      60.873516
      11.307931      60.070689
      11.517335      59.147117
      11.743556      58.438763
      11.970683      57.943590
      12.149678      57.635426
      12.337805      57.435312
      12.492990      57.268094
      12.757374      57.176438
      12.976988      56.980258
      13.223932      56.687020
      13.485893      56.311975
      13.781588      55.891925
      14.007544      55.362101
      14.201975      54.674182
      14.282087      53.743751
      14.321105      52.491669
      14.412409      51.093346
      14.619934      49.830719
      14.833558      48.801997
      15.151861      47.975934
      15.487402      47.208092
      16.085155      46.397022
      16.758955      45.363146
      17.155094      44.222499
      17.342215      42.966793
      17.278484      41.639349
      17.170804      40.225693
      17.201351      38.739692
      17.281378      37.055655
      17.316653      35.043125
      17.363715      32.679044
      17.416835      30.107532
      17.394978      27.640281
      17.162820      25.249207
      16.614447      22.827218
      15.874083      20.195898
      15.088434      17.472068
      14.321978      14.817063
      13.585426      12.250936
      13.114376       9.579324
      12.968109       6.318905
      13.044414       2.558220
      13.151712      -0.989050
      13.283975      -3.916975
      13.362034      -6.076114
      13.447977      -7.279217
      13.650539      -7.730987
      13.811383      -7.779808
      13.666469      -7.743597
      12.704681      -7.688908
      10.258834      -7.240053
       6.553781      -6.330635
       2.818927      -5.241630
      -0.008179      -4.296820
      -2.073134      -3.498675
      -3.656332      -2.671832
      -4.652987      -1.867440
      -5.045015      -1.166697
      -4.847791      -0.660609
      -3.899286      -0.319267
      -2.978986      -0.118468
      -2.081631       0.004801
      -1.222645       0.077399
      -0.514593       0.191128
       0.156932       0.422700
       0.643313       0.752536
       1.054132       1.159898
       1.502327       1.540416
       1.931730       1.846790
       2.332703       2.084160
       2.555329       2.270028
       2.595420       2.400852
       2.491805       2.487170
       2.333351       2.537525
       1.926924       2.543625
       1.215370       2.554921
      -0.187206       2.622903
      -2.436075       2.863945
      -5.029874       3.285788
      -6.864944       3.629424
      -7.867030       3.662541
      -8.525043       3.438981
      -9.097774       3.111205
      -9.681764       2.798259
     -10.340875       2.545134
     -11.234106       2.415362
     -12.545480       2.461566
     -14.357996       2.928758
     -16.669017       3.965535
     -18.896875       5.467492
     -20.642434       7.304543
     -22.105958       9.285201
     -23.602783      11.429136
     -25.275425      13.654370
     -26.854754      15.776525
     -28.101720      17.574889
     -29.251647      19.085519
     -30.355034      20.365632
     -31.180657      21.451729
     -31.120207      22.311281
     -30.927439      23.174984
     -30.714072      24.120600
     -30.351527      25.051094
     -29.810319      26.016966
     -29.367244      27.111625
     -28.834647      28.440556
     -27.531323      30.601963
     -24.857296      33.906460
     -21.281089      37.631088
     -17.631577      41.149411
     -14.279600      44.187115
     -11.140822      46.693942
      -7.986939      48.861306
      -4.907381      51.031361
      -1.601820      53.678672
       2.192509      57.449077
       5.709577      61.613183
       8.401936      65.190201
      10.467794      67.866698
      11.999987      69.531690
      13.449828      70.525622
      14.553940      70.654100
      15.622823      70.427748
      16.553059      70.101283
      17.177639      69.700569
      17.456962      69.238005
      17.851331      68.952140
      18.976690      68.841823
      20.959632      69.003231
      22.953868      68.987563
      24.507144      68.290895
      25.438619      67.183669
      25.834760      66.066316
      25.896690      65.297434
      25.923109      64.773449
      25.952497      64.416341
      26.117881      63.977509
      26.323114      63.384126
      26.512434      62.668993
      26.578664      61.904730
      26.438117      60.964027
      25.960703      59.163465
      25.013870      55.743324
      23.983258      51.498708
      23.190322      47.368670
      22.747580      44.384170
      22.557673      42.613391
      22.385831      41.502468
      22.223791      40.846795
      21.984350      40.278931
      21.603659      39.667915
      21.277483      38.928032
      20.919047      38.162279
      20.630406      37.555761
      20.406339      37.128731
      20.195458      36.967954
      19.969751      36.997800
      19.723877      37.119015
      19.496478      37.193890
      19.294246      37.267814
      19.155743      37.253792
      19.012893      37.196627
      18.850048      37.128095
      18.640077      36.960855
      18.340420      36.610460
      17.692455      35.799667
      16.770594      34.488524
      15.657148      32.691456
      14.518233      30.554551
      13.609110      28.262308
      12.856015      26.233250
      12.078592      24.522191
