      14.212556      26.888520
      13.873809      26.208292
      13.444566      25.551331
      12.875034      24.864929
      12.248551      24.100077
      11.627810      23.228620
      11.142728      22.165631
      10.650158      20.864595
      10.237534      19.592333
       9.908327      18.500414
       9.745203      17.793807
       9.674446      17.453007
       9.348554      17.302672
       8.786540      17.112040
       8.031066      16.643271
       7.414660      15.638746
       6.809203      14.430480
       6.346433      13.192116
       5.957248      12.044098
       5.452598      11.072101
       5.075538      10.318367
       4.713005       9.674908
       4.054410       9.047710
       3.282648       8.436718
       2.425169       7.847580
       1.672332       7.318859
       0.724863       6.871269
      -0.227638       6.470325
      -0.867861       6.204809
      -1.505053       6.076045
      -2.144660       6.109882
      -2.641901       6.348440
      -2.648527       6.817772
      -2.076803       7.395088
      -0.749071       7.921677
       1.424182       8.264274
       4.155306       8.318472
       6.370217       8.115279
       7.953896       7.745670
       8.958890       7.293967
       9.499904       6.949455
       9.752991       6.932262
       9.704354       7.438622
       9.540774       8.370328
       9.442346       9.486620
       9.366574      10.538490
       9.409949      11.354346
       9.460159      11.839636
       9.458118      11.986490
       9.406951      11.845096
       9.270522      11.610621
       9.167743      11.431829
       9.072820      11.378388
       9.082405      11.431031
       9.155606      11.486176
       9.262909      11.425034
       9.517276      11.105645
       9.789727      10.516859
      10.007740       9.849282
      10.139143       9.267799
      10.200925       8.899182
      10.213297       8.724905
      10.243165       8.599971
      10.272269       8.479226
      10.307746       8.366333
      10.263466       8.294746
      10.144431       8.293149
      10.024519       8.404248
      10.032817       8.471935
      10.071019       8.454114
      10.076855       8.401773
      10.051271       8.358985
      10.012748       8.332852
       9.973976       8.355965
       9.955493       8.374699
       9.963363       8.328655
       9.940187       8.205229
       9.870611       8.018635
       9.783386       7.790596
       9.669199       7.491164
       9.638238       7.053163
       9.715705       6.362536
       9.852593       5.311831
      10.073448       3.948969
      10.341147       2.355471
      10.625442       0.748391
      10.826878      -0.827675
      11.073427      -2.244757
      11.244829      -3.444473
      11.427552      -4.329950
      11.532090      -4.883857
      11.569710      -5.119133
      11.600688      -5.041301
      11.594057      -4.796430
      11.571953      -4.664082
      11.579807      -4.676903
      11.567997      -4.768736
      11.525380      -4.827639
      11.446414      -4.855182
      11.377722      -4.880328
      11.296596      -4.890835
      11.209162      -4.893396
      11.141889      -4.976726
      11.096818      -5.141106
      11.017181      -5.279238
      10.972946      -5.354431
      10.968017      -5.387485
      10.995815      -5.397012
      11.005711      -5.420338
      11.015158      -5.472042
      10.991959      -5.494733
      11.002059      -5.501428
      11.003053      -5.504973
      11.013348      -5.526188
      10.984558      -5.560937
      10.969508      -5.574048
      10.966450      -5.559544
      10.931806      -5.501412
      10.911100      -5.386556
      10.883430      -5.217633
      10.902815      -5.054692
      10.928849      -4.921463
      10.940263      -4.811968
      10.937030      -4.702208
      10.932663      -4.566661
      10.904407      -4.390063
      10.908032      -4.225426
      10.937191      -4.082303
      10.916538      -4.004093
      10.887852      -3.976795
      10.874877      -3.964769
      10.869229      -3.922153
      10.868845      -3.836554
      10.875395      -3.744181
      10.865347      -3.641334
      10.868573      -3.539198
      10.877210      -3.438876
      10.856986      -3.370367
      10.843523      -3.322728
      10.833121      -3.288317
      10.814736      -3.261892
      10.830961      -3.253561
      10.837712      -3.272072
      10.785906      -3.344511
      10.733268      -3.426890
      10.714785      -3.507448
      10.680818      -3.567313
      10.655032      -3.623122
      10.621149      -3.678146
      10.552641      -3.713745
      10.466651      -3.749555
      10.332081      -3.790215
      10.195513      -3.826250
      10.062084      -3.825218
       9.926449      -3.808862
       9.829006      -3.797989
       9.765004      -3.807780
       9.728618      -3.806933
       9.660653      -3.834407
       9.615561      -3.850437
       9.612877      -3.831746
       9.627036      -3.789275
       9.655347      -3.767731
       9.691080      -3.788327
       9.705784      -3.845796
       9.726971      -3.932580
       9.724712      -4.052461
       9.722480      -4.200436
       9.751698      -4.420435
       9.804823      -4.730586
       9.875995      -5.180144
      10.004037      -5.711671
      10.133485      -6.240088
      10.243045      -6.685937
      10.269035      -7.034446
      10.259731      -7.198257
      10.258168      -7.198128
      10.259937      -7.118387
      10.283020      -7.019903
      10.273978      -6.901031
      10.266627      -6.777959
      10.264832      -6.661825
      10.258189      -6.559573
      10.243132      -6.464066
      10.209015      -6.346249
      10.163389      -6.170296
      10.121708      -5.947790
      10.067623      -5.666604
       9.967736      -5.342711
       9.811324      -4.953310
       9.687917      -4.461766
       9.559678      -3.927984
       9.441406      -3.456818
       9.360976      -3.066607
       9.229958      -2.748327
       9.007504      -2.473139
       8.788841      -2.239930
       8.533011      -2.029143
       8.299859      -1.839558
       8.109775      -1.658593
       7.960535      -1.505248
       7.795696      -1.355944
       7.566702      -1.218683
       7.242550      -1.096556
       6.820494      -0.999615
       6.385338      -0.870671
       5.938817      -0.709615
       5.499728      -0.509838
       5.128280      -0.288236
       4.749577      -0.050288
       4.357102       0.196524
       4.022673       0.425091
       3.747341       0.617446
       3.519151       0.805262
       3.309677       0.973774
       3.114477       1.140129
       2.991809       1.302914
       2.907156       1.469849
       2.829349       1.600929
       2.765367       1.655024
       2.800509       1.676793
       2.888857       1.693441
       2.913654       1.697964
       2.925743       1.680888
       2.937139       1.630819
       2.940898       1.554234
       2.974675       1.464703
       3.021725       1.378569
       3.073628       1.315159
       3.096600       1.268291
       3.120436       1.222757
       3.151664       1.168982
       3.192542       1.105879
       3.218959       1.016781
       3.219025       0.908337
       3.232056       0.834416
       3.272372       0.790098
       3.349214       0.793853
       3.457604       0.793482
       3.582324       0.777256
       3.716920       0.727062
       3.849424       0.654429
       3.979684       0.569227
       4.078316       0.485481
       4.136404       0.409289
       4.176319       0.347262
       4.236229       0.314218
       4.265180       0.308020
       4.261351       0.293239
       4.229441       0.269671
       4.194817       0.240964
       4.101110       0.242774
       4.021882       0.263790
       3.969878       0.257858
       3.901743       0.230057
       3.847267       0.216314
       3.720991       0.237315
       3.481696       0.289636
       3.133959       0.370215
       2.732322       0.461319
       2.374276       0.519401
       2.076733       0.595838
       1.811934       0.691664
       1.497196       0.798903
       1.190912       0.903729
       0.876076       1.001146
       0.582600       1.075442
       0.320954       1.104790
       0.057002       1.121207
      -0.139392       1.139670
      -0.290752       1.176701
      -0.429716       1.218647
      -0.559903       1.260928
      -0.672319       1.288657
      -0.766499       1.308599
      -0.841862       1.336619
      -0.882087       1.369576
      -0.969408       1.387536
      -0.976470       1.428596
      -0.921650       1.519391
      -0.837247       1.674570
      -0.731662       1.864699
      -0.631671       2.060286
      -0.330634       2.354671
       0.566277       3.084755
       2.163280       4.415885
       4.105302       6.352961
       6.127631       8.705202
       7.852182      11.290140
       9.251791      13.748794
      10.150243      15.750691
      10.753043      17.409904
      11.104915      18.817381
      11.712753      19.909954
      12.197324      20.603022
      12.624271      20.983062
      12.869614      21.024881
      12.871832      20.746936
      12.717515      20.173306
      12.436109      19.353360
      12.202368      18.267790
      12.016950      16.807966
      11.930596      14.837289
      11.894933      12.575608
      11.922980      10.320883
      11.956378       8.399359
      11.897029       6.797725
      11.719507       5.553885
      11.440347       4.494068
      11.209024       3.473185
      11.139945       2.687462
      11.197784       2.150079
      11.282484       1.904781
      11.486142       2.089511
      11.631696       2.438255
      11.765068       2.765572
      11.844085       2.974754
      11.916447       3.120350
      12.047677       3.233442
      12.205699       3.341474
      12.360010       3.403006
      12.502690       3.451922
      12.657847       3.487540
      12.750529       3.522943
      12.885370       3.536083
      12.982259       3.484828
      13.041846       3.369433
      13.077094       3.190182
      13.125002       2.985413
      13.163523       2.809204
      13.157355       2.677844
      13.088007       2.584525
      13.004627       2.495622
      12.962051       2.398086
      12.890422       2.285710
      12.841036       2.170983
      12.809370       2.073217
      12.787025       2.017329
      12.828143       2.040239
      12.876872       2.089680
      12.922604       2.123856
      12.979379       2.130484
      13.026480       2.157826
      13.045587       2.204925
      13.051473       2.258018
      13.052334       2.300080
      13.073061       2.351685
      13.095103       2.402493
      13.099392       2.414611
      13.057948       2.414830
      13.038582       2.429486
      13.045467       2.474184
      13.047376       2.511138
      13.070577       2.523142
      13.092001       2.547004
      13.115334       2.569671
      13.135044       2.584979
      13.138015       2.619497
      13.140986       2.686213
      13.127925       2.754314
      13.121817       2.823470
      13.129441       2.894488
      13.161954       2.978331
      13.134650       3.025052
      13.097397       3.064264
      13.101586       3.112094
      13.104609       3.156292
      13.118716       3.183929
      13.131577       3.189110
      13.147437       3.206518
      13.206225       3.209842
      13.243754       3.199449
      13.259693       3.177293
      13.237619       3.138671
      13.210412       3.063371
      13.174196       2.937684
      13.139346       2.777959
      13.111187       2.631779
      13.075247       2.457214
      13.021488       2.313262
      12.983519       2.215453
      12.948659       2.158581
      12.929277       2.114913
      12.903579       2.067036
      12.874733       2.001756
      12.853738       1.895749
      12.854814       1.795792
      12.861417       1.690765
      12.860440       1.603341
      12.840951       1.530161
      12.830852       1.478076
      12.837709       1.446404
      12.838611       1.427588
      12.830035       1.413562
      12.810006       1.381810
      12.785945       1.383289
      12.811951       1.414717
      12.840763       1.478629
      12.894122       1.524438
      12.930726       1.539158
      12.948792       1.544732
      12.996705       1.550910
      13.023221       1.579176
      13.045723       1.599776
      13.056723       1.633008
      13.054240       1.682115
      13.077072       1.709106
      13.106594       1.713828
      13.141671       1.736064
      13.186230       1.774135
      13.183969       1.797094
      13.173907       1.832520
      13.182798       1.873553
      13.205947       1.913542
      13.260712       1.931793
      13.298993       1.929724
      13.366774       1.937902
      13.422510       1.944881
      13.453971       1.950551
      13.463805       1.957211
      13.478405       1.977532
      13.485393       1.990492
      13.502508       1.992590
      13.538333       1.978591
      13.576971       1.965764
      13.577841       1.932011
      13.572464       1.918766
      13.580252       1.913820
      13.577441       1.934505
      13.610198       1.970792
      13.635744       1.990430
      13.646322       1.988954
      13.651814       1.981680
      13.632319       1.987565
      13.587535       2.009571
      13.554923       2.061932
      13.536467       2.103534
      13.535450       2.114716
      13.531297       2.099760
      13.532837       2.072362
      13.510607       1.999948
      13.493679       1.944751
      13.511956       1.924729
      13.533600       1.919645
      13.566318       1.902691
      13.588430       1.870556
      13.597673       1.845387
      13.617791       1.833928
      13.619329       1.837649
      13.600881       1.846392
      13.600163       1.864507
      13.591727       1.893112
      13.598406       1.910159
      13.611030       1.933781
      13.631438       1.946545
      13.614138       1.940894
      13.611052       1.945827
      13.623339       1.973769
      13.631075       1.991406
      13.685510       1.977592
      13.707547       1.944571
      13.739379       1.912812
      13.758956       1.891769
      13.744804       1.874330
      13.716856       1.862085
      13.690254       1.853510
      13.676404       1.854895
      13.671222       1.844784
      13.652321       1.831803
      13.610861       1.797926
      13.545475       1.765027
      13.506943       1.760427
      13.487272       1.774110
      13.510757       1.783498
      13.547143       1.786130
      13.558227       1.780684
      13.577957       1.749408
      13.585519       1.706555
      13.570979       1.672011
      13.547655       1.664532
      13.506494       1.678734
      13.484615       1.703137
      13.466505       1.730575
      13.463414       1.757084
      13.401948       1.752398
      13.349789       1.764073
      13.361339       1.792207
      13.381563       1.815910
      13.424346       1.833066
      13.474064       1.845245
      13.519220       1.841384
      13.553821       1.810697
      13.553801       1.774695
      13.536478       1.732036
      13.529966       1.707171
      13.502621       1.713241
