       1.519876      17.830290
       1.481281      17.777506
       1.440312      17.710432
       1.452592      17.628637
       1.517534      17.533226
       1.605781      17.403348
       1.761777      17.166749
       1.837973      16.831333
       1.948956      16.437058
       2.150977      16.024379
       2.380588      15.634807
       2.572656      15.253308
       2.704533      14.864926
       2.822180      14.291733
       2.930448      13.306494
       3.303371      11.647908
       3.960090       9.304875
       4.803120       6.032090
       5.479375       2.238678
       6.238383      -1.703388
       7.076220      -5.304642
       7.823361      -8.294405
       8.470729     -10.552506
       8.949975     -12.096867
       9.233823     -12.944970
       9.354716     -13.227217
       9.353019     -13.145225
       9.335325     -12.893851
       9.287689     -12.618982
       9.226268     -12.384221
       9.201455     -12.179270
       9.230075     -12.013473
       9.259567     -11.869112
       9.360802     -11.736105
       9.517642     -11.645713
       9.591427     -11.587982
       9.627722     -11.554170
       9.682797     -11.551594
       9.724634     -11.570092
       9.747543     -11.594221
       9.744393     -11.614487
       9.743402     -11.626410
       9.759155     -11.657488
       9.748866     -11.684080
       9.688506     -11.702546
       9.540346     -11.674929
       9.315579     -11.579183
       9.136809     -11.420343
       8.913861     -11.137192
       8.566587     -10.361402
       7.928547      -8.752184
       7.057258      -6.383533
       6.155333      -3.591226
       5.389463      -0.806009
       4.749782       1.625299
       4.323846       3.522957
       4.121791       4.864714
       4.074643       5.652286
       4.122686       6.018778
       4.250314       6.051441
       4.383299       5.938074
       4.543878       5.815944
       4.664932       5.757805
       4.718125       5.773476
       4.755170       5.912894
       4.788605       6.602635
       4.730485       7.944542
       4.560117       9.636115
       4.302929      11.356563
       3.965477      13.002703
       3.583488      14.437144
       3.140529      15.564833
       2.668029      16.416269
       2.336158      17.121877
       2.054725      17.764403
       1.725884      18.242305
       1.274717      18.462724
       0.580451      18.531521
      -0.576422      18.584786
      -2.473147      18.771777
      -5.048224      18.997993
      -7.460773      19.186935
      -9.059780      19.176409
     -10.210172      18.879577
     -11.253774      18.477492
     -12.169882      17.980556
     -12.874471      17.477921
     -13.503397      16.962129
     -14.007351      16.551449
     -14.215661      16.341935
     -14.207516      16.318813
     -14.123845      16.402752
     -14.033539      16.479793
     -13.961923      16.536716
     -13.924266      16.580624
     -13.850771      16.601430
     -13.708991      16.637848
     -13.522450      16.709935
     -13.199401      16.875196
     -12.897191      17.027860
     -12.571219      17.167183
     -12.312468      17.248181
     -12.003342      17.377308
     -11.555100      17.657297
     -10.966588      18.085450
     -10.260099      18.666480
      -9.518893      19.289800
      -8.771329      19.765784
      -7.928292      19.964218
      -6.893528      19.793658
      -5.885312      19.389332
      -4.946809      18.921777
      -3.979039      18.405188
      -3.096720      17.849067
      -2.308457      17.248287
      -1.668260      16.620647
      -1.097229      15.955755
      -0.499656      15.235067
       0.041471      14.484284
       0.491339      13.707332
       0.789056      12.799753
       0.858981      11.949617
       0.692577      11.678176
       0.378587      12.007108
       0.290445      12.570422
       0.269413      12.979858
       0.272219      13.071903
       0.285861      12.882879
       0.241346      12.602232
       0.210810      12.339426
       0.363232      12.024169
       0.667599      11.454996
       1.076526      10.620497
       1.655403       9.616141
       2.405090       8.539410
       3.203655       7.239463
       3.901381       5.804070
       4.507498       4.369750
       5.108758       3.143372
       5.752600       2.447569
       6.435725       2.472562
       7.288749       3.076637
       8.629963       3.812227
      10.652459       4.324438
      13.192680       4.532375
      15.600341       4.397598
      17.634225       3.979015
      19.188081       3.463312
      20.819803       2.892986
      22.583738       2.361508
      23.986366       1.925483
      25.103416       1.617485
      25.806611       1.467355
      26.178557       1.458007
      26.486900       1.467710
      26.662836       1.418265
      26.813013       1.207120
      27.009489       0.927206
      27.473797       0.589707
      28.417672       0.250314
      29.628394      -0.171895
      30.989774      -0.561959
      32.344281      -0.825267
      33.604591      -0.969265
      34.621142      -1.028069
      35.383583      -1.024515
      35.894253      -0.932449
      36.241919      -0.809033
      36.517703      -0.701575
      36.745072      -0.563288
      36.959898      -0.423248
      37.078837      -0.278981
      37.167522      -0.124196
      37.171262       0.078076
      37.084284       0.294841
      36.883738       0.503209
      36.638716       0.722353
      36.430206       1.000332
      36.356212       1.300871
      36.351233       1.542820
      36.435408       1.750088
      36.538646       1.921584
      36.644517       2.096291
      36.764760       2.259188
      36.862629       2.443699
      36.996095       2.616881
      37.197317       2.775387
      37.556161       2.885859
      38.156336       2.976874
      39.140248       2.997085
      41.082569       3.032125
      43.919702       3.111109
      45.597129       3.026642
      46.473982       2.639040
      46.646464       2.466065
      46.323103       2.471738
      46.268345       2.571186
      46.434028       2.564531
      46.433120       2.572257
      46.323433       2.652861
      46.226205       2.740788
      46.365170       2.690871
      46.509428       2.505657
      46.530959       2.292286
      46.419772       2.205582
      46.248849       2.241054
      45.798758       2.310612
      44.200618       2.326492
      41.290712       2.374081
      37.444785       2.658947
      33.232092       3.158282
      28.416020       3.650183
      23.326642       4.185460
      18.923704       4.787191
      16.097248       5.489187
      14.634923       6.223821
      14.150209       6.770689
      14.003198       6.953403
      13.911354       6.765684
      14.104581       6.405559
      15.837766       5.961270
      20.418543       5.411635
      26.234809       4.778178
      30.306670       4.122023
      32.828748       3.471977
      34.616030       2.972555
      36.297685       2.653163
      37.469196       2.439043
      38.293909       2.342135
      39.082811       2.398564
      39.912087       2.543498
      40.864052       2.758761
      41.862374       2.950293
      42.873951       3.035040
      43.389174       3.016867
      43.298066       2.971762
      43.010968       3.095777
      42.864528       3.318867
      42.933003       3.573470
      43.058382       3.809351
      43.096194       3.951465
      43.065833       4.017037
      43.079583       3.993160
      43.196768       3.938276
      43.336111       3.931560
      43.449873       4.023996
      43.433140       4.155954
      43.373778       4.321337
      43.234808       4.485231
      43.065196       4.577539
      42.711561       4.846924
      41.470359       5.585840
      37.773411       6.830431
      31.761424       8.501974
      26.121091      10.464958
      21.885922      12.422505
      19.419992      13.876192
      18.550778      14.683385
      18.466170      15.184947
      18.521505      15.616014
      18.517585      16.215587
      18.452468      16.904004
      18.379228      17.524479
      18.477717      17.920319
      18.804081      18.100006
      18.892014      18.471159
      18.817857      19.369806
      18.793748      20.514124
      18.853898      21.666662
      18.920111      23.501303
      18.911849      26.446478
      18.589384      30.227377
      18.099428      34.351733
      17.548894      38.420274
      17.156260      41.817854
      16.832262      44.471907
      16.465793      46.468925
      16.139288      47.934372
      16.061373      48.868567
      16.031463      49.395729
      16.182651      49.839486
      16.438690      50.534779
      16.643125      51.487173
      16.884817      52.580809
      17.180805      53.664980
      17.511502      54.618865
      17.821107      55.340551
      18.076002      55.805266
      18.133880      56.006327
      17.951032      55.872531
      17.651584      54.497852
      17.120989      50.967010
      16.129220      45.603802
      15.066715      39.425919
      14.801412      33.068565
      15.124359      26.718634
      16.001815      20.464638
      17.236577      14.768740
      18.506096       9.842996
      19.837782       5.858453
      21.417819       2.760292
      23.041879       0.528999
      24.473062      -0.940010
      25.819737      -1.732316
      27.175007      -1.978639
      28.657172      -1.913409
      30.352766      -1.700460
      31.849977      -1.551638
      33.054519      -1.502481
      34.025674      -1.554757
      34.860414      -1.679671
      35.601646      -1.756334
      36.301680      -1.823051
      37.000146      -2.019260
      37.603138      -2.387735
      38.094895      -2.853136
      38.437597      -3.201277
      38.586054      -3.331059
      38.661991      -3.227534
      38.688669      -3.178075
      38.710957      -3.136056
      38.738268      -3.108591
      38.736134      -3.011882
      38.568542      -2.801821
      38.294480      -2.434271
      37.976510      -1.820810
      37.718862      -1.042160
      37.570242      -0.223535
      37.465937       0.545486
      37.475064       1.169336
      37.983591       1.735453
      39.474367       2.300070
      41.612465       2.753448
      43.186360       3.105578
      43.819118       3.850269
      43.415592       4.801360
      43.197254       5.666150
      43.236275       6.346933
      43.792225       7.134947
      44.042400       8.351892
      42.669266      10.142377
      39.127503      12.499437
      33.987182      14.903801
      27.795669      17.187527
      22.038076      19.516426
      17.856949      21.715329
      16.199124      23.559019
      16.463030      25.073740
      16.782184      26.451638
      16.602928      27.880057
      16.376699      29.922844
      16.238713      32.345785
      16.050646      34.400692
      15.820658      36.205047
      15.619408      38.238760
      15.537781      40.663112
      15.559943      43.529008
      15.632150      47.110257
      15.659547      52.131695
      15.569040      59.477894
      15.284714      68.535417
      14.612565      78.130331
      13.566716      87.886275
      12.428663      97.261787
      11.390135     105.999640
      10.495631     113.568077
       9.866473     119.949196
       9.409472     125.633409
       9.174051     129.665963
       9.346156     132.191139
       9.684505     134.102941
       9.963298     135.337353
      10.302187     135.358705
      11.375044     133.789721
      14.143194     130.899481
      19.004853     128.242418
      23.790502     125.148474
      27.467169     120.490948
      30.060191     113.164507
      31.372170     103.459281
      31.199002      92.141153
      29.012203      79.854871
      25.782091      68.159037
      22.814843      57.389539
      21.245004      49.862698
      21.506630      49.174356
      22.060039      54.387442
      23.042105      63.650296
      24.732425      74.663237
      26.829559      85.498776
      28.523227      94.522387
      29.574712     102.172646
      30.268659     108.859096
      30.330353     113.645304
      30.156591     115.356132
      29.802045     115.803289
      29.512879     116.337338
      29.443893     116.990142
      29.417354     117.239628
      29.515284     117.419299
      29.624555     117.598027
      29.796020     117.637428
      29.967577     117.270878
      29.915456     115.560671
      29.263075     110.601747
      28.126957     103.000535
      26.798445      94.423974
      25.534926      85.010858
      24.630466      73.369686
      22.995279      59.803315
      21.306817      45.773633
      20.350678      32.637233
      19.942033      21.723341
      19.590140      13.817739
      18.711479       8.595550
      17.796282       5.539534
      17.382609       3.949930
      17.313564       3.158672
      17.429097       2.751663
      17.611728       2.407882
      17.972237       1.893554
      18.485744       1.601064
      18.124156       3.050725
      16.693473       5.835395
      15.288493       8.546795
      14.253454      10.635757
      13.590883      11.572106
      13.415548      11.109526
      13.764205       9.143852
      14.475184       6.119663
      15.483106       2.712469
      16.621697      -0.615520
      17.633438      -3.296533
      18.539058      -5.410635
      19.296667      -7.062272
      20.209442      -8.138903
      22.200735      -8.511444
      24.799272      -8.255617
      27.137397      -7.567198
      28.919380      -6.539682
      30.260521      -5.293438
      31.135463      -3.732326
      31.390257      -1.706621
      31.260706       0.441558
      30.984599       2.452569
      30.837011       4.305405
      30.374865       6.168861
      29.026060       8.219574
      26.832062      10.404916
      24.647759      12.466997
      22.566775      14.071485
      20.610536      15.171136
      18.901260      15.771225
      17.824937      16.006485
      17.320489      15.988240
      17.122710      15.720187
      17.121078      15.354888
      17.193871      14.976346
      17.199640      14.678714
      17.148129      14.412635
      17.083130      14.131961
      17.028362      13.800228
      16.940647      13.422575
      16.780341      12.990591
      16.580004      12.535781
      16.404723      12.027147
      16.296896      11.493777
      16.226826      11.161316
      16.109710      11.079361
      15.942196      11.090299
      15.713033      10.985014
      15.434501      10.768283
      15.176385      10.565844
      14.922319      10.507857
      14.677945      10.549176
      14.454660      10.606543
      14.167574      10.599594
      13.789014      10.470970
      13.284063      10.335599
      12.556880      10.299731
      11.539361      10.345619
      10.295817      10.438048
       8.839613      10.550939
       7.316831      10.750940
       5.964337      11.238590
       4.907360      12.030757
       4.289739      12.976893
       4.026291      13.854178
       3.790133      14.757993
       3.518273      15.717442
       3.184862      16.780026
       2.790433      17.972535
       2.538427      19.318596
       2.445544      20.548495
       2.496462      21.601964
       2.655059      22.313955
       2.872141      22.860931
       3.444464      23.488352
       3.912886      24.539144
       4.209904      25.897578
       4.446226      27.206872
       4.634836      28.253142
       4.736087      29.115621
       4.721702      29.987037
       4.657750      30.826617
       4.580672      31.553077
       4.591064      32.243595
       4.569091      32.809387
       4.593102      33.244866
       4.678418      33.631851
       4.752982      34.038768
       4.806993      34.540503
       4.810904      35.051916
       4.810189      35.471277
       4.757201      35.815358
       4.670968      35.760165
       4.448353      34.582874
       4.049021      32.381377
       3.938998      30.834461
       3.774902      30.208646
       3.551806      30.008133
       3.520923      29.964386
       3.593292      30.092888
       3.684188      30.382066
       3.745842      30.774421
       3.824514      31.179145
       3.857082      31.559549
       3.879376      31.885552
       3.881617      32.205968
       3.931993      32.524997
       4.022236      32.816331
       4.110500      33.090422
       4.201287      33.311014
       4.341152      33.479564
       4.381589      33.618849
       4.421250      33.728424
       4.470350      33.809555
       4.571578      33.846262
       4.694855      33.853618
       4.807570      33.872772
       4.933522      33.935598
       5.073977      34.051144
       5.211969      34.175940
       5.371577      34.268352
       5.523763      34.302922
       5.663813      34.266859
       5.760551      34.194960
       5.869703      34.119203
       5.988812      34.052118
       6.141060      33.982446
       6.281623      33.899495
       6.404869      33.803761
       6.529660      33.704959
       6.632431      33.608220
       6.698602      33.530587
       6.740628      33.490109
       6.761183      33.481728
       6.789029      33.495636
       6.809385      33.530704
       6.852612      33.592510
       6.923487      33.659405
       7.037514      33.693715
       7.109418      33.694267
       7.145445      33.695095
       7.158627      33.697550
       7.194998      33.690595
       7.226922      33.688441
       7.241795      33.691622
       7.255212      33.688261
       7.275814      33.655942
       7.259760      33.611015
       7.273042      33.593219
       7.311464      33.602095
       7.374408      33.605388
       7.372204      33.605920
       7.365236      33.609036
       7.369602      33.614577
       7.369318      33.614063
       7.355914      33.622934
       7.331506      33.656863
       7.340596      33.675718
       7.353401      33.682265
       7.358782      33.693672
       7.377394      33.735056
       7.391053      33.799178
       7.425980      33.806845
       7.433223      33.772244
       7.422891      33.740496
       7.417874      33.724995
       7.409183      33.689062
       7.344980      33.614507
       7.245660      33.514994
       7.214260      33.384889
       7.226512      33.235676
       7.171742      33.116286
       7.150001      33.047265
       7.162223      33.034005
       7.172279      33.040208
       7.157410      33.010417
       7.116530      32.951681
       7.093028      32.869903
       7.052467      32.724154
       6.962897      32.400074
       6.772266      31.597288
       6.505157      29.841086
       6.214691      26.869267
       5.889478      22.877600
       5.678381      18.643449
       5.635755      14.737548
       5.684389      11.511696
       5.834127       8.938263
       6.009568       6.877130
       6.145016       5.041175
       6.273078       3.426568
       6.331152       1.989666
       6.345757       0.746323
       6.349046      -0.247512
       6.392086      -0.995527
       6.439041      -1.497373
       6.486105      -1.838345
       6.496699      -2.003535
       6.483274      -2.065549
       6.475526      -2.078653
       6.445827      -2.084321
       6.433177      -2.091598
       6.407872      -2.070783
       6.407654      -2.039604
       6.400161      -1.989460
       6.405840      -1.927380
       6.418249      -1.862099
       6.393167      -1.826002
       6.409468      -1.826982
       6.451947      -1.874557
       6.448848      -1.950696
       6.425332      -2.020675
       6.406189      -2.085565
       6.391392      -2.127686
       6.405163      -2.158332
       6.424207      -2.155400
       6.426493      -2.133234
       6.425893      -2.097729
       6.437750      -2.068261
       6.433718      -2.037919
       6.399099      -2.031206
       6.404834      -2.022888
       6.445177      -2.019858
       6.477738      -2.011719
       6.480239      -2.014695
       6.472285      -2.007598
       6.475475      -1.996851
       6.472499      -1.979431
       6.461613      -1.973886
       6.456541      -1.970184
       6.442052      -1.953143
       6.396076      -1.940675
       6.351279      -1.990107
       6.367779      -2.043627
       6.366217      -2.085001
       6.342133      -2.097475
       6.350931      -2.104077
       6.387263      -2.107360
       6.386032      -2.145890
       6.377532      -2.197218
       6.376118      -2.235863
       6.372296      -2.250800
       6.391488      -2.253321
       6.387640      -2.257536
       6.359941      -2.255330
       6.337099      -2.232998
       6.340564      -2.222840
       6.355364      -2.244546
       6.346894      -2.269166
       6.345310      -2.263450
       6.358515      -2.240675
       6.394458      -2.211879
       6.397651      -2.198298
       6.389434      -2.198003
       6.366600      -2.207636
       6.374826      -2.201373
       6.374069      -2.166347
       6.365879      -2.148676
       6.331829      -2.146594
       6.278278      -2.175734
       6.261117      -2.215451
       6.270087      -2.280447
       6.266397      -2.326680
       6.235341      -2.329331
       6.184172      -2.284345
       6.190325      -2.248948
       6.204329      -2.215492
       6.213918      -2.199980
       6.232236      -2.193974
       6.240844      -2.187854
       6.231707      -2.166957
       6.243702      -2.156590
       6.264863      -2.168557
       6.272054      -2.193810
       6.262322      -2.211497
       6.256220      -2.221416
       6.269074      -2.223430
       6.258615      -2.200500
       6.237651      -2.142482
       6.238507      -2.090132
       6.264096      -2.052357
       6.273433      -2.038850
       6.250314      -2.040775
       6.239381      -2.071465
       6.263716      -2.098524
       6.271999      -2.107081
       6.286835      -2.096696
       6.274527      -2.090540
       6.264246      -2.092801
       6.233209      -2.081485
       6.241574      -2.096053
       6.241926      -2.108257
       6.235632      -2.078171
       6.202463      -2.015361
       6.181306      -1.988050
       6.233908      -1.998271
       6.220005      -2.041237
       6.220805      -2.061259
       6.207250      -2.068873
       6.168190      -2.037520
       6.178876      -2.013830
       6.171784      -2.029677
       6.156423      -2.058441
       6.133148      -2.050011
       6.105415      -2.051079
       6.060097      -2.099750
       6.085995      -2.160204
       6.081689      -2.185527
       6.084504      -2.175300
       6.122569      -2.141213
       6.137297      -2.121616
       6.134103      -2.141140
       6.146616      -2.160529
       6.149540      -2.138676
       6.144543      -2.088909
       6.142528      -2.073075
       6.089764      -2.114302
       6.061608      -2.171251
       6.046682      -2.218562
       6.036837      -2.265413
       6.029601      -2.295965
       6.015576      -2.312281
       6.009482      -2.308215
       6.047804      -2.285112
       6.055268      -2.275641
       6.052287      -2.282895
       6.055700      -2.323840
       6.075652      -2.352768
       6.090829      -2.352094
       6.112842      -2.338490
