       8.037873       0.659575
       7.960476       0.854900
       8.082068       0.853814
       8.304503       0.709544
       8.570365       0.559597
       8.820649       0.417168
       9.068532       0.248274
       9.283680       0.015383
       9.477800      -0.155838
       9.655093      -0.185303
       9.856484       0.327461
       9.905951       1.846869
       9.685545       4.006315
       9.608554       6.407700
       9.818313       8.500211
      10.039964       9.679990
       9.860714       9.808787
       9.229435       9.243900
       8.216961       8.439668
       7.255193       7.746603
       6.455569       7.254947
       5.834572       7.030917
       5.415706       6.985759
       5.232894       6.994604
       5.133428       6.989354
       5.106150       6.920390
       5.083280       6.823952
       5.060292       6.729988
       5.049736       6.659467
       5.064493       6.635778
       4.917309       6.636425
       4.572286       6.679784
       4.226084       6.713205
       4.068120       6.702890
       3.991929       6.659510
       3.888550       6.719808
       3.826452       6.861098
       3.758382       7.048908
       3.683680       7.230558
       3.642795       7.370385
       3.594129       7.452432
       3.446695       7.530213
       2.566558       7.804347
       0.430508       8.236622
      -2.422212       8.673619
      -5.797232       9.061778
      -9.329452       9.606388
     -12.753599      10.119162
     -15.653713      10.507541
     -18.386879      10.502100
     -20.729788      10.147151
     -22.344775       9.530811
     -22.996148       8.941673
     -22.897395       8.839892
     -22.625499       9.221074
     -22.352007       9.860581
     -21.731034      10.754902
     -21.050203      11.899557
     -20.241375      13.138109
     -19.522378      14.437179
     -18.784109      15.842752
     -18.268113      17.284480
     -17.851694      18.606231
     -17.214153      19.650094
     -16.582132      20.360494
     -15.876355      20.777790
     -15.107195      20.921762
     -14.293253      20.880764
     -13.665150      20.667424
     -13.165071      20.342709
     -12.720119      19.897769
     -12.266879      19.294811
     -11.978802      18.466065
     -11.741789      17.382311
     -11.478852      16.114882
     -11.073939      14.863808
     -10.526927      13.626637
      -9.946304      12.363003
      -9.356336      11.065322
      -8.828754       9.891359
      -8.373234       9.075236
      -8.042380       8.922642
      -7.804575       9.494778
      -7.388868      10.371214
      -6.733517      11.147368
      -5.916674      11.647976
      -5.007733      11.920582
      -4.149559      12.136402
      -3.503871      12.440466
      -3.152627      12.883734
      -3.190088      13.856250
      -3.258498      15.644890
      -3.241003      17.871200
      -3.116414      20.321899
      -2.882323      22.920255
      -2.611833      25.650732
      -2.390717      28.480745
      -2.220393      31.241900
      -2.158851      33.571814
      -2.345677      35.374000
      -2.778450      36.579725
      -3.351045      37.413506
      -3.776376      37.950828
      -4.096957      38.405516
      -4.330042      38.931187
      -4.459487      39.457579
      -4.595990      39.950985
      -4.750716      40.405568
      -4.893485      40.901757
      -5.071966      41.534452
      -5.201357      42.251761
      -5.303037      43.001297
      -5.357090      43.721040
      -5.389368      44.299735
      -5.355887      44.813929
      -5.178657      45.380360
      -4.799431      46.293504
      -4.308928      47.706213
      -3.689296      49.943227
      -2.768265      53.497034
      -1.464973      58.356160
      -0.003647      63.474103
       1.407974      68.154724
       2.720529      71.991272
       4.072441      74.915535
       5.173728      76.965865
       5.821062      78.236219
       5.899653      79.362208
       5.433653      81.056931
       4.988943      83.748955
       4.692644      87.368720
       4.213914      91.089734
       3.594223      94.216385
       2.942652      96.904329
       1.900374      99.267349
       0.689462     101.115029
      -0.425663     102.290370
      -1.899546     103.022819
      -4.237582     103.302525
      -7.288907     103.022460
     -10.601875     102.450176
     -13.251411     102.073718
     -14.949324     102.059059
     -16.192727     102.502593
     -17.227755     103.159282
     -17.964028     103.685696
     -18.301619     103.949918
     -18.340322     103.740405
     -17.943730     103.054914
     -17.173582     102.278917
     -16.573520     101.780052
     -16.177010     101.696308
     -15.966793     101.663115
     -15.787931     101.474536
     -15.606642     101.017441
     -15.431889     100.412460
     -15.510699      99.845043
     -15.507363      99.289944
     -15.312195      98.719399
     -14.629674      98.141248
     -13.573935      97.567420
     -12.243671      96.811337
     -10.802134      95.711678
      -9.387874      94.089568
      -8.115804      92.185741
      -6.557613      90.106469
      -4.218974      87.886809
      -1.161461      85.671472
       1.858904      83.774727
       4.477218      82.327848
       6.917658      81.118508
       9.210218      79.933948
      11.584157      78.674128
      13.812274      77.366584
      15.798745      76.066601
      17.600795      74.698295
      18.704691      73.249348
      19.111038      71.777583
      19.056376      70.708586
      19.561712      70.090602
      20.165707      69.818405
      20.577023      69.916842
      20.391441      70.504722
      20.501469      71.255117
      20.888574      72.200255
      21.242313      73.449778
      21.373754      75.250864
      21.057795      78.477953
      20.090902      83.052371
      19.033633      88.548297
      18.672867      93.969677
      18.271871      98.598430
      17.350842     102.207276
      15.577496     105.057679
      13.089479     107.622129
      10.536364     110.347754
       8.499846     112.898304
       7.183059     115.274787
       6.448607     117.454609
       6.062578     119.415943
       5.972405     121.434920
       6.255853     123.214087
       6.467512     124.595123
       6.589983     125.126589
       6.423118     124.957467
       6.044614     124.507668
       5.790931     124.236248
       5.749881     124.044317
       5.945186     123.880539
       6.126258     123.865142
       6.155780     123.959912
       6.263415     124.005335
       6.256281     123.790703
       5.965138     122.726529
       4.894508     119.610049
       3.177168     114.323519
       1.479492     108.088928
       0.550407     101.599711
      -0.125283      95.181116
      -0.651047      88.991209
      -1.181806      83.062881
      -2.010085      78.138404
      -3.009458      74.983189
      -4.146229      72.333391
      -5.968659      68.556001
      -9.136491      63.164055
     -14.107908      56.700430
     -18.585381      50.111552
     -20.479285      44.704388
     -21.124205      40.521549
     -21.272475      37.267370
     -20.985469      34.165495
     -20.556424      30.968950
     -20.132375      27.564827
     -19.834988      24.301633
     -19.528559      21.413856
     -19.111816      19.275793
     -18.449471      17.804732
     -17.549925      16.809844
     -16.805801      15.966867
     -16.145847      15.163681
     -15.268603      14.348776
     -13.884447      13.479852
     -12.326561      12.487033
     -10.794669      11.430523
      -9.156724      10.501701
      -7.695145       9.894333
      -6.786786       9.491992
      -6.200675       9.272118
      -5.790512       9.159874
      -5.691127       9.057666
      -5.561020       8.850969
      -5.327774       8.503110
      -5.126594       7.941099
      -5.042157       7.249595
      -5.080684       6.563529
      -5.116617       5.862574
      -5.210361       4.752266
      -5.387690       3.042561
      -5.443583       1.090739
      -5.305070      -0.697019
      -5.128345      -2.211717
      -4.775778      -3.640104
      -4.412022      -5.201066
      -4.125126      -7.137366
      -3.912874      -9.495400
      -3.744531     -12.065225
      -3.644101     -14.663513
      -3.640767     -17.158840
      -3.627280     -19.504591
      -3.677318     -21.638136
      -3.748635     -23.623066
      -3.844282     -25.420587
      -4.006743     -26.913184
      -4.239448     -28.092394
      -4.437196     -28.975015
      -4.590541     -29.618675
      -4.710338     -29.993701
      -4.817332     -30.107046
      -4.867263     -29.947316
      -4.867830     -29.566457
      -4.829728     -29.075094
      -4.904643     -28.550761
      -4.957558     -28.216270
      -4.818475     -28.562151
      -3.965180     -30.568952
      -3.144977     -33.690568
      -2.551578     -37.356601
      -2.372235     -40.748474
      -2.492481     -43.640890
      -2.768434     -45.781705
      -2.933632     -47.349339
      -3.056574     -48.507219
      -3.077978     -49.485579
      -2.973962     -50.343431
      -2.719391     -51.616579
      -2.484979     -53.051630
      -2.357058     -54.136009
      -2.424987     -54.179363
      -2.483557     -53.285617
      -2.547202     -51.830424
      -2.341101     -49.457525
      -2.015445     -46.359040
      -1.417469     -43.347404
      -0.767780     -41.041241
       0.388908     -39.089293
       1.624081     -37.059086
       2.508918     -34.815472
       3.025035     -32.348619
       3.252841     -29.782102
       3.390700     -27.464459
       3.522367     -25.550806
       3.715296     -24.217840
       3.975360     -23.256608
       4.291708     -22.516920
       4.719643     -21.688887
       5.133666     -20.649965
       5.340566     -19.472436
       5.422101     -18.147119
       5.401318     -16.540916
       5.446164     -14.474254
       5.698872     -11.459339
       6.026147      -7.537329
       6.301174      -2.923681
       6.544528       1.923172
       6.822583       6.620552
       7.167355      10.884228
       7.465479      14.431369
       7.696419      16.988382
       7.804565      18.673334
       7.818823      19.986969
       7.768473      21.124237
       7.738154      22.251241
       7.568728      23.188659
       7.248520      23.856256
       6.844057      24.295234
       6.448542      24.695696
       6.023546      25.045746
       5.592360      25.190639
       5.121723      24.892978
       4.627219      23.963810
       4.140549      22.419738
       3.765607      20.428849
       3.527275      18.411231
       3.479761      16.459264
       3.588198      14.465340
       3.777084      12.017290
       3.941166       8.656154
       3.935394       3.448707
       3.476138      -4.383180
       2.641588     -13.960954
       2.057382     -24.249243
       1.421392     -34.175904
       0.652192     -43.026777
      -0.272575     -50.444564
      -1.276594     -56.478775
      -2.161811     -61.793611
      -3.011047     -66.871994
      -3.650555     -71.699851
      -3.937226     -76.172708
      -4.225493     -79.901105
      -4.519762     -82.702480
      -4.793375     -85.005292
      -4.831656     -86.883630
      -4.951489     -88.374056
      -4.912662     -89.963109
      -5.086824     -91.735747
      -5.256716     -93.763914
      -5.560887     -95.849180
      -6.035131     -97.760788
      -6.560831     -99.431371
      -7.113575    -100.821548
      -7.589393    -102.035143
      -8.156194    -103.096150
      -8.841819    -104.177013
      -9.906811    -105.197998
     -11.235511    -106.086960
     -12.335458    -107.053663
     -13.172975    -108.008796
     -13.697315    -109.028606
     -14.137280    -109.975939
     -14.500959    -110.876878
     -14.648604    -111.757855
     -14.696759    -112.618034
     -14.569793    -113.576480
     -14.000298    -114.878891
     -12.142980    -116.681186
     -10.094113    -118.203144
      -8.679614    -119.074650
      -7.825152    -119.539962
      -6.837602    -120.015096
      -5.900338    -120.224744
      -5.498665    -119.877807
      -5.327442    -119.462289
      -5.142817    -119.204546
      -5.200558    -118.624705
      -5.185441    -117.826307
      -5.033928    -116.708629
      -4.682239    -115.413746
      -4.239863    -113.881608
      -3.712286    -112.290884
      -3.108847    -110.961187
      -2.568580    -109.623718
      -1.917719    -107.818994
      -0.793369    -105.139277
       1.526518    -101.577136
       4.387308     -97.822103
       6.904775     -93.865688
       8.925040     -89.385016
      10.585952     -84.454943
