       7.076451      -0.508686
       6.933204      -0.387819
       6.715493      -0.122566
       6.525144       0.352290
       6.366245       0.959489
       6.233328       1.534325
       6.088707       2.069114
       6.009752       2.578708
       5.950276       3.021643
       5.914937       3.423096
       5.790977       3.800302
       5.761031       4.174158
       5.768179       4.520555
       5.704850       4.803034
       5.626975       5.059425
       5.365550       5.355102
       4.833399       5.854624
       3.689270       6.656574
       2.182704       7.712600
       0.515606       8.894842
      -0.883913      10.104264
      -2.379246      11.338664
      -4.249644      12.606924
      -5.726422      13.886905
      -7.187567      15.188572
      -8.500584      16.422183
      -9.995009      17.497953
     -12.044173      18.479852
     -14.217304      19.419026
     -15.883717      20.385085
     -17.490332      21.395873
     -19.027613      22.407722
     -20.582586      23.366511
     -21.892397      24.254047
     -23.482166      25.038677
     -25.428684      25.697729
     -26.948903      26.246738
     -27.578213      26.599462
     -27.992432      26.774852
     -28.761454      26.948650
     -29.935730      27.250296
     -30.978124      27.692819
     -31.505218      28.127040
     -31.890798      28.479710
     -32.471156      28.862361
     -33.370136      29.239303
     -34.259481      29.610277
     -35.358618      29.936465
     -36.968396      30.219380
     -38.873898      30.403271
     -40.822723      30.620230
     -43.472516      30.950393
     -46.349501      31.201429
     -48.821284      31.257668
     -50.940253      31.008369
     -52.300846      30.534078
     -52.824559      30.207558
     -52.860025      30.249962
     -53.096664      30.789609
     -53.163881      31.383596
     -52.964233      31.643219
     -52.692604      31.549689
     -52.541050      31.342916
     -52.358610      31.221452
     -52.244091      31.245389
     -51.911842      31.294414
     -51.317172      31.285703
     -50.261600      31.174511
     -48.867479      30.895511
     -47.414918      30.473329
     -45.960342      29.986570
     -44.833930      29.564422
     -43.668589      29.240583
     -42.600913      28.986920
     -41.479694      28.803868
     -40.440111      28.666686
     -39.427500      28.555623
     -38.398376      28.523953
     -37.295810      28.567212
     -36.256232      28.673591
     -35.295268      28.791179
     -34.254034      28.931683
     -33.341132      29.040923
     -32.569761      29.146951
     -31.977430      29.222658
     -31.503499      29.276257
     -30.713732      29.133165
     -29.712969      28.750290
     -28.559973      28.346349
     -27.423709      28.062672
     -26.675202      28.092373
     -26.365584      28.678195
     -26.272504      29.552476
     -25.999666      30.406159
     -25.625051      30.936194
     -25.288945      31.050681
     -25.000651      30.855130
     -24.909492      30.594563
     -25.121824      30.407295
     -25.242364      30.317397
     -25.369613      30.303370
     -25.554794      30.328602
     -25.624271      30.342391
     -25.619849      30.396637
     -25.575735      30.453600
     -25.414370      30.454095
     -25.257029      30.443274
     -25.103183      30.415050
     -25.017102      30.407740
     -24.994978      30.433533
     -25.053673      30.538068
     -25.152156      30.663117
     -25.241637      30.743122
     -25.331434      30.734416
     -25.271957      30.673407
     -24.979023      30.638662
     -24.404979      30.712574
     -23.649678      30.860878
     -22.863155      31.145553
     -22.185419      31.516542
     -21.694971      31.853496
     -21.427920      32.120671
     -21.312930      32.542467
     -20.935658      32.969502
     -20.313240      33.312080
     -19.689784      33.777266
     -18.680192      34.519329
     -17.135115      35.569372
     -15.185855      36.492874
     -13.293210      37.485433
     -11.636828      38.656930
     -10.181819      40.292851
      -8.987908      42.478594
      -8.169889      45.201573
      -7.400016      48.123568
      -6.581003      51.010597
      -5.693478      53.848726
      -4.711113      56.729771
      -3.681346      59.805219
      -2.846652      63.525713
      -2.423599      67.589065
      -2.526319      71.719104
      -2.552282      76.075261
      -2.773197      80.744182
      -2.875061      85.361477
      -2.995999      89.789800
      -3.298782      93.931229
      -3.595979      97.616631
      -3.559885     101.212548
      -3.575497     104.894929
      -3.395451     108.612767
      -3.329531     112.061332
      -3.324888     115.241448
      -3.722772     118.002171
      -4.336679     120.715042
      -5.087832     123.138191
      -5.723192     125.423110
      -6.354868     127.645188
      -6.801703     129.840874
      -7.075670     132.113067
      -7.259702     134.478039
      -7.344845     136.887259
      -7.226333     139.468893
      -6.913298     142.078455
      -6.401554     144.410254
      -5.424261     146.547499
      -4.159722     148.703105
      -2.618236     151.083017
      -1.038189     153.487982
       0.983427     155.550527
       3.572216     157.357164
       5.932963     158.989824
       6.975148     159.963686
       6.789969     160.223119
       6.717099     160.522739
       6.497804     161.332842
       5.356737     162.220172
       2.293087     162.709925
      -1.315363     162.584759
      -3.839677     161.769683
      -5.649415     160.518718
      -7.499195     159.415930
     -10.381952     159.024930
     -14.095044     159.141470
     -17.742991     159.439778
     -20.591280     160.732767
     -22.087576     163.025175
     -22.346708     164.444999
     -22.171850     165.915123
     -22.253395     168.526492
     -22.572880     171.688492
     -23.272887     174.367315
     -23.567451     176.730043
     -23.821810     179.512010
     -24.108732    -177.815724
     -24.516389    -175.533895
     -24.818501    -173.976422
     -25.042329    -172.825541
     -25.075908    -172.134483
     -25.363316    -171.592673
     -25.197825    -170.891027
     -24.458241    -170.387159
     -23.727929    -169.812982
     -23.155092    -168.932092
     -22.990271    -167.833239
     -23.035844    -167.600238
     -23.244653    -168.292209
     -23.481654    -168.662605
     -23.792336    -168.531757
     -24.196243    -168.548912
     -25.270253    -169.006211
     -27.100602    -170.193947
     -30.032571    -171.296142
     -32.821904    -171.715380
     -34.845299    -171.992114
     -36.779589    -172.209009
     -39.550006    -172.919106
     -42.533265    -174.109776
     -44.084754    -175.493640
     -44.687457    -175.870311
     -44.805424    -175.306294
     -44.926714    -174.565229
     -44.783058    -174.152246
     -44.253671    -174.129379
     -43.682539    -174.344215
     -43.479602    -174.624077
     -43.209066    -174.952043
     -42.476307    -175.380102
     -41.639835    -175.854186
     -40.777441    -176.301207
     -40.222619    -176.599273
     -39.953326    -176.843989
     -39.399198    -177.165893
     -38.743053    -177.484145
     -38.191443    -177.799405
     -37.815038    -178.133063
     -37.474216    -178.604427
     -37.279199    -179.261369
     -37.331755    -179.925984
     -37.528513     179.280000
     -37.702163     178.352542
     -37.706008     177.319647
     -37.394940     176.453698
     -36.949636     175.905535
     -36.715464     175.590858
     -36.794303     175.386494
     -36.973977     175.273014
     -37.238048     175.169696
     -37.461695     174.969742
     -37.648095     174.835513
     -37.819662     174.873048
     -38.003258     175.039352
     -38.196511     175.307946
     -38.126735     175.589925
     -37.957104     175.842082
     -37.686174     175.867086
     -37.481028     175.733693
     -37.236846     175.630064
     -36.969353     175.639214
     -36.692204     175.688037
     -36.404355     175.598707
     -36.133197     175.411886
     -35.970785     175.247408
     -35.753212     175.105000
     -35.505079     175.067892
     -35.230371     175.194233
     -34.989530     175.419269
     -34.717068     175.673738
     -34.264637     176.011165
     -33.452081     176.381542
     -32.559685     176.788211
     -31.622163     177.256914
     -30.493670     178.053310
     -29.015676     179.417940
     -27.507772    -179.203609
     -26.162257    -178.186179
     -24.800365    -177.626320
     -23.502694    -177.668595
     -22.647040    -177.917644
     -22.188636    -178.240578
     -22.036903    -178.518710
     -22.597100    -178.831794
     -23.500635    -179.304421
     -24.699244     179.959031
     -26.872247     178.963517
     -31.365312     177.456596
     -37.233363     175.728603
     -41.485192     174.014501
     -43.626362     172.496332
     -44.835436     172.065397
     -45.744870     172.153911
     -46.068687     172.201821
     -46.211411     171.868590
     -46.344557     171.550825
     -46.227862     171.280269
     -45.840082     171.197777
     -45.496069     171.253614
     -45.307325     171.439812
     -45.325417     171.519098
     -45.428935     171.521857
     -45.526158     171.398431
     -45.664719     171.250641
     -45.777985     171.297715
     -45.703978     171.366296
     -45.532865     171.394331
     -45.404319     171.301970
     -45.319540     171.160806
     -45.070540     171.031104
     -44.813365     170.981096
     -44.559469     171.007518
     -44.365431     171.107573
     -44.315559     171.059760
     -44.519948     170.731270
     -45.138048     169.904799
     -46.239897     168.249642
     -47.668285     165.593880
     -48.742668     162.508562
     -49.686582     159.590521
     -50.293054     157.231746
     -50.807059     154.985354
     -50.770378     152.646561
     -50.484727     150.849190
     -50.628291     150.200943
     -51.015813     150.497687
     -51.222888     151.299621
     -51.044752     152.032798
     -50.902718     152.516597
     -50.841480     152.875074
     -50.654388     153.093290
     -50.114602     153.149311
     -49.824002     152.551111
     -49.918583     151.656903
     -49.917767     150.813928
     -49.782601     149.519784
     -49.747489     147.025217
     -49.971466     143.110534
     -50.513073     138.398755
     -51.217258     133.512327
     -52.013873     128.638129
     -52.752267     124.150871
     -53.529119     120.375225
     -54.202351     117.346502
     -54.705801     114.960256
     -54.679728     113.445437
     -53.599609     113.570729
     -52.795626     114.323053
     -52.611783     115.168505
     -52.812883     115.719049
     -53.373777     115.585860
     -53.670692     114.843201
     -53.537002     113.903639
     -53.077911     113.685442
     -52.658541     114.208680
     -52.445585     114.973612
     -52.410673     115.763617
     -52.566331     116.559314
     -52.684701     117.268410
     -52.672719     118.033906
     -52.778340     118.666670
     -52.986997     119.018891
     -53.185951     119.051356
     -53.237610     119.057359
     -53.241501     119.202671
     -53.170642     119.594730
     -53.007047     120.102542
     -52.790171     120.646655
     -52.555043     121.107411
     -52.293138     121.195897
     -51.607064     120.329724
     -49.893622     117.094568
     -47.182816     111.848876
     -44.089892     106.464069
     -41.187170     101.530567
     -38.787915      97.032662
     -36.884940      92.372736
     -35.553603      87.697764
     -34.759745      83.205901
     -34.503206      78.691881
     -34.743831      74.237403
     -34.983092      69.738274
     -34.644793      65.387561
     -33.894604      61.352186
     -33.423398      57.591077
     -33.174980      53.760308
     -33.074819      49.793252
     -32.874192      45.605784
     -32.362796      41.280328
     -31.684044      37.150287
     -30.856189      33.316067
     -29.929831      29.795816
     -28.817155      26.778540
     -27.233435      24.500205
     -24.797841      22.970717
     -21.332234      22.143070
     -17.013206      21.735860
     -12.511332      21.431895
      -8.442211      20.900865
      -4.878875      19.831112
      -2.088049      18.314891
       0.333367      16.441435
       2.391512      14.344801
       4.286236      12.059886
       5.930373       9.734645
       7.464541       7.692808
       8.648054       6.209813
       9.581124       5.443330
      10.231850       5.025364
      10.634001       4.814358
      10.751577       4.450987
      10.249719       3.347452
       9.198104       0.996170
       8.350900      -2.889609
       7.897871      -7.484940
       7.630571     -12.432849
       7.169214     -16.816013
       7.066086     -20.445050
       7.285970     -23.505249
       7.414855     -26.411002
       7.288841     -29.138597
       7.160107     -31.694358
       6.994833     -33.926510
       6.766236     -35.853415
       6.491549     -37.457707
       6.238598     -38.601337
       6.011283     -39.310341
       5.809077     -39.524883
       5.575905     -39.470154
       5.360700     -39.484708
       4.926018     -39.811034
       4.635135     -40.120271
       4.398629     -40.140107
       4.154102     -40.312027
       3.806346     -40.847159
       3.414075     -41.381786
       3.009577     -41.662114
       2.596374     -41.813187
       2.238240     -41.931271
       2.047147     -42.210496
       1.883845     -42.406744
       1.585979     -42.520583
       1.174059     -42.460963
       0.908144     -42.347804
       0.671367     -42.352312
       0.424383     -42.589252
       0.178777     -42.899339
       0.007780     -42.966934
      -0.361209     -42.727089
      -1.038864     -42.346192
      -2.212398     -41.855404
      -3.607864     -41.334061
      -4.939098     -40.941720
      -6.201700     -40.701033
      -7.558466     -40.562178
      -8.849906     -40.110963
      -9.996402     -39.457038
     -10.729166     -38.865598
     -11.254012     -38.306635
     -11.557813     -37.591739
     -11.415751     -36.407512
     -10.920812     -34.676335
     -10.194092     -32.772904
      -9.471046     -31.020432
      -8.576670     -29.534287
      -7.447344     -28.198176
      -6.320034     -26.586899
      -5.450061     -24.710964
      -4.968852     -22.693682
      -4.938927     -20.465493
      -5.128438     -18.091213
      -5.299246     -15.840737
      -5.577277     -13.769378
      -6.808667     -11.567693
      -9.254954      -8.643519
     -11.458693      -5.350949
     -13.290234      -2.155746
     -14.891600       0.394818
     -16.908236       2.366930
     -19.452018       4.045899
     -22.136868       5.770695
     -24.040665       7.472669
     -25.911248       9.199035
     -27.714615      10.882563
     -28.865370      12.526042
     -29.461315      14.336651
     -29.678713      16.298398
     -29.468222      18.161847
     -29.049468      20.222346
     -28.879613      22.547612
     -29.040485      25.580786
     -29.605464      29.368983
     -29.899166      33.616498
     -29.779312      38.286216
     -29.094733      42.952737
     -28.310701      47.421276
     -27.598292      51.602940
     -27.126954      55.556800
     -26.854036      59.089566
     -26.705352      62.233226
     -26.630382      65.220028
     -26.615153      68.012146
     -26.438245      70.516350
     -26.400057      72.706853
     -26.420398      74.662057
     -26.501960      76.486850
     -26.616775      78.277596
     -26.591173      80.440341
     -26.516572      83.078501
     -26.514955      85.877672
     -26.543325      88.664341
     -26.635618      91.042621
     -26.703786      92.330315
     -26.704029      92.390377
     -26.704893      91.287221
     -26.313211      88.294605
     -25.483211      83.334301
     -24.423928      77.399602
     -22.876252      70.824533
     -20.471203      64.252334
     -17.897071      58.035538
     -15.473090      52.527965
     -13.208515      47.968779
     -11.018487      43.806776
      -8.981478      39.961573
      -7.090008      36.347974
      -5.453267      33.126201
      -4.315909      30.279165
      -3.550312      27.681641
      -2.854498      25.261415
      -2.059383      23.111104
      -1.243366      20.941656
      -0.635659      18.823002
      -0.580564      16.577966
      -1.718714      14.432610
      -3.667466      12.627075
      -5.194867      10.911573
      -6.677228       8.667662
      -7.418643       5.557404
      -7.935944       1.922057
      -8.290557      -1.676533
      -8.591444      -4.950931
      -9.054810      -7.994516
      -9.539569     -10.928037
      -9.929277     -13.846230
     -10.301595     -16.802144
     -10.666292     -19.671604
     -10.857788     -22.422541
     -11.041454     -25.024227
     -11.222257     -27.370660
     -11.469322     -29.340499
     -11.563526     -30.648636
     -11.677105     -31.500369
     -11.481406     -32.005885
     -11.054940     -32.105561
     -10.375766     -32.028745
      -9.567671     -31.872157
      -8.583008     -31.615798
      -7.059688     -31.367442
      -4.569607     -31.180053
      -1.625033     -31.202699
       1.421175     -31.524858
       4.515136     -32.192120
       7.657583     -33.185853
      10.883922     -34.174738
      14.205716     -34.673766
      16.703492     -34.613895
      19.012116     -34.103825
      21.267329     -33.168037
      23.289231     -32.099827
      25.535179     -31.141971
      28.099447     -30.174280
      31.155316     -29.010569
      34.553904     -27.689905
      37.176522     -26.620524
      39.504794     -25.731342
