      15.894876      -1.493173
      16.850275      -1.716049
      17.528406      -1.804823
      17.911789      -1.738775
      18.126093      -1.577413
      18.268091      -1.369873
      18.512695      -1.228186
      18.867698      -1.131875
      19.060734      -1.071148
      19.034412      -0.962220
      18.676331      -0.729453
      17.702658      -0.362721
      16.033760       0.106880
      14.026365       0.643834
      12.169891       1.164712
      10.579689       1.599278
       8.934325       1.882362
       6.844696       2.016463
       4.331939       2.032999
       1.965330       1.996255
      -0.044463       1.970646
      -1.891241       1.946647
      -3.622156       1.906744
      -5.093652       1.765159
      -6.316153       1.444396
      -7.370674       0.923152
      -8.406641       0.235684
      -9.189546      -0.584567
      -9.600811      -1.467670
      -9.706143      -2.300346
      -9.753336      -2.938130
      -9.871322      -3.349329
     -10.028712      -3.582768
     -10.234460      -3.764919
     -10.453196      -3.965341
     -10.704209      -4.256973
     -10.935305      -4.624990
     -10.985599      -5.054681
     -10.866353      -5.591921
     -10.791890      -6.539688
     -10.805103      -8.409810
     -10.824759     -11.279048
     -10.669401     -14.645014
     -10.284740     -18.116122
      -9.732936     -21.546980
      -9.073627     -24.891759
      -8.352237     -28.017242
      -7.628656     -30.732077
      -7.063294     -32.825501
      -6.492363     -34.377397
      -5.981262     -35.395106
      -5.408728     -36.050763
      -4.822379     -36.347986
      -4.284413     -36.347846
      -3.748978     -36.127609
      -3.252618     -35.760172
      -2.775151     -35.315733
      -2.150494     -34.873724
      -1.407986     -34.482343
      -0.555396     -34.238061
       0.173743     -34.079237
       0.841786     -33.936071
       1.425852     -33.735403
       1.935589     -33.454949
       2.557923     -33.147232
       3.259330     -32.892965
       3.863434     -32.726893
       4.314016     -32.640324
       4.515968     -32.565222
       4.638590     -32.377224
       4.632175     -31.757623
       4.450243     -30.463931
       4.297642     -28.370359
       4.083998     -25.654123
       3.760475     -22.113192
       3.301501     -17.256555
       2.907070     -10.967776
       2.666394      -3.493854
       2.554083       4.826602
       2.326899      13.494079
       1.722700      22.377111
       1.227044      30.949835
       0.944969      38.926213
       0.936697      46.072558
       0.858996      52.164927
       0.554455      56.838719
       0.126981      59.693478
       0.085923      60.592567
       0.317633      60.280639
       0.580070      60.164328
       0.564247      61.088299
       0.260294      62.320803
      -0.005448      62.792852
      -0.061668      62.527012
      -0.020675      61.794763
      -0.099680      60.670789
      -0.339026      59.230633
      -0.957430      57.414543
      -2.093138      55.172265
      -3.935740      52.485597
      -5.793257      49.396219
      -6.511868      45.859432
      -6.659332      42.028547
      -6.942508      38.118029
      -7.514959      34.051127
      -8.548994      29.883577
     -10.240365      25.904186
     -12.607966      22.266227
     -14.716456      19.400073
     -16.292545      17.090164
     -17.265265      15.359524
     -17.668450      14.129943
     -17.796796      13.047299
     -17.850616      11.871835
     -17.854564      10.378978
     -17.768541       8.430552
     -17.463781       5.338301
     -16.854323       0.966465
     -15.971192      -4.094754
     -14.919585      -9.166507
     -13.840782     -13.677773
     -12.874769     -17.321344
     -11.950303     -20.165000
     -10.987070     -22.334716
      -9.978152     -24.165853
      -8.997287     -25.736505
      -8.455556     -27.181431
      -8.100272     -28.502160
      -7.879992     -29.665732
      -7.599331     -30.642103
      -7.270528     -31.451301
      -6.936001     -32.206849
      -6.517139     -32.832801
      -5.974114     -33.252161
      -5.376170     -33.444892
      -4.644594     -33.376039
      -4.038509     -33.016178
      -3.478250     -32.261705
      -2.901091     -31.071008
      -2.221295     -29.544499
      -1.256782     -27.796157
       0.253294     -25.862261
       2.265910     -23.547913
       4.189781     -20.666856
       5.890355     -17.191859
       7.117297     -13.250051
       8.015860      -9.013858
       8.637495      -4.441620
       9.086751       0.504548
       9.816520       5.428263
      10.794342      10.137503
      11.754420      14.597925
      12.521857      18.947466
      13.146071      23.059049
      13.592011      26.995268
      13.865600      30.939404
      13.955906      35.296764
      13.876161      40.543996
      13.750760      46.571598
      13.569507      52.902976
      13.404172      59.342874
      13.368534      65.819671
      13.566932      72.477970
      13.778609      79.189507
      13.801771      85.543052
      13.690401      91.266870
      13.442858      96.133423
      13.099030      99.927623
      12.644658     102.807789
      12.101583     105.388248
      11.573223     108.361776
      11.125793     111.601838
      10.785143     114.645501
      10.716914     117.456882
      10.991018     120.016980
      11.347534     122.382098
      11.755075     124.448946
      12.076986     126.000124
      12.321939     127.186355
      12.428421     128.308386
      12.422873     129.489196
      12.161770     130.796309
      11.630512     132.158189
      10.958243     133.334045
      10.272271     134.283049
       9.775837     135.123800
       9.195110     135.769871
       8.734324     136.240837
       8.245658     136.541837
       7.712389     136.768592
       6.962376     137.051300
       6.017291     137.570933
       5.007571     138.043871
       4.132985     138.312941
       3.359179     138.425391
       2.619196     138.399580
       1.938793     138.238823
       1.236639     137.968782
       0.612500     137.685608
       0.075782     137.385589
      -0.342707     137.084823
      -0.608955     136.772225
      -0.713446     136.493937
      -0.764782     136.228345
      -0.788736     135.877697
      -0.823033     135.327144
      -0.695089     134.640477
      -0.638500     134.015116
      -0.577892     133.539478
      -0.514034     133.062382
      -0.461110     132.501765
      -0.379339     131.668921
      -0.178033     130.652220
       0.087460     129.522068
       0.442636     128.364173
       0.766813     127.066746
       1.020877     125.473992
       1.190973     123.534583
       1.353596     121.245380
       1.516648     118.458595
       1.906260     115.237815
       2.286917     111.918117
       2.618919     108.651138
       2.781922     105.289320
       2.826071     101.860543
       2.785011      98.384391
       2.664835      94.859756
       2.558807      91.307581
       2.531362      88.037037
       2.531162      85.114031
       2.508046      82.543850
       2.441612      80.046971
       2.329738      77.328840
       2.234911      74.473638
       2.274275      71.487429
       2.350179      68.513197
       2.404249      65.499005
       2.391010      62.562721
       2.197032      59.592272
       1.682281      56.426537
       0.861087      52.877918
      -0.077091      49.239673
      -0.918869      45.662043
      -1.562384      42.339528
      -2.042262      39.250371
      -2.305127      36.126394
      -2.352222      32.693868
      -2.274719      28.893716
      -2.114078      24.750170
      -2.001509      20.432293
      -1.961352      15.949849
      -2.092211      11.436968
      -2.524602       7.199906
      -2.972994       3.494009
      -3.063568       0.928111
      -3.155005      -0.592822
      -3.166820      -1.162672
      -3.187661      -1.078883
      -3.187809      -0.651301
      -3.306261      -0.112286
      -3.657657       0.450451
      -4.060731       1.167078
      -4.147603       2.363802
      -3.775664       4.693153
      -3.015877       7.739148
      -1.875761      11.080587
      -0.411812      14.685066
       1.224838      18.946701
       2.827404      23.374160
       4.142749      27.447527
       5.208654      30.816862
       6.175763      33.466370
       7.149866      35.580239
       8.206262      37.228708
       9.487719      38.386868
      11.205788      39.069709
      13.465925      39.264112
      16.747610      39.049004
      20.067097      38.938145
      22.901509      39.025897
      24.894353      39.127180
      26.020850      39.047743
      26.612022      38.713160
      26.757825      38.227363
      26.794428      37.781952
      26.907623      37.456209
      27.048093      37.232645
      27.153546      37.022384
      26.943898      36.295943
      26.073398      34.306966
      24.663139      31.183229
      23.674164      27.226492
      23.049638      22.683470
      22.525821      17.760266
      21.890607      12.789788
      21.174092       7.991929
      20.592215       3.320727
      20.218152      -0.797117
      19.924773      -4.360240
      19.714313      -7.366392
      19.536494      -9.800352
      19.321658     -12.018984
      18.608005     -14.457729
      16.724762     -17.909818
      13.536513     -21.610575
      10.501006     -25.073036
       8.307129     -28.485655
       6.779666     -31.725285
       5.185880     -34.678742
       3.562214     -37.124841
       2.437668     -38.924479
       1.647220     -40.081609
       1.014061     -40.606865
       0.506976     -40.720689
       0.076983     -40.567980
      -0.360561     -40.303974
      -1.032184     -39.901630
      -2.334039     -39.113318
      -5.011032     -37.280671
      -8.852554     -34.364252
     -12.250701     -31.052772
     -14.401135     -28.089723
     -15.695703     -25.843828
     -17.022564     -24.212531
     -18.416394     -23.022315
     -19.801106     -22.038639
     -20.950129     -21.020250
     -22.028889     -19.723546
     -23.031301     -18.087190
     -23.766057     -16.361720
     -24.313650     -14.712272
     -24.736830     -13.345960
     -25.027809     -12.337770
     -25.173386     -11.601628
     -25.185558     -11.111217
     -25.126805     -10.803212
     -25.012068     -10.580363
     -24.884000     -10.320089
     -24.706104      -9.936000
     -24.401999      -9.364427
     -24.109606      -8.584293
     -23.773345      -7.638285
     -23.440388      -6.711503
     -23.137019      -5.892583
     -22.869149      -5.243774
     -22.617587      -4.869546
     -22.465103      -4.760154
     -22.327671      -4.790117
     -22.181691      -4.801425
     -22.025139      -4.778987
     -21.875125      -4.689062
     -21.708767      -4.494115
     -21.512177      -4.132287
     -21.333441      -3.592946
     -21.172508      -2.990182
     -21.001075      -2.471679
     -20.835421      -2.013071
     -20.694409      -1.587206
     -20.575099      -1.234628
     -20.480479      -0.953568
     -20.374779      -0.656583
     -20.237322      -0.298554
     -20.079765       0.138996
     -19.927433       0.565709
     -19.841833       0.917853
     -19.790329       1.123770
     -19.725436       1.193627
     -19.670759       1.163812
     -19.613256       1.143766
     -19.522648       1.162117
     -19.394932       1.184056
     -19.274630       1.178802
     -19.200494       1.198893
     -19.136644       1.243310
     -19.091136       1.264922
     -19.044593       1.211904
