       7.157918      22.365051
       7.194951      22.517705
       7.193525      22.690916
       7.197640      22.888349
       7.216076      23.085245
       7.207813      23.300657
       7.186619      23.548273
       7.194325      23.824013
       7.218955      24.107848
       7.252190      24.401508
       7.272465      24.694550
       7.326709      24.997927
       7.378292      25.321256
       7.386156      25.632718
       7.389052      25.873942
       7.385038      25.954631
       7.366814      25.839318
       7.366588      25.597157
       7.344440      25.314082
       7.281805      25.091553
       7.238877      24.906240
       7.220240      24.756724
       7.203309      24.626913
       7.171656      24.536220
       7.140463      24.483218
       7.147200      24.476656
       7.141113      24.451176
       7.112025      24.431039
       7.066340      24.407410
       7.012249      24.407601
       6.965367      24.414654
       6.910312      24.379066
       6.819568      24.309674
       6.722421      24.239536
       6.659672      24.157215
       6.628534      24.103865
       6.575122      24.064035
       6.475659      23.984033
       6.385060      23.856441
       6.332351      23.716238
       6.296206      23.551461
       6.268239      23.393406
       6.239129      23.235305
       6.201111      23.069445
       6.163306      22.864086
       6.093527      22.588241
       6.026052      22.319385
       6.013285      21.963671
       6.030944      21.349260
       6.035203      20.539759
       6.038640      19.627651
       6.044013      18.474665
       6.193685      16.567563
       6.416525      13.705354
       6.380840      10.374861
       6.336539       6.868909
       6.331662       3.414169
       6.359729       0.149612
       6.318995      -2.672891
       6.207712      -4.770179
       6.107603      -6.133038
       5.960668      -6.872534
       5.784150      -7.199141
       5.612410      -7.326224
       5.490820      -7.423601
       5.379715      -7.486095
       5.332634      -7.446684
       5.398622      -7.279795
       5.497942      -7.023420
       5.618084      -6.689635
       5.700748      -6.290601
       5.806035      -5.814300
       5.960138      -5.311168
       6.121259      -4.853910
       6.265035      -4.465995
       6.386768      -4.143503
       6.491939      -3.863135
       6.540083      -3.550684
       6.529016      -3.168142
       6.467407      -2.708018
       6.410414      -2.198788
       6.388342      -1.678465
       6.389949      -1.178420
       6.360316      -0.705309
       6.363335      -0.292234
       6.347743       0.068123
       6.333223       0.366325
       6.264527       0.665737
       6.195494       0.985343
       6.132321       1.329641
       6.120449       1.723956
       6.129634       2.222445
       6.103149       2.893654
       6.006052       3.727099
       5.946046       4.578543
       5.891821       5.464769
       5.792053       6.553386
       5.636591       7.970736
       5.336382      10.652693
       5.099267      14.844663
       5.036594      20.842075
       5.088424      28.406139
       5.119971      37.057168
       5.178623      47.115497
       5.446029      58.263303
       5.782498      69.219252
       6.025912      79.269721
       6.126645      87.407790
       6.099027      93.650182
       5.989018      98.209305
       5.868784     102.140269
       5.532588     105.801328
       5.240767     109.112293
       5.060766     112.003047
       4.887322     114.593968
       4.433142     116.593478
       4.025957     118.434455
       3.800337     120.598454
       3.764668     123.229999
       4.083709     126.098634
       4.529804     129.030975
       5.109142     132.067518
       5.755704     135.463675
       6.334262     139.300257
       6.699799     143.190733
       7.615030     146.582878
       8.654803     149.809573
       9.378900     153.122977
       9.907268     156.990556
      10.061247     161.023353
      10.290182     164.592148
      10.930239     166.599225
      12.138945     168.213952
      12.124186     169.145627
      12.239847     169.259009
      13.024226     169.240358
      13.573670     169.062105
      13.741356     168.810550
      13.982478     168.316630
      14.252737     167.313344
      14.058054     164.735877
      13.821522     160.445134
      14.955162     155.785956
      19.237141     154.119745
      25.106559     155.439242
      30.020611     157.330966
      33.048902     157.521730
      34.487151     156.426034
      35.083985     156.022765
      35.479271     155.986765
      35.413937     155.511787
      34.976543     154.935229
      34.495532     155.136514
      34.125238     155.822568
      34.230703     156.533064
      34.172968     156.701874
      34.379976     156.274631
      34.922627     155.624072
      35.615003     155.846980
      36.271292     156.944055
      36.681093     157.345974
      37.443906     157.473976
      37.930749     157.513930
      37.684948     156.311846
      36.710252     152.684786
      34.766527     145.655274
      31.783992     135.253822
      27.938980     122.070258
      22.675672     107.768073
      16.316984      93.571722
      11.091276      80.415459
       8.108813      68.328202
       7.145142      58.715988
       6.979208      51.340389
       6.629649      46.363183
       6.400095      43.467465
       6.194699      41.901055
       6.154293      41.019374
       6.218463      40.455170
       6.359185      40.009376
       6.815980      39.641830
       7.377667      39.423179
       7.984993      39.271368
       8.832421      39.063327
       9.952962      38.744187
      11.302380      38.349600
      12.681019      38.041363
      13.862383      37.911584
      14.622318      37.827934
      14.843901      37.799707
      14.728636      37.892517
      14.430356      38.042699
      14.157793      38.221010
      14.020776      38.317434
      14.004922      38.324079
      14.080903      38.248328
      14.075449      38.161936
      13.907750      38.097508
      13.552820      38.035035
      13.151702      37.984376
      12.849694      37.968841
      12.588699      37.990224
      12.332217      37.973703
      12.173488      37.950408
      12.141732      37.929096
      12.219421      37.835817
      12.280785      37.674595
      12.242856      37.542350
      12.165368      37.472336
      12.099950      37.472118
      12.016424      37.543050
      11.948839      37.710253
      11.921660      37.955027
      11.912461      38.172913
      11.883300      38.299517
      11.843421      38.237155
      11.774538      37.986151
      11.682991      37.621899
      11.592563      37.246329
      11.510818      37.017102
      11.422682      36.973637
      11.345213      37.085188
      11.308793      37.209511
      11.257824      37.367366
      11.179537      37.570749
      11.109964      37.808683
      11.076163      38.012955
      11.074327      38.123972
      11.061422      38.102091
      11.049415      38.002318
      11.070465      37.904866
      11.103670      37.848739
      11.119814      37.818309
      11.084876      37.797373
      11.050537      37.795285
      11.036805      37.792137
      11.003090      37.760936
      10.950706      37.719046
      10.941024      37.703140
      10.936010      37.707118
      10.971955      37.713514
      10.963455      37.728892
      10.925591      37.770315
      10.901006      37.830726
      10.904872      37.891444
      10.897696      37.944053
      10.868379      37.980284
      10.842052      37.996929
      10.828746      38.001543
      10.804943      37.993276
      10.776785      37.978674
      10.749368      37.983448
      10.736959      38.007260
      10.768368      38.012493
      10.777600      37.997390
      10.735995      37.980502
      10.697917      37.990093
      10.677071      38.012270
      10.657448      38.037310
      10.602327      38.044996
      10.549420      38.051007
      10.527960      38.061700
      10.516190      38.053996
      10.487547      38.053899
      10.479806      38.096576
      10.467079      38.128192
      10.488000      38.106212
      10.486633      38.054560
      10.437559      38.017440
      10.410348      38.003020
      10.385121      37.990435
      10.354324      37.974506
      10.276857      37.970633
      10.202552      37.977345
      10.163559      38.008962
      10.159491      38.024944
      10.133262      38.005667
      10.112543      38.007991
      10.086555      38.045123
      10.100787      38.080496
      10.097399      38.083695
      10.071781      38.074054
      10.041528      38.072390
      10.017503      38.067793
       9.974327      38.051502
       9.907562      38.036628
       9.847779      38.017763
       9.813033      37.986166
       9.819039      37.940748
       9.801426      37.936996
       9.773254      37.966840
       9.745610      37.997067
       9.743715      38.008374
       9.740378      37.991530
       9.719334      37.971446
       9.690462      37.950333
       9.673097      37.908667
       9.641592      37.847068
       9.589521      37.763673
       9.507294      37.658093
       9.414733      37.494436
       9.303917      37.156792
       9.199564      36.652663
       9.030288      36.047689
       8.788756      35.374078
       8.473178      34.650316
       8.043132      33.761918
       7.072505      32.352232
       5.216650      30.281773
       3.200650      28.102359
       1.206258      25.949845
      -0.988996      23.955510
      -3.464553      22.172921
      -6.055377      20.608035
      -8.328685      19.326541
     -10.001696      18.273297
     -11.213126      17.448994
     -12.011820      16.783703
     -12.464239      16.256914
     -12.543976      16.543659
     -12.605350      16.739292
     -12.486702      16.572279
     -12.279956      16.266771
     -12.236624      16.000720
     -12.275517      15.757124
     -12.251345      15.491630
     -12.198808      15.243598
     -12.048399      15.036276
     -11.691716      14.855670
     -10.538165      14.697382
      -8.162973      14.780056
      -6.067689      14.991765
      -4.668317      15.177436
      -3.539647      15.262843
      -2.690728      15.242498
      -1.909851      15.152927
      -0.748734      15.129168
       1.015216      15.135088
       2.690113      15.200356
       4.012155      15.452125
       4.929541      15.924112
       5.427698      16.581279
       5.592768      17.313394
       5.698914      18.039551
       5.814592      18.652928
       5.900155      19.103228
       5.950914      19.399777
       5.935737      19.569931
       5.904210      19.617216
       5.764097      19.570522
       5.454907      19.471155
       5.176058      19.349908
       5.034034      19.218006
       5.250878      19.079969
       5.548356      19.063634
       5.596245      19.141048
       5.319022      19.292524
       4.998486      19.340338
       4.797534      19.239671
       4.649097      19.069236
       4.441795      18.869921
       4.201062      18.683425
       3.801072      18.436513
       3.728168      18.241270
       3.706600      18.164900
       3.607115      18.186725
       3.295375      18.214680
       3.084107      18.202135
       2.998446      18.046978
       2.954609      17.792631
       2.954874      17.475128
       2.845279      17.169254
       2.745457      16.922128
       2.592029      16.647958
       2.427509      15.617822
       2.227546      12.567337
       1.631201       7.502564
       0.545742       1.293940
      -0.632586      -5.130648
      -1.436922     -11.247567
      -1.892639     -16.648709
      -2.397269     -21.370633
      -3.022859     -25.374584
      -3.765072     -28.603914
      -4.337417     -30.982756
      -4.863946     -33.454281
      -5.172939     -36.507591
      -5.217034     -40.326423
      -5.346923     -43.918770
      -5.541634     -46.995888
      -5.741007     -49.497581
      -5.991543     -50.914476
      -6.282452     -51.271919
      -6.593268     -51.070460
      -6.959033     -50.750999
      -7.217225     -50.481803
      -7.331119     -50.226843
