       7.313247      11.971152
       7.277766      11.944841
       7.228665      11.900650
       7.138651      11.851861
       7.017689      11.810526
       6.876303      11.730047
       6.770747      11.643809
       6.684747      11.568753
       6.622153      11.511774
       6.532041      11.484218
       6.460160      11.440776
       6.406815      11.385298
       6.356416      11.337644
       6.278246      11.292273
       6.089536      11.199076
       5.926944      11.061114
       5.804746      10.905136
       5.699919      10.800802
       5.632258      10.784022
       5.649393      10.825642
       5.642263      10.871548
       5.630761      10.865531
       5.591864      10.785677
       5.563947      10.689312
       5.539399      10.546090
       5.531233      10.431445
       5.532831      10.339929
       5.530700      10.280225
       5.506947      10.229456
       5.419211      10.169994
       5.274717      10.097899
       5.106085      10.030421
       4.997248       9.969296
       4.906769       9.898313
       4.862783       9.845924
       4.816136       9.807970
       4.771533       9.759912
       4.716292       9.656233
       4.675818       9.512247
       4.605513       9.296938
       4.549517       9.055381
       4.525643       8.810382
       4.503793       8.616527
       4.535684       8.511761
       4.561002       8.496032
       4.531026       8.516819
       4.538210       8.557309
       4.551838       8.586989
       4.549705       8.590499
       4.658119       8.624952
       4.764382       8.706125
       4.864527       8.831012
       4.972257       8.948955
       5.054242       9.034095
       5.088172       9.026409
       5.158720       8.989880
       5.326758       8.930701
       5.840538       8.960582
       6.490924       9.041835
       6.842606       9.014509
       7.057287       8.941222
       7.117474       8.821804
       7.165729       8.731859
       7.059164       8.545294
       6.904245       8.217056
       7.044695       7.933400
       7.138388       7.579446
       7.167284       7.191784
       7.219614       6.759302
       7.277684       6.250620
       7.325492       5.640302
       7.408110       5.095514
       7.412941       4.656872
       7.458096       4.292901
       7.831607       3.352593
       8.551728       1.214107
       9.160337      -1.812594
       9.733341      -5.247626
      10.178142      -8.878757
      10.464300     -12.597047
      10.541916     -16.180066
      10.304586     -19.365209
       9.802057     -21.955572
       9.027711     -23.839959
       8.163325     -25.062340
       6.975848     -26.258574
       5.092467     -28.528273
       2.572398     -31.795751
       0.218709     -34.605376
      -1.703760     -36.594597
      -3.677458     -38.142856
      -5.623848     -39.390749
      -7.574297     -40.419044
      -9.293957     -41.334080
     -11.169158     -42.316282
     -13.693959     -43.358876
     -16.800098     -44.199146
     -20.004195     -44.570742
     -22.855056     -44.405269
     -24.840241     -43.954848
     -26.156511     -43.384138
     -27.121670     -42.638478
     -28.041493     -41.881919
     -28.988389     -41.231252
     -29.737238     -40.637299
     -30.506155     -39.711720
     -31.215839     -38.584216
     -31.802199     -37.828225
     -32.134465     -37.583416
     -32.171872     -37.579392
     -32.121402     -37.653826
     -32.120722     -37.621083
     -32.108781     -37.517609
     -32.072307     -37.408304
     -31.846259     -37.144764
     -30.664618     -36.380776
     -28.610185     -34.793166
     -26.407549     -32.582409
     -24.428875     -30.325192
     -21.759628     -27.762148
     -17.988179     -24.586056
     -13.170509     -20.810716
      -8.197711     -16.633298
      -4.291934     -12.370127
      -1.301267      -8.318921
       0.849836      -4.446207
       2.188277      -1.114086
       3.220925       1.961567
       3.857200       4.557502
       4.291504       6.406921
       4.968810       7.485585
       5.646748       7.847621
       6.316822       7.799046
       6.854406       7.540735
       7.042215       7.168821
       6.987084       6.911787
       6.615676       6.968591
       5.633864       7.517514
       4.044732       8.239741
       2.309122       8.787853
       1.246097       8.896029
       0.777058       8.574193
       0.312533       7.911818
      -0.176337       7.356666
      -0.563755       6.841909
      -0.681321       6.454894
      -0.667460       6.158792
      -0.592812       6.042070
      -0.550097       6.113214
      -0.598353       6.393543
      -0.765805       6.913680
      -1.109724       7.543778
      -1.467055       8.224967
      -1.772103       8.811450
      -1.957468       9.079825
      -2.090866       9.045472
      -2.090845       8.899004
      -2.027931       8.683372
      -1.967137       8.455711
      -1.975675       8.229366
      -2.036807       7.999475
      -2.119831       7.819171
      -2.165813       7.715361
      -2.183811       7.679726
      -2.213403       7.703321
      -2.259495       7.771509
      -2.135265       7.794031
      -1.713528       7.788755
      -0.885134       7.586840
       0.393037       7.531039
       1.539938       7.626781
       2.222871       7.534744
       2.671850       7.351936
       2.990299       7.317441
       3.059031       7.415923
       2.972306       7.792733
       3.299500       8.370495
       3.902004       9.189575
       4.660382       9.962070
       5.541501      10.391016
       6.242495      10.194946
       6.766092       9.946067
       6.990262       9.960481
       7.051260      10.135488
       6.589654      10.405641
       5.572182      10.823954
       4.916394      11.057746
       4.467167      11.060028
       4.188400      10.855691
       3.819265      10.552344
       3.574023      10.052124
       3.193943       9.332903
       2.444993       8.391739
       1.492056       7.379116
       0.271367       6.267272
      -1.050293       5.227422
      -1.681107       4.580242
      -2.010086       4.280147
      -2.109495       4.399893
      -2.442451       4.651984
      -2.799522       4.909121
      -3.146600       5.142728
      -3.395745       5.371476
      -3.440808       5.575340
      -3.368911       5.740509
      -3.274109       5.879919
      -3.165150       5.996932
      -3.040642       6.111063
      -3.024023       6.178633
      -3.058421       6.248644
      -3.092543       6.339460
      -3.162613       6.390717
      -3.229952       6.396489
      -3.329971       6.329300
      -3.448573       6.232144
      -3.593542       6.165257
      -3.732502       6.156885
      -3.851200       6.179732
      -3.911777       6.232698
      -3.932474       6.296361
      -3.947221       6.340440
      -3.948042       6.395488
      -3.952434       6.458972
      -3.934981       6.553087
      -3.946879       6.651343
      -3.974087       6.737619
      -4.013242       6.816326
      -4.068860       6.868225
      -4.126011       6.883534
      -4.168682       6.871879
      -4.194661       6.859799
      -4.231857       6.841886
      -4.269246       6.824799
      -4.283370       6.819849
      -4.303908       6.808749
      -4.349913       6.795803
      -4.357727       6.779387
      -4.353437       6.767866
      -4.322290       6.761950
      -4.306208       6.752732
      -4.292408       6.752755
      -4.276165       6.733429
      -4.259522       6.705586
      -4.263214       6.665396
      -4.259904       6.628593
      -4.226101       6.606915
      -4.192240       6.585494
      -4.161808       6.563925
      -4.129324       6.561427
      -4.090984       6.584350
      -4.099043       6.573834
      -4.121079       6.573478
      -4.107673       6.590751
      -4.094754       6.617642
      -4.090309       6.634741
      -4.103475       6.637760
      -4.123019       6.647402
      -4.150465       6.649403
      -4.168847       6.637244
      -4.162038       6.613528
      -4.141914       6.602675
      -4.140325       6.600379
      -4.147829       6.617434
      -4.157354       6.643911
      -4.187731       6.669409
      -4.186123       6.706356
      -4.179703       6.747025
      -4.343773       6.747698
      -4.466968       6.788906
      -4.605005       6.888586
      -4.763208       6.915657
      -4.829168       6.842658
      -4.970856       6.679363
      -5.059184       6.493003
      -5.114638       6.378243
      -5.340848       6.333179
      -5.535628       6.355461
      -5.520605       6.469439
      -5.643890       6.646949
      -5.971030       6.946968
      -6.122061       7.687794
      -6.033970       8.869074
      -6.325235      10.040299
      -6.538323      10.928434
      -6.764994      11.204921
      -6.897840      10.810701
      -6.753448       9.824511
      -6.341335       8.627282
      -6.016032       7.399257
      -5.787669       6.238315
      -5.669550       5.343814
      -5.557655       4.883177
      -5.293310       4.448260
      -4.748184       3.702129
      -4.115437       2.454382
      -3.525915       0.807405
      -2.999210      -0.990600
      -2.254962      -2.696943
      -1.524618      -3.938537
      -0.781698      -4.664123
       0.006206      -4.938041
       0.683688      -5.005395
       0.890493      -4.911657
       0.710058      -4.622701
       0.477247      -4.100809
       0.306768      -3.322835
       0.291343      -2.412553
       0.380922      -1.660464
       0.471063      -1.210405
       0.630404      -0.901925
       0.801623      -0.605251
       1.008495      -0.357018
       1.185926      -0.373965
       1.461728      -0.671105
       1.755808      -1.070238
       1.962545      -1.406728
       2.042001      -1.481355
       1.977543      -1.221452
       1.842453      -0.733579
       1.716384      -0.227045
       1.592080       0.062282
       1.595156       0.104439
       1.768287      -0.160228
       1.928860      -0.661302
       1.890362      -1.128784
       1.760826      -1.352780
       1.490076      -1.278491
       1.133229      -0.866698
       0.715754      -0.276552
       0.447227       0.313671
       0.272051       0.734591
       0.162734       0.909747
       0.149771       0.862003
       0.129825       0.684266
       0.154112       0.485097
       0.178857       0.339634
       0.183125       0.297598
       0.170348       0.345965
       0.167020       0.456163
       0.141368       0.543183
       0.142976       0.580393
       0.130946       0.566720
       0.051376       0.501536
      -0.045619       0.454858
      -0.120735       0.432168
      -0.172918       0.427545
      -0.186204       0.449328
      -0.198566       0.449043
      -0.183064       0.459219
      -0.151397       0.471855
      -0.103475       0.521386
      -0.041952       0.572496
       0.028446       0.647685
       0.047687       0.734404
       0.073588       0.822620
       0.069195       0.909840
       0.095733       1.027760
       0.064984       1.142817
       0.049329       1.301803
       0.005065       1.498538
      -0.038072       1.694001
      -0.071006       1.782693
      -0.073356       1.746273
      -0.108424       1.648648
      -0.127116       1.578828
      -0.167588       1.546522
      -0.188246       1.549963
      -0.217558       1.566618
      -0.253923       1.584282
      -0.292276       1.580942
      -0.328255       1.562260
      -0.404900       1.527675
      -0.529490       1.471378
      -0.732382       1.371347
      -0.879707       1.286338
      -1.003125       1.208499
      -1.064196       1.161085
      -1.120545       1.093638
      -1.141277       1.019199
      -1.157322       0.931356
      -1.137652       0.863041
      -1.076148       0.829121
      -1.001514       0.845986
      -0.980162       0.868497
      -0.935262       0.893319
      -0.878674       0.905126
      -0.807421       0.950773
      -0.779340       0.992829
      -0.717171       1.055909
      -0.649035       1.135360
      -0.518684       1.243515
      -0.172649       1.436998
      -0.067626       1.619770
      -0.002561       1.830023
       0.165449       2.078258
       0.304923       2.312162
       0.519850       2.588205
       1.189272       3.187122
       2.601363       4.517641
