      25.204824      -5.543962
      25.196275      -5.603430
      25.188689      -5.688990
      25.189245      -5.787977
      25.180922      -5.884998
      25.182025      -5.975317
      25.208894      -6.091690
      25.214795      -6.153489
      25.210159      -6.204946
      25.215477      -6.271828
      25.228424      -6.313494
      25.224235      -6.352383
      25.229548      -6.352457
      25.235610      -6.337850
      25.237400      -6.332364
      25.244301      -6.330635
      25.244440      -6.357416
      25.243685      -6.414820
      25.235253      -6.487189
      25.228914      -6.562560
      25.225648      -6.546333
      25.232176      -6.469153
      25.229014      -6.489227
      25.257721      -6.474527
      25.234629      -6.465750
      25.237135      -6.505821
      25.257265      -6.513308
      25.248525      -6.497137
      25.256680      -6.437035
      25.238245      -6.438934
      25.014139      -6.438947
      24.467134      -6.297560
      23.620650      -6.054636
      22.384916      -5.436916
      21.395584      -4.009998
      20.607782      -1.815700
      19.727977       0.418729
      18.987366       2.708002
      18.479348       5.327252
      17.991251       8.210533
      17.480135      11.403907
      16.963608      15.074311
      16.426385      19.233858
      15.943504      23.454277
      15.787079      27.464801
      15.949563      31.728612
      16.347506      36.271381
      16.753722      40.697295
      17.100685      45.055881
      17.276301      49.367752
      17.211216      53.744999
      17.048446      58.053276
      16.496580      61.373411
      15.243296      63.284669
      13.913928      64.298986
      12.888425      65.008869
      12.372332      66.220181
      11.971282      68.138390
      11.240954      70.233204
      10.165673      71.674448
       9.509632      72.688260
       8.803113      73.786282
       8.417446      75.138599
       8.090672      76.408604
       7.729799      77.573629
       7.288775      78.312280
       6.889161      78.536869
       6.617065      78.333938
       6.598947      77.991838
       6.625398      77.671148
       6.652925      77.383073
       6.726485      76.907051
       6.870479      75.824362
       7.397122      73.772143
       8.008152      70.950257
       8.462406      67.729506
       8.687714      64.549448
       8.765054      61.889455
       8.463514      60.190682
       8.517242      58.480004
       9.084186      56.488343
       9.797972      54.609331
      10.382840      53.369328
      11.045896      52.533589
      11.843575      51.752065
      12.447713      51.084463
      13.061252      50.108196
      13.767608      48.305254
      15.100901      45.421994
      17.175446      40.772006
      18.136877      33.985569
      18.011067      25.256063
      16.909043      15.228088
      15.443826       5.145238
      13.789882      -3.935129
      12.632285     -11.503700
      12.692588     -18.340403
      12.064305     -24.560386
      11.446148     -31.026377
      11.260210     -38.228405
      11.382817     -45.234314
      11.964309     -51.369201
      12.497805     -55.802395
      12.570692     -58.954798
      12.397982     -61.621003
      11.963696     -64.386417
      11.081134     -67.724338
      10.369682     -70.475449
       9.654834     -72.194937
       8.531764     -73.582331
       6.449563     -75.056627
       4.342832     -76.114861
       2.397932     -76.912889
       1.211808     -77.839570
       0.255388     -79.186831
      -0.937999     -80.974031
      -1.977497     -82.718314
      -3.161534     -83.835303
      -5.501788     -84.025543
      -9.442035     -83.697024
     -13.215595     -83.297077
     -16.248452     -83.177041
     -18.843289     -83.117921
     -21.124140     -82.980739
     -23.255848     -82.510123
     -25.029468     -81.752816
     -26.827414     -80.876978
     -29.109671     -80.083539
     -31.568940     -78.951790
     -32.835783     -77.940145
     -32.496981     -77.479820
     -31.744796     -76.967569
     -30.429465     -75.949683
     -28.432359     -74.221321
     -25.064861     -71.650984
     -19.255994     -67.523325
     -12.396082     -62.370922
      -7.047917     -56.757257
      -2.167871     -50.705377
       3.481748     -44.182652
       9.064638     -37.443041
      13.369092     -30.947316
      16.701812     -24.591496
      18.870887     -17.782728
      20.062014     -10.396053
      21.013756      -2.468581
      22.800342       4.220857
      24.771244       8.584771
      26.314228      10.890626
      27.488431      10.799990
      27.482549      10.247968
      26.400263       9.705925
      25.796868       9.041742
      25.618895       8.142451
      25.624381       7.728048
      25.456770       7.981532
      25.302367       8.911452
      25.438867      10.201074
      25.768299      11.750014
      25.939203      13.157379
      25.973088      14.443728
      25.973163      15.510066
      26.011548      16.491984
      26.144767      17.718865
      26.168574      19.141377
      26.092976      20.605864
      25.963799      21.967105
      25.769521      23.002632
      25.581760      23.657801
      25.495837      23.990162
      25.493404      24.040911
      25.507093      24.031826
      25.533268      23.975628
      25.514024      23.916714
      25.536592      23.679903
      25.503735      23.210792
      25.441885      22.452227
      25.357822      21.374869
      25.272705      19.980156
      25.239901      18.221525
      25.200802      16.067262
      25.082193      14.157185
      24.933571      12.646609
      24.831826      11.282051
      24.752171       9.829892
      24.581864       8.484415
      24.382194       7.425749
      24.240950       6.440633
      24.137789       5.404252
      24.017398       4.089186
      23.935166       2.845898
      23.780106       1.866220
      23.612628       1.248783
      23.456856       0.906719
      23.386490       0.691760
      23.455457       0.555052
      23.544368       0.536935
      23.649724       0.602477
      23.773612       0.787733
      23.831772       1.099457
      23.797625       1.495077
      23.752605       1.837352
      23.665203       2.021566
      23.691477       1.998778
      23.812116       1.965229
      23.868462       2.002316
      23.921188       2.069479
      23.951158       2.083616
      24.030267       2.007344
      24.045748       1.907082
      24.115350       1.876138
      24.096237       1.963866
      24.090775       2.089157
      24.071578       2.239587
      23.985016       2.325060
      23.892660       2.354373
      23.673798       2.350649
      23.423204       2.293446
      23.129393       2.180645
      22.996056       2.141903
      22.910135       2.252906
      22.784681       2.432269
      22.713923       2.573365
      22.774459       2.708718
      22.796792       2.843028
      22.736615       2.970900
      22.721003       3.139423
      22.745620       3.453067
      22.751257       3.812427
      22.767239       4.064567
      22.792646       4.093277
      22.749394       3.868486
      22.641461       3.473090
      22.508527       3.066980
      22.377740       2.803028
      22.315307       2.736625
      22.349996       2.868161
      22.398724       3.080579
      22.505309       3.293368
      22.535549       3.469378
      22.570692       3.524339
      22.620664       3.513081
      22.686226       3.450364
      22.734551       3.417398
      22.830363       3.506959
      22.915587       3.611424
      22.963961       3.703147
      23.167079       3.737358
      23.477001       3.818191
      23.817726       4.066199
      24.072166       4.531333
      24.201210       4.973342
      24.488748       5.173134
      24.661277       5.171826
      24.743244       5.044320
      24.646120       4.880932
      24.545369       4.722631
      24.533751       4.647813
      24.517853       4.615677
      24.497092       4.585553
      24.551527       4.509995
      24.490253       4.494098
      24.404124       4.586251
      24.387676       4.848623
      24.420405       5.200072
      24.442854       5.680564
      24.405071       6.251068
      24.428727       6.890380
      24.434536       7.684308
      24.556304       8.381890
      24.625655       8.892965
      24.576917       9.174791
      24.502828       9.153333
      24.424752       8.990437
      24.345198       8.765584
      24.252313       8.538756
      24.172485       8.307318
      24.126025       8.075347
      24.071129       7.790397
      23.997732       7.609151
      23.909934       7.450875
      23.849364       7.323552
      23.757195       7.263777
      23.693422       7.231530
      23.630264       7.235286
      23.599954       7.202689
      23.614751       7.067282
      23.599657       7.053216
      23.555004       7.149085
      23.490299       7.236865
      23.481700       7.294734
      23.471488       7.227799
      23.321901       7.008730
      23.135418       6.912184
      23.051564       7.039855
      23.144642       7.314295
      23.224137       7.553208
      23.222502       7.672861
      23.183328       7.747470
      23.124225       7.768142
      22.974260       7.528143
      22.723480       7.080226
      22.619335       6.740402
      22.645250       6.703833
      22.780241       6.656066
      22.819690       6.891933
      22.938498       7.345425
      23.071886       7.808272
      23.137861       8.244827
      23.238171       8.591124
      23.361556       8.748113
      23.359514       8.645689
      23.390716       8.340039
      23.512236       7.869128
      23.398259       7.274076
      23.093696       7.060640
      22.966102       7.211266
      23.050457       7.508878
      23.348821       7.778677
      23.633475       8.012757
      23.442620       8.176384
      23.176851       8.141827
      23.124203       8.013327
      23.014219       7.883101
      22.877899       7.740443
      22.679317       7.695448
      22.643392       7.682619
      22.697237       7.735818
      22.680665       7.738964
      22.528596       7.699429
      22.346300       7.713574
      22.400815       7.708621
      22.425717       7.696230
      22.435439       7.685138
      22.467376       7.745872
      22.489857       7.735982
      22.541268       7.682007
      22.519934       7.624370
      22.474137       7.502452
      22.465628       7.341300
      22.423901       7.216341
      22.399793       7.104410
      22.436811       6.959316
      22.430305       6.980470
      22.388952       7.072465
      22.328344       7.063515
      22.316512       7.153838
      22.276835       7.292759
      22.254126       7.411956
      22.251280       7.484076
      22.240784       7.311816
      22.178429       6.931923
      22.012433       6.583419
      21.908185       6.374359
      21.943655       6.302355
      22.033510       6.394717
      22.048888       6.550152
      22.067910       6.714769
      22.146307       6.953192
      22.220338       7.096217
      22.259753       7.272086
      22.239040       7.509612
      22.296698       7.719644
      22.289439       7.833859
      22.238584       7.906600
      22.197071       7.860082
      22.159594       7.814545
      22.134036       7.776086
      22.152143       7.708611
      22.135357       7.683427
      22.138478       7.671015
      22.145414       7.660888
      22.124239       7.650951
      22.113253       7.657071
      22.131537       7.693375
      22.149843       7.761925
      22.160147       7.823260
      22.178337       7.876038
      22.174228       7.918104
      22.185555       7.834141
      22.190096       7.737446
      22.151699       7.673934
      22.166843       7.600967
      22.160798       7.603320
      22.170614       7.605119
      22.180127       7.620169
      22.203649       7.657235
      22.222929       7.684424
      22.203224       7.688596
      22.116128       7.654785
      21.974973       7.453273
      21.847710       7.197526
      21.800266       7.026189
      21.746905       6.885423
      21.745542       6.872891
      21.751621       6.850718
      21.762136       6.697217
      21.749469       6.594096
      21.685050       6.501330
