       3.116766       6.055071
       2.928275       5.964108
       2.822731       5.853236
       2.793941       5.805682
       2.775900       5.833430
       2.759916       5.893716
       2.752747       5.924002
       2.748812       5.921766
       2.726311       5.910156
       2.725888       5.897055
       2.718276       5.896332
       2.685394       5.909446
       2.651848       5.908463
       2.641321       5.892819
       2.731133       5.859508
       2.926426       5.753887
       2.911799       5.659438
       2.915606       5.481204
       2.986990       5.035218
       3.799171       3.692731
       5.571181      -0.030767
       5.304635      -5.120024
       4.011641     -10.081251
       3.064162     -14.084059
       2.071543     -16.859304
       1.144079     -19.288323
      -0.718374     -22.105659
      -4.543193     -25.430595
     -10.316909     -29.101647
     -15.659682     -32.711375
     -19.478395     -35.438521
     -21.616749     -36.937874
     -22.473309     -38.011403
     -21.239620     -39.657926
     -19.389520     -42.131171
     -19.299226     -44.849871
     -21.419022     -47.451982
     -24.364716     -49.900927
     -27.557765     -52.530403
     -30.543015     -55.405601
     -33.401961     -58.651414
     -35.333449     -61.696150
     -36.111981     -64.005811
     -36.237795     -65.130158
     -36.198509     -65.602737
     -36.356367     -66.034721
     -36.871102     -66.673759
     -37.467470     -67.638524
     -37.869845     -68.644666
     -37.962393     -69.196167
     -37.875899     -69.333523
     -37.317310     -69.120266
     -35.977483     -68.599020
     -34.228015     -67.771553
     -32.396387     -66.976687
     -30.588305     -66.030990
     -27.504265     -63.885313
     -23.022774     -60.236770
     -18.693126     -56.285203
     -14.065843     -52.843249
      -8.904406     -49.448583
      -3.459850     -46.269899
       1.538901     -43.318174
       5.803758     -40.176071
      10.090483     -36.824439
      14.456891     -33.096238
      18.858872     -28.867507
      23.052392     -24.365646
      26.530235     -19.774486
      29.158135     -15.824271
      30.244211     -12.274445
      30.007069      -9.232775
      29.477583      -6.351641
      28.978209      -3.764112
      28.336788      -1.954187
      27.313192      -1.018625
      26.520336      -0.899892
      25.970677      -1.364334
      25.859276      -2.162940
      25.813999      -3.111164
      25.676390      -4.140993
      25.518072      -5.090883
      25.420694      -6.001259
      25.377486      -6.705202
      25.307156      -7.096831
      25.120273      -7.154941
      24.943011      -6.966196
      24.712190      -6.652058
      24.576922      -6.460368
      24.523361      -6.342185
      24.478584      -6.284410
      24.612289      -6.203581
      24.709441      -6.127521
      24.758259      -6.004319
      24.809372      -5.952297
      24.773916      -5.966699
      24.735686      -6.029383
      24.676936      -6.068951
      24.558992      -6.135025
      24.426624      -6.208534
      24.327759      -6.297275
      24.323752      -6.386872
      24.373415      -6.500615
      24.396559      -6.634716
      24.416419      -6.747521
      24.420645      -6.819510
      24.382248      -6.877542
      24.373658      -6.897163
      24.376313      -6.854937
      24.381410      -6.778763
      24.330409      -6.731412
      24.302308      -6.732284
      24.266165      -6.773380
      24.206688      -6.827946
      24.105973      -6.942572
      24.098656      -7.001824
      24.065847      -7.002921
      24.079769      -6.982615
      24.076700      -6.946695
      24.046074      -6.928624
      24.036994      -6.906257
      23.979739      -6.863824
      23.950888      -6.824104
      24.025482      -6.777211
      24.038322      -6.703358
      24.025618      -6.632365
      24.026398      -6.559289
      24.049772      -6.508020
      24.082042      -6.391972
      24.107692      -6.220120
      24.081962      -6.063285
      24.091317      -5.951047
      24.068042      -5.856223
      24.025691      -5.755599
      24.017629      -5.655080
      24.015970      -5.576234
      24.018729      -5.504562
      24.023343      -5.462409
      24.021189      -5.511797
      24.013194      -5.673547
      23.933879      -5.961982
      23.947537      -6.073169
      23.948486      -5.934363
      23.855664      -5.754865
      23.835971      -5.567347
      23.908962      -5.089930
      23.903479      -4.602487
      23.861942      -4.342683
      23.816762      -4.237191
      23.851613      -4.459739
      24.012917      -4.728523
      24.040207      -4.902819
      24.072710      -5.071491
      24.035767      -5.156120
      23.929974      -4.954118
      23.898075      -4.598074
      23.897174      -4.191685
      23.897276      -3.739729
      23.863039      -3.367795
      23.787690      -3.234811
      23.689425      -3.275020
      23.585810      -3.500226
      23.402929      -3.746970
      23.265094      -4.001942
      23.205799      -4.233222
      23.155514      -4.387672
      23.133893      -4.482649
      23.136283      -4.464414
      23.113955      -4.404507
      23.078407      -4.374238
      23.060239      -4.355484
      23.059309      -4.280377
      23.085869      -4.088571
      23.105511      -3.919054
      23.237596      -3.773166
      23.263989      -3.672136
      23.226582      -3.668442
      23.128439      -3.855623
      23.133386      -4.303324
      23.190810      -4.923617
      23.155235      -5.373830
      23.129053      -5.532718
      23.130114      -5.486505
      23.094274      -5.398942
      23.031378      -5.384377
      23.019046      -5.389263
      23.036498      -5.316846
      22.981337      -5.362644
      22.942854      -5.715942
      22.918970      -5.985488
      22.914370      -5.783838
      22.849403      -5.289242
      22.803448      -4.893866
      22.792318      -4.565620
      22.740513      -4.275628
      22.687751      -4.234963
      22.663170      -4.509248
      22.605048      -4.851515
      22.542818      -5.200470
      22.487355      -5.469857
      22.472585      -5.588499
      22.505135      -5.575902
      22.493912      -5.442218
      22.506888      -5.215594
      22.540972      -5.083725
      22.558933      -4.983108
      22.520082      -4.911024
      22.535146      -4.926557
      22.556813      -5.013644
      22.637612      -5.131549
      22.656649      -5.255671
      22.627449      -5.396290
      22.600140      -5.548635
      22.574760      -5.649047
      22.561903      -5.665321
      22.538942      -5.607486
      22.524771      -5.505664
      22.552311      -5.403032
      22.573976      -5.330159
      22.599570      -5.342257
      22.584768      -5.358700
      22.578165      -5.368903
      22.589304      -5.362907
      22.592867      -5.350819
      22.576637      -5.363643
      22.551480      -5.381584
      22.527897      -5.421287
      22.542640      -5.426463
      22.474618      -5.356491
      22.535493      -5.159325
      22.868000      -4.946222
      22.869858      -4.733946
      22.863403      -4.525989
      22.813084      -4.386269
      22.585300      -4.262974
      22.335760      -4.124575
      22.125682      -3.974726
      21.860030      -3.800232
      21.485385      -3.657286
      21.315028      -3.590296
      21.287860      -3.594039
      21.308000      -3.695962
      21.377212      -3.927509
      21.487168      -4.213379
      21.610549      -4.468329
      21.737611      -4.650181
      21.911429      -4.840785
      22.092844      -5.028125
      22.208261      -5.209521
      22.294988      -5.328024
      22.354324      -5.440271
      22.437809      -5.467314
      22.455773      -5.376571
      22.531698      -5.237398
      22.604665      -5.064537
      22.620574      -4.874128
      22.631871      -4.786660
      22.608856      -4.777453
      22.585756      -4.839249
      22.576972      -4.913526
      22.559067      -4.908807
      22.528898      -4.880845
      22.478042      -4.857586
      22.342842      -4.858817
      21.926658      -4.873711
      21.533740      -4.934139
      21.481456      -5.088784
      21.414461      -5.199292
      21.377317      -5.146456
      21.188383      -5.040916
      20.960166      -5.048648
      20.801487      -5.167963
      20.703742      -5.349931
      20.644105      -5.598185
      20.634173      -5.804419
      20.612576      -5.885893
      20.612391      -5.884391
      20.605961      -5.836554
      20.607170      -5.802170
      20.595989      -5.771132
      20.608178      -5.814812
      20.627322      -5.795632
      20.601223      -5.733539
      20.602983      -5.661799
      20.607988      -5.567288
      20.621520      -5.503911
      20.617773      -5.458297
      20.510119      -5.437137
      20.446305      -5.439364
      20.418642      -5.481240
      20.415730      -5.480059
      20.394449      -5.462218
      20.362581      -5.513686
      20.346483      -5.555173
      20.371714      -5.551342
      20.362744      -5.558693
      20.365935      -5.570317
      20.324962      -5.534296
      20.291332      -5.491560
      20.292712      -5.452251
      20.300048      -5.406385
      20.307330      -5.353660
      20.294228      -5.316052
      20.289753      -5.319628
      20.300671      -5.359677
      20.340374      -5.406285
      20.427897      -5.451273
      20.515450      -5.494304
      20.460614      -5.497119
      20.421367      -5.456626
      20.456168      -5.387122
      20.488341      -5.391007
      20.464692      -5.341596
      20.425685      -5.260930
      20.424524      -5.207269
      20.422404      -5.175376
      20.432633      -5.183546
      20.421139      -5.199899
      20.381022      -5.235364
      20.364928      -5.285339
      20.364236      -5.300589
      20.367125      -5.258385
      20.363584      -5.191433
      20.368016      -5.134379
      20.373037      -5.103325
      20.391076      -5.106620
      20.399129      -5.124421
      20.420537      -5.227982
      20.473590      -5.303506
      20.478801      -5.327606
      20.512606      -5.319499
      20.569278      -5.286304
      20.605582      -5.272550
      20.639904      -5.273413
      20.649273      -5.286058
      20.659199      -5.331849
      20.672808      -5.360296
      20.672405      -5.350009
      20.647702      -5.321654
      20.625724      -5.306105
      20.611811      -5.315721
      20.597718      -5.336668
      20.557692      -5.362810
      20.487236      -5.348670
      20.503536      -5.378929
      20.553104      -5.359424
      20.507485      -5.352004
      20.516251      -5.421563
      20.533161      -5.523629
      20.540736      -5.645860
      20.650920      -5.794054
      20.771252      -5.897046
      20.872752      -5.955280
      20.912381      -5.992650
      20.798746      -5.976701
      20.763214      -5.963839
      20.806208      -5.966752
      20.830370      -5.977768
      20.884246      -5.990781
      20.971170      -5.999817
      21.009152      -5.973742
      21.024478      -5.987913
      21.104342      -5.964983
      21.090772      -5.941923
      21.103293      -5.940338
      21.065112      -5.912634
      21.083095      -5.965121
      21.146727      -6.035920
      21.148208      -6.058187
      21.148716      -6.070883
      21.224796      -6.120766
      21.235547      -6.144615
      21.239419      -6.141202
      21.256423      -6.146009
      21.328647      -6.130906
      21.594778      -6.093446
      21.832381      -6.006782
      21.838765      -5.973078
      21.827619      -5.953552
      21.769803      -5.931158
      21.848130      -5.883452
      21.942718      -5.820469
      21.938145      -5.743654
      21.875922      -5.753983
      21.865681      -5.816779
      21.856511      -5.915274
      21.898181      -5.994923
      22.198940      -6.064530
      22.424627      -6.072014
      22.494908      -6.047186
      22.449182      -6.006803
      22.418133      -5.984496
      22.375714      -5.981413
      22.448128      -6.012715
      22.538536      -5.968457
      22.511390      -5.886521
      22.497890      -5.836538
      22.489194      -5.782393
      22.503269      -5.803122
      22.559844      -5.871113
      22.574121      -5.922096
      22.522838      -5.928309
      22.510081      -5.937746
      22.489405      -5.935261
      21.831395      -5.869575
      21.073918      -5.767717
      20.870651      -5.753734
      20.970284      -5.732550
      21.371777      -5.697767
      21.614983      -5.703408
      21.518338      -5.653403
      21.383179      -5.607625
      21.329035      -5.608314
      21.367306      -5.591042
      21.388665      -5.602081
      21.383886      -5.626598
      21.379721      -5.599280
      21.366809      -5.515936
      21.312543      -5.405839
      21.283027      -5.294098
      21.295175      -5.178940
      21.345700      -5.132029
      21.352157      -5.075431
      21.316152      -5.032786
      21.314858      -5.016136
      21.308974      -5.006147
      21.307750      -4.998371
      21.342149      -5.003040
      21.411440      -5.027590
      21.435531      -5.064924
      21.454121      -5.074943
      21.427470      -5.071220
      21.403870      -5.095464
      21.413958      -5.113538
      21.422030      -5.148011
      21.432026      -5.110688
      21.407569      -5.115508
      21.394729      -5.174192
      21.434892      -5.230108
      21.420260      -5.276380
      21.410427      -5.317467
      21.383891      -5.328011
      21.294082      -5.318341
      21.192726      -5.335463
      21.135320      -5.383479
      21.166437      -5.434238
      21.155409      -5.451391
      21.158824      -5.439863
      21.099165      -5.482641
      21.033333      -5.544599
      20.631679      -5.570414
      20.252587      -5.554266
      20.216134      -5.515985
      20.177021      -5.435372
      20.137047      -5.335490
      19.991994      -5.254098
      19.940235      -5.253660
      19.941111      -5.290207
      19.941306      -5.308293
      19.905925      -5.297256
      19.879593      -5.313277
      19.868675      -5.354470
      19.824378      -5.407289
      19.767441      -5.533553
      19.732648      -5.665643
      19.695356      -5.701794
      19.668049      -5.669096
      19.779657      -5.602612
      19.922750      -5.504006
      19.995203      -5.432966
      20.078007      -5.412094
      20.126083      -5.407450
      20.211216      -5.414777
      20.273426      -5.434745
      20.295762      -5.468745
      20.327487      -5.531784
      20.361587      -5.636428
      20.392140      -5.730456
      20.418837      -5.768560
      20.391715      -5.791186
      20.397772      -5.813028
      20.393466      -5.776809
      20.374402      -5.746656
      20.402553      -5.774481
      20.394056      -5.793189
      20.416644      -5.803617
      20.405409      -5.810687
      20.388121      -5.829871
      20.369653      -5.849340
      20.384427      -5.859447
      20.412165      -5.874109
      20.419648      -5.881111
      20.375160      -5.887131
      20.373309      -5.930151
      20.369625      -5.968774
      20.404919      -5.963218
      20.436390      -5.969429
      20.523943      -5.947121
      20.521558      -5.942227
