      -0.165955      -1.738231
      -0.090166      -1.826785
      -0.063727      -1.880513
      -0.108660      -1.897733
      -0.146735      -1.875238
      -0.152204      -1.813895
      -0.179506      -1.780669
      -0.184152      -1.789734
      -0.169362      -1.795177
      -0.208499      -1.758915
      -0.227562      -1.686235
      -0.226207      -1.605082
      -0.204018      -1.568126
      -0.176445      -1.582696
      -0.169785      -1.619896
      -0.193676      -1.626566
      -0.195752      -1.587098
      -0.165427      -1.589190
      -0.144511      -1.656131
      -0.126886      -1.729904
      -0.105085      -1.735373
      -0.125464      -1.692555
      -0.188421      -1.647264
      -0.219674      -1.631137
      -0.226668      -1.662748
      -0.216979      -1.691856
      -0.221430      -1.700972
      -0.248686      -1.693046
      -0.292290      -1.671203
      -0.331894      -1.634780
      -0.310503      -1.629577
      -0.310397      -1.636906
      -0.345395      -1.633780
      -0.379132      -1.651954
      -0.411256      -1.693967
      -0.417565      -1.702051
      -0.435427      -1.690292
      -0.458009      -1.682223
      -0.459515      -1.668142
      -0.465596      -1.676583
      -0.479069      -1.682989
      -0.493101      -1.675432
      -0.504744      -1.639398
      -0.488820      -1.598161
      -0.465284      -1.590165
      -0.441489      -1.617088
      -0.433094      -1.614333
      -0.431856      -1.557097
      -0.445714      -1.507016
      -0.456609      -1.507261
      -0.470774      -1.523911
      -0.482638      -1.535885
      -0.477254      -1.533233
      -0.488798      -1.519644
      -0.492595      -1.511118
      -0.481162      -1.517507
      -0.482736      -1.516814
      -0.493134      -1.525444
      -0.474503      -1.545968
      -0.461989      -1.568518
      -0.452614      -1.577277
      -0.447554      -1.577852
      -0.432078      -1.590301
      -0.441844      -1.622307
      -0.431179      -1.656305
      -0.433789      -1.680438
      -0.429087      -1.679607
      -0.426821      -1.658790
      -0.426123      -1.644931
      -0.435277      -1.644260
      -0.449361      -1.641720
      -0.439561      -1.619305
      -0.436007      -1.572766
      -0.435647      -1.523440
      -0.426881      -1.512457
      -0.406752      -1.529360
      -0.409473      -1.561440
      -0.401639      -1.575816
      -0.420510      -1.581750
      -0.430075      -1.584064
      -0.434533      -1.593997
      -0.437246      -1.604150
      -0.440170      -1.597787
      -0.468892      -1.589474
      -0.455191      -1.592222
      -0.418116      -1.581085
      -0.434266      -1.549748
      -0.416776      -1.452160
      -0.400594      -1.353359
      -0.392738      -1.297388
      -0.371408      -1.305228
      -0.362672      -1.324411
      -0.387310      -1.331307
      -0.399441      -1.310286
      -0.401015      -1.308460
      -0.407214      -1.344341
      -0.392087      -1.388295
      -0.399317      -1.400838
      -0.430013      -1.383403
      -0.460514      -1.382428
      -0.488225      -1.414590
      -0.480419      -1.434484
      -0.477573      -1.430996
      -0.476013      -1.400000
      -0.480914      -1.389480
      -0.459330      -1.417139
      -0.437729      -1.457911
      -0.455755      -1.475107
      -0.466000      -1.457003
      -0.479338      -1.428010
      -0.496666      -1.409082
      -0.494843      -1.422781
      -0.486154      -1.430295
      -0.485462      -1.382812
      -0.492854      -1.334418
      -0.489986      -1.303137
      -0.437562      -1.298808
      -0.401918      -1.309080
      -0.382962      -1.319652
      -0.381983      -1.309367
      -0.400437      -1.293445
      -0.409550      -1.309480
      -0.416719      -1.355358
      -0.457237      -1.404363
      -0.481266      -1.408939
      -0.488157      -1.378247
      -0.480496      -1.335038
      -0.467440      -1.304810
      -0.451293      -1.286367
      -0.440893      -1.228266
      -0.465713      -1.157818
      -0.469297      -1.131221
      -0.460313      -1.148702
      -0.483113      -1.187576
      -0.518058      -1.241176
      -0.556232      -1.285971
      -0.606452      -1.300248
      -0.619143      -1.307343
      -0.627051      -1.322275
      -0.647378      -1.356296
      -0.649042      -1.392181
      -0.631382      -1.372041
      -0.607833      -1.282550
      -0.590091      -1.184390
      -0.575130      -1.127167
      -0.545807      -1.110811
      -0.566352      -1.129179
      -0.534185      -1.182252
      -0.483789      -1.275961
      -0.468418      -1.334786
      -0.483140      -1.324071
      -0.548088      -1.283073
      -0.602318      -1.257285
      -0.634286      -1.289332
      -0.644790      -1.331694
      -0.631116      -1.344792
      -0.643793      -1.315174
      -0.684872      -1.284470
      -0.701480      -1.277087
      -0.701505      -1.309680
      -0.692762      -1.319675
      -0.707712      -1.332076
      -0.718365      -1.334379
      -0.738537      -1.324727
      -0.730220      -1.305636
      -0.725231      -1.287759
      -0.715683      -1.273647
      -0.713327      -1.285135
      -0.699429      -1.303079
      -0.695335      -1.305793
      -0.714715      -1.307169
      -0.717464      -1.302661
      -0.724585      -1.302476
      -0.727256      -1.314456
      -0.644726      -1.354600
      -0.548203      -1.422276
      -0.506290      -1.477865
      -0.493598      -1.510985
      -0.509876      -1.533647
      -0.544140      -1.510988
      -0.570570      -1.462046
      -0.559617      -1.412639
      -0.566910      -1.382251
      -0.588995      -1.397359
      -0.598998      -1.412977
      -0.623755      -1.423969
      -0.618701      -1.415498
      -0.609455      -1.399579
      -0.616987      -1.382754
      -0.611217      -1.390250
      -0.612273      -1.414213
      -0.629744      -1.426622
      -0.651722      -1.428070
      -0.654001      -1.421188
      -0.646045      -1.398551
      -0.650921      -1.371684
      -0.643549      -1.340203
      -0.642966      -1.332575
      -0.659324      -1.368523
      -0.638129      -1.411222
      -0.621845      -1.402865
      -0.645562      -1.361336
      -0.682825      -1.336315
      -0.725213      -1.343259
      -0.774125      -1.338758
      -0.792195      -1.331458
      -0.793906      -1.344049
      -0.781119      -1.351085
      -0.798850      -1.332260
      -0.830108      -1.294247
      -0.836690      -1.255793
      -0.818757      -1.211103
      -0.796118      -1.212298
      -0.757577      -1.230003
      -0.744467      -1.223750
      -0.727713      -1.210325
      -0.693631      -1.212547
      -0.720008      -1.232278
      -0.752551      -1.270603
      -0.775796      -1.281453
      -0.759799      -1.252921
      -0.748322      -1.238344
      -0.771454      -1.236001
      -0.810220      -1.211753
      -0.833831      -1.219455
      -0.827024      -1.260860
      -0.813601      -1.270795
      -0.810788      -1.269666
      -0.798315      -1.270324
      -0.819624      -1.273852
      -0.852660      -1.289331
      -0.851089      -1.307770
      -0.856062      -1.327717
      -0.850303      -1.328248
      -0.834257      -1.293999
      -0.824048      -1.251130
      -0.815127      -1.241765
      -0.808063      -1.267625
      -0.805886      -1.293374
      -0.843865      -1.333302
      -0.914869      -1.373716
      -0.947091      -1.349024
      -0.946520      -1.278908
      -0.931825      -1.217364
      -0.901680      -1.213451
      -0.890172      -1.275596
      -0.849699      -1.349027
      -0.842913      -1.381756
      -0.838276      -1.371365
      -0.846130      -1.352571
      -0.857108      -1.334543
      -0.879898      -1.317106
      -0.901411      -1.281880
      -0.929601      -1.210767
      -0.960417      -1.133323
      -0.972595      -1.102397
      -0.964110      -1.126279
      -0.937840      -1.145345
      -0.939528      -1.150613
      -0.938509      -1.159827
      -0.939050      -1.195459
      -0.934881      -1.247995
      -0.931091      -1.280055
      -0.977453      -1.286608
      -1.018475      -1.274433
      -1.024122      -1.252675
      -1.017559      -1.224346
      -0.995435      -1.206191
      -0.971858      -1.212259
      -0.937878      -1.247864
      -0.913162      -1.301205
      -0.888942      -1.349202
      -0.868940      -1.382915
      -0.861065      -1.384514
      -0.865064      -1.365637
      -0.876725      -1.336757
      -0.883354      -1.317244
      -0.861493      -1.325160
      -0.868752      -1.326919
      -0.911758      -1.309308
      -0.953523      -1.277991
      -0.965946      -1.247156
      -0.920556      -1.234498
      -0.879739      -1.228176
      -0.868946      -1.188118
      -0.932390      -1.179113
      -0.993209      -1.218269
      -1.012876      -1.244842
      -1.006817      -1.236522
      -1.005401      -1.210816
      -1.025211      -1.211017
      -1.044419      -1.235171
      -1.046615      -1.263257
      -1.033200      -1.271099
      -1.026351      -1.283211
      -1.019214      -1.288432
      -1.017605      -1.269898
      -1.018875      -1.242381
      -1.009855      -1.218963
      -0.992491      -1.193542
      -1.002349      -1.188902
      -1.029236      -1.214063
      -1.049647      -1.246061
      -1.049979      -1.245074
      -1.037063      -1.217474
      -1.026947      -1.189887
      -1.039498      -1.197959
      -1.024999      -1.234166
      -1.016250      -1.256892
      -1.032721      -1.255534
      -1.029496      -1.231928
      -1.044428      -1.198654
      -1.057328      -1.179352
      -1.044314      -1.192943
      -1.031724      -1.230461
      -1.009067      -1.244005
      -1.020626      -1.244722
      -1.028481      -1.251447
      -1.012725      -1.251159
      -0.997616      -1.249843
      -0.994475      -1.252891
      -0.996222      -1.251580
      -1.018431      -1.250908
      -1.006935      -1.262740
      -1.018664      -1.281556
      -1.031322      -1.292310
      -1.029954      -1.275804
      -1.028501      -1.241223
      -1.028724      -1.213127
      -1.006919      -1.225229
      -0.994376      -1.262384
      -0.991078      -1.273225
      -1.004471      -1.264700
      -1.000772      -1.252954
      -0.990864      -1.230320
      -0.981859      -1.210011
      -0.968813      -1.189869
      -0.994287      -1.197534
      -1.001815      -1.229087
      -0.993420      -1.262749
      -1.019476      -1.262829
      -1.025869      -1.229390
      -1.037998      -1.203820
      -1.054682      -1.205981
      -1.060826      -1.222151
      -1.047912      -1.248070
      -1.049002      -1.250054
      -1.038931      -1.221340
      -1.057450      -1.214885
      -1.056661      -1.221354
      -1.057194      -1.235316
      -1.061296      -1.249697
      -1.056405      -1.254771
      -1.045252      -1.239529
      -1.037186      -1.221301
      -1.028993      -1.218292
      -1.026435      -1.222290
      -1.029055      -1.223770
      -1.013080      -1.203668
      -1.013239      -1.172813
      -1.011396      -1.149219
      -1.024024      -1.140816
      -1.027395      -1.143871
      -1.030589      -1.150560
      -1.051839      -1.171873
      -1.067623      -1.199609
      -1.084564      -1.210630
      -1.092078      -1.221048
      -1.098023      -1.228517
      -1.084555      -1.222222
      -1.077527      -1.219147
      -1.077132      -1.189928
      -1.101136      -1.166661
      -1.107728      -1.154740
      -1.098725      -1.157152
      -1.080371      -1.171219
      -1.079072      -1.196459
      -1.072938      -1.210238
      -1.088716      -1.206249
      -1.124990      -1.204522
      -1.145830      -1.224203
      -1.103622      -1.238278
      -1.089151      -1.229086
      -1.086599      -1.207751
      -1.105621      -1.195858
      -1.128084      -1.201625
      -1.121936      -1.229136
      -1.119035      -1.252967
      -1.120287      -1.257541
      -1.135236      -1.254170
      -1.146158      -1.240652
      -1.148044      -1.239145
      -1.132888      -1.256993
      -1.116053      -1.257727
      -1.132213      -1.252220
      -1.135674      -1.239092
      -1.123726      -1.219342
      -1.111901      -1.220470
      -1.101480      -1.224700
      -1.100143      -1.201144
      -1.077815      -1.162849
      -1.081751      -1.133925
      -1.079040      -1.125690
      -1.111434      -1.146403
      -1.125102      -1.158361
      -1.146990      -1.152934
      -1.161741      -1.146123
      -1.170382      -1.145016
      -1.173620      -1.158460
      -1.191109      -1.161556
      -1.206986      -1.153733
      -1.222438      -1.151884
      -1.231480      -1.163938
      -1.245321      -1.162832
      -1.243011      -1.151276
      -1.232071      -1.136504
      -1.246346      -1.141509
      -1.243621      -1.162127
      -1.228199      -1.187762
      -1.235567      -1.193208
      -1.236552      -1.177069
      -1.234071      -1.159842
      -1.227509      -1.166113
      -1.225013      -1.192607
      -1.226924      -1.209640
      -1.234202      -1.202946
      -1.229639      -1.193672
      -1.245927      -1.197192
      -1.244213      -1.212043
      -1.220670      -1.204794
      -1.209853      -1.187146
      -1.193188      -1.179005
      -1.196431      -1.191507
      -1.188787      -1.210102
      -1.188856      -1.214313
      -1.191999      -1.208558
      -1.194708      -1.218154
      -1.186139      -1.235007
      -1.176042      -1.233885
      -1.171438      -1.208662
      -1.153981      -1.193703
      -1.140193      -1.182800
      -1.151345      -1.183498
      -1.158138      -1.172603
      -1.154650      -1.164666
      -1.165301      -1.160857
      -1.169433      -1.160665
      -1.176207      -1.144858
      -1.195963      -1.121677
      -1.203748      -1.121202
      -1.203228      -1.143961
      -1.221915      -1.171723
      -1.234350      -1.170716
      -1.229062      -1.144214
      -1.230758      -1.119108
      -1.216153      -1.118985
      -1.218388      -1.135583
      -1.222410      -1.139355
      -1.236393      -1.140672
      -1.249283      -1.167158
      -1.241867      -1.175046
      -1.208492      -1.166170
      -1.200317      -1.131121
      -1.208604      -1.106454
      -1.237161      -1.119306
      -1.229011      -1.148622
      -1.227004      -1.171165
      -1.216858      -1.170052
      -1.215216      -1.142666
      -1.221470      -1.106831
      -1.224524      -1.105930
      -1.217628      -1.138291
      -1.222005      -1.147406
      -1.242163      -1.137831
      -1.245546      -1.141695
      -1.236345      -1.148931
      -1.234275      -1.144504
      -1.233885      -1.136086
      -1.235313      -1.133930
      -1.241140      -1.159218
      -1.237316      -1.189010
      -1.233989      -1.200967
      -1.247876      -1.192783
      -1.253207      -1.168402
      -1.257604      -1.146382
      -1.266097      -1.135617
      -1.258375      -1.147413
      -1.244825      -1.173581
      -1.241979      -1.182318
      -1.254692      -1.175081
      -1.256839      -1.168604
      -1.249739      -1.170941
      -1.252409      -1.166156
      -1.250872      -1.164783
      -1.252411      -1.161023
      -1.269053      -1.164189
      -1.259131      -1.174163
      -1.252320      -1.172695
      -1.264096      -1.161846
      -1.259297      -1.153466
      -1.241093      -1.157409
      -1.222077      -1.166364
      -1.195665      -1.161593
      -1.186525      -1.133558
      -1.215059      -1.117723
      -1.243191      -1.128673
      -1.260992      -1.162607
      -1.250524      -1.182499
      -1.219667      -1.166621
      -1.210161      -1.146056
      -1.241519      -1.155852
      -1.279414      -1.162851
      -1.311045      -1.148911
      -1.309669      -1.121271
      -1.296995      -1.093055
      -1.292889      -1.085629
      -1.295640      -1.078358
      -1.306295      -1.063311
      -1.305246      -1.039952
      -1.287057      -1.029064
      -1.282275      -1.027806
      -1.272642      -0.999690
      -1.300300      -0.974949
      -1.322142      -0.969546
      -1.342446      -0.979046
      -1.364946      -0.994002
      -1.368379      -0.996859
      -1.370732      -0.977533
      -1.384729      -0.980626
      -1.386527      -1.027275
      -1.389035      -1.073622
      -1.417269      -1.092255
      -1.428112      -1.072212
      -1.452515      -1.049782
      -1.470190      -1.060733
      -1.464815      -1.077358
      -1.429015      -1.096743
      -1.423275      -1.096711
      -1.473330      -1.083534
      -1.497287      -1.074591
      -1.472457      -1.075841
      -1.466279      -1.076548
      -1.474121      -1.074198
      -1.460725      -1.063748
      -1.450659      -1.059668
      -1.461339      -1.084057
      -1.469939      -1.077828
      -1.477378      -1.063289
      -1.448085      -1.065849
      -1.452170      -1.090402
      -1.454666      -1.089946
      -1.444166      -1.072067
      -1.444198      -1.042211
      -1.453806      -1.012560
      -1.471902      -1.030619
      -1.452331      -1.073542
      -1.377213      -1.069520
      -1.324535      -1.018829
      -1.332194      -0.970624
      -1.345513      -0.961075
      -1.359551      -0.978432
      -1.338655      -1.012553
      -1.326091      -1.048177
      -1.365696      -1.042401
      -1.393274      -0.994079
      -1.406883      -0.944843
      -1.421297      -0.927776
      -1.423879      -0.989587
      -1.401529      -1.071967
      -1.379116      -1.062653
      -1.408554      -0.984906
      -1.450566      -0.948693
      -1.456434      -0.981433
      -1.427844      -1.029739
      -1.431960      -1.033426
      -1.450227      -1.003150
      -1.459167      -0.977466
      -1.434960      -0.980959
