       8.380710      -0.093957
       8.575030       0.007691
       8.866272       0.153033
       9.016903       0.356708
       9.185700       0.534729
       9.222000       0.631274
       9.169471       0.600860
       9.079886       0.480557
       9.009780       0.244153
       8.924283      -0.107192
       8.740687      -0.481340
       8.664393      -0.805089
       8.561186      -0.992714
       8.444772      -1.062974
       8.342383      -1.000915
       8.160827      -0.901092
       8.032837      -0.725665
       7.808102      -0.592725
       7.404031      -0.456792
       7.002864      -0.639885
       6.164024      -1.114650
       5.129544      -1.790912
       4.302070      -2.462003
       3.759946      -2.927878
       3.525582      -3.197303
       3.673761      -3.220993
       3.897069      -3.031269
       3.931238      -2.765979
       3.646636      -2.664564
       3.016615      -2.746647
       2.053645      -3.032303
       0.701074      -3.523947
      -1.162912      -4.234932
      -3.555828      -5.123469
      -6.739750      -6.248627
     -10.565620      -7.573305
     -13.704225      -8.701461
     -17.389917     -10.062880
     -20.549714     -11.319988
     -23.168028     -12.465485
     -24.930647     -13.390446
     -25.841361     -14.018036
     -26.445293     -14.407529
     -26.791703     -14.871345
     -26.741226     -16.126130
     -26.434959     -18.538062
     -25.707373     -21.826395
     -24.720685     -25.442990
     -23.255166     -29.615404
     -20.842175     -35.307697
     -18.891148     -39.654000
     -17.384829     -43.094984
     -16.339032     -45.850583
     -15.646382     -48.316960
     -15.190656     -50.604001
     -14.857439     -52.696339
     -14.585760     -54.569571
     -14.415591     -56.225209
     -14.276305     -57.883703
     -14.259028     -58.865147
     -14.291617     -59.641090
     -14.424258     -60.328884
     -14.659756     -60.838065
     -14.836179     -61.288180
     -14.842336     -61.661889
     -14.740675     -62.009390
     -14.491855     -62.316630
     -14.196934     -62.628723
     -13.751614     -63.022652
     -13.254572     -63.413749
     -12.851311     -63.585484
     -12.500980     -63.606287
     -12.216770     -63.515805
     -11.955766     -63.325633
     -11.678464     -63.039681
     -11.416327     -62.669061
     -11.295814     -62.257865
     -11.264410     -61.522191
     -11.096858     -60.553575
     -10.853990     -59.516853
     -10.618202     -58.568878
     -10.302084     -57.664539
     -10.107259     -56.956327
      -9.967133     -55.966883
     -10.015333     -53.231111
     -10.224809     -48.161608
      -9.949858     -42.721421
      -9.344371     -38.544500
      -8.790245     -35.905905
      -8.293778     -34.130316
      -7.875545     -32.631533
      -7.514961     -30.926069
      -7.076965     -28.800473
      -6.706302     -25.681290
      -6.386435     -22.011180
      -6.191203     -18.329106
      -6.041733     -14.657930
      -5.996803     -11.182193
      -5.698036      -7.527221
      -5.171675      -3.710271
      -4.439819       0.694509
      -3.697122       6.092069
      -2.962653      11.750980
      -2.197432      17.345188
      -1.579834      23.352382
      -1.141160      28.617936
      -0.981252      32.116759
      -1.036044      34.854712
      -1.287172      37.350406
      -1.816937      39.714875
      -2.642883      41.818335
      -3.636939      43.315294
      -4.813695      44.284372
      -6.333375      45.069029
      -7.825521      45.794115
      -8.886963      46.332866
      -9.605321      46.620333
     -10.122028      46.624127
     -10.231574      46.530328
     -10.214613      46.521780
     -10.275424      46.592100
     -10.411572      46.642297
     -10.617526      46.654002
     -10.792381      46.662099
     -10.987938      46.549028
     -11.077673      46.254682
     -11.182410      45.881182
     -11.298908      45.099706
     -11.547096      43.122228
     -11.454375      40.721275
     -10.964678      37.649079
     -10.010960      34.422213
      -9.141973      30.658843
      -8.336273      26.566434
      -7.622412      22.359426
      -7.064559      18.316462
      -6.920215      14.505418
      -7.014589      11.058750
      -7.533217       7.895280
      -8.124753       5.242652
      -8.458825       2.607866
      -8.516708       0.748654
      -8.264825      -0.491994
      -7.965611      -1.187789
      -7.579173      -1.458268
      -7.228330      -1.478134
      -6.945087      -1.289804
      -6.704041      -1.010708
      -6.495876      -0.628159
      -6.295777      -0.104629
      -6.025094       0.401406
      -5.699957       0.869197
      -5.320962       1.224895
      -5.028440       1.469534
      -4.839436       1.601270
      -4.760527       1.576076
      -4.785176       1.421422
      -4.780620       1.179304
      -4.771535       0.903102
      -4.771847       0.636530
      -4.720554       0.380131
      -4.712329       0.138023
      -4.700116      -0.100923
      -4.713841      -0.345856
      -4.775500      -0.665039
      -4.836118      -0.973228
      -4.925270      -1.259828
      -5.013540      -1.516991
      -5.096932      -1.782075
      -5.163080      -2.119009
      -5.186453      -2.572525
      -5.228506      -3.253782
      -5.397486      -4.447211
      -5.664702      -5.943547
      -5.819628      -7.033144
      -5.850315      -7.932411
      -5.808956      -8.789705
      -5.782839      -9.654264
      -5.709215     -10.587919
      -5.632910     -11.631983
      -5.554973     -12.855964
      -5.502182     -14.258904
      -5.454538     -15.745604
      -5.444644     -17.209237
      -5.396731     -18.964805
      -5.391539     -20.521147
      -5.413201     -22.435514
      -5.478076     -24.577061
      -5.569546     -26.676786
      -5.650316     -28.713651
      -5.713333     -30.737204
      -5.742127     -32.718984
      -5.835747     -34.463741
      -5.865306     -36.068613
      -5.853323     -37.605989
      -5.787176     -39.542854
      -5.815637     -42.036581
      -5.940529     -44.029738
      -6.128533     -46.185737
      -6.293852     -48.597851
      -6.389646     -51.003205
      -6.449082     -53.191328
      -6.497688     -55.057294
      -6.522797     -56.553131
      -6.573065     -57.853633
      -6.658713     -58.960714
      -6.717410     -59.999102
      -6.775199     -60.952040
      -6.849906     -61.878133
      -6.861103     -62.762719
      -6.796564     -63.580578
      -6.709996     -64.308908
      -6.603166     -64.998101
      -6.612216     -65.610605
      -6.678854     -66.193400
      -6.725162     -66.741107
      -6.667691     -67.266515
      -6.616922     -67.854079
      -6.625972     -68.345129
      -6.682414     -68.779745
      -6.748685     -69.109979
      -6.714927     -69.491280
      -6.624211     -69.870438
      -6.524627     -70.248475
      -6.455651     -70.589040
      -6.392707     -70.916427
      -6.358893     -71.192583
      -6.283617     -71.474820
      -6.206652     -71.758752
      -6.145146     -72.082123
      -6.114104     -72.596953
      -6.133967     -73.518655
      -6.187871     -74.694492
      -6.146346     -75.861086
      -5.998120     -76.916148
      -5.894425     -77.868358
      -5.771455     -78.767199
      -5.565709     -79.815898
      -5.317750     -81.199003
      -5.113356     -82.674145
      -4.974807     -83.659984
      -4.854022     -84.046526
      -4.720465     -83.901271
      -4.626857     -83.382036
      -4.560492     -82.648276
      -4.520738     -81.867500
      -4.471653     -80.885390
      -4.487519     -79.584509
      -4.495968     -77.939309
      -4.494935     -76.155490
      -4.524697     -74.100148
      -4.522646     -71.787093
      -4.460064     -69.248885
      -4.468785     -66.804811
      -4.596261     -64.430873
      -4.920575     -62.090614
      -5.349061     -59.848670
      -5.743669     -57.721648
      -5.963815     -55.723833
      -6.018645     -53.895013
      -5.988732     -52.284400
      -5.928516     -50.806607
      -5.849136     -49.433813
      -5.852592     -48.031381
      -5.909441     -46.810641
      -6.042905     -45.573524
      -6.175196     -44.375539
      -6.305136     -43.106530
      -6.541313     -41.762766
      -7.041867     -40.360099
      -7.700373     -38.900022
      -8.473681     -37.330958
      -9.183694     -35.651259
      -9.864615     -33.831181
     -10.422725     -31.994187
     -10.907069     -30.199648
     -11.319804     -28.414194
     -11.660361     -26.699842
     -12.004069     -25.040090
     -12.241815     -23.426874
     -12.430088     -21.541608
     -12.506187     -20.098720
     -12.509752     -18.738096
     -12.532688     -17.453597
     -12.540167     -16.257583
     -12.531826     -15.090376
     -12.541933     -13.926848
     -12.522731     -12.737623
     -12.508716     -11.607285
     -12.518061     -10.511548
     -12.503372      -9.491536
     -12.433537      -8.527227
     -12.389726      -7.659847
     -12.281416      -6.825919
     -12.178530      -6.007100
     -12.093233      -5.168997
     -11.964042      -4.198691
     -11.808508      -3.196931
     -11.686631      -2.158795
     -11.523392      -1.074736
     -11.395882       0.014435
     -11.313309       1.088706
     -11.300402       2.129040
     -11.362638       3.141475
     -11.413806       4.206685
     -11.391797       5.312307
     -11.336419       6.414621
     -11.286019       7.518754
     -11.240092       8.586516
     -11.185686       9.671321
     -11.152836      10.795540
     -11.069916      12.016629
     -10.992808      13.167108
     -10.914143      14.266072
     -10.787041      15.251750
     -10.689455      16.184124
     -10.645289      17.131436
     -10.571705      18.052846
     -10.342226      19.049313
     -10.049336      19.946900
      -9.662190      21.095199
      -9.504097      22.094510
      -9.471238      23.208682
      -9.560891      24.470337
      -9.691456      25.876190
      -9.781102      27.328387
      -9.867654      28.753826
      -9.974083      30.086460
     -10.058372      31.307093
     -10.157220      32.432657
     -10.258523      33.405490
     -10.336868      34.283285
     -10.422719      35.099814
     -10.514485      35.953883
     -10.539748      36.836010
     -10.523938      37.682189
     -10.559691      38.472393
     -10.660411      39.178237
     -10.723484      39.794722
     -10.834635      40.397799
     -10.939324      41.039657
     -11.085821      41.697415
     -11.249420      42.343948
     -11.338935      42.993696
     -11.359451      43.641895
     -11.357787      44.269078
     -11.350258      44.828903
     -11.375014      45.246495
     -11.406707      45.551613
     -11.427528      45.838110
     -11.463794      46.160985
     -11.491244      46.530843
     -11.532372      46.942655
     -11.515059      47.395568
     -11.513540      47.919485
     -11.380415      48.480578
     -11.105906      49.086681
     -10.768832      49.729329
     -10.457898      50.378421
     -10.202926      51.088999
      -9.938411      51.967125
      -9.440028      53.254809
      -8.801129      55.085795
      -8.063403      57.798846
      -7.373876      60.688760
      -6.715101      63.397148
      -6.034095      66.096924
      -5.493144      68.383378
      -5.043471      70.395890
      -4.625811      72.400335
      -4.397188      74.530903
      -4.287329      76.498522
      -4.311357      78.241790
      -4.299094      79.764686
      -4.271372      81.066479
      -4.213328      82.191910
      -4.197630      83.138097
      -4.139369      83.933872
      -4.082430      84.534656
      -3.965413      85.062197
      -3.872707      85.388016
      -3.781168      85.635511
      -3.656742      85.812267
      -3.572393      85.883122
      -3.467987      85.879673
      -3.384617      85.901287
      -3.348709      86.010949
      -3.242925      86.184024
      -3.174898      86.366182
      -3.065334      86.478981
      -2.999736      86.445021
      -2.921027      86.414101
      -2.875787      86.332561
      -2.872356      86.133122
      -2.802774      85.888901
      -2.740934      85.700070
      -2.649855      85.597509
      -2.620297      85.516737
      -2.639489      85.467982
      -2.733204      85.389871
      -2.861168      85.335191
      -3.006887      85.285853
      -3.093939      85.215174
      -3.169481      85.129418
      -3.304119      84.933632
      -3.618167      84.607930
      -4.070253      84.223302
      -4.864757      83.634825
      -5.967165      82.806081
      -7.118067      81.647360
      -8.006169      80.664775
      -8.796259      79.609557
      -9.491551      78.577571
     -10.349304      77.312967
     -11.439716      75.602989
     -12.853768      73.188470
     -14.054038      70.456749
     -14.758829      67.544390
     -15.082903      64.878166
     -15.178537      62.488248
     -15.063262      60.565455
     -14.892835      59.052060
     -14.764600      57.885981
     -14.734054      56.846058
     -14.913135      55.693040
     -15.260290      54.401984
     -15.645870      53.122907
     -16.048539      51.760672
     -16.507164      50.264655
     -17.007411      48.722808
     -17.546916      47.153436
     -18.267238      45.464576
     -19.153123      43.664359
     -20.077461      41.737262
     -20.836521      39.806697
     -21.399236      37.869714
     -21.803181      35.824992
     -22.100331      33.655321
     -22.324825      31.277116
     -22.469931      28.743350
     -22.555818      26.175743
     -22.591114      23.641170
     -22.525490      21.150945
     -22.385773      18.532698
     -22.246114      16.245919
     -22.040993      14.097863
     -21.777433      11.980941
     -21.507179       9.805123
     -21.244103       7.478838
     -21.050662       5.242236
     -20.922738       2.932439
     -20.779993       0.529239
     -20.499334      -2.045071
     -20.118550      -4.717708
     -19.640363      -7.445518
     -18.906696     -10.196191
     -17.586971     -12.521557
     -15.902598     -13.563622
     -13.981354     -13.940522
     -12.174167     -13.857876
     -10.590250     -13.513717
      -9.354297     -13.046965
      -8.412603     -12.578055
      -7.617601     -12.177744
      -6.965404     -11.752266
      -6.415280     -11.109983
      -5.884363     -10.193057
      -5.388745      -9.102828
      -4.935494      -7.893285
      -4.514589      -6.685325
      -4.205732      -5.563530
      -4.058035      -4.756804
      -3.883911      -4.167828
      -3.677616      -3.768463
      -3.435907      -3.503122
      -3.131445      -3.395745
      -2.754678      -3.411953
      -2.331719      -3.509695
      -1.879052      -3.704053
      -1.354248      -3.926444
      -0.955057      -4.129118
      -0.601810      -4.435919
      -0.435438      -4.842873
      -0.359064      -5.443253
      -0.317371      -6.251210
      -0.389145      -7.379915
