       2.358355       9.845365
       2.335528       9.854948
       2.295307       9.865852
       2.278481       9.867820
       2.239130       9.862154
       2.173729       9.857252
       2.090791       9.864062
       1.981529       9.868558
       1.890059       9.868306
       1.835592       9.856841
       1.825233       9.838900
       1.818905       9.795496
       1.814290       9.756068
       1.797356       9.711375
       1.742440       9.633440
       1.672373       9.438077
       1.605570       9.089686
       1.749360       8.846516
       2.194660       8.826569
       2.629069       8.776363
       3.088151       8.679172
       3.486857       8.501517
       3.821753       8.271895
       3.981501       8.021258
       4.136523       7.830363
       4.249704       7.716628
       4.420690       7.702614
       4.579496       7.734510
       4.683467       7.835608
       4.758948       7.965840
       4.812160       8.120912
       5.046431       8.381179
       5.592989       8.989767
       6.436884      10.105851
       7.378454      11.647849
       8.542326      13.615464
       9.815306      15.854219
      10.826259      18.030514
      11.554652      19.788021
      12.202794      21.095014
      12.754412      22.054898
      13.206539      22.794011
      13.588925      23.337453
      13.873293      23.751585
      14.033375      24.013182
      14.231130      24.216167
      14.350294      24.338522
      14.483114      24.349898
      14.592655      24.275716
      14.635497      24.131414
      14.691413      23.969275
      14.692302      23.854513
      14.703671      23.801394
      14.655933      23.792853
      14.666284      23.802572
      14.634978      23.789480
      14.583488      23.724043
      14.442838      23.499491
      14.030987      22.904552
      13.180769      21.667342
      11.945520      19.743882
      10.601177      17.390676
       9.243334      14.810262
       8.103862      12.134823
       7.263766       9.515387
       6.571445       7.073932
       6.019416       4.914982
       5.508708       3.031468
       5.022777       1.380796
       4.599254      -0.079396
       4.259304      -1.495138
       3.983767      -3.018286
       3.749911      -4.642315
       3.619430      -6.351370
       3.602662      -8.219771
       3.602034     -10.295952
       3.634806     -12.554475
       3.742033     -14.830919
       3.946159     -17.090354
       4.130934     -19.139120
       4.321467     -21.015687
       4.417596     -22.708457
       4.429654     -24.182095
       4.479761     -25.409982
       4.581606     -26.372122
       4.708201     -27.127165
       4.779428     -27.710312
       4.788586     -28.175097
       4.859739     -28.724852
       4.990275     -29.167790
       5.150457     -29.556197
       5.219400     -29.756017
       5.336230     -29.792547
       5.477033     -29.879366
       5.551697     -30.050758
       5.666157     -30.329134
       5.784250     -30.672795
       5.888443     -31.058758
       5.976502     -31.489375
       6.027038     -31.960117
       6.025142     -32.436327
       5.953821     -32.925461
       5.821832     -33.437818
       5.690608     -34.061326
       5.608686     -34.849893
       5.547383     -35.861492
       5.440640     -37.002283
       5.365849     -38.190853
       5.375295     -39.436966
       5.374874     -40.744744
       5.321579     -42.162169
       5.279011     -43.692597
       5.237959     -45.315771
       5.177317     -46.992211
       5.110944     -48.751187
       5.097376     -50.578487
       5.182862     -52.371549
       5.261371     -53.997763
       5.222035     -55.449421
       5.102655     -56.806012
       4.943215     -58.177344
       4.711867     -59.684201
       4.434465     -61.367772
       4.214104     -63.166847
       3.989377     -65.097412
       3.733184     -67.381219
       3.497714     -69.987138
       3.374080     -72.702734
       3.308120     -75.401374
       3.204741     -78.158419
       3.021122     -80.909156
       2.774276     -83.575462
       2.468368     -86.080181
       2.166566     -88.473178
       1.888837     -90.665677
       1.670406     -92.641553
       1.499537     -94.314021
       1.490938     -95.708647
       1.797857     -96.837011
       2.140236     -97.803996
       2.316645     -98.701972
       2.422205     -99.849949
       2.704656    -101.583236
       3.062706    -104.251121
       3.188392    -107.740232
       3.224635    -111.581292
       3.320532    -115.297751
       3.369063    -118.553724
       3.352254    -121.162364
       3.348178    -123.256013
       3.466084    -125.069654
       3.639468    -126.745386
       3.756088    -128.230829
       3.895305    -129.320434
       4.204839    -130.083113
       4.674138    -130.621184
       5.192246    -130.986840
       5.713785    -131.446693
       6.033870    -132.368954
       6.046915    -134.151239
       5.712356    -137.174416
       4.735550    -141.241541
       3.468573    -145.145403
       2.361870    -148.248419
       1.536453    -150.908261
       1.008731    -153.377417
       0.726488    -155.645404
       0.669446    -157.758452
       0.807742    -159.567013
       1.167357    -161.008976
       1.517437    -162.286567
       1.869394    -163.694978
       2.375373    -164.955511
       3.025233    -166.079776
       3.419898    -168.065191
       3.561492    -170.964135
       3.784191    -174.016930
       4.088583    -176.743624
       4.319976    -178.872729
       4.608204     179.449374
       4.820134     178.459202
       5.222750     178.960039
       5.674647    -178.884600
       5.906597    -176.693635
       6.163018    -174.295800
       6.657278    -170.519134
       6.983364    -166.449396
       6.927061    -162.017984
       7.216088    -155.710187
       7.858225    -145.640917
       8.871830    -131.947384
      10.182019    -115.179424
      11.785009     -96.372738
      13.927450     -76.898192
      16.632129     -59.058131
      19.044316     -44.502710
      20.621688     -34.513455
      21.297086     -27.800577
      21.709916     -23.190376
      22.190875     -19.082720
      22.709071     -14.668248
      22.855921     -10.393996
      22.998013      -6.415288
      22.915895      -2.584902
      22.626478       1.287838
      22.324368       5.665311
      22.169910      11.335364
      22.080456      19.413286
      21.501047      29.677134
      20.668713      39.368914
      19.725393      47.741655
      18.863159      54.441870
      18.142358      59.404349
      17.310819      63.595057
      16.512501      67.478034
      15.974738      71.212118
      15.282004      74.958957
      14.112220      79.206677
      12.227142      84.765122
      10.143107      91.597439
       8.041126      98.088248
       6.590681     103.097044
       5.399656     106.455064
       4.403017     108.761956
       3.523128     110.453560
       3.028877     111.843135
       2.579828     111.978315
       2.463478     109.821272
       1.555714     104.514294
      -0.140132      97.591637
      -2.308947      91.726412
      -4.800434      88.084344
      -7.609899      86.334708
     -10.441091      84.728967
     -12.465705      83.296902
     -13.328050      81.830382
     -13.843673      79.737064
     -14.293336      77.228251
     -14.185809      74.449800
     -13.561865      71.674740
     -12.708205      68.566138
     -11.975267      65.293369
     -11.029017      62.142749
     -10.184958      59.238327
      -9.621229      56.782650
      -9.212182      54.919631
      -8.926718      53.663134
      -8.431568      52.698262
      -7.913062      51.673736
      -7.598162      50.873027
      -7.239263      50.303201
      -6.566520      49.696592
      -5.512824      48.585767
      -4.273285      46.908962
      -3.194712      45.107240
      -1.990626      43.572172
      -0.917854      42.285532
       0.089708      41.249413
       1.219707      40.966535
       2.610690      42.657687
       3.616948      46.969976
       4.203870      52.098624
       4.755451      56.858594
       5.153433      60.943161
       5.279471      64.147301
       5.171046      66.142513
       4.883729      67.236950
       4.340753      67.733892
       3.610364      67.621816
       2.571678      66.511384
       1.318343      63.525218
       0.168955      58.254881
      -0.576085      51.257679
      -0.753295      43.487267
      -0.733744      35.691713
      -0.353032      28.297596
       0.144562      21.751538
       0.954673      16.296780
       1.615650      11.820161
       1.922962       8.186287
       1.763580       4.740150
       0.789819       1.307220
      -0.058890      -1.576647
      -0.402326      -4.066879
      -0.307751      -6.368766
      -0.370614      -8.665784
      -0.739609     -11.011346
      -1.027607     -12.985658
      -1.273962     -14.358840
      -1.799225     -15.322358
      -2.691169     -15.914862
      -3.482202     -15.941007
      -4.162029     -15.409990
      -4.463042     -15.169803
      -4.711890     -15.753645
      -5.248022     -17.540370
      -5.762620     -20.111884
      -5.960356     -23.090884
      -6.222334     -26.271472
      -6.601003     -29.322428
      -6.769260     -32.219662
      -6.739968     -34.706723
      -6.654205     -36.721839
      -6.560967     -38.227470
      -6.682661     -38.887947
      -6.895497     -38.612717
      -6.881834     -37.915586
      -6.881865     -37.200814
      -6.751696     -36.652247
      -6.633941     -36.413758
      -6.566368     -36.588771
      -6.721769     -37.179227
      -6.882697     -38.014771
      -6.969168     -38.784706
      -6.878339     -39.284375
      -6.843438     -39.503344
      -6.576408     -39.684021
      -6.232468     -39.941839
      -6.187045     -40.245281
      -6.411859     -40.353059
      -6.656345     -40.090444
      -6.977260     -39.698036
      -7.089040     -39.379381
      -7.047395     -39.274637
      -7.047281     -39.451726
      -6.948103     -39.734306
      -6.801688     -40.049390
      -6.646894     -40.346429
      -6.443054     -40.708947
      -6.199881     -41.219965
      -5.987117     -41.640729
      -5.696727     -41.879344
      -5.402841     -41.839920
      -5.303992     -41.561748
      -5.600453     -40.455132
      -6.022401     -38.268160
      -6.252770     -35.301235
      -6.506447     -31.798913
      -6.543229     -28.261482
      -6.740201     -24.576662
      -6.693737     -20.942642
      -6.577793     -16.966697
      -6.175560     -12.666238
      -5.583448      -8.023148
      -4.868561      -3.345430
      -4.255286       0.493257
      -3.965011       3.901497
      -3.603246       7.161317
      -2.736951      10.554455
      -2.005873      14.445242
      -1.726675      18.827796
      -1.626641      23.031745
      -1.343969      27.375755
      -0.858329      31.617129
      -0.223021      35.441950
       0.427798      38.209105
       1.127561      40.225130
       1.683674      42.068224
       2.454073      44.126237
       3.493298      47.483470
       4.142841      51.857574
       4.160235      55.846900
       3.882704      58.561364
       3.364769      59.995187
       2.544873      60.405736
       1.550788      60.193761
       0.124977      59.456519
      -2.667824      56.730942
      -6.370712      51.263395
      -9.508819      44.440089
     -12.129956      37.955360
     -14.816833      32.331247
     -17.115138      27.017977
     -18.255357      21.956908
     -18.227127      16.994733
     -17.524780      11.360680
     -16.524825       4.712900
     -15.687835      -2.205486
     -15.224072      -8.748585
     -15.044527     -14.274300
     -14.860610     -18.555396
     -14.740752     -21.715674
     -14.588049     -24.206516
     -14.364326     -26.284370
     -13.974940     -28.044400
     -13.420950     -29.646499
     -12.873487     -31.158526
     -12.125293     -32.817603
     -11.082656     -34.984841
      -9.990484     -38.021651
      -9.015392     -41.591828
      -8.292326     -45.530296
      -7.876462     -49.548448
      -7.564271     -53.660744
      -7.369411     -58.223665
      -7.421912     -62.569322
      -7.689503     -66.199141
      -7.914958     -68.817688
      -7.898712     -70.679939
