       6.848408       7.957210
       6.862998       7.931661
       6.893113       7.905659
       6.938098       7.862041
       6.903103       7.827439
       6.796765       7.740891
       6.669261       7.538366
       6.427896       7.249279
       6.152008       6.958974
       5.894137       6.672375
       5.635536       6.452334
       5.200143       6.392635
       4.447688       6.538096
       3.414339       7.031632
       2.501094       7.748872
       1.797332       8.856673
       1.186313      10.270063
       0.541574      11.763922
       0.091259      13.085405
      -0.192853      14.188208
      -0.429630      15.058819
      -0.640499      15.783119
      -0.738898      16.410671
      -0.815445      17.010991
      -0.818034      17.582007
      -0.747209      18.175331
      -0.760799      18.754741
      -0.896372      19.310374
      -1.033273      19.833631
      -1.133215      20.425819
      -1.156726      21.121327
      -1.115150      21.929016
      -1.000987      22.791403
      -0.768841      23.723026
      -0.062998      25.205283
       1.528912      27.812057
       4.023066      31.771029
       6.035807      36.272601
       7.620661      40.503753
       8.687469      43.931126
       9.440746      46.672299
       9.704375      48.798553
       9.508426      50.025612
       9.226944      50.945236
       8.661987      52.624256
       6.985449      55.085941
       4.931358      57.824059
       3.646391      60.581269
       3.544776      63.692776
       3.782973      67.158359
       3.717910      70.507194
       3.716267      73.438636
       3.748068      76.067680
       4.237522      79.066406
       5.707858      83.183831
       7.172096      88.069802
       8.222569      92.095828
       9.307465      94.661657
      10.438880      96.104698
      11.429336      96.782253
      12.056579      95.492354
      11.495482      90.585002
       9.640190      82.147342
       7.020331      71.544489
       4.693459      60.567500
       2.940345      50.301559
       2.007334      42.869847
       1.452022      37.687145
       0.950403      34.658073
       0.615022      32.912927
       0.391699      31.722332
       0.125640      30.869560
      -0.162463      30.241659
      -0.375857      29.653376
      -0.382809      29.117994
      -0.321571      28.627517
      -0.170179      28.215034
      -0.050459      28.338840
       0.269282      30.153208
       0.932964      35.235364
       1.236705      42.850360
       1.458160      51.271089
       1.633446      59.251101
       1.870104      65.616006
       1.986464      70.441770
       2.221490      73.714374
       2.574900      75.640466
       2.965542      77.038982
       3.240494      78.205712
       3.549755      79.375910
       3.734864      80.438986
       4.024558      81.407569
       4.227846      82.179350
       4.430962      82.788576
       4.658055      83.217228
       4.591670      83.409206
       4.324866      83.221133
       3.954574      82.812890
       3.698456      82.101084
       3.487914      80.647513
       3.344538      79.062273
       3.336425      77.828661
       3.521508      77.243968
       3.872672      77.411958
       4.735671      78.310498
       6.412330      80.125897
       8.600120      82.859673
      10.448428      85.675280
      11.999665      88.083742
      13.124674      89.849493
      14.054781      91.120265
      14.650925      91.976656
      15.223003      92.721577
      15.562258      93.439785
      15.926273      94.090636
      16.399697      94.641802
      16.835888      95.233261
      17.207719      95.739839
      17.477252      96.105534
      17.840466      96.415946
      18.250661      96.686443
      18.576076      96.896403
      18.820436      97.026202
      18.907741      97.137389
      19.055700      97.220590
      19.151530      97.246478
      19.156626      97.024706
      19.074176      96.504286
      18.669808      95.509256
      18.156198      94.208487
      17.571068      93.061715
      17.120974      92.093943
      16.572526      91.074571
      16.078375      89.894275
      15.328335      88.522778
      14.529047      86.980129
      13.563949      85.568231
      12.322736      84.284481
      10.502123      83.009707
       7.738623      81.816394
       4.445776      80.736513
       2.203205      79.762573
       0.799661      78.942984
      -0.517168      78.368874
      -1.274591      77.978297
      -1.467009      77.843407
      -1.366814      77.968267
      -1.287734      78.326327
      -1.067330      79.038395
       0.041728      81.263767
       2.272140      85.992201
       4.782352      92.901297
       7.359285     100.508435
       9.414189     107.123060
      10.865133     111.992478
      11.222491     115.234687
      10.954704     117.161682
      10.498619     118.756359
      10.026377     120.493153
       9.761681     122.201786
       9.514248     123.636910
       9.233127     124.726661
       8.977281     125.728879
       8.787694     126.581121
       8.655226     127.343703
       8.469165     128.154127
       8.382779     128.800732
       8.370601     129.113826
       8.425103     128.886818
       8.265575     127.475591
       7.444672     124.108362
       6.141716     119.349198
       4.421321     114.245176
       2.695813     109.530822
       0.869793     105.529888
      -0.270113     102.482601
      -0.976675     100.219568
      -1.562677      98.527275
      -2.007112      97.561990
      -2.196049      97.318575
      -2.304463      97.583137
      -2.305933      98.125541
      -2.364990      98.678396
      -2.408233      99.177951
      -2.425507      99.607739
      -2.148013     100.044123
      -1.261376     100.774435
       0.309150     101.866333
       2.747242     103.361752
       6.566968     105.239759
       8.710677     107.091722
       9.764556     108.269172
      10.876294     108.884353
      11.499798     109.047889
      11.985756     109.007012
      12.271232     108.963804
      12.404766     108.934360
      12.484382     108.921742
      12.680088     109.028752
      12.907664     109.336269
      13.036603     109.651850
      13.063080     109.847937
      13.094642     109.877973
      13.226424     109.772556
      13.506912     109.721519
      13.849035     109.779016
      14.263133     109.958134
      14.824966     110.184286
      16.055879     110.902018
      18.197388     113.539907
      20.599579     118.288784
      22.511327     122.824631
      24.004437     125.694345
      24.862088     126.779375
      25.537238     127.403823
      25.992616     127.838148
      26.320001     128.066234
      26.600062     128.065311
      26.978946     128.097601
      27.089871     127.640720
      26.434877     124.879492
      24.584672     117.700200
      21.528972     106.963293
      17.621601      94.031439
      13.180923      80.014040
       8.485340      67.088442
       4.122900      56.093239
       1.401314      47.497157
       0.116634      41.467032
      -0.374711      37.279998
      -0.645773      34.049281
      -0.932937      30.827882
      -1.484126      27.500309
      -2.086061      24.501864
      -2.605308      22.177555
      -2.948365      20.319513
      -3.259299      18.815146
      -3.533780      17.414111
      -3.711125      15.965905
      -4.040358      14.560333
      -4.478676      13.360260
      -4.851999      12.208882
      -5.098040      11.389027
      -4.985232      11.562326
      -4.036400      14.246264
      -1.834385      21.017161
       1.240735      31.777748
       4.908761      44.598588
       8.614494      57.277114
      11.823377      68.527942
      14.290278      77.805731
      16.217139      85.305223
      17.687118      91.590658
      18.709083      97.072606
      19.422039     102.231221
      20.022242     106.862160
      20.337976     110.619854
      20.460658     113.499632
      20.663439     116.034386
      20.749304     118.464239
      20.839384     120.592946
      20.853953     122.089783
      20.730878     123.071932
      20.474806     123.622310
      19.916945     123.524315
      19.408593     123.200652
      19.134411     123.342478
      18.592429     123.339175
      16.565859     121.373333
      12.756115     117.209466
       9.208766     113.081190
       6.809705     110.408137
       4.981640     108.961812
       3.811661     108.054880
       3.227583     107.564029
       3.103702     107.325219
       3.174031     107.211030
       3.239446     107.187037
       3.310007     107.292075
       3.601179     107.929355
       4.486594     109.618773
       6.037098     113.229232
       7.565868     118.157896
       8.863028     123.666130
       9.724174     128.803054
      10.211999     133.282619
      10.103583     136.801309
       9.608124     139.334480
       8.953113     141.330046
       8.249825     143.476132
       7.331800     145.615038
       6.379771     147.387463
       5.523052     148.824190
       4.952993     150.281725
       4.383799     151.799311
       3.733572     153.276031
       2.902475     154.573556
       2.200792     155.629696
       1.693945     156.166951
       1.426790     156.489729
       1.258683     156.867110
       1.243069     156.974033
       1.270294     156.715969
       1.215574     156.136837
       0.884298     155.710974
       0.215667     155.415987
      -0.650234     155.315796
      -1.156521     154.945749
      -1.387742     154.307527
      -1.858018     153.659969
      -2.637004     153.115672
      -3.261866     152.993925
      -3.680911     153.386023
      -3.689154     154.362508
      -3.638264     155.986260
      -3.583930     157.701731
      -3.240791     159.441070
      -2.547585     161.655960
      -1.574447     164.730709
      -0.731099     167.665594
      -0.297169     169.308240
      -0.178541     169.713510
      -0.155225     169.388575
      -0.096724     168.507783
      -0.375462     165.670718
      -1.213343     158.477544
      -2.404863     147.750594
      -2.959577     137.297483
      -3.093432     129.280383
      -3.170522     123.375738
      -3.259281     118.715590
      -2.923841     115.711967
      -2.622107     113.473161
      -2.534550     111.955342
      -2.443082     110.987055
      -2.363828     110.325849
      -2.291430     109.747980
      -2.144916     109.193143
      -2.023200     108.533374
      -1.865469     107.621507
      -1.740172     106.426213
      -1.610786     105.010837
      -1.459234     103.489045
      -1.240297     102.015103
      -1.085465     100.837780
      -0.994970      99.913440
      -0.905518      99.320776
      -0.809794      98.867257
      -0.730819      98.715601
      -0.672109      98.758877
      -0.605804      98.990081
      -0.539325      99.169771
      -0.408142      99.157561
      -0.235202      98.785814
      -0.195272      98.096729
      -0.200123      97.257231
      -0.200440      96.177126
      -0.201255      95.030441
      -0.264479      93.874917
      -0.304914      93.040655
      -0.411241      92.601755
      -0.585539      92.472548
      -0.789201      92.557371
      -0.959546      92.788371
      -1.132215      93.024121
      -1.274121      93.407535
      -1.387040      93.982383
      -1.470470      94.758730
      -1.583631      95.726103
      -1.691944      96.820604
      -1.842503      98.152322
      -2.115448     100.011698
      -2.485844     102.188829
      -2.832932     104.240164
      -3.127414     106.104484
      -3.237435     107.699103
      -3.243292     109.273381
      -3.140495     110.917833
      -2.994247     112.350742
      -2.847002     113.488111
      -2.723836     114.226933
      -2.563068     114.700298
      -2.352747     114.996780
      -2.140562     115.213229
      -1.983408     115.219854
      -1.890165     114.969416
      -1.823270     114.454863
      -1.786096     113.714041
      -1.686375     112.812674
      -1.570751     111.950115
      -1.458604     111.195927
      -1.365634     110.483683
      -1.325128     109.660456
      -1.311908     108.546090
      -1.321154     107.308676
      -1.323381     106.112867
      -1.281699     104.944860
      -1.213633     103.856945
      -1.118787     102.798327
      -1.001351     101.877727
      -0.896354     101.047497
      -0.866292     100.264311
      -0.845674      99.531037
      -0.814290      98.856027
      -0.779317      98.216862
      -0.754546      97.515207
      -0.656605      96.688542
      -0.571242      95.517115
      -0.391761      93.440980
      -0.191075      90.552926
      -0.079875      87.778624
      -0.043613      85.376631
       0.000062      82.862034
      -0.098553      79.286152
      -0.307101      74.413033
      -0.483603      68.124834
      -0.643331      60.291232
      -1.013789      51.625870
      -1.810556      43.043379
      -2.716635      35.862748
      -3.443110      30.539370
      -4.171538      27.109056
      -4.889361      25.110218
      -5.812975      24.657439
      -6.398819      26.775000
      -6.597729      32.962646
      -6.361675      43.481298
      -5.598588      56.677058
      -4.674585      69.663927
      -4.270469      79.742440
      -4.175456      86.291772
      -4.030709      89.944040
      -3.736259      92.657018
      -3.524996      95.813209
      -3.392396      99.729699
      -2.997509     103.928149
      -2.344818     108.252308
      -2.297893     112.306670
      -2.623318     116.268029
      -3.009854     120.541403
      -3.420633     125.127453
      -3.911450     129.690510
      -4.473924     134.199295
      -5.140792     138.084253
      -5.624572     140.939493
      -6.096431     142.705011
      -6.424344     143.845586
      -6.397601     144.689377
      -6.316475     145.325890
      -6.233387     145.751540
      -6.117286     145.943985
      -5.928293     146.031470
      -5.634751     146.147747
      -5.266013     146.293526
      -5.011830     146.412717
      -4.824460     146.452933
      -4.726308     146.256612
      -4.738639     145.389391
      -4.848200     143.210035
      -5.068956     139.587841
      -5.158030     135.936681
      -4.967890     133.240091
      -4.767645     131.373925
      -4.608751     130.019165
      -4.408997     129.223585
      -4.192448     128.884759
      -4.059257     128.776136
      -3.959700     128.762848
      -3.785828     129.113146
      -3.636610     130.219158
      -3.552670     132.263460
      -3.565005     134.767557
      -3.496621     137.202645
      -3.251559     139.338385
      -2.956388     141.576054
      -2.460290     144.674359
      -1.601006     149.201999
      -0.248881     155.662160
       0.836597     163.342397
       1.619663     170.099915
       2.031895     175.446254
       1.938438     179.620555
       1.406188    -176.213120
       0.171793    -172.563009
      -0.733356    -169.936156
      -1.162411    -167.912564
      -1.380370    -166.129221
      -1.532395    -165.081677
      -1.680855    -165.083523
      -1.877242    -166.077659
      -1.864946    -167.369005
      -1.806274    -169.433842
      -1.852603    -173.527303
      -1.967839    -179.155719
      -1.688109     176.414978
      -1.332909     173.352780
      -1.440567     169.043571
      -2.298679     160.160269
      -3.732638     149.197064
      -4.755798     139.004649
      -5.280578     131.219802
      -5.420543     126.447077
      -5.352637     123.817397
      -5.465669     121.948162
      -5.331839     120.736199
      -5.070784     119.891349
      -4.896365     119.578595
      -4.657960     120.510843
      -4.143083     123.747427
      -2.984440     130.088630
      -1.260984     139.360465
       0.072347     149.159655
       1.121415     157.788420
       2.030655     164.334240
       2.757164     169.449637
       3.105304     173.502687
       3.184319     176.625326
       3.114652     179.004549
       2.979559    -178.959709
       3.293306    -177.120121
       3.726969    -175.716111
       3.919394    -174.859915
       3.912970    -174.395000
       3.848967    -174.249251
       3.817086    -174.253020
       3.787712    -174.250999
       3.618369    -174.122210
       3.247447    -173.858416
       2.840300    -173.256689
       2.496952    -172.420562
       2.165690    -171.409466
       1.837683    -170.386946
       1.633799    -169.531119
       1.803016    -169.020607
       2.287895    -168.874333
       2.749265    -169.072907
       3.145765    -169.428985
       3.389934    -169.745819
       3.512811    -170.095757
       3.587536    -170.467553
       3.635965    -170.681806
       3.558425    -170.758877
       3.421414    -170.761189
       3.344165    -170.615362
       3.274759    -170.452321
       3.238356    -170.368664
       3.301631    -170.355278
       3.380539    -170.399166
       3.509325    -170.524030
       3.644278    -170.664573
       3.725597    -170.749435
       3.788433    -170.787087
       3.766988    -170.802726
       3.678577    -170.876398
       3.556741    -171.034445
       3.498944    -171.239664
       3.453889    -171.526773
       3.447264    -171.700596
       3.445963    -171.856351
       3.416430    -172.135649
       3.382061    -172.623994
       3.268605    -173.356627
       3.198356    -174.214960
       3.033978    -175.093304
       2.917797    -176.089208
       2.782852    -177.386830
       2.688651    -178.670657
       2.614032    -179.889557
       2.614496     179.027649
       2.579706     178.404590
       2.550733     178.096499
       2.571574     178.051134
       2.633628     178.177495
       2.791858     178.440843
       2.998920     178.804906
       3.553588     179.392955
       4.813337    -179.612570
       7.207808    -177.887802
      10.515918    -175.188735
      13.596716    -172.179887
      15.722185    -170.222079
      17.714219    -169.190991
      19.515650    -168.337884
      20.990287    -167.432632
      22.074615    -166.619100
      23.124930    -165.675303
      24.164527    -164.850910
      25.292007    -164.232009
      26.420962    -163.670751
      27.562413    -163.202573
      28.518766    -162.914386
      29.370569    -162.556326
      30.030310    -162.236006
      30.500322    -161.796571
      30.868739    -161.233050
      31.204930    -160.452623
      31.645912    -159.323424
      32.236366    -158.253926
      32.930592    -157.504653
      33.512349    -157.052192
      33.891668    -156.574504
      34.046763    -156.059630
      34.151721    -155.967716
      34.130231    -156.508759
      33.960594    -156.855133
      33.783301    -157.052785
      33.495877    -157.300804
      33.422577    -157.313626
      33.355929    -157.349966
      33.221763    -157.463028
      32.997439    -157.622533
      32.819099    -157.645516
      32.722447    -157.539623
      32.587735    -157.544306
      32.431834    -157.706278
      32.245664    -157.911283
      31.814839    -158.207620
      30.717280    -158.681636
      28.755575    -159.319013
      25.932940    -159.840454
      22.128795    -160.445784
      17.877008    -160.854338
      14.175083    -160.852308
      11.153786    -160.697670
       8.975151    -160.433360
       8.049342    -160.025254
       7.828736    -159.539678
       8.113067    -159.025338
       8.516319    -158.569341
       9.000387    -158.231701
       9.396404    -158.020809
       9.619709    -158.020595
       9.788989    -158.055099
      10.042753    -157.990035
      10.512376    -157.900656
      11.179312    -157.873825
      11.878855    -157.902598
      12.425152    -157.976814
      12.875750    -157.989189
      13.281291    -158.009375
      13.640217    -158.038090
      14.069120    -158.064250
      14.926048    -158.071108
      16.095725    -158.221180
      16.974618    -158.501741
      17.805332    -158.755948
      18.416357    -158.990455
      18.894534    -159.204184
      19.288159    -159.439808
      19.480666    -159.616127
      19.574394    -159.631407
      19.735082    -159.531829
      19.853717    -159.375365
      19.883791    -159.204116
      19.841822    -159.048574
      19.763340    -158.904214
      19.694860    -158.601718
      19.576494    -158.217946
      19.312167    -157.776083
      18.895900    -156.981794
      18.362423    -155.630755
      17.923765    -154.251759
      17.590570    -153.180493
      17.085686    -152.439963
      16.586397    -151.887661
      16.138774    -151.483216
      15.743389    -151.000263
      15.565059    -150.898168
      15.574231    -151.011755
      15.684561    -150.985197
      15.841680    -150.666187
      15.959234    -150.222576
      16.018950    -149.698280
      16.054408    -149.062126
      16.097998    -147.991541
      16.094167    -146.547810
      15.981487    -145.078541
      15.860900    -143.767164
      15.657771    -142.741254
      15.310745    -142.223719
      15.072863    -142.444247
      15.068709    -143.276595
      15.346373    -144.405076
      15.640310    -146.062856
      15.761542    -148.190582
      15.765489    -150.312033
      15.850077    -152.030273
      15.957154    -153.390521
      16.316195    -154.512377
      16.831140    -155.462712
      17.298863    -156.102556
      17.636132    -156.377007
      17.728400    -157.100432
      17.652518    -158.600786
      17.456910    -160.133808
      16.990480    -160.821407
      16.342895    -160.701099
      15.740921    -160.737264
      15.355639    -161.194524
      15.021940    -161.415460
      14.726881    -161.219926
      14.413806    -160.623998
      14.052249    -159.830759
      13.702296    -158.854983
      13.404882    -157.615335
      13.192553    -156.153808
      13.142332    -154.704929
      13.326736    -153.285813
      13.586006    -151.932821
      13.759758    -150.735147
      14.004585    -149.575669
      14.317229    -148.400959
      14.480543    -147.270448
      14.570026    -146.285074
      14.849714    -145.441186
      15.252541    -144.502935
      15.369271    -143.483514
      15.383819    -142.520425
      15.402682    -141.754812
      15.607130    -141.553304
      15.794534    -142.262925
      15.940923    -142.969039
      16.151531    -143.235447
      16.458990    -143.469545
      16.739503    -144.072331
      17.053632    -144.947431
      17.340409    -145.649154
      17.623182    -145.982812
      17.976641    -146.163260
      18.312587    -146.474926
      18.539223    -146.850772
      18.745439    -147.155239
      18.954867    -147.450488
      19.108289    -147.695641
      19.218236    -147.862859
      19.271070    -147.870718
      19.272765    -147.827995
      19.239709    -147.854903
      19.206799    -147.911915
      19.222446    -148.014738
      19.153903    -148.374750
      19.068143    -148.921622
      18.962536    -149.552297
      18.960268    -150.062974
      18.991280    -150.342914
      18.994616    -150.371696
      19.000107    -150.422510
      18.974212    -150.464057
      18.932060    -150.468837
      18.917849    -150.540730
      18.916199    -150.631732
      18.950823    -150.735244
      18.898751    -150.919364
      18.831697    -151.083270
      18.751533    -151.250409
      18.713802    -151.454948
      18.614620    -151.778824
      18.537815    -152.277767
      18.463346    -152.963423
      18.458178    -153.841486
      18.455101    -154.973648
      18.413260    -156.396445
      18.404341    -157.957512
      18.393372    -159.498509
      18.361170    -160.960678
      18.268210    -162.318857
      18.158297    -163.568423
      18.049557    -164.636541
      17.844649    -165.749576
      17.617854    -167.020562
      17.483392    -168.374351
      17.425822    -169.762624
      17.399328    -171.116238
      17.412955    -172.446790
      17.425741    -173.865313
      17.443547    -175.450548
      17.455525    -177.210986
      17.493766    -178.896412
      17.541876     179.595707
      17.581146     178.048492
      17.675500     176.403127
      17.747417     174.867103
      17.786360     173.573406
      17.714168     172.610744
      17.612913     171.863811
      17.463293     171.328489
      17.277201     171.163914
      17.111516     171.532446
      16.879735     172.145208
      16.456340     172.602001
      15.992587     173.515393
      15.643563     174.681876
      15.267214     175.797806
      14.862437     177.039475
      14.573267     178.456346
      14.373423    -179.997091
      14.317691    -178.576081
      14.308756    -177.271291
      14.347512    -175.836934
      14.237150    -174.274857
      13.971962    -172.664637
      13.672807    -171.107495
      13.374315    -169.495662
      13.072164    -167.860419
      12.642487    -166.256028
      12.240176    -164.681536
      11.914961    -163.038813
      11.618087    -161.468304
      11.314420    -160.024379
      11.139099    -158.568001
      11.071738    -157.170150
      11.104336    -155.852595
      11.184116    -154.714429
      11.175477    -153.598469
      11.177003    -152.451765
      11.328334    -151.316076
      11.530365    -150.288194
      11.724471    -149.445374
      11.883705    -148.755425
      11.961707    -148.001226
      11.924757    -147.102958
      11.830880    -146.188128
      11.655738    -145.443469
      11.399177    -144.804673
      11.162074    -144.211533
      11.153287    -143.640765
      11.264920    -143.032073
      11.308514    -142.433231
      11.116765    -141.766119
      10.975596    -140.859167
      10.754488    -139.673986
      10.427775    -138.303353
      10.027614    -136.906007
       9.647221    -135.526894
       9.328008    -134.239899
       9.043515    -133.047383
       8.947483    -131.803937
       9.079132    -130.527589
       9.213396    -129.285619
       9.357969    -128.015624
       9.453036    -126.697369
       9.538132    -125.449687
       9.425071    -124.321177
       9.221038    -123.290779
       9.232250    -122.220690
       9.219837    -121.021947
       9.091574    -120.012007
       9.020078    -119.215717
       9.003593    -118.410151
       8.903761    -117.524881
       8.821015    -116.697594
       8.710140    -115.891396
       8.647927    -115.054705
       8.586826    -114.287849
       8.494013    -113.705997
       8.400234    -113.068494
       8.386825    -111.952321
       8.400569    -110.038216
       8.101014    -107.996916
       7.569957    -106.904173
       6.881348    -106.325080
       6.369966    -105.602598
       6.015587    -104.728878
       5.832166    -103.909692
       5.705600    -102.970460
       5.602212    -102.109359
       5.689761    -101.614836
       5.971545    -101.332293
       6.380191    -101.234861
       6.378841    -101.128366
       6.111597    -100.699870
       6.093361     -99.993192
       6.334328     -99.585426
       6.342268     -99.677525
       6.302432     -99.839662
       6.395796     -99.730641
       6.199044     -99.100209
       6.060350     -98.198367
       5.651445     -96.899638
       4.944601     -95.165272
       4.111485     -93.203754
       3.481408     -91.522262
       3.244396     -90.446062
       3.353349     -89.828239
       3.583237     -89.241365
       3.858416     -88.484398
       4.048902     -87.530799
       4.124459     -86.608926
       4.149063     -85.904415
       4.169553     -85.523964
       4.211945     -85.326264
       4.364480     -85.280093
       4.350811     -85.441647
       4.244250     -85.783203
       4.097183     -86.182305
       3.924047     -86.593811
       3.760375     -87.054063
