       1.099230      14.291464
       0.947132      14.513573
       0.916524      14.324265
       0.939268      14.224001
       0.876407      14.220325
       0.855624      14.139090
       0.855300      13.934380
       0.733756      13.675887
       0.566934      13.256244
       0.366138      12.792573
       0.146277      12.416980
      -0.005879      12.063263
      -0.125976      11.764768
      -0.192944      11.630166
      -0.186336      11.467803
      -0.247150      11.270242
      -0.343068      10.901095
      -0.412829      10.457680
      -0.479061      10.037091
      -0.544531       9.507111
      -0.615786       8.889670
      -0.662887       8.348051
      -0.630843       7.952652
      -0.539717       7.602644
      -0.526844       7.347816
      -0.570997       7.175341
      -0.511561       6.940915
      -0.424135       6.473061
      -0.336304       5.674158
      -0.187642       4.765668
       0.048290       3.824056
       0.226579       3.085213
       0.307800       2.526437
       0.345325       2.083702
       0.341388       1.697235
       0.232501       1.431274
       0.133461       1.279395
       0.073346       1.183041
       0.051132       1.031701
       0.048934       0.752614
      -0.046794       0.243013
      -0.171554      -0.573110
      -0.352162      -1.745935
      -0.677728      -3.160415
      -1.067327      -4.690532
      -1.368569      -6.167084
      -1.616603      -7.441234
      -1.771574      -8.501275
      -1.847096      -9.521656
      -1.946103     -10.199891
      -2.017832     -10.560041
      -2.085042     -10.573996
      -2.148790     -10.452631
      -2.114814     -10.476658
      -2.059582     -10.774824
      -1.913706     -11.436789
      -1.724875     -12.479536
      -1.534605     -13.688205
      -1.330929     -14.816630
      -1.035770     -15.862595
      -0.739542     -16.856958
      -0.437938     -17.748199
      -0.152483     -18.556116
       0.093608     -19.306785
       0.339846     -19.994095
       0.430938     -20.499480
       0.470711     -20.893793
       0.431516     -21.142052
       0.408504     -21.428250
       0.485511     -22.019119
       0.693803     -23.324386
       0.755991     -25.028781
       0.775637     -26.637420
       0.816213     -27.879373
       0.678225     -28.608499
       0.409125     -28.942425
       0.233311     -28.928303
       0.252633     -28.334337
       0.363317     -27.210381
       0.593209     -25.438296
       1.197125     -23.090017
       2.168333     -19.109659
       3.305402     -13.825337
       4.309507      -8.075070
       5.257827      -2.723779
       6.129675       1.385847
       6.796837       4.389626
       7.224903       6.339442
       7.652981       7.766858
       7.820100       8.909885
       7.999504       9.939656
       8.122695      11.069762
       8.420505      12.855073
       8.908040      15.986589
       9.685315      19.985779
      10.430464      24.074687
      10.821253      27.292581
      11.091335      29.421805
      11.319351      30.700400
      11.459427      31.305024
      11.622488      31.522218
      11.772574      31.520394
      11.948505      31.474204
      12.085491      31.407272
      12.152032      31.330815
      12.343778      31.207818
      12.583140      31.068973
      12.755146      30.924785
      12.758694      30.750175
      12.709867      30.506384
      12.794358      30.205425
      12.826789      29.922973
      12.784374      29.730447
      12.484851      29.438642
      11.642022      28.930554
      10.226815      28.014070
       8.450951      26.853057
       7.079820      25.589595
       6.039746      24.531975
       5.387301      23.732468
       5.042517      23.293682
       4.886913      23.178197
       4.847788      23.232566
       4.828582      23.327025
       4.835236      23.449044
       5.057055      23.654821
       6.297315      24.534787
       8.691415      26.281283
      11.263483      28.842613
      12.897491      31.064555
      14.309920      32.355911
      15.312982      32.933703
      16.047721      33.137482
      16.447217      33.195972
      16.339153      33.011231
      15.565453      31.969086
      14.131062      29.530231
      12.317396      25.274505
      10.220311      19.793786
       7.760780      13.870418
       4.977859       8.125129
       2.760727       3.238349
       1.438674      -0.353285
       0.773329      -2.871145
       0.356380      -4.809685
       0.240309      -6.590154
       0.742938      -9.125373
       1.675885     -12.473868
       2.464740     -15.986253
       3.273454     -19.266618
       4.044712     -22.034134
       4.745498     -24.094557
       5.604330     -25.751928
       6.322199     -26.970553
       6.786203     -27.723647
       7.140407     -28.075635
       7.566729     -28.332288
       7.925312     -28.796119
       8.117506     -29.541907
       8.002766     -30.426578
       7.688332     -31.212250
       7.414494     -31.977918
       7.137220     -32.985445
       6.730063     -34.408864
       5.753369     -36.436911
       3.904689     -38.994948
       1.570931     -41.514718
      -0.668166     -44.461887
      -2.803724     -47.723208
      -4.807711     -51.064539
      -6.717255     -53.679507
      -8.142937     -55.389738
      -9.222030     -56.872563
     -10.265500     -58.524645
     -11.287930     -59.753030
     -12.180938     -60.315721
     -12.880809     -60.718232
     -13.614443     -61.253608
     -14.269424     -61.548385
     -14.611204     -61.337420
     -14.819607     -61.108781
     -15.037949     -60.838400
     -15.082818     -60.494129
     -14.880384     -59.835556
     -14.384316     -58.908690
     -13.292846     -57.485898
     -11.761705     -55.237014
      -9.891017     -52.776436
      -8.102558     -50.250215
      -6.437521     -47.271243
      -4.852427     -43.573979
      -3.253276     -39.365837
      -1.916002     -35.174160
      -0.867444     -31.696303
      -0.080592     -29.067845
       0.560295     -27.561148
       1.096387     -26.384174
       1.563430     -25.105150
       1.601437     -23.059233
       1.113048     -19.379814
       0.768324     -14.207574
       0.658670      -7.780931
       0.446326      -0.925568
      -0.049252       6.886561
      -0.860484      14.798363
      -1.685172      21.858553
      -2.123762      27.372807
      -2.168273      31.151581
      -1.794087      33.830771
      -1.498873      35.554062
      -1.268051      36.728478
      -1.110546      37.597604
      -0.947620      38.595343
      -0.695723      40.216919
      -0.434204      42.788773
      -0.180486      46.407848
       0.007923      50.388029
       0.175265      54.054319
       0.405333      57.534862
       0.539488      60.649943
       0.642802      63.409878
       0.657871      66.038946
       0.614617      68.553223
       0.378966      70.679745
      -0.118611      71.695858
      -0.510616      71.379549
      -0.891799      69.383041
      -1.374801      65.622471
      -1.565261      59.967813
      -1.634992      52.872396
      -1.617695      44.981001
      -1.513593      37.381372
      -1.562816      31.203609
      -1.669075      26.713991
      -1.846246      23.913013
      -1.976297      22.761321
      -2.062635      23.075206
      -2.085435      24.953621
      -1.977108      28.795521
      -1.598807      34.361838
      -1.081331      40.554480
      -0.746650      46.888971
      -0.462780      52.507740
      -0.356078      57.214837
      -0.133986      61.184774
       0.146787      64.759932
       0.237402      68.215204
       0.084452      71.246214
      -0.204678      74.100915
      -0.512393      76.735214
      -1.004213      78.676703
      -1.348793      79.568690
      -1.701127      78.969406
      -2.086513      76.535693
      -2.305208      73.281128
      -2.448508      69.783284
      -2.593280      66.747236
      -2.386854      63.710324
      -2.314723      61.307943
      -2.345245      58.276791
      -2.553566      54.710843
      -2.783975      50.560395
      -3.066187      45.983845
      -3.223180      40.942021
      -3.310127      36.017238
      -3.259835      31.406278
      -2.988616      26.821797
      -2.628962      22.580717
      -2.296639      18.846268
      -2.072717      15.721960
      -2.163672      13.014014
      -2.526683      10.400864
      -3.004906       8.161238
      -3.381269       6.378562
      -3.600295       4.918826
      -3.739413       3.545029
      -3.766655       1.962468
      -3.776733       0.113588
      -3.721251      -2.016551
      -3.751460      -4.230900
      -3.885964      -6.364314
      -4.029089      -8.354698
      -4.059743     -10.287352
      -4.022766     -12.214253
      -3.908212     -14.206606
      -3.698585     -16.292486
      -3.353186     -18.361425
      -2.815435     -20.283204
      -2.375201     -22.056873
      -1.922373     -23.694491
      -1.444603     -25.194376
      -0.943328     -26.429605
      -0.371075     -27.413582
       0.054524     -28.143315
       0.419160     -28.793834
       0.695574     -29.318385
       1.075252     -29.742022
       1.467752     -29.999723
       1.990281     -30.240993
       2.616922     -30.358538
       3.378505     -30.371847
       4.220614     -30.249707
       5.055875     -29.938564
       5.898591     -29.548413
       6.535100     -29.124648
       7.225360     -28.879956
       8.073783     -28.943957
       8.880817     -29.173315
       9.649150     -29.458814
      10.420344     -29.694326
      11.061996     -29.916362
      11.588460     -30.073193
      11.965549     -30.226964
      12.089755     -30.401683
      11.984997     -30.456381
      11.715170     -30.407213
      11.470261     -30.279393
      11.170548     -30.065616
      10.835824     -29.793411
      10.502078     -29.348938
      10.198880     -28.833501
       9.877118     -27.970979
       9.646039     -26.889344
       9.602756     -25.729868
       9.649132     -24.707637
       9.785663     -23.775878
      10.148809     -22.942730
      10.674246     -22.292302
      11.055870     -21.734432
      11.267344     -21.356133
      11.323111     -21.090412
      11.150589     -20.987482
      10.989285     -20.982149
      10.956622     -21.087688
      11.208385     -21.301739
      11.667069     -21.547677
      12.136938     -21.748403
      12.543633     -21.853278
      12.849764     -21.970522
      13.088448     -22.059469
      13.202671     -22.179916
      13.273147     -22.437007
      13.290681     -22.772322
      13.610191     -23.114346
      13.888934     -23.483354
      14.218180     -23.901660
      14.455214     -24.290955
      14.868860     -24.601079
      15.217081     -24.823423
      15.633007     -25.083570
      15.929921     -25.319389
      16.127463     -25.465454
      16.166441     -25.543815
      16.206680     -25.615601
      16.123046     -25.600095
      16.043602     -25.526206
      15.803079     -25.321545
      15.123014     -25.049617
      14.175219     -24.744079
      13.094831     -24.417034
      12.194552     -23.993812
      11.476982     -23.484038
      10.773137     -22.968140
      10.248754     -22.526025
       9.687659     -22.171481
       9.232602     -21.906397
       8.838244     -21.724400
       8.456156     -21.633182
       8.002745     -21.495226
       7.568942     -21.292651
       7.207386     -20.989530
       6.983117     -20.695913
       6.897999     -20.431674
       6.891780     -20.126886
       6.916202     -19.843188
       6.961267     -19.566799
       6.971707     -19.359690
       6.976955     -19.215607
       6.981363     -19.128304
       6.994014     -19.128111
       6.974378     -19.106440
       6.941108     -19.085471
       6.833061     -18.967002
       6.682418     -18.747855
       6.472820     -18.426279
       6.294278     -18.089792
       6.052685     -17.728734
       5.726360     -17.218851
       5.282794     -16.493633
       4.810595     -15.722855
       4.612099     -15.094175
       4.463207     -14.679395
       4.365400     -14.413678
       4.265208     -14.204730
       4.237964     -13.975274
       4.166621     -13.733869
       4.122833     -13.500739
       4.027585     -13.302389
       3.947782     -13.134035
       3.885328     -13.008246
       3.924614     -12.885954
       3.990601     -12.715636
       3.997909     -12.483174
       3.886209     -12.251492
       3.781078     -12.184124
       3.662293     -12.202681
       3.575975     -12.278663
       3.523607     -12.334402
       3.506170     -12.329136
       3.436984     -12.326596
       3.320092     -12.356614
       3.223259     -12.510621
       3.080581     -12.669985
       3.010914     -12.909149
       2.961044     -12.964299
       2.934149     -13.015834
       2.946375     -12.959041
       2.932247     -12.836248
       2.900081     -12.649728
       2.913186     -12.467531
       2.945854     -12.249490
       2.974951     -12.045907
       2.961483     -11.867959
       2.991066     -11.737558
       3.081820     -11.622660
       3.162360     -11.514022
       3.268298     -11.441316
       3.368242     -11.369006
       3.521930     -11.328472
       3.644750     -11.299535
       3.735468     -11.275790
       3.788494     -11.275071
       3.823473     -11.278594
       3.813513     -11.285408
       3.780930     -11.301026
       3.743429     -11.300179
       3.710361     -11.301885
       3.635735     -11.351250
       3.547545     -11.412032
       3.482831     -11.469384
       3.467862     -11.528558
       3.513205     -11.635384
       3.646656     -11.890467
       3.840520     -12.346832
       4.011996     -12.899186
       4.116462     -13.463477
       4.111995     -13.951803
       4.092699     -14.365254
       4.064362     -14.748761
       4.069810     -15.140103
       4.213756     -15.889786
       4.599492     -17.308073
       5.341326     -19.434262
       6.127397     -21.653300
       6.960615     -23.678057
       7.552699     -25.120345
       7.916937     -25.947632
       8.129940     -26.222625
       8.383624     -26.204100
       8.837546     -26.118214
       9.723400     -26.186557
      10.916677     -26.682226
      12.272684     -27.876143
      13.496848     -29.450877
      14.905113     -31.433903
      16.782515     -34.335743
      18.493543     -37.826241
      19.533848     -40.524558
      20.396086     -41.889899
      21.182205     -42.300201
      21.927137     -42.487167
      22.739394     -42.689224
      23.468171     -42.727832
      24.661240     -41.468528
      25.833291     -37.771500
      26.513364     -31.862953
      26.961966     -25.392387
      27.408715     -19.341228
      27.712014     -13.849871
      28.009852      -9.066777
      28.505926      -5.130397
      28.760233      -1.849030
      29.017225       0.471240
      29.215911       2.074316
      29.350633       3.208712
      29.225222       4.323600
      28.811200       5.937645
      28.317709       8.070185
      27.694393      10.603055
      27.129096      13.240555
      26.563248      16.081755
      25.953990      19.144343
      25.428684      22.521840
      25.084399      26.667778
      25.052102      32.886189
      24.774936      39.812739
      24.321771      46.300426
      23.929806      51.216510
      23.322151      53.977636
      22.736521      55.291466
      22.316123      55.937829
      22.064124      56.571189
      21.991752      57.265239
      21.957444      57.776202
      21.929368      57.980207
      21.841765      58.009903
      21.786873      57.936805
      21.768705      57.808686
      21.728242      57.566029
      21.629253      57.335185
      21.436645      57.121194
      21.167573      56.878202
      20.850150      56.517612
      20.379861      56.086920
      19.858524      55.594607
      19.295260      54.959274
      18.724361      54.147219
      18.178583      53.229538
      17.234975      51.723948
      15.796576      49.534999
      13.685371      46.271949
      11.383361      42.423807
       9.042823      38.502278
       7.002384      35.111403
       5.413108      32.367974
       4.175174      30.015385
       3.029475      27.945882
       1.937894      26.016454
       0.982907      24.274531
       0.204195      22.692905
      -0.362881      21.399824
      -0.797120      20.085229
      -1.033158      18.511609
      -1.219099      16.989702
      -1.339423      15.499236
      -1.350275      14.201658
      -1.328197      12.959079
      -1.288008      11.968474
      -1.184541      11.114153
      -1.036534      10.476012
      -0.964672       9.985210
      -0.942213       9.622734
      -1.005688       9.412540
      -1.016761       9.366440
      -0.992014       9.344596
      -0.956844       9.270603
      -0.906837       9.172242
      -0.791481       9.021276
      -0.622610       8.809820
      -0.528886       8.573973
      -0.562711       8.331130
      -0.552847       8.264665
      -0.472915       8.274751
      -0.432889       8.325761
      -0.308175       8.292042
      -0.266116       8.131439
      -0.234459       7.883125
      -0.133310       7.687811
      -0.108133       7.588554
      -0.175607       7.529885
      -0.324770       7.504718
      -0.391260       7.487882
      -0.469241       7.539582
      -0.399255       7.680145
      -0.390881       7.892990
      -0.350104       8.046615
      -0.284331       8.137765
      -0.175484       8.113001
      -0.132488       8.035671
      -0.075574       7.956494
      -0.038869       7.887651
      -0.008484       7.862493
       0.036209       7.838186
       0.072745       7.805072
       0.086053       7.718685
       0.065674       7.612277
       0.024291       7.464979
      -0.013442       7.289291
      -0.071754       7.124788
      -0.149597       6.983445
      -0.268877       6.946887
      -0.354152       7.046897
      -0.484198       7.373428
      -0.570466       7.833653
      -0.751154       8.356773
      -0.959130       8.929220
      -1.284847       9.577870
      -1.688325      10.259064
      -2.071806      10.843973
      -2.422807      11.277435
      -2.572077      11.557109
      -2.662277      11.640367
      -2.665546      11.535156
      -2.681384      11.332243
      -2.637835      11.048952
      -2.585136      10.732282
      -2.559075      10.492691
      -2.450421      10.246896
      -2.287059      10.017664
      -2.025128       9.763654
      -1.767789       9.451876
      -1.495576       9.050279
      -1.197239       8.622152
      -0.951544       8.245283
      -0.734327       8.041936
      -0.500357       8.049937
      -0.251575       8.187481
      -0.010786       8.375202
       0.131696       8.567968
       0.216947       8.795850
       0.354925       8.984076
       0.508799       9.126566
       0.579485       9.281188
       0.680916       9.404033
       0.783119       9.496968
       0.911600       9.574864
       1.026252       9.608312
       1.100690       9.631840
       1.192192       9.583520
       1.236143       9.543048
       1.233261       9.532769
       1.192822       9.584950
       1.120310       9.723504
       1.017027       9.920478
       0.854394      10.162136
       0.681948      10.426675
       0.464741      10.651179
       0.238056      10.836611
      -0.010815      10.983046
      -0.249633      11.111183
      -0.446625      11.239107
      -0.539067      11.374500
      -0.651671      11.509572
      -0.765746      11.615044
      -0.881276      11.649453
      -1.011687      11.636815
      -1.218015      11.567954
      -1.467188      11.524699
      -1.762313      11.504664
      -2.078686      11.491091
      -2.567220      11.555162
      -3.366647      11.737178
      -4.191737      12.045425
      -4.650554      12.316112
      -4.961041      12.480312
      -5.120527      12.443999
      -5.154077      12.272653
      -5.209130      12.118173
      -5.293612      12.027225
      -5.553361      12.082288
      -6.187352      12.209363
      -7.232992      12.486573
      -8.181719      12.812620
      -9.504389      13.205174
     -11.083744      13.516113
     -12.654377      13.815996
     -14.363567      14.158860
     -16.130506      14.394503
     -17.824200      14.588162
     -19.164666      14.781203
     -20.345735      15.007179
     -21.373846      15.305315
     -22.307808      15.661687
     -23.227998      16.074618
     -24.384613      16.553446
     -25.907526      17.091778
     -27.550081      17.727469
     -28.467750      18.710211
     -29.000461      20.459330
     -29.190985      22.698704
     -29.109499      25.137853
     -29.250115      27.375799
     -29.601906      29.280143
     -30.396887      30.743224
     -31.646213      31.923894
     -33.210874      32.884445
     -34.993095      33.831750
     -37.282172      35.057322
     -39.769740      36.413214
     -41.944671      37.631802
     -43.699596      38.613071
     -45.038255      39.442709
     -46.101079      39.967625
     -46.868022      40.391126
     -47.209709      40.648276
     -47.293308      40.358457
     -46.788586      39.254708
     -45.225280      36.875168
     -42.477327      33.333045
     -39.455466      29.306869
     -36.598636      25.708264
     -33.951123      22.810989
     -31.597677      20.640249
     -29.493859      18.853555
     -28.087928      17.362506
     -27.075229      16.361288
     -26.035741      15.790295
