      -0.863254       5.830392
      -1.107073       5.623413
      -1.517087       5.365818
      -1.901951       4.951781
      -2.429754       4.280868
      -2.924220       3.502796
      -3.379284       2.846363
      -3.718438       2.481457
      -4.077293       2.406720
      -4.327036       2.494716
      -4.575956       2.535248
      -4.910140       2.392286
      -5.175291       2.170055
      -5.107456       2.452230
      -4.799152       3.700063
      -4.611855       5.367664
      -4.478168       6.937384
      -4.424555       8.067305
      -4.399981       8.970123
      -4.494676       9.826847
      -4.735373      10.588831
      -4.948770      11.223316
      -5.082156      11.738044
      -5.206572      12.238950
      -5.315649      12.797651
      -5.429025      13.964621
      -5.688089      16.341533
      -6.047947      19.692688
      -6.317054      22.680480
      -6.445010      24.814778
      -6.518322      26.164018
      -6.386733      26.958204
      -6.280266      27.446770
      -6.297856      27.869855
      -6.384308      28.266441
      -6.452958      28.702699
      -6.553913      29.262961
      -6.627140      29.872765
      -6.649643      30.374217
      -6.629581      30.513013
      -6.660833      30.098513
      -6.755100      29.009005
      -6.774899      27.225100
      -6.604201      24.643121
      -6.421209      21.812659
      -6.296623      18.588340
      -6.196595      15.332265
      -6.094102      12.134617
      -5.972104       9.088035
      -5.853815       6.355807
      -5.762450       3.922547
      -5.698285       1.829475
      -5.661519      -0.068934
      -5.584923      -2.162248
      -5.699693      -4.524356
      -5.798528      -6.959369
      -5.827390      -9.390665
      -5.845108     -11.887311
      -5.862968     -14.526366
      -5.909345     -17.391682
      -5.883015     -20.873316
      -6.021537     -24.737267
      -6.347994     -28.492778
      -6.726460     -31.679719
      -7.093108     -34.198457
      -7.507493     -36.260883
      -7.910768     -37.964035
      -8.258575     -39.360023
      -8.593511     -40.533135
      -8.916908     -41.651943
      -9.215204     -42.748494
      -9.423032     -43.962104
      -9.618955     -45.251265
      -9.946638     -46.541349
     -10.517296     -47.777364
     -11.340235     -48.960632
     -12.458325     -50.091226
     -13.650020     -51.423415
     -14.624842     -53.064244
     -15.435336     -54.834629
     -16.187919     -56.507290
     -16.893112     -58.047797
     -17.450359     -59.914249
     -17.563593     -62.239127
     -17.447149     -64.662747
     -17.120755     -66.952275
     -16.711132     -69.198304
     -16.278945     -71.478895
     -15.824039     -73.797400
     -15.373477     -76.113073
     -14.961574     -78.508018
     -14.604714     -80.928919
     -14.279996     -83.246962
     -13.972301     -85.473140
     -13.739537     -87.555560
     -13.460790     -89.520644
     -13.084684     -91.441489
     -12.749912     -93.397219
     -12.507952     -95.254554
     -12.413196     -96.927614
     -12.326679     -98.470817
     -12.168931     -99.946137
     -11.986674    -101.031177
     -11.855640    -101.756807
     -11.747519    -102.281783
     -11.514452    -102.614557
     -11.042792    -102.737789
     -10.524397    -102.646778
     -10.067030    -102.181155
      -9.503964    -101.363922
      -8.763315     -99.780086
      -7.275906     -97.107547
      -5.379087     -93.237092
      -3.856871     -88.721401
      -2.731280     -84.004357
      -1.998863     -79.320020
      -1.591669     -74.766352
      -1.303630     -70.699561
      -1.180955     -67.040882
      -1.284189     -63.779303
      -1.659408     -60.830828
      -2.106517     -58.160466
      -2.490395     -55.734975
      -2.808317     -53.571764
      -3.048609     -51.642015
      -3.562051     -49.698647
      -4.173838     -47.734646
      -4.608865     -45.806845
      -4.966598     -43.865182
      -5.269211     -41.822920
      -5.594993     -39.767355
      -5.841532     -37.699390
      -6.002186     -35.891380
      -6.110604     -34.394805
      -6.163863     -33.274885
      -6.025057     -32.349398
      -5.835796     -31.531313
      -5.546792     -30.812811
      -5.192765     -30.843888
      -4.900403     -32.043054
      -4.699136     -33.742305
      -4.415771     -35.239655
      -4.166256     -36.423178
      -3.941865     -37.303907
      -3.794821     -37.955863
      -3.648523     -38.130235
      -3.487958     -37.837893
      -3.378336     -37.112229
      -3.426741     -35.955636
      -3.504571     -33.965114
      -3.564089     -31.287126
      -3.662557     -27.344304
      -3.967069     -21.567430
      -4.253829     -14.698176
      -4.039294      -7.785875
      -3.344925      -1.784189
      -2.877522       2.628144
      -2.661434       5.728330
      -2.495789       7.938983
      -2.350075      10.170197
      -2.269497      12.722243
      -2.351556      15.945273
      -2.564210      19.753032
      -2.988251      24.601635
      -3.740329      29.308498
      -4.038033      33.214215
      -3.679805      35.914009
      -3.507088      37.702309
      -3.437785      38.766281
      -3.183295      39.849810
      -2.688302      41.725289
      -2.134261      44.379201
      -1.669272      47.315830
      -1.359763      49.844086
      -1.172971      51.866404
      -1.073548      53.533665
      -1.039700      55.106248
      -1.006670      56.809659
      -0.885887      58.420287
      -0.626018      59.932016
      -0.430773      60.950015
      -0.220381      61.476273
       0.161543      61.875409
       0.510874      63.118345
       0.697728      65.846016
       0.462792      69.418143
      -0.087253      73.289530
      -0.726476      76.126872
      -1.391764      77.939057
      -1.880505      79.446016
      -2.402115      80.918569
      -2.837936      82.263133
      -3.096235      83.492524
      -3.362621      84.400292
      -3.647967      85.083840
      -3.954901      86.045210
      -4.291047      87.718562
      -4.621427      89.577782
      -4.906429      91.075600
      -5.132570      92.390746
      -5.260641      93.676808
      -5.424640      94.911230
      -5.614652      95.681700
      -5.803577      96.083794
      -5.999838      96.382938
      -6.219188      96.654640
      -6.413290      96.805732
      -6.487199      96.803420
      -6.530543      96.535400
      -6.464315      95.933566
      -6.321056      95.160949
      -6.240520      94.831935
      -6.275489      94.916010
      -6.437325      94.808203
      -6.577631      94.274290
      -6.834217      93.429187
      -7.265522      92.284504
      -7.742974      91.171711
      -8.209973      89.777590
      -8.698687      87.515091
      -9.515284      83.424730
     -10.030364      77.944249
     -10.047948      71.623187
      -9.964220      66.130555
     -10.051085      61.099936
     -10.174338      56.740894
     -10.354152      52.927271
     -10.646923      49.457321
     -10.968779      46.535175
     -11.190740      44.459818
     -11.414792      42.798332
     -11.443386      41.628945
     -11.585813      40.458408
     -11.940899      39.089142
     -12.536429      37.410489
     -12.999080      35.551449
     -13.213191      33.659337
     -13.318341      31.615830
     -13.244596      29.499736
     -13.010135      27.452945
     -12.603703      25.390410
     -12.191109      23.379309
     -11.816819      21.543718
     -11.554872      20.076112
     -11.293013      18.976275
     -11.035112      18.114141
     -10.778133      17.205769
     -10.607518      16.336598
     -10.529399      15.611153
     -10.440485      15.390366
     -10.174233      16.152170
      -9.584546      16.927715
      -9.266116      17.939144
      -8.946554      19.045380
      -8.365155      19.993167
      -7.345244      20.616165
      -6.602381      20.767833
      -6.039917      21.094643
      -4.868254      22.440745
      -3.283082      25.652551
      -1.336976      30.417777
       0.384736      35.567825
       1.557896      40.160745
       2.425507      43.735893
       2.697732      46.360842
       2.510053      48.270604
       2.077504      50.017248
       1.637438      51.826387
       1.000901      54.483966
       0.531571      57.793566
       0.103359      61.399066
      -0.346557      64.272209
      -0.950362      66.052046
      -1.495290      66.954262
      -1.998540      67.245863
      -2.284687      67.083255
      -2.480197      66.564607
      -2.462584      65.596889
      -2.620825      64.036206
      -3.059603      61.599384
      -3.824993      57.739818
      -4.743965      51.796930
      -5.686510      42.477725
      -6.201020      31.255769
      -6.270241      19.556932
      -5.908649       9.002721
      -5.382033       0.445273
      -4.660715      -5.769025
      -3.991089     -10.334346
      -3.878840     -13.671554
      -3.885954     -15.994996
      -3.951872     -17.659687
      -3.908529     -18.898872
      -3.837018     -20.106120
      -3.724896     -21.349673
      -3.731399     -22.423248
      -3.776555     -23.347092
      -3.874496     -24.107872
      -3.915425     -24.657692
      -4.056111     -24.983028
      -4.281718     -25.083296
      -4.672390     -24.987690
      -5.060287     -24.686509
      -5.324672     -24.324311
      -5.467659     -24.036904
      -5.623248     -23.752051
      -5.756147     -23.535817
      -5.877068     -23.460365
      -5.928939     -23.695219
      -5.934880     -23.978054
      -5.913423     -24.248393
      -5.767394     -24.268049
      -5.463703     -24.104822
      -5.096651     -23.808840
      -4.510114     -23.462417
      -3.944873     -23.084080
      -3.482733     -22.812443
      -3.188816     -22.588039
      -3.036127     -22.478202
      -2.994611     -22.445706
      -2.948279     -22.445357
      -2.922177     -22.434467
      -2.961235     -22.384236
      -3.027177     -22.320793
      -3.097657     -22.221441
      -3.127968     -22.137982
      -3.169941     -22.079776
      -3.267119     -22.043727
      -3.356840     -22.032791
      -3.488712     -22.061385
      -3.585215     -22.096846
      -3.668322     -22.130311
      -3.752850     -22.122741
      -3.816242     -22.085891
      -3.881637     -22.031869
      -3.929548     -22.013033
      -4.040384     -22.039484
      -4.097135     -22.113739
      -4.095658     -22.196417
      -4.123176     -22.212526
      -4.100303     -22.126139
      -4.133957     -21.975051
      -4.201309     -21.715985
      -4.303852     -21.298043
      -4.377446     -20.859514
      -4.413065     -20.412802
      -4.538741     -19.737002
      -4.706218     -18.410841
      -4.938184     -16.175782
      -4.955925     -13.692869
      -4.844596     -11.621311
      -4.702683     -10.069817
      -4.489705      -9.137122
      -4.218979      -8.551592
      -3.937117      -8.159937
      -3.602425      -8.068913
      -3.340234      -8.438362
      -3.203875      -9.134187
      -3.152976     -10.036964
      -3.149539     -10.852424
      -3.199981     -11.117079
      -3.337418      -9.305969
      -4.035466      -4.367275
      -4.817017       2.383720
      -5.291145       9.327132
      -5.679965      15.388394
      -5.852683      20.034747
      -5.665100      22.823311
      -5.278115      24.251210
      -4.936865      24.919949
      -4.646220      25.170657
      -4.491803      25.209868
      -4.394460      25.146199
      -4.212378      25.156671
      -4.178707      25.237808
      -4.200381      25.276215
      -4.203430      25.235860
      -4.147980      25.137338
      -4.116947      24.991127
      -4.042397      24.777692
      -3.913622      24.494741
      -3.772204      24.156909
      -3.680791      23.769245
      -3.667113      23.478501
      -3.688805      23.210661
      -3.669742      22.957374
      -3.589283      22.697482
      -3.462009      22.480990
      -3.231728      22.307250
      -3.007550      22.222235
      -2.873370      22.213417
      -2.872736      22.240614
      -2.976411      22.247083
      -3.138477      22.267104
      -3.234531      22.282625
      -3.227344      22.335124
      -3.189200      22.371175
      -3.099116      22.347497
      -2.849298      21.974789
      -2.667109      20.912220
      -2.619084      18.641037
      -2.616549      14.847697
      -2.522711       9.519511
      -2.233212       3.367853
      -1.783651      -2.346850
      -1.434291      -7.070673
      -1.110638     -10.519556
      -0.904375     -12.593113
      -0.721057     -13.594738
      -0.682426     -13.901769
      -0.701402     -13.845925
      -0.761561     -13.716511
      -0.844731     -13.553433
      -0.951417     -13.321306
      -1.134168     -12.978518
      -1.293116     -12.386499
      -1.357463     -11.577081
      -1.379112     -10.678641
      -1.371028      -9.741306
      -1.321164      -8.944397
      -1.272808      -8.390149
      -1.298932      -8.123701
      -1.323811      -8.144608
      -1.378709      -8.324074
      -1.398546      -8.605248
      -1.388374      -8.907472
      -1.373524      -9.246671
      -1.390928      -9.658118
      -1.367282     -10.091302
      -1.351028     -10.591693
      -1.347755     -11.168686
      -1.388349     -11.874889
      -1.507564     -12.758769
      -1.650820     -13.776108
      -1.767690     -14.853130
      -1.895700     -15.947455
      -2.024400     -16.985710
      -2.193409     -17.884784
      -2.342012     -18.648682
      -2.562725     -19.265905
      -2.815527     -19.759375
      -3.072445     -20.188660
      -3.247410     -20.581095
      -3.412804     -20.926126
      -3.538347     -21.232131
      -3.671805     -21.473350
      -3.820280     -21.550115
      -3.930553     -21.512400
      -4.015085     -21.351052
      -4.034370     -21.136787
      -4.008552     -20.896501
      -4.051705     -20.560725
      -4.089358     -20.215570
      -4.149151     -19.693927
      -4.128766     -18.817440
      -4.090063     -17.623342
      -4.022854     -16.335666
      -3.979189     -15.047639
      -3.996199     -13.835773
      -4.125238     -12.761546
      -4.175663     -11.801994
      -4.207025     -10.961582
      -4.206618     -10.198163
      -4.204041      -9.459746
      -4.150380      -8.802299
      -4.108919      -8.237150
      -4.036117      -7.805498
      -3.976737      -7.551219
      -3.901648      -7.458848
      -3.871817      -7.512239
      -3.856454      -7.596518
      -3.874104      -7.672194
      -3.915514      -7.638951
      -4.002909      -6.976670
      -4.212622      -5.231811
      -4.405887      -2.413098
      -4.657369       1.469690
      -4.909113       6.004979
      -5.092920      10.841828
      -5.193832      14.985382
      -5.251620      18.139809
      -5.335260      20.334803
      -5.357639      21.739753
      -5.403738      22.586708
      -5.523286      22.921362
      -5.778236      22.606666
      -6.039316      21.670593
      -6.274796      20.215846
      -6.429924      18.732309
      -6.554338      17.428059
      -6.672893      16.403113
      -6.796299      15.597511
      -6.935175      14.893676
      -7.106607      14.250085
      -7.261684      13.630770
      -7.355156      12.996865
      -7.486371      12.296531
      -7.640284      11.478575
      -7.836146      10.487160
      -8.220196       9.360262
      -8.656719       8.257621
      -9.047768       7.056143
      -9.410893       5.639601
      -9.706424       3.928133
      -9.901292       1.857272
     -10.020283      -0.539177
     -10.020108      -3.010953
      -9.986730      -5.396333
      -9.996672      -7.588135
     -10.006441      -9.438554
      -9.927753     -10.964891
      -9.876069     -12.182186
      -9.823731     -13.176121
      -9.875247     -13.953808
      -9.942010     -14.535879
     -10.069204     -14.933459
     -10.254362     -15.171767
     -10.495331     -15.217334
     -10.641169     -15.118058
     -10.744401     -14.848418
     -10.834883     -14.527590
     -10.895809     -14.194332
     -10.937992     -13.838710
     -11.000524     -13.348103
     -11.042887     -12.656463
     -11.068729     -11.817106
     -11.039442     -10.973441
     -10.979278     -10.199168
     -10.922995      -9.499811
     -10.847360      -8.720925
     -10.729349      -7.809370
     -10.605492      -6.829226
     -10.526618      -5.872411
     -10.435987      -4.972484
     -10.380126      -4.308506
     -10.327801      -3.942661
     -10.247264      -3.892605
     -10.107341      -4.140324
      -9.916443      -4.597378
      -9.687625      -5.198451
      -9.444697      -5.906643
      -9.179182      -6.650003
      -8.867733      -7.362354
      -8.559639      -7.993769
      -8.237273      -8.558814
      -7.901146      -9.076228
      -7.589837      -9.509242
      -7.352061      -9.679652
      -7.160850      -9.401706
      -6.944724      -8.641584
      -6.703136      -7.586247
      -6.397709      -6.342103
      -6.099261      -4.860226
      -5.772355      -3.083711
      -5.457191      -1.040492
      -5.169117       0.975229
      -4.918599       2.887894
      -4.696463       4.688576
      -4.532685       6.321282
      -4.433714       7.767720
      -4.349173       8.975413
      -4.244677      10.010569
      -4.178415      10.848662
      -4.168404      11.457902
      -4.171601      11.843203
      -4.133317      12.031888
      -4.109466      12.066706
      -4.085360      12.002364
      -4.088961      11.929736
      -4.104964      11.867288
      -4.085513      11.796866
      -4.103118      11.744326
      -4.057179      11.686417
      -3.984664      11.566678
      -3.923284      11.284094
      -3.848294      10.724354
      -3.786932       9.936271
      -3.685879       9.057409
      -3.612261       8.198082
      -3.677942       7.455235
      -3.832776       6.818800
      -4.148904       6.366447
      -4.384835       5.975872
      -4.632027       5.499307
      -4.897094       4.967057
      -5.121191       4.421984
      -5.210893       3.606144
      -5.187426       2.392517
      -5.133748       1.222382
      -4.954740       0.082901
      -4.397506      -0.694790
      -3.482966      -0.817575
      -2.171958      -0.041940
      -0.591515       1.676350
       1.094738       4.285908
       2.267954       7.181362
       2.742958       9.788103
       3.117635      11.931078
