      -2.252667       0.109644
      -2.284215      -0.004403
      -2.288438      -0.025957
      -2.253229       0.078493
      -2.186456       0.221750
      -2.144107       0.321283
      -2.112820       0.335740
      -2.144975       0.253871
      -2.123853       0.115258
      -2.136592      -0.010348
      -2.140774      -0.110303
      -2.134819      -0.190958
      -2.121367      -0.254111
      -2.146560      -0.370854
      -2.202947      -0.543638
      -2.246065      -0.721477
      -2.301125      -0.876044
      -2.324227      -0.976387
      -2.360347      -1.077972
      -2.382985      -1.176527
      -2.454429      -1.273857
      -2.531327      -1.334073
      -2.664387      -1.296841
      -2.911324      -1.073760
      -3.448133      -0.557558
      -4.310831       0.325687
      -5.353627       1.564141
      -6.531993       2.989322
      -7.976474       4.524893
      -9.731677       6.380255
     -11.141426       8.382613
     -12.323931      10.135114
     -13.294959      11.761368
     -14.176872      13.630758
     -14.666497      15.795500
     -14.615571      17.857697
     -14.427701      19.730072
     -14.533268      21.398607
     -14.861167      22.906429
     -15.498288      24.485911
     -16.204592      26.403399
     -16.976659      28.835825
     -17.792781      31.840411
     -18.521692      34.844286
     -18.964973      37.708295
     -19.329071      40.669283
     -20.033554      43.943545
     -20.794044      47.506531
     -21.541091      51.237944
     -22.428889      55.115029
     -23.333716      59.147432
     -24.164119      63.143199
     -24.847636      66.775762
     -25.441965      70.133966
     -26.152179      73.570295
     -27.144388      77.034888
     -28.509115      80.359253
     -30.420594      83.631610
     -32.683090      86.417414
     -34.897424      87.645104
     -37.453826      87.822424
     -39.092600      88.022155
     -40.299719      88.713843
     -41.314108      89.232175
     -42.256274      88.399924
     -43.274204      85.929419
     -44.204610      83.348173
     -44.793845      81.238821
     -45.441437      79.270921
     -46.069809      77.082375
     -46.692145      73.423987
     -47.743598      68.751599
     -48.796513      63.971554
     -48.954260      58.857891
     -49.536898      54.087094
     -51.476580      50.298552
     -53.354927      47.078564
     -54.949599      44.434945
     -55.999693      42.135008
     -56.634170      40.443302
     -57.167098      39.323010
     -57.438289      38.481781
     -57.602904      37.241166
     -57.923487      35.331878
     -58.631694      32.813674
     -59.245636      30.034689
     -59.815210      27.536047
     -60.367813      25.737933
     -60.722507      24.017357
     -61.022865      21.930379
     -61.337600      19.579485
     -61.609467      17.267282
     -61.749665      15.225812
     -61.781309      13.347658
     -61.639280      11.136634
     -61.560698       8.635986
     -61.463752       6.105943
     -61.345022       3.763229
     -61.174768       1.684193
     -60.998075      -0.343379
     -60.904460      -2.443787
     -60.968928      -4.571549
     -61.138744      -6.789714
     -61.399051      -9.118552
     -61.678165     -11.425854
     -61.879964     -13.610747
     -61.957385     -15.595154
     -61.867205     -17.159013
     -61.707953     -18.367390
     -61.412432     -19.435566
     -60.953162     -20.071023
     -60.387158     -20.710753
     -59.678271     -21.333232
     -59.055795     -21.702358
     -58.674659     -21.969089
     -58.666810     -22.297230
     -58.958363     -22.928006
     -59.389293     -23.723074
     -59.600957     -24.458624
     -59.694693     -24.913783
     -59.675925     -24.977568
     -59.625796     -24.840115
     -59.532706     -24.613000
     -59.423501     -24.230245
     -59.329129     -23.755699
     -59.206431     -23.254802
     -59.070827     -22.571906
     -58.945973     -21.925070
     -58.833494     -21.266953
     -58.783724     -20.723996
     -58.798761     -20.320783
     -58.788950     -19.852876
     -58.645017     -19.286196
     -58.351570     -18.570834
     -57.841728     -17.847895
     -57.125031     -16.966914
     -55.963789     -16.006630
     -54.512627     -14.858061
     -52.895409     -13.669093
     -51.116480     -12.510451
     -49.218287     -11.368164
     -47.223275     -10.278098
     -44.962248      -9.063942
     -42.656585      -7.870601
     -39.920004      -6.711649
     -36.315214      -5.707806
     -31.793534      -5.021189
     -26.674022      -4.487197
     -21.143934      -3.963194
     -15.864987      -3.315470
     -11.438325      -2.713465
      -7.623306      -2.288331
      -4.780305      -2.397892
      -2.461617      -2.983030
      -0.508792      -3.392990
       1.367613      -3.602000
       2.848763      -3.602484
       3.598267      -3.405753
       4.116937      -3.106635
       4.452750      -2.667386
       4.945527      -1.899718
       5.715236      -0.836718
       6.193845       0.203312
       6.059073       1.098772
       5.331555       1.716102
       4.565156       1.913144
       3.918648       1.873393
       3.392553       1.531984
       2.534277       0.952706
       1.264796       0.185499
      -1.022081      -0.742801
      -4.372972      -2.168682
      -8.582468      -3.690339
     -13.271418      -5.197741
     -18.839533      -5.544611
     -24.009095      -4.736462
     -28.719630      -3.167122
     -33.040703      -1.622845
     -36.335715      -1.052718
     -39.107689      -0.917457
     -41.578573      -0.802192
     -43.737506      -0.934420
     -45.801080      -0.945869
     -47.772808      -0.714565
     -49.802286      -0.075498
     -51.515047       0.163733
     -52.405403      -0.316725
     -52.679995      -0.924447
     -52.763876      -1.682059
     -52.658323      -2.390019
     -52.591956      -2.744629
     -52.660931      -2.886638
     -52.775484      -3.096726
     -52.896132      -3.422356
     -53.004182      -3.522390
     -53.021905      -3.681976
     -53.053058      -3.739789
     -52.935139      -3.634012
     -52.871706      -3.424339
     -52.876384      -3.234514
     -52.879604      -3.157915
     -52.863916      -3.061336
     -52.847426      -2.873705
     -52.843283      -2.678896
     -52.884927      -2.562303
     -52.860113      -2.796367
     -52.858082      -3.020800
     -52.842550      -2.993904
     -52.805452      -2.902858
     -52.746959      -2.941805
     -52.691516      -3.219925
     -52.503801      -4.057990
     -52.029081      -4.995524
     -50.762626      -5.844253
     -48.551991      -6.999728
     -45.192539      -8.511099
     -40.809585     -10.252284
     -35.376455     -11.787506
     -28.960439     -12.826114
     -22.229086     -13.659335
     -15.923990     -14.665832
     -10.672727     -15.773181
      -6.365351     -16.876951
      -2.751073     -17.652915
       0.341937     -18.091646
       2.638428     -18.321981
       4.271150     -18.290284
       5.348805     -18.117960
       6.203611     -17.743125
       6.874629     -17.292939
       7.268451     -17.035954
       7.452815     -17.002332
       7.505888     -16.986038
       7.473687     -16.873509
       7.442579     -16.653120
       7.560579     -16.254168
       7.789091     -15.721953
       8.096294     -15.049568
       8.477140     -14.262829
       8.839604     -13.547598
       9.245783     -12.937384
       9.664744     -12.420961
      10.063630     -11.971132
      10.135482     -11.836493
       9.735299     -12.040205
       8.971812     -12.266070
       8.193511     -12.349426
       7.658579     -12.390252
       7.786303     -12.531326
       8.292247     -12.648131
       8.813671     -12.556010
       9.283780     -12.220386
       9.524054     -11.962285
       9.623030     -11.966540
       9.565959     -12.084019
       9.391233     -12.111219
       9.107028     -12.023062
       8.865479     -11.843997
       8.969588     -11.269416
       9.287540     -10.250953
       9.730691      -8.931907
      10.282612      -7.596736
      10.800731      -6.474164
      11.439349      -5.463463
      12.071056      -4.476439
      12.769504      -3.390629
      13.237213      -2.247130
      13.348655      -0.972389
      13.159199       0.630625
      12.786330       3.078840
      12.123973       6.252766
      11.449849       9.911731
      10.745651      13.601237
      10.045481      17.127726
       9.435988      20.387229
       8.868057      22.937431
       8.330977      24.594398
       7.611592      25.248741
       6.753836      25.205244
       5.882283      24.557067
       4.807648      23.091914
       3.508694      20.576088
       2.165877      17.301606
       0.741553      13.327552
      -0.654942       8.990335
      -1.741331       4.420106
      -2.466380       0.163601
      -3.048201      -3.646494
      -3.414893      -6.950566
      -3.637419      -9.883619
      -3.879413     -13.018239
      -4.020946     -16.458350
      -3.905519     -20.741622
      -3.525321     -26.268796
      -2.958792     -32.691911
      -2.107379     -39.750071
      -1.206742     -47.009260
      -0.497932     -54.123619
      -0.158466     -60.898248
       0.068334     -66.930016
       0.437627     -72.294996
       0.697263     -77.346437
       0.581922     -82.407873
       0.409364     -87.449230
       0.132662     -92.560567
      -0.259993     -97.857851
      -0.760785    -103.108341
      -1.438437    -108.433737
      -2.173065    -113.679556
      -2.387456    -118.722836
      -2.083488    -124.092315
      -1.784952    -129.883858
      -1.520206    -135.502220
      -1.284969    -140.846947
      -1.442222    -145.665474
      -2.041352    -149.219154
      -2.336099    -151.631657
      -2.603152    -154.377128
      -2.790026    -157.325021
      -2.610991    -160.042700
      -2.221249    -162.491786
      -1.901563    -165.043462
      -2.005322    -167.947185
      -2.138579    -170.766143
      -1.979284    -173.078533
      -1.547058    -175.087165
      -1.041820    -176.893026
      -0.481062    -178.589331
       0.207874     179.639789
       0.804736     177.511131
       0.970294     175.075100
       0.579338     172.516226
      -0.182210     169.872548
      -0.973611     167.108824
      -1.581799     164.207219
      -2.407372     161.359342
      -3.291920     158.986268
      -3.966342     157.281774
      -4.412262     156.151399
      -4.229715     155.365134
      -3.679547     154.697934
      -3.215760     154.103561
      -2.863606     153.864489
      -2.446699     153.993462
      -1.754683     154.285379
      -0.655597     154.659467
       0.737068     155.323966
       2.341193     156.561283
       4.045188     158.317175
       5.823814     160.193472
       7.569615     162.013525
       9.452242     163.802065
      11.426600     165.535401
      13.103936     167.434614
      14.720512     169.636225
      16.202257     172.041015
      17.276633     174.313694
      18.172115     176.295495
      18.744421     178.054398
      19.039449     179.955515
      19.277485    -177.908629
      19.361538    -175.499410
      19.123007    -172.641537
      18.588161    -169.614640
      18.128432    -166.305822
      17.884600    -163.015849
      17.829538    -159.760915
      17.891280    -156.570900
      17.981885    -153.342621
      18.076118    -150.089746
      18.176924    -146.477753
      18.271719    -142.564896
      18.420133    -138.687563
      18.474451    -134.871963
      18.557496    -131.016895
      18.680416    -127.215730
      18.702072    -123.567416
      18.776871    -119.807108
      18.926795    -115.937800
      19.113329    -112.060205
      19.194035    -108.337180
      19.179984    -104.760924
      19.043896    -101.051081
      18.933450     -96.948169
      18.633074     -91.934555
      18.294554     -85.478065
      18.023433     -78.018765
      17.794395     -70.556639
      17.731007     -63.140012
      18.056600     -55.557752
      18.245100     -48.530916
      17.925771     -42.342889
      17.478709     -37.125955
      17.115988     -33.032033
      16.852166     -29.779542
      16.557326     -26.923153
      16.171365     -24.142085
      15.593679     -21.287440
      15.045508     -18.138979
      14.587073     -14.790881
      13.938057     -11.458257
      12.997794      -8.148189
      11.681897      -4.975705
       9.947286      -1.855995
       7.847836       1.315015
       5.421050       4.689793
       3.850136       8.488068
       2.901885      12.745439
       2.187657      17.396266
       1.486601      22.437350
       0.978724      27.210733
       0.810545      31.295278
       1.091419      34.563565
       1.816911      37.055596
       1.968691      39.122568
       2.156460      40.689964
       2.577106      41.658821
       2.743634      41.912717
       2.752389      41.347510
       2.550454      39.867514
       2.324155      37.319328
       2.057414      34.062924
       1.587716      30.201350
       1.039427      25.967170
       0.316949      21.575872
      -0.051128      17.657363
      -0.243319      14.498801
      -0.441416      12.133878
      -0.522695      10.316059
      -0.679216       8.797355
      -0.813034       7.623102
      -0.611027       6.621264
      -0.251593       5.756671
       0.260739       4.984403
       0.784062       3.988478
       1.126179       2.836330
       1.442783       1.675947
       1.829162       0.529314
       2.251371      -0.458858
       2.862973      -1.238881
       3.632382      -1.706443
       4.312690      -1.880651
       4.847487      -2.002011
       5.150175      -2.080252
       5.245983      -2.065269
       5.206560      -1.884647
       5.196318      -1.663174
       5.165687      -1.418885
       5.005604      -1.245946
       4.857302      -1.095583
       4.844150      -1.011535
       4.803166      -0.965138
       4.665380      -1.029509
       4.459431      -1.187738
       4.453603      -1.446253
       4.697962      -1.553221
