      -2.735408      -0.289949
      -2.733654      -0.906546
      -2.755960      -1.487385
      -2.787256      -2.078225
      -2.792886      -2.758255
      -2.861747      -3.536052
      -2.960426      -4.394972
      -3.096193      -5.198570
      -3.247673      -5.879235
      -3.363655      -6.379718
      -3.430421      -6.758405
      -3.447594      -7.029232
      -3.496177      -7.292991
      -3.551839      -7.582371
      -3.622754      -7.929007
      -3.810159      -8.368987
      -4.164537      -8.874226
      -4.600023      -9.362712
      -5.023978      -9.774921
      -5.351987     -10.058956
      -5.637488     -10.259342
      -5.894301     -10.398540
      -6.208963     -10.519215
      -6.499354     -10.588638
      -6.722088     -10.600288
      -6.899701     -10.621101
      -7.035377     -10.669647
      -7.112816     -10.754103
      -7.231113     -10.868892
      -7.383428     -11.076534
      -7.492385     -11.601717
      -7.883355     -12.904004
      -8.504222     -14.920684
      -9.284439     -17.284615
     -10.281613     -19.463981
     -11.337002     -21.518357
     -12.287518     -23.495088
     -13.230308     -25.595931
     -14.190417     -28.051831
     -15.196696     -30.606108
     -16.125621     -32.967938
     -16.767943     -34.958295
     -17.177194     -36.468727
     -17.485477     -37.427593
     -17.726925     -37.792839
     -17.834316     -37.704361
     -17.800327     -37.481183
     -17.740694     -37.357118
     -17.730932     -37.417195
     -17.754660     -37.697607
     -17.828503     -38.096646
     -17.912372     -38.546892
     -17.997691     -38.429041
     -18.037652     -37.330737
     -18.212756     -35.322521
     -18.096471     -32.299169
     -17.691351     -28.715718
     -17.219054     -25.059467
     -16.775206     -21.983243
     -16.511501     -19.563730
     -16.311546     -17.744488
     -16.143885     -16.500220
     -15.982745     -15.700011
     -15.838316     -15.276064
     -15.773131     -14.878906
     -15.657133     -14.238062
     -15.499750     -13.158591
     -15.266711     -11.579837
     -14.865639      -9.421390
     -14.264264      -6.674662
     -13.556853      -3.444073
     -12.707198       0.429445
     -11.646216       5.173550
     -10.414855      11.225187
      -9.669986      18.022388
      -9.611447      24.248583
      -9.926507      29.461325
     -10.566532      33.555196
     -11.469324      36.582787
     -12.209265      38.628104
     -12.664958      40.049706
     -12.835417      41.111065
     -12.759927      41.921328
     -12.677642      42.688840
     -12.696498      43.443447
     -12.821966      44.209263
     -12.949723      44.906528
     -13.130708      45.708068
     -13.363779      46.653468
     -13.558109      47.650061
     -13.707766      48.655577
     -13.848817      49.656347
     -13.967930      50.571541
     -13.994155      51.458220
     -14.026898      52.412397
     -14.102766      53.364675
     -14.176295      54.194196
     -14.252904      54.856480
     -14.353599      55.349187
     -14.296897      55.803323
     -14.251867      56.037106
     -14.208523      56.009562
     -14.123698      55.775186
     -13.917592      55.230044
     -13.469625      54.329556
     -12.445994      52.842205
     -11.039138      50.543818
      -9.256662      47.694372
      -7.372683      44.530526
      -5.636684      41.543000
      -4.033775      38.668150
      -2.822176      36.014197
      -1.940588      33.573706
      -0.995355      31.280894
      -0.084423      29.144962
       0.416849      27.304539
       0.704396      25.742518
       1.007862      24.371089
       1.331575      23.015698
       1.439444      21.663442
       1.559194      20.312386
       1.672141      18.942153
       1.757948      17.568836
       1.752565      15.992805
       1.681400      14.213847
       1.488359      12.316728
       1.202622      10.073224
       0.810785       7.350245
       0.431791       4.307068
       0.105652       1.125437
      -0.186971      -1.891004
      -0.497485      -4.746409
      -0.874155      -7.448924
      -1.247763     -10.054472
      -1.739587     -12.940274
      -2.289007     -16.246935
      -2.886159     -19.957265
      -3.324865     -23.750325
      -3.744645     -27.467917
      -4.291448     -30.814965
      -4.781176     -33.723785
      -5.204132     -36.137332
      -5.577257     -38.079158
      -5.900585     -39.508444
      -6.194738     -40.704404
      -6.566935     -42.140948
      -7.034426     -43.846104
      -7.653645     -45.741567
      -8.417187     -47.939477
      -9.387207     -50.487020
     -10.527522     -53.357477
     -11.568774     -56.285480
     -12.597838     -59.159779
     -13.551433     -61.882675
     -14.368999     -64.351412
     -15.073799     -66.272224
     -15.519199     -67.643318
     -15.862079     -68.468216
     -16.147325     -69.011799
     -16.347168     -69.513879
     -16.357692     -70.577533
     -15.999804     -72.814207
     -15.546006     -76.278207
     -15.275334     -80.525014
     -15.155972     -85.335823
     -15.224685     -89.941252
     -15.510533     -93.985627
     -16.171475     -97.579815
     -16.975711    -100.821014
     -17.881011    -103.993748
     -19.013548    -107.162033
     -20.287259    -110.311521
     -21.628051    -113.255304
     -22.787269    -115.884285
     -23.699124    -118.202037
     -24.260094    -120.331308
     -24.513594    -122.453720
     -24.643267    -124.776329
     -24.624980    -127.122699
     -24.683648    -129.338793
     -24.729918    -131.421320
     -24.814129    -133.762094
     -24.934579    -136.456441
     -24.819322    -139.125599
     -24.384577    -141.793387
     -23.821657    -144.753684
     -23.344066    -148.040762
     -22.891387    -151.411488
     -22.700899    -154.879024
     -22.907818    -158.709088
     -23.397375    -162.747780
     -23.909703    -166.849614
     -24.330654    -170.955431
     -24.598674    -175.005858
     -24.702836    -178.739919
     -24.819023     177.812810
     -25.059392     174.631848
     -25.364272     171.623524
     -25.617428     168.790306
     -25.881927     165.875976
     -26.138523     162.589412
     -26.542674     159.349846
     -27.154668     156.172770
     -27.895340     153.090085
     -28.651241     150.036037
     -29.305519     147.133130
     -29.846445     144.478038
     -30.231583     141.910305
     -30.340363     139.321162
     -30.004095     136.587240
     -28.927016     133.880888
     -27.570311     131.435541
     -26.296542     129.183660
     -24.840897     127.445895
     -23.253995     125.991974
     -21.603469     124.482693
     -20.134861     123.005371
     -18.785516     121.837033
     -17.205398     121.273152
     -15.413917     121.257795
     -13.393124     121.884768
     -11.129152     122.920315
      -8.665539     124.289918
      -6.010344     126.433070
      -3.052966     129.648798
       0.098110     133.941814
       3.049361     138.481509
       5.711001     142.842037
       7.982216     147.057759
      10.036976     151.333591
      11.593986     155.385534
      13.025435     159.225496
      14.777523     162.452454
      16.981468     164.787672
      19.387692     166.093823
      21.980421     166.355500
      24.359476     165.867019
      26.778747     164.899714
      29.493238     163.140869
      32.169234     160.577779
      34.239659     157.411932
      36.312076     153.700282
      38.058611     150.265667
      39.359115     147.838409
      40.467447     146.890872
      41.140188     147.348588
      41.272445     148.609490
      40.984180     151.075838
      40.365689     155.118553
      39.733713     160.551056
      39.047479     165.811863
      38.363858     170.263674
      37.623752     173.664621
      36.564158     176.333691
      34.930372     178.644857
      33.122969    -179.495982
      31.106765    -178.294063
      28.930394    -177.141200
      26.838867    -175.929839
      24.822603    -174.729824
      23.072301    -173.469271
      21.596070    -172.289558
      20.497795    -171.351959
      19.694410    -170.509828
      19.037936    -169.744031
      18.340290    -169.018625
      17.662398    -168.314298
      17.111199    -167.653374
      16.533813    -167.033074
      15.904026    -166.260127
      15.360588    -165.058130
      15.058725    -162.927539
      14.766496    -160.234708
      14.443203    -157.441405
      14.128142    -154.669909
      13.938368    -152.005793
      13.885034    -149.377687
      13.736895    -146.781423
      13.341080    -144.245348
      12.856583    -141.611579
      12.399319    -138.642704
      11.966202    -135.385185
      11.564352    -132.155653
      11.047618    -129.221088
      10.424471    -126.714340
       9.693081    -124.554363
       9.014036    -122.569152
       8.407042    -120.654620
       7.772545    -118.727460
       7.057327    -116.670724
       6.408245    -114.506950
       5.887806    -112.190431
       5.510344    -109.837709
       5.238624    -107.440661
       4.935136    -104.961131
       4.575665    -102.370725
       4.138121     -99.760288
       3.628941     -97.321363
       2.998768     -95.169478
       2.471733     -93.101241
       2.114899     -90.999141
       1.957584     -88.828353
       1.500893     -86.574567
       0.492953     -84.000714
      -1.152208     -81.014067
      -2.941650     -77.406717
      -4.332520     -73.604863
      -5.551341     -69.965116
      -6.466101     -66.314786
      -7.177273     -62.790248
      -7.799566     -59.492247
      -8.517687     -56.222717
      -9.753458     -53.005206
     -11.330176     -49.922847
     -13.019229     -47.098629
     -14.337205     -44.380041
     -14.720722     -42.048524
     -14.735020     -39.966510
     -14.500539     -37.779526
     -14.419551     -35.067352
     -14.641417     -31.694448
     -15.023558     -27.827594
     -15.595845     -23.888879
     -15.924190     -20.082689
     -15.937504     -16.137815
     -15.891373     -11.939471
     -15.920123      -7.906152
     -15.938258      -4.488085
     -16.041181      -2.038213
     -16.161658      -0.640451
     -16.245675       0.185627
     -16.259255       0.980589
     -16.679712       1.800551
     -17.360058       2.826528
     -18.037504       3.718249
     -18.559972       4.398640
     -18.767734       4.770051
     -18.872570       4.745601
     -18.962601       4.478866
     -19.047927       4.206220
     -19.017318       3.837867
     -18.738920       3.365320
     -18.570943       2.738323
     -18.999561       2.189885
     -19.454855       2.087095
     -19.423529       2.132021
     -19.336479       1.941178
     -19.434178       1.536717
     -19.379142       0.976914
     -19.409830       0.179908
     -19.454787      -0.613308
     -19.483021      -1.088354
     -19.533945      -1.058301
     -19.490690      -0.739770
     -19.440773      -0.538999
     -19.442717      -0.744358
     -19.609952      -1.261769
     -19.753133      -1.714493
     -19.788337      -2.037260
     -19.843849      -2.395301
     -19.815968      -2.779506
     -19.782973      -3.120093
     -19.773014      -3.481980
     -19.861829      -3.988505
     -19.901704      -4.588577
     -19.832502      -5.355956
     -19.688881      -6.035627
     -19.483596      -6.282219
     -19.576376      -6.019020
     -19.698485      -5.600654
     -19.720970      -5.307190
     -19.740087      -5.199108
     -19.732306      -5.221534
     -19.712262      -5.248286
     -19.761559      -5.231566
     -19.813841      -5.276423
     -19.874029      -5.298297
     -19.891428      -5.314660
     -19.866087      -5.329138
     -19.889267      -5.348971
     -19.919476      -5.351187
     -19.954442      -5.344486
     -19.985280      -5.371100
     -20.040383      -5.390986
     -20.122649      -5.373649
     -20.201887      -5.297349
     -20.249430      -5.239167
     -20.282561      -5.190175
     -20.256811      -5.068079
     -20.069959      -4.699490
     -19.725220      -3.998804
     -19.119178      -2.434560
     -18.116590      -0.139737
     -16.835639       2.260241
     -15.866832       4.718547
     -15.413893       7.400591
     -15.193291       9.830674
     -14.977357      11.807757
     -14.812353      13.137058
     -14.982233      13.814158
     -15.291254      13.955687
     -15.483607      14.002507
     -15.585993      14.273573
     -15.706799      14.571239
     -15.784735      14.976457
     -15.508611      15.691321
     -14.647332      16.676090
     -12.541936      17.946768
     -10.388884      19.279748
      -8.835786      20.531396
      -7.122369      21.517437
      -5.759266      22.422509
      -4.540832      22.959043
      -3.182469      23.229509
      -1.269979      23.296453
       0.873434      23.077374
       3.122708      22.489182
       5.285018      21.718008
       7.263671      20.867541
       9.463325      19.987829
      11.549442      18.928025
      13.042215      17.700821
      13.769752      16.359141
      13.998068      14.916741
      14.087558      13.399927
      14.359389      11.764343
      14.324374       9.812899
      13.803844       7.822789
      12.601803       6.007838
      10.654495       4.474057
       8.692586       3.498967
       6.487096       2.800739
       4.186432       2.277723
       2.087706       1.779077
      -0.520959       1.346929
      -2.966087       0.812276
      -4.783597       0.215418
      -6.385150      -0.436196
      -7.847593      -1.250289
      -9.124167      -2.332330
     -10.287704      -3.756251
     -11.388248      -5.226118
     -12.354597      -6.581383
     -13.266061      -7.612407
     -14.250737      -8.382090
     -15.307567      -8.861291
     -16.553378      -9.188687
     -17.789515      -9.363010
     -18.943854      -9.465113
     -19.719004      -9.596248
     -20.216032      -9.636345
     -20.430965      -9.504408
     -20.563501      -9.264652
     -20.718950      -9.013200
     -20.982800      -8.889738
     -21.361748      -8.837601
