     -10.320334       3.646210
     -10.820454       2.853231
     -11.739230       2.315733
     -12.779839       2.003281
     -13.781543       1.577946
     -14.663692       1.148128
     -15.265077       0.677649
     -16.013667       0.423771
     -16.265155       1.096905
     -17.368634       2.254127
     -18.539386       2.842365
     -19.385590       3.083295
     -19.935802       3.040597
     -19.585985       2.864324
     -18.921955       2.613584
     -18.882826       2.284675
     -19.140316       2.095112
     -19.488780       1.976557
     -19.633086       1.934549
     -18.946036       1.549149
     -18.603023       1.338236
     -17.470973       0.684097
     -15.962407      -0.113824
     -15.370388      -0.557153
     -16.429834      -0.127064
     -17.287063       0.338302
     -17.328500       0.292356
     -17.225580       0.538163
     -17.172146       1.342333
     -17.328300       2.469666
     -17.477829       3.694042
     -17.587476       4.960095
     -17.660987       5.751509
     -17.825501       6.491033
     -18.019116       7.370770
     -18.233843       8.303038
     -18.500533       8.768578
     -18.817457       8.310577
     -18.746977       7.222898
     -18.609505       6.235497
     -18.514778       5.644574
     -18.341261       5.242694
     -18.204906       4.900017
     -17.919415       4.533678
     -17.448224       4.123083
     -16.676443       3.886950
     -15.949569       3.990902
     -15.338277       4.235544
     -14.467089       4.392138
     -13.698117       4.641330
     -13.061512       4.978200
     -12.630476       5.546307
     -12.378303       6.345742
     -12.124407       7.232219
     -11.972846       8.179215
     -11.950695       8.995975
     -11.922242       9.538965
     -11.886921       9.995094
     -11.818947      10.556893
     -11.757485      11.555341
     -11.688823      12.652693
     -11.698693      13.557384
     -11.715119      14.234532
     -11.530415      14.883609
     -11.514602      15.739296
     -11.464455      16.785595
     -11.323210      18.072181
     -11.179796      19.099270
     -11.176282      19.693104
     -11.232545      20.176622
     -11.215359      20.835249
     -10.954216      21.589474
     -10.698414      22.324366
     -10.590268      22.917272
     -10.589688      23.427187
     -10.630729      23.849083
     -10.640416      24.145553
     -10.854662      24.265883
     -11.328791      23.972740
     -12.012558      23.388486
     -12.846786      22.728256
     -13.525445      22.110810
     -13.997536      21.686202
     -14.272185      21.394848
     -14.357158      21.198117
     -14.456720      21.116004
     -14.587043      21.026829
     -14.733558      20.771896
     -14.965576      20.274486
     -15.275784      19.517902
     -15.579169      18.650376
     -16.029030      17.836617
     -16.618422      17.079365
     -17.263435      16.020937
     -18.068250      14.824069
     -19.181074      13.525906
     -20.031995      12.335629
     -20.503851      11.409435
     -20.936340      10.830880
     -21.366388      10.371639
     -21.880594       9.762990
     -22.621664       9.011340
     -23.677647       8.059546
     -24.864443       6.907449
     -25.502098       5.736563
     -25.738501       4.862223
     -26.211150       4.294003
     -27.019908       3.726073
     -28.027412       2.880092
     -28.783697       1.959848
     -29.325350       1.215859
     -29.835505       0.888557
     -30.254251       0.768962
     -30.616655       0.658387
     -30.853712       0.536606
     -30.897357       0.450750
     -30.660395       0.442202
     -29.785669       0.687848
     -28.460047       1.306722
     -26.609293       2.409924
     -24.336706       3.647668
     -21.906344       4.689579
     -18.980037       5.203852
     -14.895450       4.894242
     -10.608901       4.081242
      -7.253835       3.569939
      -4.645825       3.649741
      -2.709874       4.354012
      -1.356946       4.917348
       0.020289       5.081586
       1.592354       4.804564
       3.453854       4.070684
       5.616370       2.879725
       7.372843       1.455740
       8.398531      -0.059444
       9.010674      -1.749706
       9.726955      -3.653989
      10.313078      -5.565722
      10.849453      -7.048109
      11.184248      -7.928529
      11.631352      -8.536159
      12.251391      -9.137788
      12.825998      -9.933079
      13.251095     -10.816142
      13.504566     -11.735358
      13.626441     -12.867293
      13.509021     -14.674909
      13.091526     -17.308123
      12.613073     -20.073010
      12.144481     -22.744413
      11.632657     -25.618037
      11.152619     -28.728096
      10.921347     -31.799224
      10.647482     -34.776475
      10.160690     -37.484413
       9.898570     -39.620161
       9.598929     -41.293116
       9.343109     -42.455756
       8.992436     -43.001205
       8.367801     -43.302141
       7.714747     -43.694249
       6.938625     -44.058880
       6.062225     -44.167109
       5.086684     -44.175439
       4.200830     -44.432570
       3.431200     -44.904124
       2.708184     -45.405305
       2.059254     -45.774765
       1.218558     -46.122527
       0.155211     -46.490423
      -1.076303     -46.916194
      -2.555488     -47.408177
      -3.952067     -48.011885
      -5.254105     -48.851072
      -6.322894     -49.691274
      -6.745293     -50.233060
      -5.678972     -50.272087
      -2.306321     -49.583725
       3.242925     -47.719648
       9.267518     -45.287464
      15.367700     -42.666503
      21.437257     -40.399203
      27.012168     -38.268546
      31.785063     -36.192246
      35.597163     -33.906511
      38.364219     -31.525666
      40.413628     -29.082290
      42.065815     -26.853181
      43.749838     -24.892012
      45.556878     -23.202666
      47.009964     -21.251634
      47.478288     -18.907846
      47.025740     -16.729281
      46.602707     -15.060697
      46.452975     -13.854489
      46.527035     -12.826589
      46.735309     -11.974463
      47.416244     -11.416979
      48.471442     -11.107756
      50.095373     -10.876360
      51.471854     -11.127135
      52.080225     -11.598841
      52.256812     -12.120748
      52.601748     -12.507333
      52.988537     -12.961331
      53.046302     -13.232947
      53.014916     -13.222042
      53.047273     -13.224922
      53.033843     -13.277411
      53.091064     -13.249274
      53.432804     -13.243397
      53.948130     -13.363278
      54.692337     -13.606890
      55.153181     -13.782619
      55.759814     -13.946939
      56.788323     -13.946085
      57.458393     -14.018687
      57.503014     -13.875588
      57.142540     -13.690340
      56.888610     -13.859617
      56.823075     -14.141756
      57.017487     -14.465011
      57.331017     -14.561489
      57.228121     -14.606344
      56.927321     -14.490537
      56.711669     -14.381559
      56.433036     -14.459674
      56.097906     -14.601254
      55.624235     -14.692598
      54.798449     -14.657176
      53.659443     -14.366535
      52.326612     -14.250816
      50.658900     -14.211768
      48.985014     -13.649474
      47.400405     -12.619296
      45.580853     -11.378926
      43.356147      -9.997231
      40.414546      -8.712364
      36.945255      -7.627638
      33.500802      -6.946137
      30.482465      -6.375676
      27.678858      -5.847432
      25.391103      -5.376001
      22.819904      -4.879400
      19.871824      -4.677423
      16.323754      -4.256916
      12.697807      -3.825522
       9.874242      -3.439469
       7.644142      -3.299660
       5.575757      -3.146219
       3.392494      -3.135686
       1.212636      -2.994947
      -0.326520      -2.437815
      -2.144065      -1.954785
      -3.808614      -1.504043
      -5.519543      -1.471632
      -7.150333      -2.341728
      -8.165330      -3.054132
      -8.595814      -2.619130
      -9.327249      -2.432737
     -10.335326      -2.346808
     -11.204252      -2.392398
     -11.979279      -2.417283
     -12.468192      -2.080823
     -12.804446      -1.570105
     -12.982309      -0.815413
     -13.118097      -0.252240
     -13.121156       0.186962
     -13.247767       0.598141
     -13.317653       1.091006
     -13.256816       1.974978
     -13.232730       3.488336
     -13.452854       5.062215
     -13.710712       6.707099
     -14.434000       8.126660
     -16.010974       9.573278
     -18.562112      11.041120
     -22.013402      12.713980
     -26.267008      14.461003
     -30.330924      15.950691
     -33.747126      16.962179
     -36.788871      17.864883
     -39.925913      19.039260
     -42.999403      20.313538
     -45.731571      21.395067
     -48.010525      21.999523
     -49.923449      22.285787
     -51.705758      22.392949
     -53.326037      22.503988
     -54.636122      22.694131
     -55.486475      22.961823
     -56.111045      23.379438
     -56.673901      23.874123
     -56.927403      24.063280
     -57.167855      23.973490
     -57.402595      23.585395
     -57.556849      23.066128
     -57.745972      22.614767
     -57.950021      22.287763
     -58.062422      22.227697
     -57.792172      22.646357
     -57.140748      23.882941
     -56.226108      25.742681
     -54.929749      28.255272
     -53.234385      31.161943
     -50.791035      34.185436
     -47.065159      37.127153
     -42.476365      40.131763
     -37.153220      43.536075
     -31.470908      47.291511
     -25.957844      51.125470
     -21.085368      55.089685
     -16.802904      58.964881
     -13.019146      62.534215
      -9.844206      65.645639
      -7.417536      68.451648
      -5.662914      70.957154
      -4.478510      73.063475
      -3.693754      74.590469
      -2.991024      75.586261
      -2.175004      76.215625
      -1.585982      76.727467
      -1.066039      77.352746
      -0.258891      78.138102
       0.809758      79.134093
       2.124642      80.278350
       3.636531      81.687197
       5.320832      83.471833
       7.155225      85.328362
       8.962025      87.026018
      10.410308      88.601083
      11.291734      90.005375
      11.726534      91.207828
      11.957592      92.228560
      11.890207      93.217761
      11.660302      94.324298
      11.535924      95.550026
      11.818211      96.433159
      12.372768      97.088168
      12.885767      97.646677
      13.175832      98.275817
      13.302654      98.650769
      13.371954      98.912126
      13.459241      99.330879
      13.513813      99.875060
      13.567848     100.212982
      13.682913     100.469443
      13.822821     100.681316
      13.934170     100.834759
      13.891626     100.869943
      13.698590     100.949181
      13.316150     101.220018
      12.778513     101.639956
      12.205124     102.068521
      11.361176     102.586046
      10.101906     103.263057
       8.637007     104.036946
       7.229503     104.652243
       5.838001     105.171984
       4.540856     105.548083
       3.214087     105.879759
       1.694962     106.220858
       0.103745     106.474929
      -1.226428     106.401122
      -2.304947     106.368298
      -3.251243     106.458308
      -4.045225     106.637542
      -4.671002     106.811899
      -5.129704     106.984518
      -5.501753     107.101893
      -5.820736     107.201083
      -6.035926     107.217160
      -6.180649     107.188329
      -6.308100     107.117261
      -6.482718     107.066534
      -6.712413     106.965984
      -6.999354     106.836845
      -7.336389     106.691280
      -7.697689     106.477591
      -8.091513     106.132654
      -8.645576     105.754691
      -9.312148     105.280441
     -10.072560     104.714277
     -10.957559     104.091937
     -11.707594     103.598085
     -12.132412     103.145624
     -12.317186     102.668149
     -12.187162     102.018795
     -11.484842     100.930384
      -9.996610      99.060702
      -7.738570      96.575703
      -5.470154      93.729274
      -3.450445      90.549555
      -1.866038      86.849494
      -0.706509      82.651870
       0.305121      77.767749
       1.434502      72.564707
       2.477186      67.365356
       3.346256      62.541049
       4.192839      57.977103
       4.992420      53.949334
       5.859912      50.343222
       6.983663      46.974046
       8.333766      43.784318
       9.637195      41.032323
      10.635280      38.551258
      11.384314      36.202315
      12.099080      34.007132
      12.678101      31.947977
      12.932600      30.043366
      12.813067      28.294580
      12.515745      26.684975
      12.153657      25.252192
      11.716439      23.984895
      11.165804      23.002423
      10.508907      22.396267
      10.034624      22.086666
       9.729153      21.887324
       9.684678      21.852812
       9.972950      21.969354
      10.411560      22.183578
      10.709618      22.540375
      10.860425      22.901101
      10.889480      23.126161
      10.987556      23.173053
      11.165841      23.219816
      11.409204      23.399988
      11.656475      23.586036
      11.916435      23.661665
      12.071404      23.695370
      12.090860      23.726865
      11.923098      23.792321
      11.660194      23.867479
      11.494866      23.858607
      11.494016      23.888211
      11.441635      24.045438
      11.339533      24.275758
      11.273893      24.535125
      11.166463      24.780737
      11.110391      24.980772
      11.037144      25.128284
      10.890281      25.237074
      10.669323      25.327075
      10.506065      25.373294
      10.348806      25.339038
      10.249757      25.269682
      10.016859      25.312084
       9.725216      25.329061
       9.448621      25.315629
       9.277326      25.352720
       9.100506      25.435559
       8.886202      25.441470
       8.396551      25.320042
       7.815958      25.113072
       7.266477      24.837266
       6.751542      24.515563
       6.121977      24.159966
       5.585644      23.817774
       5.057387      23.473615
       4.260089      23.048106
       2.812922      22.436349
       0.424193      21.704938
      -2.880190      20.955232
      -6.510844      20.237996
     -10.100221      19.594337
     -13.460366      19.036943
     -16.516553      18.464528
     -19.093678      17.842252
     -20.841997      17.402087
     -21.817329      17.266222
     -22.015583      17.236787
     -21.592915      17.169822
     -20.807680      16.652401
     -20.072698      16.017658
     -19.876562      15.544597
     -20.362997      15.353449
     -20.892697      14.942550
     -21.019757      14.075512
     -20.979383      13.215260
     -20.682056      12.591480
     -19.976795      11.876950
     -19.083161      11.408055
     -17.501516      10.725630
     -16.294336      10.264061
     -15.354484       9.882346
     -14.353936       9.421773
     -13.425489       8.892483
     -12.177343       8.241704
     -10.386556       7.205582
      -8.363915       5.948248
      -6.208720       4.892148
      -4.048883       3.944202
      -2.285901       3.030090
      -0.373550       2.943202
       1.257025       2.913474
       2.322382       3.140031
       3.129928       3.200036
