     -12.001838       9.999569
     -12.075934       9.948543
     -12.132928       9.886848
     -12.184538       9.882388
     -12.187095       9.872565
     -12.196496       9.900319
     -12.222589       9.899255
     -12.328073       9.865858
     -12.423920       9.806592
     -12.526427       9.787611
     -12.601786       9.768473
     -12.708659       9.750646
     -12.813125       9.675509
     -12.902100       9.600253
     -12.952669       9.557963
     -13.061926       9.568635
     -13.196791       9.590460
     -13.366952       9.617597
     -13.647787       9.665192
     -13.994642       9.695922
     -14.512445       9.702876
     -15.217957       9.647597
     -16.186846       9.582479
     -17.385562       9.548702
     -18.894343       9.523631
     -20.849443       9.560271
     -23.106626       9.783756
     -25.469730      10.241833
     -27.629231      10.728063
     -29.402297      11.036448
     -30.751960      11.044633
     -31.972955      10.836346
     -33.177387      10.434290
     -34.565002       9.930795
     -35.961217       9.500071
     -37.210817       9.236156
     -38.361334       9.120831
     -39.240368       9.322349
     -40.295904       9.450332
     -41.596039       9.310450
     -42.650198       9.662927
     -43.517448      10.554552
     -44.107965      11.214880
     -44.749287      11.233380
     -45.172397      11.066359
     -45.489031      10.966076
     -45.851005      10.632506
     -46.270851      10.397167
     -46.711170      10.047987
     -47.386942       9.607802
     -48.057269       9.281525
     -48.739501       9.128309
     -49.316720       9.248560
     -49.616699       9.469337
     -49.975293       9.705707
     -50.120504       9.862505
     -50.114068       9.893564
     -50.139485       9.854135
     -50.197254       9.738792
     -50.379806       9.686611
     -50.474153       9.724546
     -50.403940       9.748883
     -50.100119      10.125587
     -49.350656      10.923409
     -48.624997      12.339172
     -48.343571      13.558898
     -48.325707      14.258362
     -48.304152      14.449544
     -48.119026      14.356151
     -47.969216      14.156041
     -47.875617      14.022338
     -47.826988      13.946411
     -47.791274      13.977928
     -47.656458      13.996660
     -47.595803      14.126923
     -47.546990      14.116420
     -47.443157      14.090862
     -47.336754      14.034295
     -47.267818      14.040245
     -47.202924      13.976529
     -47.183942      13.884105
     -47.133454      13.617851
     -47.154931      13.562926
     -47.042521      13.538966
     -46.710077      13.788055
     -46.471888      14.057867
     -46.420098      14.365135
     -46.517141      14.657900
     -46.747719      14.935393
     -46.868581      15.066040
     -46.890360      15.074531
     -47.061944      14.907866
     -47.129544      14.821120
     -47.101077      14.830982
     -47.012664      15.117277
     -46.907826      15.394263
     -46.696239      15.606426
     -46.434392      15.673816
     -46.143325      15.724576
     -45.781035      16.004882
     -45.347347      16.531872
     -44.870227      17.330702
     -44.394141      18.307539
     -43.919581      19.463622
     -43.491007      20.597704
     -43.151103      21.497521
     -42.803937      22.303995
     -42.403801      23.134668
     -41.898850      24.090911
     -41.408898      24.893688
     -40.972062      25.668747
     -40.628102      26.384959
     -40.461166      26.996730
     -40.561940      27.393032
     -40.861570      27.586351
     -41.213578      27.560604
     -41.505766      27.311674
     -41.692645      26.990125
     -41.772203      26.651272
     -41.800772      26.432162
     -41.840814      26.311076
     -41.927531      26.218737
     -42.065368      26.133550
     -42.193045      26.023030
     -42.308700      25.862771
     -42.451919      25.651541
     -42.619569      25.416145
     -42.806652      25.213323
     -43.237718      25.255854
     -44.008906      25.526966
     -44.602940      25.640003
     -45.082886      25.617658
     -45.473017      25.493158
     -45.733514      25.284148
     -45.987998      25.081273
     -46.295185      24.884374
     -46.703238      24.763833
     -47.043001      24.610742
     -47.339110      24.472579
     -47.576409      24.351896
     -47.747901      24.298544
     -47.831899      24.282064
     -47.877336      24.230901
     -47.907110      24.171506
     -47.933804      24.124029
     -47.920670      24.006914
     -47.884675      23.873611
     -47.842817      23.755170
     -47.790818      23.690256
     -47.761763      23.625354
     -47.758057      23.558254
     -47.773692      23.514961
     -47.742311      23.462672
     -47.688325      23.389249
     -47.646409      23.382587
     -47.609996      23.359305
     -47.573107      23.291404
     -47.551789      23.269154
     -47.552867      23.258158
     -47.560294      23.291783
     -47.591758      23.301099
     -47.635704      23.288602
     -47.697155      23.258945
     -47.738925      23.265689
     -47.786160      23.249357
     -47.817595      23.231303
     -47.858865      23.294692
     -47.873290      23.344639
     -47.909747      23.317030
     -47.928723      23.311842
     -47.961406      23.280595
     -47.978207      23.274594
     -48.016519      23.256749
     -48.047181      23.213063
     -48.083623      23.209859
     -48.111352      23.199725
     -48.134690      23.163764
     -48.150728      23.133527
     -48.171686      23.130343
     -48.243250      23.083638
     -48.302656      23.041112
     -48.293602      23.036211
     -48.304953      23.022558
     -48.327334      22.987738
     -48.354004      22.962115
     -48.392603      22.939663
     -48.428720      22.930804
     -48.450853      22.943872
     -48.463049      22.967778
     -48.473434      22.945827
     -48.495878      22.956855
     -48.508705      22.981383
     -48.513975      23.044354
     -48.513203      23.025650
     -48.514869      23.015659
     -48.524831      23.022629
     -48.539776      23.059165
     -48.564804      23.069081
     -48.580463      23.080923
     -48.599697      23.073571
     -48.599250      23.062845
     -48.602781      23.061528
     -48.593383      23.036051
     -48.590891      23.053585
     -48.588055      23.109737
     -48.588701      23.106223
     -48.579501      23.114213
     -48.568583      23.110735
     -48.552127      23.128339
     -48.565528      23.142638
     -48.580142      23.132939
     -48.608580      23.143255
     -48.613510      23.169447
     -48.626974      23.169757
     -48.628786      23.169563
     -48.635003      23.174078
     -48.629422      23.126214
     -48.626410      23.063029
     -48.609153      23.091018
     -48.598405      23.099013
     -48.590517      23.091525
     -48.599512      23.081639
     -48.607619      23.070737
     -48.618207      23.040199
     -48.641205      23.011343
     -48.667593      22.972842
     -48.678167      22.956949
     -48.678254      22.956221
     -48.653401      22.944154
     -48.625109      22.969116
     -48.610081      22.944037
     -48.582076      22.916966
     -48.576670      22.865482
     -48.566227      22.832282
     -48.573930      22.763875
     -48.570904      22.686785
     -48.559311      22.616999
     -48.572318      22.605920
     -48.613369      22.553032
     -48.647616      22.505125
     -48.681615      22.448035
     -48.703385      22.408317
     -48.746151      22.351096
     -48.776075      22.314504
     -48.803415      22.292443
     -48.818778      22.276342
     -48.845025      22.240670
     -48.861879      22.259289
     -48.876635      22.257103
     -48.888097      22.262361
     -48.906428      22.253087
     -48.915617      22.267932
     -48.940704      22.307665
     -48.962463      22.317024
     -48.988181      22.300860
     -49.008066      22.327008
     -49.031306      22.326996
     -49.027965      22.354370
     -49.039068      22.349195
     -49.043260      22.334357
     -49.059230      22.346878
     -49.060842      22.370126
     -49.078556      22.366051
     -49.072829      22.357768
     -49.081276      22.343556
     -49.090110      22.356480
     -49.110301      22.362117
     -49.134358      22.338913
     -49.141352      22.324633
     -49.144087      22.309984
     -49.124809      22.300960
     -49.109713      22.324118
     -49.130652      22.306737
     -49.142372      22.305727
     -49.138807      22.336406
     -49.131118      22.343532
     -49.099470      22.369891
     -49.027843      22.378165
     -48.932782      22.394127
     -48.828147      22.395512
     -48.716989      22.403509
     -48.624871      22.380137
     -48.548839      22.371792
     -48.478577      22.360692
     -48.413406      22.350839
     -48.363534      22.366190
     -48.321622      22.375484
     -48.307187      22.336011
     -48.289785      22.324057
     -48.291247      22.323069
     -48.292009      22.326763
     -48.297211      22.308959
     -48.275864      22.293854
     -48.249841      22.296290
     -48.221616      22.299899
     -48.191843      22.258820
     -48.153404      22.227252
     -48.118356      22.195458
     -48.094003      22.185392
     -48.068387      22.169541
     -48.049012      22.182864
     -48.017850      22.146065
     -48.008058      22.147932
     -48.001185      22.148600
     -48.001078      22.140239
     -48.008121      22.099342
     -48.016645      22.104265
     -48.030342      22.102774
     -48.052310      22.087843
     -48.079272      22.062193
     -48.104567      22.066018
     -48.125238      22.043326
     -48.152992      22.045835
     -48.170860      22.048883
     -48.184888      22.034409
     -48.193781      21.986412
     -48.212169      21.983340
     -48.221888      21.985856
     -48.249005      21.983192
     -48.280751      21.988714
     -48.314934      21.998532
     -48.353329      22.025156
     -48.392491      22.009174
     -48.431357      22.008970
     -48.454967      22.002141
     -48.477747      22.023417
     -48.480243      22.051960
     -48.486489      22.071189
     -48.493003      22.035584
     -48.496708      22.023206
     -48.497005      22.043363
     -48.484653      22.051748
     -48.474512      22.048875
     -48.471666      22.021113
     -48.481253      22.038668
     -48.513009      22.061720
     -48.550485      22.045327
     -48.576981      22.045478
     -48.606118      22.051226
     -48.621257      22.073481
     -48.633361      22.106123
     -48.644828      22.064556
     -48.698042      22.076519
     -48.779110      22.184272
     -48.829803      22.248441
     -48.835471      22.272199
     -48.831260      22.229814
     -48.829827      22.200852
     -48.835015      22.209845
     -48.854059      22.200208
     -48.869728      22.211338
     -48.873973      22.214051
     -48.865162      22.192068
     -48.832989      22.190222
     -48.821774      22.217472
     -48.819142      22.164718
     -48.826971      22.146079
     -48.825767      22.195426
     -48.814217      22.211285
     -48.792555      22.212028
     -48.766783      22.202651
     -48.737937      22.203601
     -48.714575      22.237959
     -48.690470      22.247059
     -48.659322      22.232738
     -48.635750      22.233088
     -48.584757      22.208730
     -48.526492      22.179449
     -48.396605      22.164091
     -47.974690      22.167877
     -46.926379      21.714887
     -45.326092      21.012141
     -43.127828      20.546936
     -40.416496      19.851376
     -36.927774      19.015910
     -32.942948      18.022742
     -29.065533      17.494838
     -24.790818      16.937344
     -20.304774      16.603341
     -15.519723      16.168239
     -10.654488      15.825931
      -6.079572      15.235694
      -1.074866      14.695584
       4.289989      14.274870
       9.478972      13.606843
      14.877077      13.530594
      20.138592      12.895533
      25.032343      12.224743
      29.779698      11.620103
      34.316840      10.883720
      38.698810      10.278172
      42.605358       9.671746
      45.737905       8.960460
      47.806729       8.128257
      49.000566       7.707629
      48.850392       7.428827
      47.831301       6.959313
      46.747471       6.669551
      45.945251       6.217305
      44.807921       5.799127
      42.924095       5.515034
      39.687078       5.261887
      35.546961       5.981486
      30.920666       6.834975
      26.526876       7.986525
      23.029647       8.400826
      20.058369       8.817027
      17.619439       9.079049
      15.310800       9.549373
      13.023280       9.386127
      10.268189       9.301624
       7.099971       8.808988
       4.116040       8.825966
       1.750780       8.474089
      -0.181108       7.752548
      -1.517359       6.579638
      -2.823195       4.607382
      -4.341746       2.521074
      -5.555378       0.515181
      -6.403946      -1.975255
      -7.262509      -4.503509
      -8.489684      -7.467971
      -9.648644     -11.648586
     -10.076067     -15.803233
     -10.688060     -19.409716
     -11.371570     -22.127829
     -12.075558     -24.396634
     -12.625596     -26.349782
     -13.227592     -28.411445
     -14.165782     -30.517127
     -14.774852     -32.709357
     -14.754821     -34.659194
     -14.280719     -36.766995
     -13.574482     -38.819947
     -13.257435     -40.476510
     -13.240575     -42.299749
     -13.521157     -43.861272
     -14.210716     -45.598081
     -14.764910     -47.421640
     -15.132761     -49.365965
     -15.453594     -51.214956
     -15.709693     -52.850369
     -15.861948     -54.389531
     -15.960555     -55.923530
     -15.979781     -57.382924
     -15.989755     -58.623301
     -15.991268     -59.789448
     -16.018928     -61.081494
     -16.208017     -62.235207
     -16.517650     -63.261938
     -16.696034     -64.228204
     -17.010316     -65.176941
     -17.467970     -66.047529
     -18.094305     -66.724836
     -19.038583     -67.147844
     -20.006663     -67.376012
     -20.728290     -67.286463
     -20.398787     -66.791833
     -19.131223     -66.124721
     -18.507557     -65.630592
     -18.595385     -66.284027
     -18.697439     -67.314935
     -19.172300     -68.163826
     -19.660133     -68.996859
     -19.950643     -69.534954
     -20.138620     -70.102351
     -20.315377     -70.478066
     -20.329484     -70.792199
     -20.173482     -70.961073
     -19.999359     -71.089299
     -19.729970     -71.002984
     -19.518041     -70.941344
     -19.524538     -70.948591
     -19.798529     -71.196547
     -20.171224     -71.590660
     -20.585998     -72.194670
     -20.912079     -72.689756
     -21.214381     -73.154544
     -21.619731     -73.699006
     -21.944377     -74.535954
     -22.018820     -75.036941
     -22.159249     -75.161320
     -22.131863     -75.295597
     -22.218133     -75.587373
     -22.342665     -75.934034
     -22.355300     -76.192291
     -22.587371     -76.337317
     -22.745810     -76.307398
     -22.626803     -75.813167
     -22.288642     -74.636509
     -22.013171     -73.245827
     -21.837862     -71.846557
     -21.883360     -70.788668
     -21.687025     -70.105785
     -21.443018     -69.571678
     -21.370410     -68.971180
     -21.377783     -68.390294
     -21.370735     -67.857659
     -21.363991     -67.330098
     -21.255692     -66.913594
     -21.074238     -66.612935
     -20.917150     -66.378287
     -20.763600     -66.081460
     -20.646531     -65.633540
     -20.598559     -64.969847
     -20.633362     -64.345307
     -20.647707     -63.954608
     -20.591492     -63.872281
     -20.603241     -63.969563
     -20.739114     -64.129262
     -20.942531     -64.232809
     -21.220632     -64.287994
     -21.513869     -64.250041
     -21.704641     -64.217669
     -21.834605     -64.204254
     -21.869287     -64.143206
     -22.010136     -64.116094
     -22.074414     -64.205143
     -22.125616     -64.343665
     -22.221064     -64.513671
     -22.240378     -64.506842
     -22.206284     -64.432563
     -22.039249     -64.328516
     -21.824962     -64.167938
     -21.698096     -63.938284
     -21.582130     -63.767307
     -21.523744     -63.707891
     -21.504350     -63.702305
     -21.552174     -63.736236
     -21.642772     -63.794224
     -21.763501     -63.811676
     -21.900605     -63.837248
     -22.042423     -63.836374
     -22.165330     -63.756092
     -22.358312     -63.572880
     -22.661791     -63.300231
     -22.998433     -62.849188
     -23.043094     -62.231836
     -22.796068     -61.618574
     -22.497266     -60.982809
     -22.312272     -60.340074
     -22.211000     -59.655671
     -22.214699     -58.846015
     -22.253815     -57.785202
     -22.345834     -56.541765
     -22.529961     -55.413537
     -22.541968     -54.512219
     -22.458109     -53.823202
     -22.298206     -53.283567
     -22.122578     -52.859457
     -21.873585     -52.594181
     -21.687090     -52.175049
     -21.719254     -51.670613
     -21.814400     -51.219430
     -21.939061     -51.012205
     -22.075944     -51.049842
     -22.204499     -51.195193
     -22.374966     -51.316274
     -22.535843     -51.432847
     -22.654869     -51.543043
     -22.680434     -51.694544
     -22.687938     -51.923431
     -22.736258     -52.105545
     -22.805014     -52.254976
     -22.865091     -52.496166
     -22.931661     -52.757309
     -23.004417     -52.981329
     -23.135807     -53.101759
     -23.280124     -53.147104
     -23.408742     -53.138566
     -23.515063     -53.133427
     -23.594902     -53.093784
     -23.664576     -53.066959
     -23.703515     -53.058857
     -23.742155     -53.070203
     -23.788066     -53.063034
