      -9.801362       7.810795
      -9.334368       8.476580
      -8.141297       9.088737
      -7.586560       9.818411
      -8.112888      10.879400
      -8.445455      11.966522
      -7.930033      12.829949
      -7.503823      13.516000
      -7.522846      14.244151
      -7.883789      14.900336
      -8.280413      15.409633
      -8.509334      15.850043
      -8.588612      16.419397
      -8.391097      17.113176
      -8.012292      17.753880
      -7.926521      18.437832
      -7.844820      18.986064
      -7.925114      19.341857
      -8.395711      19.612019
      -9.128603      19.983723
      -9.739858      20.201086
     -10.321246      20.324562
     -10.757827      20.028055
     -11.215054      19.630196
     -11.594361      19.321543
     -11.980903      19.030473
     -12.283600      18.873956
     -12.323722      18.877420
     -12.103724      18.876507
     -11.711031      18.830252
     -11.321207      18.640091
     -10.532892      18.358343
      -9.616395      18.298273
      -8.521201      18.403682
      -7.846173      18.439919
      -7.339179      18.365475
      -6.632277      18.207575
      -5.614414      17.727734
      -4.994324      17.228078
      -4.225073      16.689779
      -3.195125      16.255935
      -1.896888      15.930645
      -0.304414      15.699601
       1.541761      15.574121
       3.777114      15.662051
       6.177389      15.849140
       8.334788      16.042169
       9.913723      16.021515
      11.037448      16.020093
      11.747477      15.848211
      12.006884      15.708583
      12.090987      15.385519
      12.146580      15.051084
      12.103253      14.579520
      11.764090      14.177802
      11.257196      13.717488
      10.512786      13.427500
       9.487060      13.269014
       8.190431      13.254818
       6.588827      13.418618
       4.603598      13.753213
       2.388895      13.889189
       0.161940      14.000198
      -1.885555      13.914237
      -3.616342      13.829932
      -5.182374      13.590755
      -6.729314      13.530753
      -8.388781      13.611012
     -10.033930      13.788934
     -11.255896      14.037127
     -12.120174      14.642039
     -12.605569      15.560134
     -13.112691      16.574668
     -13.451705      17.449388
     -13.715700      17.962091
     -14.027495      18.151559
     -14.548453      18.182900
     -15.193166      17.982221
     -16.101886      17.565022
     -17.342910      17.174611
     -18.841629      16.788236
     -20.567032      16.141154
     -22.444383      15.084611
     -24.071911      14.042602
     -25.340864      13.467133
     -26.411893      13.449078
     -27.502312      13.716192
     -28.463437      13.998176
     -29.353042      13.620857
     -29.585808      12.567408
     -29.721107      11.282828
     -29.563973       9.953898
     -29.276947       8.895176
     -28.789589       7.958785
     -28.182742       7.033678
     -27.522794       6.178118
     -27.184753       5.734508
     -26.746975       5.623221
     -26.331490       5.703913
     -25.934977       5.704703
     -25.724800       5.770827
     -25.646728       5.889968
     -25.747028       6.094666
     -25.638864       5.950747
     -25.497017       5.748426
     -25.252699       5.701143
     -24.998735       5.870280
     -24.824354       6.075310
     -24.763038       6.229883
     -24.689644       6.350310
     -24.621745       6.584183
     -24.469597       6.884587
     -24.361326       7.264604
     -24.205309       7.658250
     -24.064759       8.018289
     -23.923961       8.373011
     -23.766219       8.761659
     -23.578729       9.115440
     -23.400998       9.273569
     -23.305135       9.273947
     -23.327625       9.166410
     -23.406618       9.045520
     -23.477948       8.935155
     -23.497658       8.930219
     -23.390470       8.994110
     -23.154880       9.069730
     -22.856955       9.116057
     -22.549979       9.141683
     -22.278001       9.166714
     -22.068432       9.204973
     -21.865270       9.203036
     -21.760446       9.201150
     -21.634890       9.186231
     -21.453715       9.201931
     -21.243625       9.204911
     -21.072905       9.203634
     -20.922682       9.049645
     -20.792956       8.889295
     -20.643454       8.778621
     -20.471640       8.737305
     -20.160054       8.699558
     -19.698183       8.686894
     -19.142260       8.623227
     -18.724340       8.517233
     -18.372647       8.421222
     -18.110517       8.413609
     -17.895051       8.473723
     -17.768539       8.590249
     -17.681374       8.615956
     -17.615457       8.566335
     -17.516594       8.473089
     -17.328309       8.355457
     -17.106804       8.206626
     -16.922035       8.003682
     -16.442053       7.490072
     -16.051967       7.074055
     -15.554381       6.469646
     -14.973093       5.854831
     -14.276799       5.276390
     -13.355573       4.702392
     -12.492726       4.299040
     -11.744131       4.065682
     -11.205115       4.069132
     -10.783829       4.292058
     -10.400937       4.695428
     -10.096886       5.037382
      -9.897871       5.288994
      -9.686087       5.386675
      -9.321124       5.389860
      -8.634127       5.173361
      -7.603526       4.633681
      -6.439528       3.961173
      -5.472700       3.581798
      -4.535355       3.378629
      -3.757395       3.169601
      -3.197324       2.767963
      -3.058338       2.331119
      -3.094747       1.967264
      -3.075156       1.923291
      -3.004735       2.095010
      -3.023079       2.334582
      -3.047755       2.476656
      -3.141856       2.526592
      -3.242214       2.304142
      -3.553808       1.771643
      -4.024141       1.154426
      -4.447534       0.445133
      -4.985976      -0.072885
      -5.608180      -0.490434
      -6.037646      -0.768762
      -6.327334      -0.993035
      -6.584333      -1.104944
      -6.791692      -1.210461
      -7.032836      -1.345517
      -7.236071      -1.572195
      -7.510817      -1.756301
      -7.815662      -1.898579
      -8.149777      -2.223240
      -8.554097      -3.102966
      -9.088185      -4.066804
      -9.454107      -4.906027
      -9.784830      -5.355979
      -9.808016      -5.567421
      -9.800989      -5.707667
      -9.761293      -5.904893
      -9.847185      -5.968567
      -9.897284      -5.870427
      -9.979025      -5.568169
     -10.133481      -5.089790
     -10.316933      -4.361113
     -10.393563      -3.682924
     -10.453606      -3.084200
     -10.442772      -2.440610
     -10.132600      -1.372788
      -9.747243      -0.083604
      -9.564264       1.251402
      -9.456719       2.346334
      -9.496218       3.139834
      -9.633396       3.574293
      -9.808431       3.884316
      -9.852878       4.211229
      -9.785794       4.619450
      -9.745379       4.949024
      -9.771146       5.259366
      -9.838551       5.462808
     -10.017755       5.604712
     -10.152122       5.579746
     -10.276586       5.463174
     -10.374019       5.311338
     -10.415543       5.186178
     -10.443955       5.143905
     -10.500711       5.120336
     -10.580454       5.045501
     -10.670548       4.965541
     -10.697439       4.975295
     -10.710912       5.002752
     -10.778019       5.083885
     -10.882296       5.246673
     -11.080080       5.573569
     -11.315931       6.124186
     -11.475372       6.672257
     -11.605640       7.095692
     -11.664023       7.309481
     -11.713632       7.356710
     -11.760580       7.254331
     -11.816992       7.130790
     -11.886624       7.075793
     -11.958628       7.114199
     -12.072002       7.195900
     -12.126863       7.287230
     -12.216208       7.289176
     -12.279822       7.181621
     -12.332473       7.091107
     -12.386742       7.006286
     -12.408009       6.958120
     -12.368915       6.914324
     -12.330426       6.893237
     -12.327950       6.846252
     -12.334630       6.807127
     -12.320490       6.721397
     -12.326995       6.652205
     -12.353208       6.606804
     -12.362653       6.625039
     -12.412779       6.601349
     -12.432142       6.582522
     -12.462284       6.570417
     -12.441877       6.563322
     -12.415974       6.523869
     -12.356584       6.534647
     -12.313537       6.567837
     -12.260659       6.597346
     -12.275267       6.597290
     -12.263158       6.560074
     -12.246192       6.535989
     -12.238344       6.511404
     -12.236525       6.504409
     -12.228344       6.499697
     -12.204635       6.477175
     -12.182161       6.467583
     -12.171102       6.479134
     -12.145905       6.477819
     -12.118568       6.469377
     -12.093225       6.479646
     -12.108268       6.501646
     -12.128284       6.508430
     -12.175450       6.502072
     -12.190762       6.490152
     -12.215239       6.481123
     -12.220639       6.448725
     -12.217387       6.409116
     -12.214184       6.397484
     -12.208763       6.382795
     -12.177471       6.355782
     -12.189543       6.341296
     -12.195462       6.335638
     -12.206659       6.366302
     -12.150315       6.386920
     -12.136547       6.378700
     -12.094949       6.326577
     -12.042463       6.283185
     -12.023019       6.229670
     -12.055266       6.214177
     -12.042620       6.258422
     -12.102602       6.336653
     -12.139469       6.274317
     -12.207350       6.181641
     -12.277122       6.149687
     -12.372724       6.179817
     -12.429487       6.162487
     -12.462037       6.179466
     -12.426951       6.193388
     -12.411825       6.218020
     -12.408099       6.221846
     -12.450079       6.192783
     -12.486353       6.052307
     -12.549408       5.945746
     -12.579173       5.881688
     -12.603482       5.877469
     -12.664670       5.861078
     -12.702411       5.887018
     -12.766497       5.886720
     -12.841039       5.831918
     -12.890365       5.827247
     -12.925305       5.823115
     -12.943025       5.822566
     -12.858337       5.859649
     -12.778608       5.896513
     -12.774049       5.881175
     -12.802998       5.876510
     -12.800087       5.876917
     -12.802430       5.890233
     -12.787116       5.902363
     -12.756508       5.905048
     -12.732771       5.897446
     -12.741910       5.881167
     -12.739195       5.873113
     -12.704329       5.908606
     -12.630896       5.962884
     -12.597312       6.002934
     -12.595498       6.018715
     -12.621275       5.978828
     -12.617841       5.940892
     -12.641933       5.940512
     -12.636683       5.947514
     -12.633267       5.984271
     -12.606929       6.023544
     -12.596325       6.043491
     -12.569310       6.064416
     -12.525919       6.093288
     -12.454724       6.066381
     -12.426322       6.013692
     -12.360056       6.004123
     -12.119238       6.172849
     -12.038075       6.521993
     -12.118655       6.724490
     -12.200443       6.793282
     -12.229933       6.846349
     -12.283848       6.869176
     -12.276730       6.883205
     -12.129284       7.027058
     -11.994076       7.355777
     -11.872368       7.683843
     -11.821906       8.005280
     -11.840880       8.309039
     -11.808577       8.536394
     -11.805548       8.720470
     -11.762141       8.936995
     -11.721355       9.288877
     -11.683403       9.690037
     -11.784806      10.077738
     -11.985734      10.357549
     -12.110165      10.551591
     -12.234814      10.651653
     -12.273086      10.713388
     -12.305152      10.679561
     -12.305078      10.605179
     -12.356795      10.540372
     -12.412841      10.488885
     -12.450615      10.414353
     -12.427208      10.387332
     -12.417216      10.303858
     -12.436654      10.237963
     -12.478469      10.213429
     -12.547495      10.173094
     -12.582607      10.111421
     -12.612418      10.129521
     -12.599256      10.104382
     -12.570110      10.110933
     -12.578272      10.084106
     -12.611298      10.061104
     -12.659375      10.023797
     -12.662499      10.029838
     -12.693657      10.038442
     -12.684086      10.039288
     -12.688679      10.077147
     -12.721620      10.076890
     -12.783677      10.046407
     -12.894354       9.990994
     -12.966199       9.970651
     -13.063991       9.949552
     -13.101809       9.948589
     -13.115866       9.975709
     -13.117375       9.987388
     -13.078573       9.967390
     -13.146347       9.973108
     -13.197692       9.974197
     -13.234326       9.976242
     -13.195845       9.951195
     -13.173648       9.953261
     -13.161265       9.929198
     -13.218120       9.872503
     -13.302110       9.796968
     -13.364752       9.740936
     -13.426770       9.669488
     -13.486904       9.640749
     -13.523737       9.609989
     -13.596251       9.584224
     -13.624906       9.549275
     -13.605443       9.547421
     -13.584575       9.541837
     -13.517555       9.557484
     -13.461968       9.540269
     -13.388708       9.477110
     -13.392118       9.405070
     -13.361924       9.366629
     -13.359525       9.352442
     -13.303241       9.304243
     -13.298777       9.298049
     -13.279123       9.274609
     -13.243793       9.271846
     -13.193123       9.193762
     -13.139971       9.095915
     -13.066033       9.069999
     -13.013894       9.110193
     -12.937557       9.139418
     -12.894473       9.209165
     -12.791011       9.307544
     -12.728756       9.362569
     -12.696026       9.343103
     -12.662947       9.335660
     -12.647765       9.316731
     -12.643245       9.320177
     -12.641774       9.370097
     -12.641839       9.452030
     -12.658850       9.463242
     -12.641378       9.479069
     -12.642255       9.487188
     -12.674448       9.431644
     -12.675569       9.338877
     -12.642831       9.324263
     -12.609566       9.321101
     -12.616960       9.335124
     -12.619933       9.322889
     -12.665936       9.315100
     -12.737922       9.265909
     -12.792394       9.255945
