      -0.990057       2.465107
      -0.989766       2.485627
      -0.980777       2.528241
      -0.962003       2.573603
      -0.951450       2.597608
      -0.935254       2.610425
      -0.927132       2.616240
      -0.913975       2.625116
      -0.886505       2.626812
      -0.882004       2.626612
      -0.872113       2.612547
      -0.879534       2.589427
      -0.900267       2.533623
      -0.921509       2.435990
      -0.960759       2.340157
      -0.992842       2.263879
      -1.040295       2.206620
      -1.100588       2.146216
      -1.143729       2.062759
      -1.168343       2.014477
      -1.188214       2.003166
      -1.199115       2.012724
      -1.208339       2.005348
      -1.216829       1.998936
      -1.228689       1.978951
      -1.243516       1.952450
      -1.246487       1.923878
      -1.251589       1.910344
      -1.264216       1.884436
      -1.281561       1.864724
      -1.289362       1.839440
      -1.340832       1.802109
      -1.379160       1.769195
      -1.406755       1.710766
      -1.452148       1.642410
      -1.503645       1.584010
      -1.554200       1.547650
      -1.611062       1.516963
      -1.658021       1.463550
      -1.695579       1.408234
      -1.727355       1.370353
      -1.757363       1.335026
      -1.786630       1.292187
      -1.802095       1.248610
      -1.841268       1.182815
      -1.884947       1.112662
      -1.897913       1.001283
      -1.944794       0.818440
      -1.978928       0.448840
      -1.992037      -0.013809
      -2.029117      -0.473296
      -2.054163      -0.904850
      -2.030402      -1.331644
      -2.004065      -1.728827
      -1.986045      -2.108699
      -1.974007      -2.427702
      -1.950136      -2.696696
      -1.917808      -2.933834
      -1.915405      -3.115700
      -1.910447      -3.230028
      -1.897194      -3.256074
      -1.863594      -3.111359
      -1.720649      -2.647619
      -1.519693      -1.824339
      -1.277283      -0.872179
      -0.998180      -0.014587
      -0.733725       0.685415
      -0.504504       1.225054
      -0.286789       1.582936
       0.046190       1.814026
       0.742413       2.169035
       1.757611       2.648794
       2.785717       3.155583
       3.674231       3.579568
       4.508703       3.952739
       5.397520       4.345340
       6.403988       4.786013
       7.437372       5.275900
       8.348771       5.731424
       9.142801       6.136989
       9.764585       6.549726
      10.204323       6.939601
      10.436933       7.248911
      10.579680       7.416445
      10.676479       7.509226
      10.734176       7.522411
      10.712591       7.534359
      10.614176       7.515822
      10.453070       7.441531
      10.143479       7.328161
       9.615585       7.234646
       8.806714       7.229278
       7.893186       7.334218
       6.931394       7.545541
       6.085803       7.699512
       5.534629       7.687340
       5.120460       7.522226
       4.779995       7.293521
       4.509095       7.093601
       4.293996       6.927059
       4.102965       6.797112
       3.997692       6.721620
       3.950351       6.675562
       3.950306       6.641801
       3.982545       6.654291
       3.974596       6.702431
       3.958615       6.717842
       3.955454       6.709905
       3.952359       6.736136
       3.939195       6.775287
       3.938825       6.797647
       3.931310       6.800855
       3.936379       6.795676
       3.955128       6.785206
       3.971707       6.736785
       3.970352       6.707826
       3.959693       6.707749
       3.952287       6.709656
       3.952921       6.732522
       3.953963       6.767707
       3.942881       6.798094
       3.938910       6.809691
       3.947355       6.818611
       3.948166       6.829652
       3.939490       6.837995
       3.930168       6.847088
       3.933711       6.854043
       3.937461       6.866486
       3.939202       6.882765
       3.944843       6.856041
       3.913087       6.838444
       3.899659       6.829885
       3.879396       6.815929
       3.865659       6.822925
       3.830202       6.824981
       3.747323       6.759895
       3.599519       6.540807
       3.414508       6.192088
       3.193112       5.804101
       2.928601       5.421991
       2.671956       5.066055
       2.419543       4.734682
       2.212445       4.450793
       2.041940       4.226870
       1.900993       4.011058
       1.767282       3.812890
       1.627575       3.614594
       1.521645       3.366621
       1.406120       2.931884
       1.278376       2.214106
       1.190398       1.408994
       1.133340       0.745641
       1.087626       0.280717
       0.973587      -0.060807
       0.783968      -0.478091
       0.535785      -1.094160
       0.256067      -2.172999
      -0.113433      -4.021130
      -0.520165      -6.357207
      -1.105427      -8.685162
      -1.826849     -10.738533
      -2.791415     -12.243407
      -3.801988     -13.547635
      -4.803450     -14.971338
      -5.707464     -16.636676
      -6.360095     -18.207850
      -6.918499     -19.746067
      -7.413797     -21.784549
      -7.405296     -25.951086
      -7.070518     -30.843313
      -6.795288     -34.515640
      -6.768869     -36.419870
      -6.822982     -37.308713
      -6.809669     -38.491575
      -6.687305     -40.611479
      -6.726316     -43.116525
      -6.850110     -45.535508
      -7.006560     -47.788414
      -7.257183     -49.858409
      -7.531628     -51.724798
      -7.678567     -53.577092
      -7.768993     -55.643206
      -7.873217     -57.859830
      -7.986668     -59.747372
      -8.140676     -61.065505
      -8.362890     -61.736760
      -8.628246     -61.907484
      -8.878510     -61.800178
      -9.089257     -61.564530
      -9.251132     -61.396720
      -9.354099     -61.200350
      -9.362945     -60.395032
      -8.677812     -57.772938
      -6.608977     -52.739950
      -4.090729     -46.217958
      -1.806655     -38.656343
      -0.240216     -30.581143
       0.458718     -23.200473
       1.004322     -17.848908
       1.497868     -14.992695
       1.925643     -14.759471
       2.208652     -16.074655
       2.602076     -17.803416
       3.329886     -19.758236
       4.481376     -21.903087
       5.803308     -23.811756
       7.347828     -25.291383
       8.832920     -26.397033
       9.867682     -26.951880
      10.279287     -26.960276
      10.316493     -26.692360
      10.148026     -26.476254
       9.849078     -26.470595
       9.152752     -26.546290
       7.982074     -26.420435
       6.718044     -26.032985
       5.645748     -25.405717
       4.631773     -24.658219
       3.572374     -23.831148
       2.444239     -22.963373
       1.567832     -22.250780
       0.901775     -21.809480
       0.526200     -21.724550
       0.270082     -21.711026
       0.093046     -21.632024
      -0.001994     -21.513787
      -0.063717     -21.287049
      -0.114505     -20.905420
      -0.129170     -20.429855
      -0.080563     -20.013336
      -0.060635     -19.763134
      -0.153007     -19.711321
      -0.147966     -19.730193
      -0.089378     -19.718861
       0.037329     -19.615693
       0.229209     -19.437038
       0.474226     -19.194610
       0.784752     -18.908452
       1.603349     -18.353824
       3.084048     -17.205058
       3.917751     -15.680828
       4.429767     -14.357334
       4.923688     -13.432137
       5.349339     -12.785195
       5.743823     -12.246757
       6.047844     -11.671799
       6.428609     -11.042366
       6.957288     -10.320314
       7.537755      -9.563456
       8.088378      -8.794554
       8.413641      -8.089943
       8.471312      -7.553441
       8.365004      -7.262212
       8.158411      -7.194249
       7.901553      -7.248512
       7.626537      -7.355326
       7.380784      -7.469478
       7.175137      -7.568532
       6.949917      -7.707450
       6.669272      -7.913948
       6.358987      -8.218143
       6.073143      -8.614856
       5.835080      -9.020971
       5.617704      -9.389156
       5.397962      -9.684025
       5.198364      -9.920056
       5.032697     -10.142253
       4.846988     -10.382872
       4.664835     -10.606049
       4.494205     -10.824672
       4.363080     -11.033801
       4.290304     -11.229132
       4.259884     -11.438454
       4.158890     -11.667920
       4.038188     -11.880086
       3.910786     -12.096751
       3.779325     -12.335768
       3.688289     -12.557187
       3.642294     -12.728317
       3.582940     -12.832629
       3.543077     -12.891979
       3.492252     -12.949430
       3.408840     -13.000462
       3.317035     -13.033745
       3.230266     -13.052410
       3.161391     -13.058569
       3.162190     -13.046369
       3.162067     -13.049260
       3.132137     -13.052484
       3.111073     -13.073316
       3.081074     -13.101222
       3.050601     -13.111655
       3.040784     -13.134179
       3.011963     -13.138315
       2.969937     -13.133165
       2.928464     -13.131225
       2.878511     -13.135310
       2.821540     -13.141241
       2.770093     -13.161566
       2.724769     -13.203109
       2.701539     -13.240851
       2.708756     -13.278666
       2.685096     -13.312713
       2.657714     -13.345280
       2.651410     -13.371378
       2.635425     -13.380593
       2.637463     -13.350939
       2.639653     -13.316143
       2.639321     -13.285700
       2.638626     -13.286409
       2.639738     -13.295701
       2.638822     -13.292557
       2.635331     -13.288837
       2.631338     -13.282227
       2.627131     -13.278500
       2.630699     -13.266056
       2.632074     -13.249293
       2.623561     -13.252250
       2.622394     -13.247145
       2.626512     -13.270775
       2.621711     -13.297253
       2.621210     -13.303070
       2.631593     -13.301895
       2.626176     -13.317678
       2.625047     -13.351270
       2.625023     -13.398376
       2.609478     -13.450931
       2.607303     -13.511804
       2.636146     -13.628497
       2.787927     -14.129629
       3.142419     -14.939608
       3.580172     -15.748591
       4.178966     -16.562655
       5.272423     -17.559790
       6.845458     -19.133915
       8.607539     -21.153459
      10.394994     -23.248684
      12.162760     -25.097568
      13.911314     -26.628883
      15.536940     -27.855743
      16.918286     -28.782143
      18.137279     -29.444235
      19.264169     -29.972172
      20.262576     -30.468948
      21.036191     -31.010531
      21.512772     -31.521703
      21.596072     -31.883699
      21.243610     -32.017727
      20.314799     -32.007677
      18.909990     -31.954644
      17.426808     -31.949437
      16.181450     -32.005038
      15.253798     -32.096461
      14.529086     -32.213120
      13.973050     -32.335267
      13.399857     -32.435722
      12.777684     -32.495490
      12.122353     -32.468111
      11.394347     -32.301894
      10.764986     -31.969596
      10.250690     -31.508244
       9.867400     -30.946836
       9.576948     -30.349485
       9.363156     -29.836428
       9.144180     -29.442353
       8.946289     -29.212662
       8.728758     -29.066956
       8.577273     -28.945300
       8.526570     -28.808320
       8.533808     -28.676940
       8.581815     -28.559834
       8.614745     -28.460346
       8.627574     -28.327326
       8.619220     -28.140877
       8.550859     -27.786200
       8.330486     -26.953282
       7.918505     -25.396987
       7.482349     -23.353780
       7.129872     -21.365475
       6.805936     -19.557701
       6.589575     -17.981165
       6.373086     -16.471416
       6.158765     -15.128268
       5.995406     -13.933124
       5.851573     -12.847755
       5.726194     -11.985402
       5.625242     -11.349138
       5.556835     -10.886047
       5.523692     -10.650107
       5.521115     -10.659218
       5.527902     -10.836466
       5.539128     -11.053701
       5.548490     -11.225325
       5.570782     -11.393980
       5.557102     -11.522120
       5.542678     -11.605695
       5.516790     -11.637451
       5.499813     -11.639889
       5.504262     -11.635359
       5.520295     -11.617293
       5.533202     -11.586557
       5.557829     -11.528016
       5.581739     -11.454454
       5.587057     -11.389295
       5.596908     -11.328864
       5.589110     -11.278581
       5.627235     -11.235902
       5.676302     -11.232028
       5.673636     -11.224542
       5.684762     -11.197327
       5.677984     -11.190622
       5.657281     -11.203361
       5.670475     -11.230980
       5.681819     -11.274249
       5.679554     -11.322403
       5.686241     -11.372765
       5.692677     -11.408630
       5.690403     -11.426110
       5.675579     -11.443504
       5.642059     -11.464018
       5.618634     -11.451340
       5.624278     -11.341588
       5.565720     -11.085022
       5.341676     -10.712078
       5.051444     -10.404814
       4.836842     -10.246063
       4.736728     -10.251529
       4.668702     -10.382298
       4.606175     -10.542110
       4.554577     -10.654823
       4.525163     -10.721026
       4.499792     -10.745487
       4.498697     -10.771577
       4.501728     -10.842230
       4.548306     -11.087020
       4.816407     -11.957172
       5.779596     -13.623988
       6.887686     -15.788952
       7.991027     -17.961393
       9.150854     -20.101714
      10.358166     -22.219238
      11.638543     -24.350949
      12.954971     -26.370451
      14.194385     -28.144168
      15.328927     -29.543994
      16.403819     -30.557521
      17.603386     -31.287075
      19.079480     -32.065323
      20.836575     -33.091692
      22.809301     -34.549188
      24.629740     -36.278121
      25.926752     -38.136546
      26.728749     -40.155611
      27.506997     -42.207689
      28.169279     -44.291405
      28.770792     -46.141586
      29.365549     -47.563155
      29.984336     -48.907059
      30.365644     -50.064541
      30.532293     -50.685783
      30.583948     -50.889341
      30.601317     -51.133601
      30.645324     -51.691178
      30.781573     -52.374022
      30.940791     -52.932745
      31.041880     -53.363091
      31.190597     -53.697808
      31.318701     -53.847346
      31.340852     -53.636654
      31.339205     -52.993010
      31.325499     -52.204074
      31.364506     -51.621698
      31.347761     -50.697698
      31.204221     -48.419356
      30.743389     -44.142066
      30.037827     -38.598427
      29.189076     -32.025367
      27.946492     -24.898892
      26.177105     -17.943740
      23.799944     -11.648806
      21.163974      -6.223869
      18.834375      -1.786652
      17.499993       1.422038
      16.619117       3.173192
      15.737936       3.551648
      14.776735       2.994429
      13.737422       2.180566
      12.520725       1.555700
      10.835169       1.359520
       8.859502       1.538715
       6.922746       1.919846
       5.300947       2.188301
       3.940547       2.063375
       2.721743       1.503969
       1.649335       0.629832
       0.664034      -0.502532
      -0.189330      -1.502060
      -0.789535      -2.092532
      -1.369410      -2.367394
      -1.915957      -2.546555
      -2.160235      -2.704470
      -2.368098      -2.839225
      -2.589515      -2.927562
      -2.736982      -3.006019
      -2.920948      -3.002854
      -3.111308      -2.923569
      -3.255500      -2.776369
      -3.339797      -2.606312
      -3.389657      -2.452355
      -3.471067      -2.385965
      -3.572548      -2.422726
      -3.693317      -2.585091
      -3.799638      -2.798711
      -3.864224      -2.980979
      -3.894015      -3.103659
      -3.910422      -3.182695
      -3.920394      -3.251434
      -3.926505      -3.315400
      -3.860862      -3.392428
      -3.673740      -3.467321
      -3.463179      -3.546688
      -3.325425      -3.578242
      -3.139343      -3.563408
      -2.922789      -3.487136
      -2.679740      -3.371961
      -2.413413      -3.225656
      -2.101040      -3.033895
      -1.682819      -2.797419
      -1.221288      -2.558918
      -0.761886      -2.309777
      -0.239913      -2.065545
       0.333404      -1.850877
       1.004489      -1.680321
       1.606387      -1.542737
       2.019323      -1.448638
       2.213006      -1.327368
       2.303309      -1.203134
       2.311303      -1.129639
       2.310965      -1.093161
       2.299902      -1.070036
       2.253360      -1.071461
       2.201893      -1.084843
       2.131975      -1.092036
       2.037636      -1.077731
       1.948780      -1.063519
       1.877055      -1.045407
       1.859499      -1.020400
       1.896955      -0.958992
       1.937324      -0.921743
       1.950178      -0.902068
       1.970327      -0.902763
       1.981811      -0.902884
       2.004736      -0.890886
       2.010022      -0.848744
       1.985015      -0.779909
       1.942422      -0.736482
       1.895868      -0.749782
       1.837267      -0.791539
       1.793077      -0.829066
       1.759501      -0.863130
       1.597364      -0.810239
       1.309331      -0.572396
       1.114206      -0.325261
       1.102127      -0.109612
       1.079709       0.111339
       1.081164       0.368081
       1.105896       0.666948
       1.207023       0.958956
       1.352433       1.207214
       1.511422       1.375178
       1.701211       1.556251
       1.881560       1.767810
       2.050005       2.044325
       2.226514       2.372097
       2.430035       2.794625
       2.653180       3.329477
       2.890325       3.946505
       3.109396       4.664645
       3.280920       5.372803
       3.433454       6.047453
       3.551612       6.652284
       3.655379       7.137912
       3.682559       7.498771
       3.675977       7.758176
       3.651938       7.967317
       3.594693       8.193726
       3.561592       8.488397
       3.537814       8.730335
       3.522199       8.850927
       3.517301       8.850437
       3.520213       8.777492
       3.489307       8.695040
       3.462200       8.670126
       3.434712       8.659273
       3.442563       8.663661
       3.460696       8.649954
       3.453123       8.616363
       3.439737       8.582728
       3.428266       8.576328
       3.411622       8.602258
       3.384824       8.629887
       3.355877       8.647724
       3.351549       8.692901
       3.364185       8.719835
       3.360962       8.674559
       3.316724       8.578001
       3.300102       8.472844
       3.269510       8.369890
       3.254013       8.296286
       3.231539       8.222959
       3.160599       8.141302
       3.072219       8.006075
       2.987654       7.822500
       2.874088       7.610092
       2.750265       7.388168
       2.615048       7.153672
       2.482683       6.945127
       2.372791       6.784026
       2.255378       6.633045
       2.111307       6.496966
       1.976804       6.344170
       1.847598       6.167657
       1.756218       6.017236
       1.672322       5.901497
       1.577145       5.830126
       1.513003       5.789282
       1.456321       5.754306
       1.413442       5.726961
       1.363096       5.696683
       1.319622       5.671125
       1.283088       5.650287
       1.274702       5.641277
       1.271503       5.612368
       1.248928       5.600032
       1.210697       5.581541
       1.175752       5.548998
       1.140418       5.526810
       1.115781       5.511978
       1.065058       5.496554
       1.001524       5.456432
       0.945964       5.395995
       0.861953       5.312870
       0.724716       5.210828
       0.512770       5.082504
       0.251530       4.934669
      -0.046086       4.788151
      -0.384574       4.649634
      -0.891142       4.454847
      -1.440296       4.240296
      -2.016932       4.065253
      -2.723894       3.931651
      -3.483258       3.853066
      -3.984984       3.828978
      -4.265352       3.824950
      -4.417444       3.805194
      -4.491603       3.763761
      -4.524199       3.720691
      -4.554782       3.690833
      -4.581243       3.671286
      -4.570993       3.659950
      -4.556628       3.659441
      -4.521976       3.674728
      -4.459573       3.685176
      -4.423474       3.676260
      -4.407013       3.682602
      -4.375795       3.690725
      -4.360166       3.688693
      -4.326812       3.681001
      -4.278503       3.681165
      -4.245139       3.690888
      -4.212485       3.679145
      -4.178313       3.651106
      -4.139957       3.641275
      -4.113764       3.642614
      -4.091024       3.648048
      -4.083437       3.653883
      -4.068925       3.657826
      -4.036894       3.651276
      -4.026380       3.626761
      -4.010472       3.610830
      -3.980056       3.599250
      -3.962177       3.576403
      -3.916233       3.566204
      -3.877042       3.577377
      -3.862572       3.585344
      -3.844000       3.565957
      -3.824010       3.544576
      -3.815575       3.529915
      -3.836709       3.510059
      -3.838077       3.511694
      -3.837604       3.541284
      -3.823515       3.563220
      -3.798997       3.554193
      -3.786600       3.506457
      -3.783200       3.484373
