      -8.858654      18.503401
      -9.338301      17.598909
      -9.863749      16.854996
     -10.189427      16.342390
     -10.700543      15.970192
     -11.326727      15.351957
     -12.407684      14.421699
     -13.954523      13.230363
     -15.908323      12.022193
     -17.959350      10.631727
     -19.709340       9.210932
     -21.152337       8.439384
     -22.311859       8.264229
     -22.977308       8.583232
     -23.244801       8.950823
     -22.970156       9.107431
     -22.519443       9.092497
     -21.790946       8.667293
     -21.622910       7.919028
     -21.336518       6.878739
     -20.682223       5.766429
     -19.995787       4.731361
     -19.223158       3.909503
     -18.333703       3.338011
     -17.530045       3.031362
     -16.579046       2.957620
     -15.989198       3.006647
     -15.452774       3.069131
     -14.817086       3.071640
     -14.157785       2.982435
     -13.365002       2.813779
     -12.513532       2.625494
     -11.690087       2.386079
     -10.992255       2.126647
     -10.496619       1.809302
     -10.135902       1.640072
      -9.853495       1.579832
      -9.561298       1.615843
      -9.327540       1.625051
      -8.912582       1.741498
      -8.541563       1.909193
      -8.220462       2.237508
      -8.112109       2.682059
      -8.130584       3.150540
      -8.242305       3.429114
      -8.436928       3.468803
      -8.616811       3.364202
      -8.732172       3.301450
      -8.786358       3.337394
      -8.775062       3.390986
      -8.767393       3.596935
      -8.718885       3.763046
      -8.249988       3.890543
      -7.366939       4.185408
      -6.182009       4.421619
      -5.009345       4.725312
      -3.736474       5.056233
      -2.958837       5.514854
      -2.408889       5.992824
      -1.977670       6.314081
      -1.729123       6.470014
      -1.520135       6.575047
      -1.299118       6.635882
      -1.130094       6.706642
      -0.998117       6.826404
      -0.869020       7.037297
      -0.739412       7.356874
      -0.636763       7.551407
      -0.458424       7.543210
      -0.200704       7.481100
       0.122092       7.367474
       0.475736       7.293215
       0.712334       7.274669
       0.919808       7.267469
       1.014169       7.169978
       1.014297       7.061056
       0.920936       7.027361
       0.847231       7.048449
       0.762912       7.037231
       0.690272       6.950749
       0.588175       6.894490
       0.440960       6.873258
       0.227810       6.944748
       0.011654       7.087360
      -0.258869       7.350435
      -0.472832       7.465230
      -0.649601       7.518177
      -0.823380       7.501559
      -0.964875       7.439032
      -1.238845       7.406849
      -1.673566       7.398684
      -2.270847       7.531681
      -2.841194       7.692031
      -3.250425       7.727949
      -3.563035       7.396573
      -4.049872       6.665303
      -4.864016       5.724017
      -5.827710       4.825131
      -6.814987       4.113446
      -7.832706       3.609618
      -8.751624       3.176649
      -9.461792       2.597743
     -10.005143       1.519363
     -10.569707      -0.262094
     -11.281072      -2.457763
     -12.042928      -4.654771
     -12.944485      -6.706838
     -13.964536      -8.159774
     -14.823575      -9.019472
     -15.301444      -9.488531
     -15.606639      -9.940098
     -15.744927     -10.231972
     -15.796305     -10.194576
     -15.827864      -9.987102
     -15.900805      -9.784204
     -15.990657      -9.670941
     -16.082830      -9.525198
     -16.128272      -9.509355
     -16.135176      -9.521893
     -16.119004      -9.522833
     -16.007377      -9.484093
     -15.830339      -9.556753
     -15.612998      -9.895359
     -15.177613     -10.637199
     -14.494377     -11.929493
     -13.557641     -13.511479
     -12.496116     -15.020520
     -11.365874     -16.302253
     -10.278444     -17.208302
      -9.333033     -17.643736
      -8.488187     -17.749967
      -7.541840     -17.868475
      -6.489646     -18.067258
      -5.711207     -18.494190
      -4.879131     -19.007529
      -4.229107     -19.543335
      -3.626964     -20.055524
      -3.192749     -20.483991
      -2.997951     -20.731821
      -2.804487     -20.799086
      -2.620648     -20.765266
      -2.530058     -20.779956
      -2.442919     -20.734444
      -2.426389     -20.676494
      -2.461174     -20.545651
      -2.513788     -20.339870
      -2.574177     -20.061094
      -2.621093     -19.787534
      -2.683747     -19.511151
      -2.690473     -19.342203
      -2.610472     -19.305388
      -2.488367     -19.292775
      -2.346061     -19.167365
      -2.165130     -18.953350
      -2.068877     -18.661334
      -2.035747     -18.171333
      -2.082947     -17.652983
      -2.242829     -17.197022
      -2.333029     -16.948439
      -2.240316     -16.934781
      -2.040786     -17.151357
      -1.858366     -17.345205
      -1.732149     -17.401573
      -1.769918     -17.304315
      -1.844656     -17.188017
      -1.939883     -17.110756
      -1.965264     -17.119191
      -1.966726     -17.113449
      -1.992577     -17.131488
      -2.079143     -17.196815
      -2.154375     -17.378544
      -2.247892     -17.752043
      -2.510486     -18.484551
      -3.113505     -19.765962
      -3.900946     -21.510423
      -4.604791     -23.330863
      -5.220495     -24.824001
      -5.874421     -25.997793
      -6.534358     -26.895104
      -7.103317     -27.574692
      -7.558571     -28.112250
      -7.873427     -28.619457
      -8.240794     -29.215321
      -8.755856     -29.889491
      -9.304475     -30.602655
      -9.789513     -31.462593
     -10.194403     -32.501629
     -10.517483     -33.616100
     -10.806543     -34.983051
     -11.048141     -36.423528
     -11.279797     -37.842053
     -11.521130     -39.084295
     -11.751459     -40.368711
     -12.008688     -41.719033
     -12.271176     -43.195272
     -12.482209     -44.701630
     -12.579734     -46.184814
     -12.632837     -47.702517
     -12.637432     -49.281346
     -12.649997     -50.940938
     -12.708404     -52.672078
     -12.799274     -54.406477
     -12.796906     -56.108660
     -12.839182     -57.811712
     -12.922641     -59.508076
     -13.028069     -61.187470
     -13.103215     -62.806019
     -13.178919     -64.415034
     -13.206516     -66.004733
     -13.187682     -67.548203
     -13.153767     -69.000550
     -13.064323     -70.369565
     -12.929587     -71.630721
     -12.861270     -72.726193
     -12.848549     -73.583764
     -12.892967     -74.189371
     -12.952133     -74.622725
     -12.949779     -74.881284
     -12.862368     -75.010879
     -12.789492     -74.996677
     -12.778161     -74.836618
     -12.830563     -74.478384
     -12.899466     -74.069048
     -12.999493     -73.702159
     -13.085537     -73.370662
     -13.171841     -72.949160
     -13.248517     -72.415645
     -13.404787     -71.707923
     -13.716834     -70.648883
     -14.157569     -68.918938
     -14.972276     -66.238342
     -15.834482     -62.650983
     -16.561392     -58.351468
     -16.520664     -53.742886
     -16.115267     -49.040394
     -15.201506     -44.030938
     -14.089875     -38.622717
     -13.079820     -32.790345
     -12.579132     -26.886505
     -12.165595     -21.215886
     -11.539723     -15.591564
     -10.330713      -9.563173
      -8.759494      -3.275549
      -7.059951       3.239175
      -5.364689      10.183566
      -3.931618      17.188821
      -2.745462      24.204233
      -1.887100      31.091308
      -1.317223      37.932350
      -0.946015      44.402053
      -0.318283      49.946268
       0.562090      54.581733
       1.304878      58.553632
       1.581530      62.204958
       1.750436      65.399514
       1.654863      68.382999
       1.315023      71.160464
       1.049596      73.544398
       0.896429      75.515349
       0.745053      77.254998
       0.758793      78.766781
       0.970185      79.962158
       1.224757      80.732637
       1.457452      81.363530
       1.724884      82.329131
       1.993969      83.930695
       1.929537      86.008375
       1.594272      88.321979
       1.203183      90.882077
       1.018048      93.445225
       1.053687      95.928281
       1.028253      97.811864
       0.747944      99.008810
       0.332045      99.715613
      -0.079094      99.989715
      -0.330929     100.044123
      -0.682984      99.763241
      -1.037410      99.547182
      -1.315187      99.451712
      -1.538859      99.507772
      -1.527552      99.399887
      -1.529381      99.216234
      -1.629307      99.115761
      -1.971857      98.892134
      -2.377678      98.728181
      -2.586304      98.637830
      -2.708132      98.709656
      -2.793418      98.911368
      -2.846040      99.062392
      -2.839043      99.038710
      -2.824728      98.911455
      -2.881595      98.864226
      -2.928057      98.848353
      -2.993088      98.797141
      -3.118319      98.729521
      -3.303565      98.632750
      -3.585589      98.507526
      -3.944632      98.335733
      -4.258392      98.184544
      -4.579384      98.076621
      -4.812942      97.977090
      -5.004644      97.871110
      -5.157049      97.746664
      -5.261981      97.630552
      -5.325001      97.507154
      -5.331700      97.407439
      -5.304098      97.352574
      -5.218975      97.279738
      -5.138913      97.208671
      -5.090095      97.125567
      -5.095720      97.011194
      -5.121587      96.879947
      -5.133686      96.777794
      -5.154438      96.695885
      -5.121124      96.601397
      -5.070285      96.484197
      -5.000081      96.280765
      -4.855303      96.004789
      -4.630166      95.722577
      -4.389316      95.551357
      -4.260705      95.489479
      -4.301974      95.456208
      -4.365295      95.395524
      -4.392399      95.329993
      -4.425225      95.300783
      -4.467983      95.293430
      -4.460897      95.289291
      -4.426072      95.303289
      -4.434033      95.318045
      -4.476704      95.319492
      -4.532526      95.301201
      -4.602535      95.277771
      -4.673483      95.272787
      -4.739697      95.238672
      -4.778933      95.202001
      -4.804066      95.156054
      -4.806930      95.118441
      -4.694371      95.058738
      -4.543715      95.037387
      -4.324514      94.998783
      -4.204018      94.921411
      -4.133360      94.814585
      -4.115711      94.790669
      -4.131691      94.780722
      -4.126388      94.791320
      -4.116428      94.774972
      -4.120758      94.752668
      -4.167415      94.689371
      -4.238229      94.589822
      -4.279373      94.459187
      -4.278040      94.243166
      -4.216908      93.829960
      -4.098065      93.142283
      -3.970157      91.867645
      -3.812810      89.089282
      -3.411033      84.287755
      -2.804147      77.840469
      -2.379753      70.343639
      -2.041076      62.858893
      -1.700780      55.868485
      -1.294824      49.817110
      -1.077545      44.602609
      -1.333647      40.100955
      -1.850847      36.415433
      -2.174532      33.312966
      -2.230386      30.378195
      -2.106447      27.590637
      -1.934735      24.890649
      -1.843941      22.560216
      -1.823903      20.433386
      -1.760326      18.449521
      -1.773383      16.579538
      -1.843131      14.872130
      -2.077317      13.415527
      -2.363192      12.070614
      -2.516958      10.717450
      -2.397300       9.123271
      -1.920841       6.951993
      -1.074543       4.515869
      -0.129213       2.173071
       0.471144       0.087989
       0.922010      -1.774681
       1.136687      -3.427992
       1.180940      -4.898528
       1.008900      -6.111633
       0.926371      -7.042672
       1.042098      -7.528245
       1.139750      -7.770583
       1.246954      -7.941812
       1.370373      -8.179430
       1.038513      -8.310839
       0.530544      -8.309970
       0.124679      -8.020817
      -0.110819      -7.466422
      -0.279796      -6.610650
      -0.477214      -5.361295
      -0.800734      -3.756096
      -1.195452      -2.075960
      -1.924100      -0.431131
      -2.948237       1.126765
      -4.135164       2.762677
      -5.277098       4.610659
      -6.144482       6.921573
      -6.345682      10.065642
      -6.478673      14.090088
      -6.579056      18.529996
      -6.546444      22.964075
      -6.639843      27.303772
      -6.779648      32.126854
      -6.870761      37.850473
      -7.086680      44.253914
      -7.096726      51.236502
      -7.127883      58.398256
      -7.075027      64.975506
      -6.961536      70.622184
      -6.592912      75.151698
      -5.855065      78.988863
      -5.115356      82.538362
      -4.649079      85.498708
      -4.511582      87.538706
      -5.081199      88.654976
      -5.963339      89.169869
      -6.650661      89.585728
      -6.979475      90.421884
      -7.190910      91.492148
      -7.320762      92.423473
      -7.392693      92.886707
      -7.270772      93.145780
      -6.961384      93.592073
      -6.449683      94.058784
      -5.842979      94.295826
      -5.307403      94.363902
      -4.897341      94.401865
      -4.575781      94.556979
      -4.238348      94.931630
      -3.701442      95.672248
      -2.898171      96.728787
