       4.207196      26.274663
       4.190909      26.447182
       4.150416      26.548313
       4.115725      26.543414
       4.124680      26.468708
       4.165108      26.399136
       4.202660      26.344327
       4.182200      26.311484
       4.164038      26.329050
       4.110829      26.396713
       4.059360      26.494397
       3.981957      26.541583
       3.922715      26.408409
       3.864188      25.831618
       3.722530      25.219064
       3.585312      24.542544
       3.433035      23.627304
       3.180333      22.331120
       2.747703      20.675948
       2.122404      18.666086
       1.187286      16.373990
      -0.108275      13.902332
      -1.892121      11.328724
      -3.826602       8.838064
      -5.602944       6.621790
      -7.037661       4.639384
      -7.835056       2.939944
      -8.214322       1.750753
      -8.220365       1.121355
      -8.116310       0.836034
      -8.023747       0.664891
      -7.950117       0.504197
      -7.909392       0.383633
      -7.853647       0.258620
      -7.787950       0.126535
      -7.680619      -0.037757
      -7.613936      -0.190103
      -7.560229      -0.337448
      -7.591763      -0.615014
      -7.692478      -1.098946
      -7.772555      -1.644882
      -7.874264      -2.123521
      -7.936686      -2.468465
      -7.997022      -2.657046
      -8.150910      -2.719235
      -8.413124      -2.723308
      -8.760769      -2.749792
      -9.087998      -2.797445
      -9.269268      -2.780042
      -9.271956      -2.611019
      -9.173892      -2.205520
      -8.921633      -1.691522
      -8.223885      -0.887207
      -7.240979       0.518871
      -6.258832       2.286383
      -5.142012       4.268074
      -4.139473       6.015883
      -3.392276       7.364637
      -2.827290       8.278604
      -2.304371       8.880543
      -1.626674       9.172173
      -0.461142       9.141940
       1.121421       8.965100
       2.758738       8.739801
       3.935044       8.666388
       4.614670       9.173152
       4.775234      11.027534
       4.862643      15.296791
       4.831751      22.891780
       4.912065      33.451663
       4.624785      46.846637
       3.855173      61.678782
       2.091703      76.391590
      -0.364104      89.110614
      -2.545674      96.760853
      -4.372452      99.559402
      -5.558188     101.525923
      -6.226751     104.685932
      -6.901298     108.071452
      -7.681359     110.648229
      -8.217699     112.821349
      -8.785246     114.471824
      -9.473678     115.629340
     -10.228940     116.671443
     -10.799645     117.768023
     -11.652002     118.761391
     -12.914998     119.493636
     -14.253899     120.117307
     -15.436672     121.063378
     -16.484542     122.399953
     -17.504854     123.905086
     -18.401248     125.294438
     -19.070670     126.563762
     -19.324464     127.619844
     -18.924231     128.836121
     -17.975363     130.339943
     -17.064044     131.682579
     -16.487149     132.163658
     -16.255711     131.813146
     -16.325076     131.169289
     -16.469086     130.685015
     -16.692306     130.255139
     -17.050867     129.821718
     -17.672642     129.373949
     -18.344040     128.990215
     -18.804650     128.757495
     -19.102422     128.584488
     -19.282237     128.289064
     -19.269972     127.780748
     -19.149008     126.961232
     -18.933435     125.665232
     -18.672221     123.914586
     -18.387226     121.958974
     -18.116172     119.996124
     -17.804133     118.215170
     -17.499637     116.659534
     -17.140946     115.397048
     -16.825710     114.504055
     -16.418700     113.920454
     -15.862525     113.536099
     -15.270714     113.240092
     -14.709240     113.006450
     -14.207055     112.877778
     -13.749716     112.909290
     -13.317680     113.162331
     -12.961086     113.494853
     -12.653458     113.759153
     -12.398713     114.014991
     -12.082997     114.325180
     -11.725874     114.931784
     -11.266381     115.798354
     -10.848623     116.664915
     -10.575927     117.385707
     -10.294091     117.927878
     -10.063180     118.295486
      -9.900377     118.550014
      -9.796111     118.631932
      -9.692247     118.436767
      -9.592834     117.750062
      -9.555696     116.499544
      -9.543584     114.893190
      -9.523203     113.196554
      -9.492299     111.583002
      -9.459428     110.145595
      -9.437700     108.854628
      -9.409573     107.671136
      -9.435161     106.550320
      -9.484325     105.537222
      -9.558094     104.636798
      -9.601003     103.770937
      -9.654950     102.887425
      -9.751858     101.956654
      -9.861337     100.927072
      -9.983329      99.802272
     -10.093477      98.580090
     -10.032913      97.272531
      -9.892819      95.949050
      -9.675798      94.620411
      -9.419886      93.306820
      -9.168179      91.931971
      -8.910842      90.455601
      -8.624697      88.829518
      -8.286064      87.075152
      -7.887673      84.998153
      -7.484952      81.964077
      -6.880875      75.865657
      -6.554021      65.408883
      -6.067766      50.778101
      -5.460602      33.802644
      -5.257297      17.080162
      -5.059094       1.274690
      -4.962346     -12.727317
      -5.601774     -24.474781
      -7.148614     -33.376897
      -8.565059     -40.035936
      -9.639498     -45.368756
     -10.238288     -49.309473
     -10.360523     -51.922066
     -10.198877     -54.111224
      -9.847055     -56.613295
      -9.365280     -59.376742
      -8.791760     -62.145945
      -8.092236     -65.033640
      -7.340571     -68.053751
      -6.571150     -70.923339
      -6.048202     -72.846473
      -5.944884     -72.549519
      -6.328584     -68.266484
      -6.691882     -58.795653
      -7.009410     -45.499663
      -6.859151     -29.227510
      -6.773208     -11.143437
      -6.856927       7.497789
      -6.876736      25.614747
      -6.512122      41.205500
      -6.626889      52.373701
      -7.364249      58.464355
      -7.726850      61.785529
      -7.695319      64.809901
      -7.694118      68.190763
      -7.750676      71.540618
      -7.701171      74.440591
      -7.341404      76.901796
      -6.840876      79.023217
      -6.483043      80.974313
      -6.044085      82.857565
      -5.998608      84.240836
      -5.851742      84.908142
      -5.422840      84.848109
      -5.097026      84.272542
      -4.912980      83.416414
      -4.847903      82.542607
      -4.807934      82.241452
      -4.992038      82.244813
      -5.237581      82.324254
      -5.538746      82.790713
      -5.894977      83.341762
      -6.315290      83.629045
      -6.659875      83.911938
      -6.859095      84.339064
      -6.943091      84.826923
      -6.979073      85.286601
      -6.909901      85.700284
      -6.744177      86.076859
      -6.663775      86.338254
      -6.715413      86.517060
      -6.803493      86.589401
      -6.898916      86.575723
      -6.992482      86.510270
      -6.923579      86.505258
      -6.904434      86.408380
      -6.844353      86.173406
      -6.770677      85.699769
      -6.719302      85.113099
      -6.694203      84.588414
      -6.674742      84.177218
      -6.664974      83.819032
      -6.688482      83.448053
      -6.704946      83.258726
      -6.614712      83.360801
      -6.509729      83.430519
      -6.539635      83.238861
      -6.623997      82.956979
      -6.650769      82.829472
      -6.640500      82.878052
      -6.601644      82.962360
      -6.468062      83.246166
      -6.196767      83.860822
      -5.947341      84.461694
      -5.792711      84.823717
      -5.717550      85.004884
      -5.748529      85.248484
      -5.756197      85.817843
      -5.314421      87.361852
      -4.409625      90.263826
      -3.309942      94.088548
      -2.521569      97.594998
      -2.218788      99.999691
      -2.127312     101.498471
      -2.118018     102.483670
      -2.177785     103.112042
      -2.224006     103.535070
      -2.145961     103.915491
      -2.119547     104.061513
      -2.191296     103.810628
      -2.279251     103.409778
      -2.248020     103.019516
      -2.284162     102.558730
      -2.261404     102.064528
      -2.387357     101.401962
      -2.641463     100.505492
      -2.737161      99.667675
      -2.729388      99.103512
      -2.578780      98.873270
      -2.475886      98.772020
      -2.522354      98.596818
      -2.595799      98.340357
      -2.677969      98.048712
      -2.755816      97.769025
      -2.852807      97.486891
      -2.943267      97.199967
      -3.029601      96.935133
      -3.084901      96.725416
      -3.094220      96.572770
      -3.133086      96.434694
      -3.180264      96.309577
      -3.237528      96.160428
      -3.245219      96.023771
      -3.226944      95.910223
      -3.216984      95.846353
      -3.229141      95.800872
      -3.240223      95.756605
      -3.242571      95.740441
      -3.252831      95.793334
      -3.256125      95.942037
      -3.248888      96.150850
      -3.303168      96.300475
      -3.390398      96.375176
      -3.511183      96.464439
      -3.596225      96.643886
      -3.613547      97.087420
      -3.480601      98.064488
      -3.412465      99.337786
      -3.465245     100.575171
      -3.578803     101.667719
      -3.744256     102.737605
      -3.906688     103.812328
      -4.068204     104.820724
      -4.196721     105.695882
      -4.226846     106.522936
      -4.243281     107.372701
      -4.165359     108.213850
      -4.107673     108.977578
      -4.056322     109.643991
      -4.102201     110.006247
      -4.295729     109.694562
      -4.480956     108.785677
      -4.589614     107.605741
      -4.546450     106.339029
      -4.333459     105.352024
      -4.076235     104.842309
      -3.853605     104.645366
      -3.873607     104.652525
      -4.111252     105.004990
      -4.366370     105.868335
      -4.503771     107.352389
      -4.601733     109.692017
      -4.870757     112.831345
      -5.258246     116.265785
      -5.693970     119.404306
      -6.181558     122.340202
      -6.615798     125.396794
      -6.900022     128.630183
      -6.987698     131.760428
      -6.896852     134.565096
      -6.610601     136.977978
      -6.148493     139.019065
      -5.543728     140.766447
      -5.210962     142.513916
      -4.940643     144.126293
      -4.414692     145.610055
      -4.204693     147.204810
      -4.234497     148.729974
      -4.404716     150.003417
      -4.637767     151.141525
      -4.742424     152.352517
      -4.984693     153.665011
      -5.253935     154.696351
      -5.669684     155.568255
      -5.933789     156.038065
      -6.039480     155.949444
      -6.053289     155.496118
      -5.999499     154.826908
      -5.946418     153.883305
      -5.897024     152.325385
      -5.806355     149.724614
      -5.714317     146.221525
      -5.626373     142.558465
      -5.548588     139.376153
      -5.446401     136.624533
      -5.505832     134.086378
      -5.862234     131.760564
      -6.369796     129.641308
      -6.772448     127.780748
      -7.271020     125.456905
      -7.638847     122.211510
      -7.917955     118.638470
      -8.344591     114.995644
      -8.753266     110.899755
      -8.946819     105.935926
      -9.017545     100.223182
      -9.272835      94.434990
      -9.680301      88.783406
     -10.160416      83.277018
     -10.746610      77.645357
     -11.434933      71.672647
     -12.057884      65.643235
     -12.570504      59.143231
     -12.859526      51.189603
     -13.049606      41.727849
     -13.125499      31.414387
     -13.094943      20.297382
     -12.900009       8.581668
     -12.426839      -3.932039
     -11.545959     -16.955307
     -10.509853     -29.934447
      -9.521324     -42.537019
      -9.001414     -53.764529
      -8.913849     -62.843073
      -9.030103     -69.708801
      -9.100197     -75.010490
      -8.855433     -79.170710
      -8.625350     -82.623097
      -8.457364     -85.985828
      -8.398544     -89.712088
      -8.428685     -93.445216
      -8.362837     -97.038830
      -8.349347    -100.669834
      -8.265456    -104.207593
      -8.049801    -107.441069
      -7.870248    -110.364113
      -7.742463    -113.238334
      -7.649640    -116.368938
      -7.608408    -119.709696
      -7.593758    -122.970362
      -7.675497    -126.146816
      -7.782906    -129.402168
      -7.941183    -132.743402
      -8.098360    -136.047577
      -8.226111    -139.234134
      -8.283513    -142.197899
      -8.336906    -144.963032
      -8.297319    -147.706541
      -8.301289    -150.469400
      -8.268800    -153.212511
      -8.188476    -155.750976
      -8.058315    -158.062424
      -7.993164    -160.203060
      -7.913231    -162.312339
      -7.876539    -164.479232
      -7.844582    -166.586033
      -7.760324    -168.494164
      -7.590715    -170.159948
      -7.313336    -171.548066
      -7.198392    -172.776912
      -7.332136    -173.982969
      -7.458304    -175.175738
      -7.192479    -176.018626
      -6.763606    -176.410937
      -6.282753    -176.474875
      -5.825759    -176.311834
      -5.518141    -176.008698
      -5.432545    -175.794620
      -5.553805    -175.762971
      -5.942262    -175.929373
      -6.670716    -176.172923
      -7.512437    -176.457118
      -8.527382    -176.782985
      -9.843256    -177.066771
     -11.331773    -177.419760
     -12.567124    -177.838241
     -13.463527    -178.202285
     -14.159790    -178.510551
     -14.737488    -178.901755
     -15.332892    -179.536024
     -15.934326     179.718531
     -16.385133     179.162674
     -16.644367     178.968859
     -16.732147     179.019839
     -16.615416     179.203959
     -16.503503     179.495147
     -16.411779     179.859132
     -16.427098    -179.858491
     -16.534618    -179.815438
     -16.678024    -179.912365
     -16.806989     179.969056
     -16.945242     179.914075
     -17.032143     179.899834
     -17.010003     179.854800
     -16.908417     179.712178
     -16.764866     179.292182
     -16.393077     178.451470
     -15.893099     177.505302
     -15.382549     176.810437
     -14.911643     176.444276
     -14.557803     176.341326
     -14.285542     176.568751
     -13.928408     177.324232
     -13.338961     178.720005
     -12.699626    -179.565885
     -12.089914    -177.790118
     -12.202007    -177.109299
     -11.702890    -175.382841
     -11.418557    -173.836695
     -11.393266    -172.546456
     -11.387839    -171.553719
     -11.531296    -170.894349
     -11.759604    -170.570153
     -12.027205    -170.601451
     -12.276068    -170.902626
     -12.585356    -171.560558
     -12.905162    -172.576803
     -12.869449    -173.879670
     -12.692358    -175.047415
     -12.619064    -176.133795
     -12.695631    -177.488011
     -12.395296     179.674177
     -12.778860     176.856579
     -13.517567     174.557264
     -13.876019     172.215790
     -14.057920     169.508271
     -14.082138     166.539581
     -13.911443     163.669663
     -13.496222     161.365948
     -13.087854     159.586839
     -12.853883     157.980495
     -12.804721     156.388480
     -12.838991     154.424280
     -12.817129     151.863570
     -12.750070     148.747323
     -12.694919     145.204649
     -12.621505     141.344656
     -12.356892     137.484770
     -11.804268     133.474432
     -11.118676     129.101178
     -10.358421     124.472891
      -9.691091     120.122494
      -9.110352     116.528870
      -8.576721     114.117679
      -7.924915     112.462483
      -7.307429     111.025358
      -6.700665     109.760919
      -6.265144     108.817938
      -5.839543     108.264800
      -5.437149     107.977945
      -5.131337     107.927412
      -4.875721     108.057163
      -4.730606     108.553094
      -4.737776     109.374650
      -4.977754     110.166024
      -5.411773     110.734354
      -5.913934     110.982111
      -6.298074     111.097086
      -6.672329     111.221270
      -6.963392     111.327620
      -7.127312     111.634943
      -7.216867     113.186840
      -7.220810     116.868522
      -7.091800     122.948728
      -6.941892     130.996398
      -6.830216     140.647527
      -6.435848     150.195454
      -6.020753     158.688941
      -5.720623     165.199353
      -5.913961     170.454303
      -6.388357     174.690249
      -6.806024     177.869521
      -7.045160     179.745730
      -7.290455    -179.565651
      -7.561199    -179.674080
      -7.783911     179.911666
      -7.818714     179.475486
      -7.872974     179.217830
      -7.879763     179.074917
      -7.916002     178.943486
      -7.974778     178.874419
      -7.956175     178.899579
      -7.847530     179.214333
      -7.654237    -179.743360
      -7.362027    -177.401517
      -6.986692    -173.546167
      -6.560185    -168.413226
      -6.362001    -162.230294
      -6.389524    -155.232042
      -6.376731    -148.131588
      -6.413201    -141.418920
      -6.490389    -135.328912
      -6.513914    -130.035427
      -6.473592    -125.682183
      -6.424523    -121.989884
      -6.501346    -118.685505
      -6.527055    -115.550287
      -6.540498    -112.449592
      -6.568802    -109.268757
      -6.627325    -106.034407
      -6.716937    -102.830763
      -6.679456     -99.762969
      -6.695076     -96.935958
      -6.666948     -94.473389
      -6.560953     -92.514134
      -6.420473     -91.163367
      -6.310540     -90.509359
      -6.202789     -90.139662
      -6.332607     -89.761115
      -6.527725     -89.497845
      -6.907221     -89.297764
      -7.508738     -89.149450
      -8.197374     -88.913351
      -8.879255     -88.380321
      -9.490330     -87.579398
      -9.522205     -86.656709
      -9.422164     -85.761647
      -9.182859     -85.266260
      -9.158293     -85.282298
      -9.189514     -85.638862
      -9.161478     -86.056770
      -9.178160     -86.403445
      -9.199118     -86.497234
      -9.138794     -86.235052
      -9.086666     -85.725482
      -8.922733     -85.078711
      -8.694760     -83.769083
      -8.394908     -81.739721
      -7.973195     -79.020604
      -7.552444     -75.859061
      -6.990581     -72.727893
      -6.747575     -70.115315
      -6.684295     -67.914646
      -6.732120     -66.116697
      -6.824880     -64.601355
      -6.972434     -63.125169
      -7.070099     -61.799197
      -7.073216     -60.821027
      -7.011045     -60.258642
      -6.892723     -59.955826
      -6.867325     -59.638822
      -7.030552     -59.265812
      -7.144368     -58.943092
      -7.091648     -58.720558
      -6.983078     -58.427209
      -6.917497     -57.938330
      -6.854374     -57.382842
      -6.816264     -56.925694
      -6.800332     -56.563161
      -6.866768     -56.298701
      -6.932733     -56.063684
