       1.369288      18.753891
       1.380553      18.824232
       1.388718      18.900272
       1.399437      18.974631
       1.392669      19.035372
       1.396639      19.074534
       1.378945      19.134887
       1.339922      19.215658
       1.320391      19.317918
       1.299194      19.439157
       1.259846      19.565856
       1.159520      19.699740
       1.021849      19.810394
       0.822298      19.892843
       0.653932      19.957846
       0.431968      20.039854
       0.180464      20.141590
      -0.183215      20.266143
      -0.790755      20.438996
      -1.833851      20.700830
      -3.277720      21.047719
      -5.186443      21.457360
      -7.465258      21.956789
     -10.114837      22.558428
     -12.731345      23.196090
     -15.041732      23.806737
     -17.321111      24.406727
     -19.563890      24.950537
     -21.642797      25.415480
     -23.555119      25.801504
     -25.518366      26.186275
     -27.361786      26.544874
     -28.905715      26.846281
     -30.039573      27.082568
     -30.738406      27.249599
     -31.043119      27.361879
     -31.132719      27.438741
     -31.163988      27.503342
     -31.220242      27.560623
     -31.266343      27.612268
     -31.272380      27.701768
     -31.247816      27.915103
     -31.192067      28.343816
     -31.145383      28.948209
     -31.202602      29.559084
     -31.273589      30.075495
     -31.378358      30.487762
     -31.489802      30.831811
     -31.594233      31.140070
     -31.654948      31.414732
     -31.695359      31.671911
     -31.676198      31.902710
     -31.634668      32.115248
     -31.586794      32.333314
     -31.564795      32.553413
     -31.548193      32.722692
     -31.545092      32.829158
     -31.567204      32.887887
     -31.600465      32.926949
     -31.624735      32.953971
     -31.641506      32.950205
     -31.667773      32.963299
     -31.692835      33.014585
     -31.712271      33.102140
     -31.710428      33.193452
     -31.713650      33.255007
     -31.705131      33.253805
     -31.701855      33.200142
     -31.685477      33.097576
     -31.676654      33.002430
     -31.689236      32.959324
     -31.692085      32.953027
     -31.668431      32.964669
     -31.658848      32.983806
     -31.667203      32.972775
     -31.665952      32.951404
     -31.657634      32.934536
     -31.643024      32.935534
     -31.619176      32.952859
     -31.639967      32.970961
     -31.629772      32.976911
     -31.610016      32.973681
     -31.599908      32.956121
     -31.588560      32.929489
     -31.554483      32.917638
     -31.566597      32.941719
     -31.560805      32.956844
     -31.553606      32.965286
     -31.558029      32.978667
     -31.572136      32.959846
     -31.547776      32.900124
     -31.551372      32.835698
     -31.557021      32.793561
     -31.578496      32.799445
     -31.585920      32.851981
     -31.561560      32.911040
     -31.567881      32.964169
     -31.542865      32.991402
     -31.521538      33.009021
     -31.476598      33.057341
     -31.383069      33.210053
     -31.117108      33.519943
     -30.725627      34.016329
     -29.591379      34.564657
     -27.944928      35.316085
     -26.765485      36.028411
     -26.206109      36.727721
     -25.867657      37.340403
     -25.704123      37.711353
     -25.906712      37.705172
     -26.241116      37.483869
     -26.708944      37.153701
     -26.861018      36.727060
     -26.620010      36.373165
     -25.963444      36.354745
     -25.171611      36.665869
     -24.786986      37.185216
     -24.773590      37.596912
     -25.043910      37.775813
     -25.353485      37.742406
     -25.461284      37.790768
     -25.725067      37.915965
     -26.114257      37.924069
     -26.053156      37.971138
     -25.817957      38.287882
     -25.621296      38.813237
     -25.334589      39.461190
     -24.819098      40.300270
     -24.089853      41.711932
     -23.036272      43.914287
     -22.106098      46.439866
     -21.443069      48.796596
     -20.994935      50.778951
     -20.758976      52.535163
     -20.279469      54.317258
     -19.441958      56.473374
     -18.346951      58.995203
     -17.118233      61.709852
     -15.609236      64.943221
     -13.463346      68.943869
     -11.302618      72.582017
      -9.852474      74.609358
      -9.424655      74.641220
      -9.950912      72.976063
     -10.443934      70.171719
     -11.182123      66.036693
     -11.493762      61.093763
     -11.640217      56.235792
     -11.707494      51.867420
     -11.920017      48.039614
     -12.187745      44.944097
     -12.328141      42.562995
     -12.459477      40.822048
     -12.621657      39.522192
     -12.787571      38.564217
     -12.801967      37.805776
     -12.765605      37.145735
     -12.693228      36.482565
     -12.682420      35.743564
     -12.666294      34.941985
     -12.707689      34.116903
     -12.767509      33.282017
     -12.818608      32.362796
     -12.804096      31.383479
     -12.809640      30.335312
     -12.777211      29.177927
     -12.783259      28.036213
     -12.746593      26.993670
     -12.689345      26.117985
     -12.597348      25.404678
     -12.462980      24.764445
     -12.053714      24.245751
     -11.052356      23.882997
      -9.989764      23.593028
      -9.064139      23.247905
      -8.101164      22.817009
      -7.117282      22.321459
      -5.827853      21.840830
      -4.332977      21.471133
      -2.801589      21.104930
      -1.282997      20.606677
       0.021791      20.028897
       1.052342      19.452548
       1.907544      18.909787
       2.465179      18.481219
       2.952200      18.100271
       3.226834      17.686608
       3.543327      17.166552
       3.843366      16.508163
       4.248792      15.723117
       4.685885      14.826585
       5.035238      13.885425
       5.335928      12.951250
       5.424369      12.002210
       5.444757      11.128843
       5.445465      10.312080
       5.427052       9.518600
       5.453239       8.789739
       5.482309       8.102790
       5.536804       7.461719
       5.538627       6.874658
       5.541194       6.302398
       5.557982       5.675537
       5.591362       5.023276
       5.551365       4.404092
       5.524652       3.809396
       5.502330       3.251643
       5.522697       2.804631
       5.529699       2.485794
       5.521041       2.257046
       5.528725       2.080621
       5.520254       1.939480
       5.511558       1.796067
       5.503508       1.628920
       5.503333       1.446805
       5.518164       1.239877
       5.549375       1.034464
       5.567698       0.851145
       5.603687       0.691683
       5.639830       0.561035
       5.674936       0.471193
       5.713475       0.417823
       5.734499       0.399291
       5.745178       0.382844
       5.766071       0.363052
       5.782886       0.362848
       5.834305       0.258923
       6.030429      -0.191245
       6.409273      -1.140798
       6.758071      -2.298640
       7.115974      -3.570803
       7.369486      -5.016949
       7.558859      -6.763315
       7.767642      -8.731129
       7.975317     -10.778128
       8.231912     -12.837688
       8.517920     -14.837848
       8.731733     -16.743220
       8.874005     -18.549794
       8.953018     -20.256253
       9.029788     -21.981938
       9.034427     -23.841889
       9.021757     -25.626034
       8.939495     -27.271538
       8.858306     -28.690726
       8.856258     -29.793569
       8.884713     -30.497201
       8.979475     -30.900927
       9.101942     -31.015650
       9.317057     -30.970674
       9.513180     -30.874247
       9.735172     -30.831139
       9.941400     -30.823885
      10.157373     -30.853136
      10.436108     -30.879918
      10.637757     -30.884583
      10.841243     -30.888046
      10.942286     -30.845151
      10.990636     -30.758791
      11.023619     -30.691939
      11.027665     -30.696694
      11.014610     -30.753623
      10.998033     -30.796139
      10.993846     -30.811713
      11.001260     -30.799991
      11.017418     -30.755386
      11.048185     -30.712618
      11.079371     -30.681392
      11.122342     -30.678033
      11.176124     -30.682368
      11.236563     -30.678317
      11.299070     -30.681749
      11.331430     -30.659934
      11.341304     -30.619540
      11.353733     -30.599473
      11.386666     -30.596819
      11.399395     -30.601960
      11.398014     -30.620094
      11.374058     -30.652568
      11.332163     -30.685193
      11.296189     -30.731497
      11.288711     -30.755833
      11.276969     -30.770244
      11.273814     -30.789109
      11.242082     -30.841076
      11.225945     -30.889219
      11.201411     -30.945840
      11.167079     -31.013010
      11.130984     -31.149687
      11.084579     -31.311056
      11.066150     -31.484219
      11.094867     -31.637128
      11.121102     -31.783756
      11.138545     -31.966232
      11.190957     -32.234760
      11.230600     -32.672247
      11.247624     -33.355144
      11.291853     -34.419352
      11.248196     -35.877273
      11.070422     -37.680688
      10.678114     -39.775471
      10.068604     -41.938517
       9.330179     -44.041677
       8.558591     -45.986701
       7.772956     -47.740815
       7.061468     -49.265784
       6.479807     -50.516031
       6.059202     -51.466414
       5.779440     -52.088885
       5.621949     -52.330532
       5.628475     -52.267143
       5.766420     -52.036109
       5.906500     -51.726066
       6.066780     -51.446418
       6.204940     -51.226113
       6.298177     -51.040477
       6.333277     -50.872356
       6.385834     -50.680873
       6.481007     -50.455449
       6.577690     -50.264272
       6.627569     -50.084027
       6.739085     -49.855670
       6.942730     -49.462154
       7.325620     -48.857925
       7.998919     -47.960129
       9.333236     -46.650763
      10.678344     -44.687228
      12.101305     -42.126907
      13.555173     -38.899577
      15.175037     -35.192979
      16.495955     -30.620592
      17.608013     -25.606312
      18.269696     -20.377836
      18.686657     -15.057802
      18.830068      -9.890753
      18.922553      -5.031624
      18.990203      -0.648034
      19.161753       2.956111
      19.437975       6.119737
      19.741311       9.054719
      19.947393      11.808358
      19.939236      14.309708
      19.877655      16.672210
      19.828027      18.889966
      19.678861      20.965883
      19.313328      23.025684
      19.211872      25.510124
      19.188752      28.342791
      19.222309      31.292238
      19.105131      34.577711
      18.781058      38.407551
      18.361196      42.068623
      18.064346      45.048591
      17.675857      47.339620
      17.445140      49.119976
      17.254224      50.418584
      17.135838      51.702499
      16.844196      53.219085
      16.607060      55.151326
      16.598717      57.721682
      17.068812      60.822751
      17.450864      64.144668
      17.501178      67.602116
      17.345846      70.948357
      17.422090      74.207682
      17.471404      77.292067
      17.588938      80.226491
      17.789151      83.069458
      17.813688      85.850920
      17.381801      88.618995
      16.657395      91.611718
      15.956792      94.600750
      15.010060      97.285849
      14.110159      99.889233
      13.062254     102.293430
      12.421303     104.543951
      12.271674     106.773782
      11.781961     109.011607
      11.147595     111.243574
      10.601344     113.653299
       9.818287     116.656843
       9.200920     120.426389
       9.039216     124.743321
       9.018483     129.428658
       8.885836     134.283661
       9.033270     139.103703
       9.218040     143.111379
       9.073930     145.670418
       8.724108     147.309664
       8.630425     148.670368
       8.794219     150.024011
       9.052064     151.578657
       9.146151     153.253932
       9.011487     155.279777
       8.807676     157.641397
       8.723312     160.372269
       8.732532     163.196919
       8.605542     165.703182
       8.476670     167.766620
       8.216705     169.191768
       8.047357     169.810708
       7.881995     169.781877
       7.148858     169.153223
       5.466539     168.153706
       2.830678     167.026002
      -1.003209     165.769257
      -5.701751     164.489334
     -10.407629     163.469690
     -14.725237     162.741651
     -18.874664     162.215062
     -22.202744     161.806975
     -24.037229     161.387464
     -25.225274     160.919888
     -25.914748     160.307884
     -26.384510     159.521338
     -26.767156     158.748896
     -26.999627     158.113374
     -27.234166     157.615267
     -27.513037     157.210735
     -27.783366     156.741459
     -28.022601     156.140393
     -28.212033     155.297631
     -28.377672     154.136346
     -28.661196     152.569956
     -29.211496     150.561606
     -29.886134     148.108051
     -30.612194     145.410548
     -31.279957     142.874249
     -31.647682     140.685869
     -31.734844     138.862688
     -31.774732     137.309674
     -31.722240     135.823949
     -31.650482     134.287411
     -31.580801     132.577534
     -31.590974     130.646149
     -31.618958     128.648688
     -31.600409     126.750651
     -31.569244     124.910208
     -31.674573     123.035630
     -31.788837     121.065223
     -31.844719     118.854976
     -31.926349     116.354474
     -31.996934     113.665568
     -32.310819     110.818225
     -32.633923     107.727050
     -32.715717     104.389585
     -32.646884     100.814340
     -32.535954      96.923845
     -32.424308      92.756869
     -32.396778      88.814578
     -32.432497      85.012937
     -32.562039      81.485611
     -32.631625      78.153499
     -32.775301      75.001816
     -33.103359      72.060140
     -33.482114      69.478360
     -33.682894      67.231098
     -33.711873      65.223360
     -33.639902      63.206660
     -33.460537      61.005278
     -33.384852      58.524257
     -33.548639      55.769100
     -33.695716      52.601743
     -33.629129      49.217840
     -33.460527      45.831961
     -33.422939      42.518126
     -33.483863      39.239601
     -33.618395      36.008420
     -33.639358      32.793624
     -33.589158      29.484898
     -33.492877      26.204693
     -33.410172      22.954297
     -33.267040      19.828031
     -33.003078      16.735106
     -32.403226      13.614182
     -31.452364      10.469726
     -30.278121       7.422986
     -29.065016       4.536130
     -27.836070       1.902891
     -26.677102      -0.481636
     -25.351239      -2.526192
     -24.059382      -4.160654
     -22.992547      -5.325921
     -21.980107      -6.066363
     -20.946108      -6.464610
     -19.986638      -6.560022
     -19.059482      -6.382266
     -18.075138      -5.828120
     -16.916445      -4.944348
     -15.690780      -3.786566
     -14.436062      -2.297056
     -13.207925      -0.783462
     -12.028086       0.598669
     -10.934941       1.890775
     -10.223381       3.078992
      -9.734270       4.125024
      -9.526959       4.980972
      -9.450313       5.665497
      -9.413904       6.125864
      -9.321897       6.521182
      -9.140197       7.019956
      -8.912533       7.589815
      -8.868658       7.967632
      -8.925640       8.032012
      -9.017768       7.782019
      -9.133048       7.438353
      -9.186306       7.140864
      -9.149271       6.932276
      -9.070655       6.784349
      -8.965903       6.813403
      -8.798152       6.957891
      -8.592409       7.177370
      -8.373429       7.302685
      -8.161083       7.234245
      -7.990560       7.015606
      -7.869623       6.805814
      -7.719822       6.599735
      -7.571811       6.398583
      -7.432981       6.159970
      -7.302804       5.867063
      -6.981802       5.434984
      -6.504512       4.870473
      -5.876307       4.021501
      -5.050943       2.514478
      -4.033840      -0.215531
      -3.319857      -4.227265
      -2.758800      -8.426594
      -2.497008     -12.201947
      -2.481404     -15.350049
      -2.696836     -18.130244
      -3.043316     -20.671598
      -3.535534     -23.034822
      -4.012298     -25.204333
      -4.506215     -27.254162
      -4.897000     -29.209167
      -5.202289     -31.151110
      -5.432289     -33.002255
      -5.560872     -34.620894
      -5.608851     -35.984839
      -5.519677     -37.018877
      -5.424616     -37.823912
      -5.365358     -38.374594
      -5.306211     -38.775357
      -5.266720     -39.074382
      -5.101107     -39.308794
      -5.094251     -39.449329
      -5.081811     -39.524174
      -5.148039     -39.573917
      -5.129569     -39.603091
      -4.868967     -39.617157
      -4.293801     -39.604455
      -3.726396     -39.592660
      -3.146123     -39.608734
      -2.514717     -39.664114
      -1.967115     -39.707351
      -1.515953     -39.728399
      -1.327551     -39.770333
      -1.383144     -39.845131
      -1.508152     -39.992284
      -1.643911     -40.130408
      -1.779326     -40.226327
      -1.937256     -40.307524
      -2.068345     -40.378777
      -2.261978     -40.421936
      -2.469214     -40.394921
      -2.658484     -40.264421
      -2.838858     -40.057956
      -3.005172     -39.763472
      -3.177620     -39.456202
      -3.280218     -39.215405
      -3.360476     -39.062050
      -3.452663     -38.935376
      -3.591429     -38.771726
      -3.730394     -38.592327
      -3.901256     -38.451913
      -3.963744     -38.383543
