      -0.109535      32.193468
       0.112867      32.593568
       0.482483      32.685560
       0.832656      32.591285
       1.232263      32.350493
       1.529577      32.083328
       1.666657      31.788716
       1.528514      31.526958
       1.043322      31.388640
       0.245664      31.516542
      -0.876725      32.036866
      -2.101775      33.013050
      -3.295677      34.371039
      -4.665439      36.173590
      -6.101675      37.878816
      -7.552781      39.215743
      -9.175422      39.989678
     -11.195452      40.190254
     -13.587445      40.451804
     -15.964917      41.421978
     -17.845868      43.404017
     -19.395082      46.088873
     -20.419177      48.664519
     -21.198593      50.198745
     -22.248140      50.612977
     -23.718069      50.280518
     -25.573833      49.667586
     -27.417050      48.906991
     -29.062670      47.877244
     -30.559697      46.833678
     -32.177277      45.520116
     -33.834462      43.741406
     -35.623408      40.781604
     -37.378401      36.360042
     -38.726769      30.886533
     -39.478552      24.804811
     -39.867480      18.316858
     -39.996184      11.317983
     -40.066783       4.008676
     -40.149154      -3.178891
     -40.311735      -9.745841
     -40.401697     -15.370216
     -40.201520     -20.339815
     -40.113792     -25.056818
     -39.923309     -29.740222
     -39.508675     -34.310807
     -39.097416     -39.211583
     -38.917087     -44.397390
     -38.750248     -49.533936
     -38.489307     -54.214984
     -38.217443     -58.546628
     -38.010504     -63.027048
     -37.702809     -67.732959
     -37.137510     -72.467222
     -36.057908     -77.082380
     -35.104329     -81.488205
     -34.226973     -85.668509
     -33.325211     -89.613160
     -32.640001     -93.277668
     -32.087337     -96.711467
     -31.547023    -100.082999
     -31.016706    -103.664412
     -30.339836    -107.718638
     -29.616169    -112.187060
     -28.935676    -116.703908
     -28.277296    -121.070634
     -27.603773    -125.251968
     -26.841072    -129.166389
     -25.913930    -132.745315
     -25.020087    -136.229909
     -24.146342    -139.815364
     -23.298272    -143.260868
     -22.550285    -146.277439
     -22.028882    -149.079524
     -21.462315    -151.828492
     -20.795856    -154.630781
     -20.256766    -157.427300
     -19.801732    -160.185108
     -19.346675    -162.874510
     -18.715596    -165.467733
     -18.092939    -167.986585
     -17.466409    -170.403479
     -16.887824    -172.814836
     -16.253803    -175.212262
     -15.585207    -177.364118
     -14.751180    -179.027474
     -13.801426     179.790512
     -12.547918     179.047116
     -11.141161     178.818816
      -9.557411     179.103729
      -7.974991     179.793057
      -6.456422    -179.377374
      -4.878763    -178.442688
      -2.644879    -177.328370
       1.088237    -176.048137
       5.487387    -174.681506
       9.449474    -173.217386
      13.147211    -171.909098
      16.404192    -170.605512
      19.044048    -169.264915
      21.480541    -168.041470
      23.462704    -166.544108
      25.007252    -164.216447
      25.816503    -160.868239
      26.204229    -156.677531
      26.610978    -152.029476
      27.486099    -147.719519
      28.695756    -144.490006
      29.810676    -141.483411
      30.214464    -137.371795
      29.804357    -131.617087
      28.854299    -124.770258
      27.490218    -116.910613
      25.423737    -107.900048
      22.890435     -97.116659
      20.658030     -84.945046
      18.606314     -71.731407
      16.958791     -58.521469
      15.885196     -46.355383
      15.627087     -36.469176
      15.632814     -29.133973
      15.266069     -24.620410
      15.110931     -21.991597
      14.921631     -20.283309
      15.083895     -18.831446
      16.336128     -17.709515
      18.818107     -17.006123
      21.737650     -16.489784
      24.683743     -15.789678
      27.648358     -14.865960
      30.664832     -13.633529
      33.390346     -12.271850
      35.529894     -11.213346
      37.143190     -10.779055
      38.587145     -10.914861
      39.406333     -11.204390
      39.955043     -11.284751
      39.944571     -10.911898
      40.037071     -10.183104
      40.053861      -9.131046
      39.753374      -7.628817
      39.383718      -5.989299
      39.093764      -4.601969
      39.230965      -3.436662
      39.188179      -2.467528
      39.025370      -1.754748
      38.813254      -1.102524
      38.550858      -0.270861
      38.303526       0.636597
      38.139485       1.485997
      38.107033       2.221731
      38.017255       2.913719
      37.819395       3.369164
      37.626707       3.598805
      37.403554       3.700398
      37.319398       3.703440
      37.195984       3.498900
      37.053374       3.205008
      36.937758       2.912221
      36.837686       2.610415
      36.781532       2.300210
      36.760782       2.043062
      36.765321       1.911082
      36.776174       1.892174
      36.747173       1.917273
      36.710449       1.943258
      36.660346       1.931224
      36.662093       1.846236
      36.639012       1.649243
      36.648384       1.396102
      36.593448       1.067692
      36.574758       0.733656
      36.521363       0.413152
      36.521321       0.100636
      36.492879      -0.229672
      36.446460      -0.526084
      36.377532      -0.848717
      36.363182      -1.190531
      36.349723      -1.584703
      36.304429      -2.052721
      36.269492      -2.561674
      36.244007      -3.107586
      36.276911      -3.712086
      36.351248      -4.331407
      36.403791      -4.935405
      36.403512      -5.597785
      36.439855      -6.255812
      36.499285      -6.873833
      36.543622      -7.529413
      36.527988      -8.246148
      36.536252      -8.978294
      36.532534      -9.673859
      36.529717     -10.375498
      36.519337     -11.066259
      36.515933     -11.749868
      36.490032     -12.453249
      36.451276     -13.175641
      36.425565     -13.951121
      36.347814     -14.635402
      36.269052     -15.105395
      36.125246     -15.302863
      35.940987     -15.215098
      35.689682     -14.821940
      35.425094     -14.101687
      35.183627     -13.209710
      34.741057     -12.204730
      34.041966     -11.293931
      33.119304     -10.756736
      32.155015     -10.804321
      30.888143     -11.420902
      28.873401     -12.428199
      25.780410     -13.622906
      21.707689     -14.861079
      16.591874     -16.147575
      10.786127     -17.588914
       6.285654     -19.735337
       2.140715     -21.703561
      -1.499850     -23.276845
      -4.380290     -24.705485
      -6.389075     -25.917956
      -7.947552     -26.960944
      -9.057717     -27.857829
      -9.812950     -28.571239
     -10.213958     -29.049983
     -10.506430     -29.373157
     -10.751110     -29.672600
     -10.893347     -29.976444
     -10.995581     -30.100086
     -11.010756     -30.078791
     -11.060778     -30.107105
     -11.132262     -30.213090
     -11.275634     -30.382641
     -11.452341     -30.547860
     -11.576123     -30.748055
     -11.670580     -31.011482
     -11.699167     -31.361985
     -11.621355     -31.703900
     -11.548449     -31.959938
     -11.491103     -32.121997
     -11.438771     -32.248615
     -11.271124     -32.301909
     -10.863909     -32.175468
     -10.335467     -31.881375
      -9.702456     -31.552203
      -8.795728     -31.263669
      -7.790556     -31.070058
      -6.672125     -31.056570
      -5.499356     -31.158429
      -4.429656     -31.429123
      -3.448390     -31.829026
      -2.403795     -32.383023
      -1.446596     -32.789719
      -0.503265     -32.954003
       0.402292     -32.845888
       1.173754     -32.553648
       1.795180     -32.193471
       2.104255     -31.776369
       2.228340     -31.234983
       2.279603     -30.496830
       2.292694     -29.573624
       2.361060     -28.376895
       2.365422     -26.920451
       2.388243     -25.404413
       2.351870     -23.896086
       2.171242     -22.385540
       1.934742     -20.946749
       1.621109     -19.472159
       1.299181     -17.937607
       1.079948     -16.466730
       1.028988     -15.189454
       1.003715     -14.014403
       1.120127     -12.893787
       1.435595     -11.751680
       1.936583     -10.746461
       2.419546     -10.045967
       2.857730      -9.636289
       3.219968      -9.462390
       3.536379      -9.398223
       3.894930      -9.311799
       4.400414      -9.114223
       5.177678      -8.745188
       6.621857      -8.224394
       8.337540      -7.566335
      10.353377      -6.931522
      12.481829      -6.283120
      14.305022      -5.638449
      15.587149      -5.204263
      16.591741      -4.963941
      17.315231      -4.899929
      17.826637      -4.891786
      18.217009      -4.949292
      18.429838      -5.043850
      18.657835      -5.203823
      18.808209      -5.333606
      18.942114      -5.409046
      19.246708      -5.398419
      19.539424      -5.314798
      19.954763      -5.084607
      20.667504      -4.777365
      21.241888      -4.441045
      21.789054      -4.049316
      22.198290      -3.638586
      22.418354      -3.248082
      22.588802      -2.829595
      22.719895      -2.382492
      22.805976      -1.933374
      22.912736      -1.541874
      22.949853      -1.188614
      22.982978      -0.899435
      23.029596      -0.663899
      23.060848      -0.454475
      23.153661      -0.281937
      23.311274      -0.086737
      23.538923       0.148308
      23.742282       0.424973
      23.958919       0.662815
      24.145859       0.816138
      24.302046       0.893141
      24.400071       0.946663
      24.413342       1.021086
      24.449590       1.132212
      24.482953       1.256782
      24.519039       1.392907
      24.549062       1.495126
      24.536915       1.578837
      24.493508       1.667278
      24.425735       1.784459
      24.395600       1.949222
      24.521892       2.225427
      24.620922       2.607661
      24.567337       2.896363
      24.505643       3.002294
      24.441778       3.050029
      24.362958       3.072672
      24.346777       3.023512
      24.401809       2.946735
      24.459586       2.945662
      24.492590       3.022875
      24.460295       3.301310
      24.393412       3.904867
      24.324818       4.774150
      24.211822       5.887910
      24.030281       7.151557
      23.808466       8.532688
      23.537908       9.914618
      23.111799      11.083947
      22.647380      11.918013
      22.223575      12.354694
      21.730070      12.394613
      21.229819      12.055524
      20.751837      11.454859
      20.231382      10.762058
      19.618989      10.202297
      18.981793       9.857048
      18.259609       9.799870
      17.581861       9.961530
      16.955254      10.292081
      16.364533      10.726950
      15.890840      11.101805
      15.372407      11.207297
      14.550808      10.733521
      13.417345       9.413714
      11.979279       7.605771
      10.415814       5.645044
       8.824913       3.473203
       7.529338       0.968289
       6.089881      -2.155088
       4.576479      -5.858791
       3.269301      -9.457708
       2.096806     -12.817837
       1.140812     -15.881897
       0.334959     -18.735423
      -0.299941     -21.400730
      -0.928208     -23.639279
      -1.395233     -25.406975
      -1.754648     -26.571022
      -2.035720     -27.059913
      -2.393991     -26.827341
      -2.614664     -26.108293
      -2.836894     -25.175329
      -3.099846     -23.956933
      -3.421929     -22.595111
      -3.804781     -21.555849
      -4.167297     -21.139551
      -4.660195     -21.009441
      -5.195185     -20.777035
      -5.694357     -20.351198
      -6.133030     -19.918122
      -6.665191     -19.566601
      -7.196872     -19.276185
      -7.629832     -18.999059
      -8.015437     -18.618176
      -8.294111     -18.205441
      -8.604220     -17.803706
      -8.989893     -17.380214
      -9.190942     -16.946764
      -9.245552     -16.523469
      -9.280397     -16.106424
      -9.368783     -15.636366
      -9.536718     -15.055213
      -9.734146     -14.318403
      -9.908522     -13.486300
     -10.079702     -12.690640
     -10.237103     -12.172443
     -10.273759     -12.041191
     -10.425646     -12.674356
     -10.600489     -14.080148
     -10.744289     -16.190571
     -10.930859     -18.579489
     -11.364772     -21.343271
     -12.105366     -24.781175
     -12.810067     -29.079084
     -13.378820     -34.435686
     -13.946575     -42.104618
     -14.071788     -52.891081
     -13.748073     -66.264458
     -12.818748     -80.980107
     -11.612536     -95.721664
     -10.435892    -109.974677
      -9.834376    -123.103658
      -9.728805    -134.023198
      -9.562642    -141.874577
      -9.463933    -146.905685
      -9.522075    -150.314354
      -9.647702    -153.223643
     -10.026426    -156.019521
     -10.550101    -158.707262
     -11.014840    -161.193300
     -11.512349    -163.620374
     -11.969321    -166.124228
     -12.264301    -168.648209
     -12.440077    -171.119832
     -12.485783    -173.500686
     -12.381773    -175.681742
     -12.308716    -177.531161
     -12.292007    -179.107518
     -12.334968     179.533673
     -12.361882     178.424115
     -12.298782     177.516648
     -12.243836     176.914630
     -12.255668     176.604635
     -12.239823     176.575202
     -12.180171     176.878008
     -12.132858     177.451875
     -12.201445     178.113421
     -12.327440     178.687754
     -12.467135     179.329056
     -12.562222    -179.775378
     -12.676818    -178.658729
     -12.797568    -177.448261
     -12.845321    -176.239873
     -12.867180    -174.871785
     -12.879010    -173.209984
     -12.763180    -171.196417
     -12.443010    -168.599950
     -11.951390    -164.631975
     -11.370616    -158.281913
     -10.796028    -148.839150
     -10.194624    -136.155043
      -9.852172    -120.931140
      -9.805620    -104.437408
     -10.319669     -87.635244
     -11.141760     -71.712576
     -12.326261     -57.540719
     -13.206167     -45.997143
     -13.853638     -37.799518
     -14.544874     -32.462215
     -15.441909     -28.562693
     -16.389667     -25.288117
     -17.201881     -21.986793
     -18.055688     -18.747683
     -18.950686     -15.776682
     -19.814716     -13.060036
     -20.510258     -10.196229
     -20.805473      -7.032566
     -20.881118      -3.826359
     -20.777520      -1.081909
     -20.313987       1.120088
     -19.246090       3.120295
     -17.858267       5.042888
     -16.432250       6.850805
     -15.272678       8.350817
     -14.187316       9.522247
     -13.170693      10.437793
     -12.121315      11.118363
     -10.871920      11.586092
      -9.313810      11.671664
      -7.840374      11.423466
      -5.999325      10.771030
      -3.576754       9.883360
      -0.987646       8.855017
       1.408693       7.804716
       3.585089       6.596818
       5.366523       5.326689
       6.925335       4.030374
       8.253764       2.922207
       9.751268       2.081060
      11.337285       1.617081
      12.927727       1.430837
      14.429819       1.365586
      15.977052       1.419027
      17.537715       1.510504
      19.121878       1.537798
      20.514600       1.509836
      21.826710       1.553386
      22.628131       1.652169
      22.884801       1.848079
      23.008463       2.100728
      23.027483       2.218634
      22.756087       2.031934
      22.323669       1.479238
      21.699903       0.803907
      20.994289       0.089112
      20.345663      -0.675687
      19.490614      -1.314726
      18.070638      -1.813446
      16.183124      -2.107634
      14.038732      -2.326810
      11.755234      -2.384783
       9.109894      -2.306920
       6.205878      -2.102656
       3.328177      -1.834973
       0.455712      -1.571224
      -2.269118      -1.300338
      -5.033258      -1.038100
      -7.608135      -0.857993
     -10.143406      -0.479292
     -12.722151       0.207270
     -14.880939       0.944688
     -16.812038       1.688619
     -18.475716       2.381364
     -19.612670       3.057183
     -20.418817       3.744819
     -20.689290       4.161586
     -20.696046       4.387262
     -20.641784       4.593059
     -20.516050       5.069806
     -20.350676       5.928853
     -20.155943       7.139830
     -19.808637       8.607173
     -19.495764       9.871952
     -19.468865      10.609698
     -19.772378      10.750222
     -20.355280      10.529818
     -20.949802      10.594265
     -21.391038      11.263577
     -21.626591      12.240220
     -21.890602      13.017268
     -22.290296      13.255839
     -22.751386      12.962587
     -23.233200      12.438622
     -23.675126      11.834306
     -24.006941      11.295003
     -24.126581      10.889348
     -24.098381      10.699938
     -23.915073      10.759128
     -23.517049      11.151903
     -22.881435      12.178186
     -22.023005      13.525787
     -21.121335      14.756281
     -20.107756      15.737198
     -18.887109      16.669494
     -17.364303      17.802347
     -15.837812      18.718325
     -14.537897      18.936667
     -13.619685      18.379595
     -12.925554      17.575918
     -12.241927      17.086625
     -11.592692      16.805460
     -10.969040      16.341498
     -10.319447      15.481780
      -9.430986      14.003238
      -8.187819      11.865372
      -6.924650       9.486413
      -5.840468       7.292177
      -4.795371       5.426956
      -3.733049       3.971213
      -2.410484       3.125013
      -0.675909       2.927713
       1.134359       3.205380
       2.945106       3.598294
       4.812265       3.971904
       6.841753       4.281839
       8.989025       4.423361
      11.042873       4.245408
      12.941161       3.828562
      14.614734       3.342864
      16.198587       2.890481
      17.545839       2.393719
      18.713198       1.710475
      19.858194       0.818752
      20.813118      -0.029620
      21.671096      -0.720037
      22.408642      -1.214515
      23.004961      -1.543813
      23.637962      -1.851030
      24.203393      -2.143865
