       5.843623      18.274651
       5.966879      19.291047
       6.044221      20.421554
       6.054093      21.500763
       5.966361      22.470987
       5.929367      23.353963
       5.945311      24.249581
       6.044294      25.151078
       6.107039      26.150216
       6.075450      27.145299
       5.795887      28.099294
       5.409460      29.078069
       4.980378      30.111410
       4.595060      31.036547
       4.200593      31.603073
       3.823423      31.758850
       3.392420      31.630619
       2.933190      31.420587
       2.352470      31.037400
       1.504630      30.136944
       0.264042      28.399528
      -1.190991      26.035712
      -2.498183      23.453221
      -3.571092      20.657936
      -4.487165      17.763871
      -5.188480      14.753717
      -5.691008      11.493811
      -5.981379       7.830903
      -6.219877       4.407664
      -6.389321       1.372193
      -6.530746      -1.262461
      -6.556059      -3.497137
      -6.521216      -5.516275
      -6.528448      -7.354167
      -6.476187      -9.119791
      -6.353081     -10.843433
      -6.215694     -12.511532
      -6.071066     -14.249326
      -5.902304     -16.237021
      -5.747775     -18.718096
      -5.673836     -21.500668
      -5.637866     -24.481829
      -5.618959     -27.548692
      -5.589778     -30.771968
      -5.384851     -34.104306
      -5.206690     -37.361679
      -5.183069     -40.530333
      -5.272457     -43.683243
      -5.478972     -46.974333
      -5.563069     -50.431732
      -5.444001     -53.844928
      -5.125719     -57.361621
      -4.808985     -61.119874
      -4.602018     -65.016960
      -4.530451     -68.714127
      -4.520630     -72.021119
      -4.479809     -75.030996
      -4.438546     -77.955410
      -4.381180     -81.035297
      -4.357671     -84.339433
      -4.367157     -87.673644
      -4.280495     -90.890140
      -4.173344     -94.065846
      -4.177608     -97.300653
      -4.172839    -100.524570
      -4.098769    -103.723522
      -4.057518    -106.911255
      -4.095082    -110.167821
      -4.182882    -113.423756
      -4.194107    -116.573137
      -4.089403    -119.513773
      -4.012950    -122.282199
      -4.069813    -125.017014
      -4.246831    -127.795503
      -4.418687    -130.652405
      -4.492468    -133.518796
      -4.641659    -136.430281
      -4.890347    -139.280285
      -5.178983    -142.029593
      -5.368623    -144.646014
      -5.463823    -147.173783
      -5.533957    -149.757594
      -5.538807    -152.310610
      -5.616404    -154.858799
      -5.730654    -157.404851
      -5.880155    -159.915912
      -5.990816    -162.550294
      -6.144979    -165.285245
      -6.348809    -167.990762
      -6.557734    -170.662572
      -6.677701    -173.321792
      -6.782791    -176.044504
      -6.887852    -178.616026
      -6.978837     179.045503
      -6.972561     176.736396
      -6.905391     174.340349
      -6.968691     171.894954
      -7.099938     169.498013
      -7.298805     167.218515
      -7.428323     165.053915
      -7.567884     163.000074
      -7.770944     161.068358
      -7.970704     159.274329
      -8.161683     157.566454
      -8.278347     155.806705
      -8.448608     153.986711
      -8.531280     152.119933
      -8.597740     150.281210
      -8.655743     148.454260
      -8.765457     146.469661
      -8.823227     144.268584
      -8.929970     142.081078
      -9.057919     140.130740
      -9.124419     138.333476
      -9.181162     136.497900
      -9.387143     134.664461
      -9.467969     132.896893
      -9.417876     131.171280
      -9.343526     129.528198
      -9.270954     128.045990
      -9.314343     126.732631
      -9.288295     125.537143
      -9.340310     124.293434
      -9.352554     122.973829
      -9.468530     121.558104
      -9.624893     120.282728
      -9.647153     119.299511
      -9.766811     118.700387
      -9.888993     118.437117
      -9.861310     118.540028
      -9.575316     119.052181
      -9.247313     120.149189
      -9.008888     121.955321
      -8.821979     124.597542
      -8.638201     128.341724
      -8.323555     132.988303
      -7.901881     138.096551
      -7.299684     143.554767
      -6.638609     149.285180
      -5.890177     155.397064
      -4.930925     161.928993
      -3.431232     169.098902
      -1.219910     176.718542
       1.747208    -175.014970
       5.065748    -166.188146
       8.374924    -156.926016
      11.772741    -147.626575
      14.816530    -138.795972
      17.043124    -130.715905
      18.535600    -123.994076
      20.037758    -118.776516
      21.613152    -114.762614
      23.342830    -111.478751
      25.210878    -108.617547
      27.155001    -105.844108
      29.406273    -102.808993
      32.011075     -99.316405
      34.522275     -95.664720
      36.013095     -92.150353
      36.192974     -88.926309
      35.191634     -85.769205
      33.246430     -82.109729
      30.761853     -77.884731
      27.717709     -73.367209
      24.443262     -68.884803
      21.289477     -64.499110
      18.518128     -60.219334
      16.050289     -56.195003
      13.908044     -52.552459
      11.682230     -49.531167
       9.292983     -47.420494
       6.949331     -45.764477
       4.725278     -43.887427
       2.791550     -41.280818
       1.287969     -38.108723
       0.192660     -34.634076
      -0.680274     -30.903057
      -1.274909     -26.963581
      -1.713035     -22.929524
      -2.087120     -18.944786
      -2.254840     -15.049454
      -2.397096     -11.317746
      -2.641918      -7.928620
      -2.988911      -4.790817
      -3.408281      -1.865974
      -3.807447       0.943904
      -4.152530       3.577329
      -4.399389       6.126775
      -4.523914       8.811678
      -4.566181      11.784916
      -4.480431      14.913438
      -4.444010      17.826565
      -4.543900      20.361125
      -4.775571      22.777325
      -4.868861      25.136303
      -4.896634      27.487450
      -4.964630      29.836736
      -5.154003      32.297540
      -5.448596      34.879888
      -5.676442      37.470629
      -5.964117      40.007171
      -6.275258      42.330907
      -6.637902      44.530138
      -6.826775      46.898553
      -6.917899      49.412539
      -6.901742      51.589166
      -6.923016      53.288555
      -7.030415      54.722111
      -7.060990      55.984835
      -7.026419      57.185098
      -7.076393      58.383767
      -7.180849      59.668848
      -7.336418      60.881210
      -7.560198      62.013411
      -7.664502      63.064515
      -7.766344      63.926734
      -7.957198      64.875738
      -8.203955      65.761644
      -8.440210      66.242582
      -8.927715      66.185580
      -9.747893      65.304647
     -10.765114      63.038457
     -11.838298      59.500679
     -12.713686      55.785493
     -13.272770      52.747755
     -13.526492      50.485898
     -13.680497      48.691232
     -13.921752      47.262267
     -14.066189      46.073486
     -14.054202      45.073522
     -14.065091      44.144956
     -14.130304      43.247558
     -14.223863      42.119034
     -14.345990      40.642338
     -14.524802      39.059223
     -14.700035      37.771553
     -14.834544      36.776415
     -15.044262      35.629059
     -15.262420      34.139738
     -15.348746      32.492406
     -15.326050      30.913346
     -15.235399      29.581342
     -15.095281      28.509909
     -14.972432      27.564421
     -14.838425      26.629758
     -14.678563      25.704762
     -14.512218      24.748873
     -14.315393      23.781070
     -14.129482      22.806144
     -13.961543      21.894478
     -13.802689      21.056981
     -13.606025      20.288916
     -13.384100      19.676526
     -12.986765      19.358807
     -12.125956      19.575570
     -11.461870      20.814492
     -11.007424      22.661132
     -10.728443      24.331679
     -10.594999      25.742829
     -10.475714      27.053424
     -10.347869      28.411634
     -10.263064      29.772160
     -10.170982      31.007689
     -10.020984      31.900087
      -9.919719      32.444727
      -9.780564      32.664284
      -9.662944      32.668116
      -9.547797      32.512254
      -9.421423      32.162196
      -9.312854      31.644831
      -9.246230      30.940655
      -9.260967      30.172767
      -9.243490      29.476153
      -9.249442      28.895477
      -9.376486      28.317041
      -9.396948      27.692304
      -9.373290      27.220498
      -9.298107      26.413234
      -9.380893      25.320018
      -9.618136      23.921231
      -9.844086      22.463653
      -9.968625      21.028918
      -9.954562      19.695546
      -9.892797      18.544250
      -9.888054      17.606817
      -9.897024      16.768828
      -9.797035      15.985031
      -9.711605      15.260488
      -9.680843      14.454356
      -9.704139      12.817618
      -9.837409       9.454718
      -9.768921       4.550468
      -9.566309      -0.686022
      -9.304591      -5.269860
      -9.113380      -8.903410
      -9.028802     -11.786122
      -8.914332     -14.022778
      -8.631280     -15.732848
      -8.299254     -17.113314
      -7.951585     -18.231191
      -7.622781     -19.132150
      -7.352401     -19.833643
      -7.061439     -20.431778
      -6.795347     -20.958146
      -6.583571     -21.417271
      -6.402998     -21.848021
      -6.220877     -22.251739
      -6.048154     -22.624144
      -5.857926     -22.998569
      -5.715593     -23.334097
      -5.635667     -23.600061
      -5.541312     -23.900179
      -5.412496     -24.369962
      -5.407340     -24.896604
      -5.492091     -25.320804
      -5.596255     -25.787314
      -5.672484     -26.425559
      -5.671193     -27.382375
      -5.694735     -28.721379
      -5.721116     -30.479165
      -5.750907     -32.275382
      -5.780739     -33.960337
      -5.795180     -35.618903
      -5.752383     -37.317244
      -5.719807     -39.036342
      -5.782442     -40.859413
      -5.743719     -42.776092
      -5.696557     -44.640630
      -5.596154     -46.231451
      -5.412178     -47.463187
      -5.262615     -48.334702
      -5.455728     -49.051177
      -5.502193     -49.553247
      -5.433416     -49.497794
      -5.430764     -48.622933
      -5.489532     -47.083902
      -5.561874     -45.006621
      -5.521119     -42.821719
      -5.298346     -40.835327
      -5.064946     -39.208168
      -4.886775     -37.914083
      -4.730895     -36.744895
      -4.668282     -35.669902
      -4.733269     -34.678363
      -4.757304     -33.846860
      -4.512734     -33.304425
      -4.218311     -32.991375
      -4.037692     -32.788070
      -3.971734     -32.689943
      -3.859801     -32.676749
      -3.821701     -32.720858
      -3.739622     -32.797004
      -3.692100     -32.911157
      -3.799649     -33.124055
      -4.036515     -33.487059
      -4.237871     -33.931010
      -4.240672     -34.359511
      -4.224602     -34.640565
      -4.219446     -34.788598
      -4.242478     -34.855151
      -4.137192     -34.923652
      -4.096431     -34.942818
      -4.106307     -35.201107
      -4.039740     -35.816237
      -3.940360     -36.561249
      -4.004924     -37.404605
      -4.100408     -38.650961
      -4.142011     -40.978532
      -4.086311     -44.866069
      -3.823855     -50.227028
      -3.479744     -56.067438
      -3.208010     -61.201987
      -3.096417     -65.151063
      -3.095497     -67.972862
      -3.102330     -69.839552
      -2.988413     -71.004597
      -2.928015     -71.796059
      -2.909228     -72.343746
      -2.874719     -72.673839
      -2.898450     -72.793206
      -2.928097     -72.760119
      -2.873526     -72.678240
      -2.810748     -72.624779
      -2.743254     -72.522689
      -2.664589     -72.397115
      -2.682234     -72.288435
      -2.744026     -72.159855
      -2.825048     -71.964364
      -2.872465     -71.781594
      -2.920079     -71.587780
      -2.934025     -71.525760
      -2.983143     -71.523706
      -3.048675     -71.535810
      -3.039607     -71.646642
      -3.024421     -71.871061
      -3.049791     -72.132772
      -3.158993     -72.455905
      -3.304767     -72.999449
      -3.300326     -74.418060
      -3.319924     -76.783464
      -3.385947     -79.834743
      -3.490754     -83.173864
      -3.704028     -85.967634
      -3.898296     -87.797731
      -4.117987     -88.843235
      -4.395823     -89.251642
      -4.726980     -89.061606
      -5.000469     -88.200174
      -5.153406     -86.354486
      -5.096150     -83.433919
      -4.791507     -79.439663
      -4.399668     -74.594088
      -4.169824     -68.703058
      -3.875733     -62.172391
      -3.413741     -55.700252
      -3.092735     -49.787652
      -2.895455     -44.579728
      -2.930221     -39.996320
      -3.145927     -36.359498
      -3.431265     -33.735872
      -3.687406     -32.002981
      -3.857711     -31.112433
      -3.986692     -30.900089
      -4.057133     -30.913757
      -4.105668     -31.015715
      -4.058982     -31.250404
      -4.103234     -31.574084
      -4.154519     -31.941765
      -4.256190     -32.215879
      -4.321381     -32.457370
      -4.374777     -32.646825
      -4.430015     -32.736338
      -4.511715     -32.697809
      -4.574663     -32.611974
      -4.591582     -32.479851
      -4.645824     -32.293161
      -4.698546     -32.104847
      -4.787423     -31.961332
      -4.825277     -31.836307
      -4.905516     -31.666287
      -5.040102     -31.437354
      -5.165968     -31.125506
      -5.214606     -30.609336
      -5.256830     -29.638424
      -5.334332     -28.010415
      -5.447965     -25.902948
      -5.643400     -23.680959
      -5.847349     -21.924834
      -6.012227     -20.719435
      -6.167989     -19.868267
      -6.326118     -19.303399
      -6.478600     -18.999892
      -6.536547     -18.943478
      -6.537289     -19.069005
      -6.402394     -19.303947
      -6.192647     -19.568657
      -6.006757     -19.783494
      -5.986015     -19.882501
      -6.163501     -19.965217
      -6.268459     -20.118636
      -6.351158     -20.233803
      -6.427753     -20.238359
      -6.496155     -20.215923
      -6.562063     -20.230549
      -6.632091     -20.341488
      -6.767586     -20.527121
      -6.946656     -20.748048
      -7.298698     -21.045106
      -7.909825     -21.458990
      -8.393892     -21.932965
      -8.838468     -22.390917
      -9.473111     -22.738264
      -9.977671     -22.977990
     -10.239297     -23.215302
     -10.614107     -23.488653
     -11.271791     -23.745796
     -12.269636     -23.912056
     -13.563494     -24.042154
     -14.934609     -24.102899
     -16.234581     -24.115558
     -17.362165     -24.109271
     -18.211549     -24.104963
     -18.811316     -24.026658
     -19.305230     -23.811042
     -19.754792     -23.510106
     -20.209749     -23.173765
     -20.643110     -22.792452
     -20.997000     -22.374821
     -21.220364     -21.880570
     -21.331549     -21.307546
     -21.372001     -20.679107
     -21.362576     -20.008380
     -21.328853     -19.214263
     -21.261996     -18.316504
     -21.213956     -17.417009
     -21.207964     -16.590402
     -21.220500     -15.877840
     -21.259711     -15.227740
     -21.256350     -14.579613
     -21.251194     -13.873659
     -21.193214     -12.920326
     -20.879059     -11.053548
     -20.114950      -7.644949
     -19.008882      -2.932667
     -17.552379       2.562948
     -15.942209       7.864487
     -14.567279      12.260752
     -13.717745      15.198873
     -13.253045      16.830497
     -12.993860      17.608908
     -12.910657      17.953659
     -12.869088      18.131668
     -12.837765      18.231556
     -12.868311      18.184915
     -13.102935      17.741552
     -13.654977      16.045658
     -14.308500      11.615568
     -14.884315       3.248978
     -14.906149      -8.520272
     -14.552828     -21.526464
     -13.957587     -33.654573
     -13.250106     -43.982353
     -12.571077     -51.950727
     -12.419531     -57.283069
     -12.888068     -61.011014
     -13.395361     -63.604941
     -13.672783     -65.470281
     -14.023901     -67.050261
     -14.377548     -68.446403
     -14.666998     -69.624819
     -14.799804     -70.684582
     -14.829056     -71.567808
     -14.801510     -72.048770
     -14.714809     -72.177437
     -14.575378     -72.145186
     -14.468934     -72.085115
     -14.373185     -72.004216
     -14.352446     -71.979081
     -14.375580     -72.144283
     -14.438554     -72.389242
     -14.398283     -72.653420
     -14.383241     -72.903295
     -14.393349     -72.958393
     -14.466095     -72.846861
     -14.492734     -72.760785
     -14.539087     -72.693860
     -14.468277     -72.598939
     -14.521935     -72.391583
     -14.562761     -71.888692
     -14.396715     -70.549926
     -13.728851     -67.779087
     -13.065829     -63.795142
     -12.890339     -58.484002
     -12.811219     -52.636612
     -12.518005     -47.476947
     -12.245617     -43.517094
     -12.057564     -40.482991
     -11.937678     -37.999146
     -11.736091     -36.061101
     -11.616230     -34.314603
     -11.512713     -32.543048
     -11.357407     -30.401562
     -11.078473     -27.080038
     -10.623606     -21.771454
     -10.059788     -15.833235
      -9.562793     -10.269403
      -9.273911      -5.657208
      -9.092130      -2.173139
      -8.941730       0.250743
      -8.866576       1.718464
      -8.820313       2.551924
      -8.816900       2.965853
      -8.782413       3.148620
      -8.787655       3.224245
      -8.845912       3.221566
      -8.874308       3.127464
      -8.916371       2.986164
      -8.989882       2.804155
      -9.119428       2.593654
      -9.360646       2.433484
      -9.616935       2.415839
      -9.737847       2.540235
      -9.779435       2.805983
      -9.692758       3.004686
      -9.292565       2.986207
      -8.132290       2.472224
      -6.581080       1.287663
      -5.750000      -0.399238
      -5.719991      -2.103580
      -5.986269      -3.608630
      -6.341089      -5.086415
      -6.667442      -6.518036
      -6.994037      -7.850742
      -7.204867      -8.894325
      -7.165862      -9.347843
      -6.958733      -9.211777
