       6.922832      10.857537
       6.926590      10.823072
       6.938895      10.787413
       6.946310      10.770859
       6.899855      10.769318
       6.846869      10.771859
       6.813204      10.766672
       6.783845      10.763160
       6.768547      10.775450
       6.740907      10.738733
       6.704353      10.681104
       6.693521      10.635379
       6.693821      10.580624
       6.712211      10.528351
       6.711913      10.441534
       6.683897      10.399767
       6.677235      10.379437
       6.712201      10.370844
       6.754582      10.329417
       6.780297      10.247070
       6.783316      10.164961
       6.746545      10.075443
       6.669555       9.963741
       6.587342       9.812938
       6.496319       9.611467
       6.387391       9.346160
       6.277430       8.988632
       6.112409       8.511156
       5.961844       7.975790
       5.837370       7.428560
       5.771506       6.921822
       5.705134       6.396759
       5.647146       5.879268
       5.614300       5.397054
       5.545354       4.942102
       5.485264       4.510844
       5.403063       4.040577
       5.279666       3.482096
       5.036536       2.764541
       4.607780       1.796495
       4.103678       0.586070
       3.468214      -0.708477
       2.654779      -2.147843
       1.775034      -3.633763
       0.907926      -5.171695
      -0.067408      -6.677056
      -1.129783      -8.130785
      -1.968075      -9.451174
      -2.738194     -10.602699
      -3.524308     -11.741619
      -4.237694     -12.829484
      -4.807447     -13.925796
      -5.325494     -15.128761
      -5.881129     -16.436485
      -6.457387     -17.766925
      -7.019755     -19.013230
      -7.518553     -20.209538
      -7.937509     -21.305292
      -8.262312     -22.337395
      -8.454864     -23.255304
      -8.530622     -24.121622
      -8.515273     -24.946967
      -8.412973     -25.786741
      -8.264756     -26.580165
      -8.129604     -27.306181
      -8.010769     -27.971037
      -7.929352     -28.589409
      -7.896958     -29.302143
      -7.862643     -30.084998
      -7.785979     -30.888661
      -7.723656     -31.750253
      -7.681989     -32.615250
      -7.628888     -33.518561
      -7.540284     -34.409070
      -7.452297     -35.278273
      -7.370724     -36.152445
      -7.337676     -37.126422
      -7.355818     -38.206747
      -7.445215     -39.311057
      -7.576218     -40.387633
      -7.651909     -41.477542
      -7.738950     -42.618928
      -7.831513     -43.885849
      -7.972890     -45.336544
      -8.121253     -46.853203
      -8.314429     -48.297930
      -8.523810     -49.574594
      -8.793510     -50.635227
      -9.133001     -51.552558
      -9.654279     -52.415506
     -10.218651     -53.282965
     -10.662229     -54.266444
     -10.996042     -55.490647
     -11.327498     -57.058635
     -11.623689     -59.195089
     -11.795891     -61.990651
     -11.796870     -64.824787
     -11.761493     -67.526555
     -11.642094     -69.815627
     -11.555416     -71.733199
     -11.535064     -73.514002
     -11.816519     -75.247251
     -12.354157     -76.980883
     -12.498913     -78.691065
     -12.581793     -80.401334
     -12.605259     -82.212368
     -12.368641     -84.041737
     -11.976567     -86.074760
     -11.346539     -88.400041
     -10.619887     -90.818518
     -10.110039     -92.803243
      -9.612663     -94.239417
      -9.080726     -95.141259
      -8.458950     -95.937209
      -7.742742     -96.903465
      -6.961476     -98.261926
      -6.136365     -99.996952
      -5.240367    -101.712345
      -4.226795    -103.276909
      -3.021196    -104.846427
      -1.681697    -106.404599
      -0.570301    -107.617660
       0.264190    -107.833953
       0.960109    -107.041306
       1.630206    -105.865703
       2.377672    -104.811224
       3.104869    -103.778164
       3.973838    -102.422433
       4.938097    -100.326646
       6.018915     -97.990875
       7.329750     -95.931477
       8.820986     -93.713090
      10.260673     -91.127464
      11.599370     -88.274273
      12.960876     -85.077788
      14.303942     -81.627951
      15.727308     -78.034036
      17.185470     -74.604278
      18.637072     -71.345749
      19.981669     -68.394496
      21.207639     -65.503824
      22.265499     -62.653057
      23.107755     -60.029419
      23.652291     -57.623886
      24.042516     -55.044632
      24.347241     -52.392095
      24.621366     -49.714282
      24.838096     -47.089231
      25.056104     -44.482952
      25.299179     -42.210025
      25.570468     -40.313668
      25.826241     -38.871535
      26.037504     -37.663948
      26.234542     -36.677324
      26.444870     -35.846715
      26.571935     -35.263918
      26.592434     -34.752840
      26.533778     -34.282095
      26.479486     -33.778568
      26.466775     -33.127173
      26.484467     -32.223611
      26.521565     -31.099749
      26.561883     -29.782221
      26.668169     -28.280599
      26.870248     -26.319214
      27.140391     -23.975708
      27.478326     -21.302123
      27.792379     -18.425750
      28.089876     -15.458692
      28.136683     -12.188671
      28.168293      -8.706947
      28.079118      -5.294166
      27.934388      -2.280471
      27.705006       0.161140
      27.502880       2.096011
      27.368574       3.390135
      27.217705       4.320543
      27.058842       4.970391
      26.882959       5.407786
      26.757021       5.810850
      26.600982       6.300243
      26.372093       6.862527
      25.890475       7.554082
      25.184512       8.324267
      24.447065       9.141353
      23.744958       9.950602
      22.969434      10.683324
      22.164201      11.420012
      21.252438      12.075020
      20.323355      12.682088
      19.320674      13.337876
      18.230984      14.066979
      16.966680      14.958947
      15.639356      15.963657
      14.119542      17.083434
      12.604685      18.258909
      10.971817      19.507445
       9.600725      20.614623
       8.187388      21.611498
       6.936373      22.376297
       5.944947      22.953955
       5.280488      23.213349
       4.778357      23.213830
       4.397554      22.976965
       4.076083      22.693623
       3.813603      22.296414
       3.570208      21.774864
       3.350267      20.834294
       3.216409      19.318755
       3.230465      17.472692
       3.418551      15.682174
       3.657351      14.038326
       3.889701      12.581070
       4.086734      11.163492
       4.212883       9.637515
       4.332379       8.091021
       4.499827       6.613610
       4.693651       5.041217
       4.873053       3.256651
       5.045298       1.224168
       5.228003      -0.904977
       5.348605      -2.926864
       5.367977      -4.843235
       5.372908      -6.688605
       5.282632      -8.802044
       5.240266     -11.234050
       5.246164     -13.794217
       5.365894     -16.270293
       5.458996     -18.607994
       5.639154     -20.666892
       5.761308     -22.414337
       5.907266     -23.789754
       5.999619     -25.018333
       6.118269     -26.019342
       6.298732     -26.854303
       6.545145     -27.539626
       6.885566     -28.087401
       7.245307     -28.552755
       7.557116     -29.085002
       7.838051     -29.809403
       7.982129     -30.738741
       8.030055     -31.939361
       7.938533     -33.461142
       7.776033     -35.242020
       7.627371     -36.987095
       7.689160     -37.759119
       7.785705     -37.784925
       7.855117     -38.011157
       7.850067     -38.766969
       7.800877     -39.885252
       7.688671     -41.054253
       7.538443     -42.184006
       7.372801     -43.278128
       7.238126     -44.454596
       6.980484     -45.849213
       6.633105     -47.503020
       6.323414     -49.580218
       6.243146     -51.795050
       6.351113     -53.541728
       6.534483     -54.560916
       6.733881     -55.016956
       6.911237     -55.228417
       7.022138     -55.345315
       7.107587     -55.515943
       7.194632     -55.555518
       7.255615     -55.491740
       7.442421     -55.587521
       7.641198     -55.812993
       7.814925     -55.810745
       7.830387     -55.525516
       7.837377     -55.056886
       7.863515     -54.623149
       7.815626     -54.255064
       7.725473     -53.937522
       7.551569     -53.652677
       7.309305     -53.334182
       7.115052     -52.918057
       6.911378     -52.335180
       6.694478     -51.426858
       6.503260     -50.112504
       6.312036     -48.402526
       6.082288     -46.332511
       5.821801     -43.828036
       5.482126     -40.829887
       5.033971     -37.213226
       4.611853     -33.056182
       4.278387     -28.694622
       3.891392     -24.410477
       3.411674     -20.508012
       2.914372     -16.993363
       2.776668     -13.526741
       2.873308      -9.890041
       2.816090      -6.090039
       2.564726      -2.232406
       2.174922       1.459850
       1.946160       4.531070
       1.868753       7.130364
       2.013299       9.337618
       2.211365      11.197900
       2.388115      12.825961
       2.867778      14.318557
       3.751112      16.246418
       4.458324      18.482820
       4.736019      20.749107
       4.607019      23.014612
       4.278968      25.223181
       3.930239      27.360133
       3.461783      29.504200
       2.714208      31.759180
       1.739904      33.925658
       0.732678      35.905317
      -0.013767      37.598053
      -0.495127      39.028937
      -1.063117      40.255578
      -1.670370      41.282751
      -2.210651      42.217816
      -2.589219      43.070049
      -2.814428      43.953682
      -2.968706      44.815099
      -3.026043      45.567705
      -3.037726      46.118375
      -2.982671      46.451066
      -2.737716      46.554749
      -2.190342      46.282528
      -1.085235      45.303118
       0.442557      43.418336
       2.199569      40.900300
       4.213054      37.769091
       6.311066      34.661565
       8.344803      31.921028
      10.265287      29.575285
      12.019066      27.432672
      13.740304      25.367665
      15.307039      23.284364
      16.751818      20.999333
      18.214366      18.480935
      19.534198      15.838961
      20.283422      13.346160
      20.201266      10.801571
      19.049847       7.985580
      17.747009       4.888470
      17.118841       2.038669
      17.362245      -0.145485
      17.786587      -2.128673
      17.510083      -4.169045
      16.450522      -6.529485
      14.513114      -8.895989
      11.717820     -10.965443
       9.401024     -12.816531
       7.372893     -14.227482
       5.432762     -15.655188
       3.433266     -17.150909
       1.306520     -18.672839
      -0.471177     -20.331750
      -1.491330     -21.856819
      -2.326084     -23.214945
      -3.076587     -24.428550
      -3.791851     -25.433575
      -4.453034     -26.407731
      -4.972050     -27.497943
      -5.284806     -28.499683
      -5.549762     -29.440811
      -5.769294     -30.347829
      -5.969636     -31.493285
      -6.109393     -32.944741
      -6.138255     -34.559152
      -6.137623     -36.063625
      -6.069276     -37.255121
      -6.018755     -37.934944
      -6.054102     -38.270756
      -6.362744     -38.499157
      -6.867005     -38.831392
      -7.582950     -39.457487
      -8.327851     -40.206049
      -9.134190     -40.672209
     -10.116108     -40.737861
     -11.115683     -40.428238
     -12.118509     -40.320050
     -12.991303     -40.444793
     -13.673410     -40.496793
     -14.229221     -40.396544
     -14.640143     -40.133033
     -15.032041     -39.808375
     -15.353484     -39.494019
     -15.502887     -39.157366
     -15.616560     -38.658390
     -15.821834     -37.896772
     -16.100489     -36.935570
     -16.545130     -35.733699
     -17.077626     -34.256069
     -17.686326     -32.668942
     -18.200735     -31.204010
     -18.671849     -30.155777
     -19.099290     -29.863503
     -19.513354     -30.574256
     -19.965652     -32.422902
     -20.302898     -35.588545
     -20.390207     -39.836378
     -20.347052     -44.453042
     -20.255967     -48.899210
     -19.982478     -52.648550
     -19.518031     -55.871885
     -19.116250     -58.587349
     -18.962787     -60.553225
     -18.743766     -61.935747
     -18.438444     -62.939019
     -18.053148     -63.733511
     -17.774530     -64.404087
     -17.642825     -64.870492
     -17.799684     -65.033572
     -18.057368     -64.852332
     -18.323826     -64.409769
     -18.621812     -63.977679
     -19.097231     -63.662725
     -19.594838     -63.479086
     -20.057555     -63.228332
     -20.471975     -62.885388
     -20.859813     -62.378402
     -21.326182     -61.781814
     -21.931819     -61.050934
     -23.028617     -60.141845
     -24.530499     -59.153304
     -26.481334     -58.023031
     -28.747427     -56.765776
     -30.988987     -55.549029
     -32.862013     -54.459020
     -34.372159     -53.561943
     -35.578493     -52.773628
     -36.527602     -51.994062
     -37.280392     -51.078202
     -37.764761     -50.091056
     -38.190391     -48.986403
     -38.605526     -47.877812
     -38.829748     -46.992940
     -39.026227     -46.220926
     -39.207564     -45.704372
     -39.391186     -45.256423
     -39.500923     -44.795302
     -39.570291     -44.336440
     -39.623439     -43.992820
     -39.597898     -43.679255
     -39.542096     -43.344825
     -39.430528     -42.966317
     -39.341450     -42.572320
     -39.276917     -42.272841
     -39.172627     -42.049666
     -39.040829     -41.837977
     -38.811075     -41.561302
     -38.231387     -40.874552
     -37.068001     -39.315055
     -35.434057     -37.402242
     -33.752704     -35.395823
     -32.196210     -33.271023
     -30.748837     -31.011512
     -29.407922     -28.575289
     -28.145122     -25.899412
