       6.336877      -5.581484
       6.372886      -5.268124
       6.466146      -5.297322
       6.416844      -5.882517
       6.321711      -6.720057
       6.386887      -7.301148
       6.464185      -7.297605
       6.660068      -6.686988
       6.850821      -6.011823
       7.042611      -5.535527
       7.158111      -5.419421
       7.309607      -5.569145
       7.382887      -5.754056
       7.521982      -5.826081
       7.647579      -5.817563
       7.635396      -5.888752
       7.631299      -6.372964
       7.428010      -7.531623
       7.154258      -9.615883
       6.758960     -12.872234
       6.378426     -16.974227
       6.207556     -21.468420
       6.157786     -25.752366
       6.115356     -29.662398
       5.969631     -33.226647
       6.165410     -36.773435
       6.681795     -40.298286
       7.602976     -43.713381
       8.600848     -46.729689
       9.461069     -49.245317
       9.992507     -51.248499
      10.447290     -52.703376
      10.805988     -53.733760
      11.110527     -54.385641
      11.381731     -54.744623
      11.701083     -55.002303
      11.982830     -55.175985
      12.159907     -55.227795
      12.277493     -55.158762
      12.337889     -54.966594
      12.281879     -54.695873
      12.222824     -54.406021
      12.232035     -53.944404
      12.158006     -53.465579
      12.032779     -53.143389
      12.011304     -52.997591
      11.952798     -53.003526
      11.874031     -53.036442
      11.681538     -53.064967
      11.477483     -53.199075
      11.388189     -53.419855
      11.420546     -53.694277
      11.570932     -53.930397
      11.707719     -54.061648
      11.988778     -54.052313
      12.302381     -53.915811
      12.676065     -53.744212
      13.113649     -53.541028
      13.578518     -53.371421
      14.047388     -53.174678
      14.549631     -52.966175
      15.097926     -52.684181
      15.648129     -52.287018
      16.190659     -51.811175
      16.622389     -51.372100
      16.950911     -51.031885
      17.127617     -50.800827
      17.108002     -50.653596
      17.008621     -50.585287
      16.912440     -50.609149
      16.768804     -50.630885
      16.654755     -50.646485
      16.481359     -50.609115
      16.284172     -50.550457
      15.954684     -50.493115
      15.510604     -50.477053
      14.940953     -50.465066
      14.365718     -50.398583
      13.795906     -50.256282
      13.318094     -49.962534
      12.863074     -49.631528
      12.480411     -49.383732
      12.088936     -49.244501
      11.640327     -49.256294
      11.010134     -49.408843
      10.220302     -49.721849
       9.418310     -50.002478
       8.833749     -50.127648
       8.370184     -50.142885
       8.046763     -50.151836
       7.708432     -50.253406
       7.290155     -50.469117
       6.878198     -50.791166
       6.521491     -51.136753
       6.166536     -51.525573
       5.844185     -51.838054
       5.528417     -52.044094
       5.161520     -52.091265
       4.778063     -51.960101
       4.333478     -51.672585
       3.686176     -51.280973
       2.564091     -50.775643
       0.988334     -49.988733
      -0.562174     -49.091101
      -2.209143     -48.200046
      -3.871226     -47.131953
      -5.683397     -45.775979
      -7.825535     -44.038189
     -10.427416     -42.023700
     -13.057542     -39.938043
     -15.293180     -38.003350
     -17.412457     -36.198613
     -19.189435     -34.512809
     -20.576726     -32.955533
     -21.940348     -31.501015
     -23.691528     -30.262041
     -25.679391     -29.136841
     -27.433228     -28.156619
     -28.969056     -27.177640
     -30.401479     -26.090655
     -31.687498     -24.701682
     -32.654519     -23.065718
     -33.520040     -21.518734
     -34.033044     -20.200909
     -34.333954     -19.102861
     -34.564526     -18.242123
     -34.895758     -17.230805
     -35.318713     -15.834563
     -35.812174     -14.210609
     -36.238924     -12.483303
     -36.473606     -11.039917
     -36.676005     -10.110700
     -36.700096      -9.759172
     -36.567519      -9.759218
     -36.513890     -10.100184
     -36.483053     -10.563652
     -36.366761     -10.977197
     -36.289469     -11.306331
     -36.181794     -11.508468
     -36.156119     -11.745337
     -36.175900     -12.013577
     -36.293454     -12.581029
     -36.301364     -13.821743
     -36.212740     -15.721871
     -35.942495     -17.731653
     -35.615304     -19.755060
     -35.297650     -21.703981
     -35.109550     -23.425135
     -34.972492     -24.975171
     -35.020370     -26.209506
     -35.215797     -27.040696
     -35.506663     -27.517998
     -35.698469     -27.594312
     -35.840148     -27.470351
     -35.841880     -27.282831
     -35.910711     -27.131022
     -35.944404     -26.981355
     -35.829574     -26.788339
     -35.495982     -26.906426
     -35.262986     -27.236082
     -35.161401     -27.419136
     -35.202453     -27.371802
     -35.149885     -27.123894
     -35.114426     -26.818730
     -34.953790     -26.417753
     -34.830400     -25.838889
     -34.776358     -25.354371
     -34.854223     -25.019446
     -34.994470     -24.727283
     -34.974257     -25.063817
     -34.755609     -25.613171
     -34.543104     -25.858712
     -34.263709     -26.524640
     -34.095726     -26.761220
     -33.963166     -26.992594
     -33.974238     -26.850558
     -33.943328     -26.797451
     -33.683040     -26.776527
     -33.339665     -26.820777
     -33.043508     -26.823004
     -32.707125     -26.824029
     -32.242570     -26.703439
     -31.753750     -26.620668
     -31.149145     -26.616513
     -30.779227     -26.487714
     -30.602735     -26.201975
     -30.472353     -25.670245
     -30.500524     -24.993701
     -30.730759     -24.307760
     -30.997599     -23.432695
     -31.094647     -22.716400
     -31.116545     -22.184773
     -31.241992     -21.926969
     -31.432280     -21.790268
     -31.534851     -21.857178
     -31.565394     -21.917413
     -31.512701     -21.954307
     -31.401227     -21.782402
     -31.297020     -21.516274
     -31.095907     -21.219765
     -30.674478     -21.075960
     -29.868707     -20.988454
     -28.560730     -21.176872
     -26.858725     -21.443003
     -24.970030     -21.701440
     -23.047115     -21.855646
     -20.964499     -21.754972
     -18.816540     -21.272301
     -16.723848     -20.585117
     -14.621898     -19.815870
     -12.539085     -19.077034
     -10.671633     -18.365085
      -9.073467     -17.835296
      -7.686207     -17.505885
      -6.850029     -17.404885
      -6.463585     -17.476793
      -6.472695     -17.520149
      -6.667225     -17.324155
      -7.021334     -16.474602
      -7.642313     -14.794656
      -8.123768     -12.845891
      -8.535340     -11.338533
      -9.125436     -10.684083
      -9.775668     -10.921764
     -10.304616     -11.635244
     -10.665194     -12.535693
     -11.060708     -13.533878
     -11.446849     -14.600537
     -11.712676     -15.622027
     -11.969182     -16.620760
     -12.195555     -17.449289
     -12.385407     -18.049050
     -12.540930     -18.587750
     -12.545139     -19.136320
     -12.541393     -19.772482
     -12.580554     -20.433335
     -12.643610     -20.943978
     -12.793086     -21.223376
     -12.940671     -21.208428
     -13.116592     -20.963620
     -13.243768     -20.576930
     -13.409779     -20.147857
     -13.597599     -19.682568
     -13.745727     -19.201263
     -13.935449     -18.749877
     -14.159980     -18.308770
     -14.432714     -17.913078
     -14.664159     -17.554368
     -14.889787     -17.218725
     -15.024197     -16.881224
     -15.065444     -16.536807
     -15.171629     -16.222485
     -15.291658     -15.946461
     -15.477716     -15.705165
     -15.699557     -15.508204
     -15.898962     -15.359331
     -16.048406     -15.387744
     -16.179352     -15.606834
     -16.265875     -15.897595
     -16.363124     -16.125672
     -16.469733     -16.272971
     -16.603705     -16.337581
     -16.760146     -16.291746
     -16.922473     -16.137336
     -17.094917     -15.942191
     -17.199985     -15.712793
     -17.297468     -15.498707
     -17.365068     -15.326507
     -17.454284     -15.217035
     -17.584023     -15.124833
     -17.725832     -15.034180
     -17.869764     -14.916117
     -18.062361     -14.783922
     -18.242228     -14.646897
     -18.384214     -14.520054
     -18.578943     -14.455925
     -18.780672     -14.478025
     -18.976401     -14.544678
     -19.142336     -14.593145
     -19.334951     -14.542533
     -19.465532     -14.329860
     -19.388958     -13.997938
     -19.095485     -13.672720
     -18.556901     -13.412821
     -17.545204     -13.260625
     -16.265399     -13.153667
     -15.061270     -13.093054
     -13.882115     -13.125258
     -12.645046     -13.245858
     -11.487344     -13.393355
     -10.492855     -13.262198
      -9.659005     -12.854684
      -8.899639     -12.353328
      -8.168564     -11.882783
      -7.529304     -11.509954
      -7.112474     -11.269311
      -6.830806     -11.104156
      -6.537068     -10.960508
      -6.142926     -10.813589
      -5.695208     -10.653848
      -5.252814     -10.478783
      -4.781940     -10.325346
      -4.347114     -10.179100
      -3.995292     -10.045242
      -3.655356      -9.914482
      -3.286594      -9.817641
      -2.892955      -9.735964
      -2.511778      -9.687961
      -2.105714      -9.645551
      -1.756748      -9.639601
      -1.408365      -9.670776
      -1.240434      -9.730062
      -1.106882      -9.796662
      -1.129443      -9.870950
      -1.097666      -9.932272
      -1.083429      -9.980617
      -1.106391     -10.037198
      -1.151751     -10.107865
      -1.172052     -10.194379
      -1.283407     -10.287781
      -1.360749     -10.350482
      -1.448637     -10.361256
      -1.499298     -10.338106
      -1.595834     -10.315161
      -1.684006     -10.305426
      -1.758275     -10.324248
      -1.875153     -10.327823
      -2.071186     -10.313099
      -2.287809     -10.263136
      -2.508484     -10.196132
      -2.750580     -10.170268
      -2.985113     -10.177837
      -3.164456     -10.236406
      -3.396420     -10.286915
      -3.691742     -10.243357
      -4.023390     -10.037055
      -4.252411      -9.829393
      -4.523919      -9.672650
      -4.717584      -9.636670
      -4.881977      -9.691776
      -5.110740      -9.771195
      -5.357569      -9.812596
      -5.712492      -9.804132
      -6.065915      -9.746507
      -6.417772      -9.672053
      -6.707191      -9.622802
      -6.959516      -9.622652
      -7.220000      -9.675738
      -7.476886      -9.728680
      -7.691349      -9.790471
      -7.908691      -9.828974
      -8.088293      -9.835682
      -8.275121      -9.828528
      -8.521464      -9.851669
      -8.721041      -9.921575
      -8.943917     -10.036392
      -9.168148     -10.158750
      -9.368879     -10.317378
      -9.589873     -10.495906
      -9.777123     -10.676213
      -9.990011     -10.847783
     -10.223742     -11.007080
     -10.429061     -11.122609
     -10.608706     -11.247830
     -10.794634     -11.386528
     -10.963021     -11.549805
     -11.199354     -11.762059
     -11.463288     -12.073473
     -11.678635     -12.454763
     -11.858832     -12.796345
     -12.024019     -13.020116
     -12.133385     -13.132154
     -12.239194     -13.146594
     -12.361768     -13.128945
     -12.495248     -13.124391
     -12.637149     -13.191478
     -12.771253     -13.342187
     -12.881132     -13.532075
     -13.048488     -13.695176
     -13.212869     -13.773022
     -13.438451     -13.761355
     -13.703998     -13.688742
     -13.882322     -13.638114
     -14.108659     -13.614730
     -14.336166     -13.607942
     -14.550586     -13.615705
     -14.728258     -13.605665
     -14.940793     -13.586890
     -15.196476     -13.587172
     -15.558304     -13.615295
     -15.931116     -13.672494
     -16.328817     -13.734864
     -16.769536     -13.817315
     -17.171289     -13.853872
     -17.462133     -13.890271
     -17.786355     -13.905896
     -18.068100     -13.945174
     -18.356383     -14.019344
     -18.705904     -14.124382
     -19.055573     -14.234343
     -19.303839     -14.357039
     -19.456617     -14.426389
     -19.636521     -14.481493
     -19.835484     -14.553229
     -19.981321     -14.669036
     -20.080421     -14.781379
     -20.170691     -14.866255
     -20.259788     -14.883679
     -20.337429     -14.900262
     -20.442893     -14.953960
     -20.557845     -15.096827
     -20.640404     -15.238766
     -20.756570     -15.336662
     -20.904036     -15.358391
     -21.057640     -15.377060
     -21.204518     -15.436893
     -21.401361     -15.475390
     -21.565332     -15.498009
     -21.737205     -15.458629
     -21.836247     -15.428260
     -21.917457     -15.396529
     -21.960395     -15.377288
     -21.991286     -15.374168
     -22.002787     -15.406058
     -22.029362     -15.393792
     -22.063274     -15.418423
     -22.060054     -15.502268
     -22.024889     -15.566522
     -21.930150     -15.596628
     -21.899551     -15.630533
     -21.934250     -15.689147
     -21.970930     -15.808047
     -21.992682     -15.863494
     -21.977251     -15.859226
     -21.929070     -15.767725
     -21.891549     -15.733088
     -21.853249     -15.720520
     -21.900569     -15.818469
     -21.877129     -15.896598
     -21.869107     -15.894031
     -21.875035     -15.844803
     -21.863582     -15.809127
     -21.831145     -15.842106
     -21.824500     -15.904034
     -21.844856     -15.933592
     -21.902655     -15.937068
     -21.929434     -15.914392
     -21.971867     -15.896777
     -22.001954     -15.903215
     -22.025049     -15.911423
     -22.083270     -15.913715
     -22.131277     -15.869303
     -22.149921     -15.817805
     -22.187507     -15.750602
     -22.210357     -15.723222
     -22.246185     -15.732805
     -22.263602     -15.753517
     -22.306395     -15.742797
     -22.375535     -15.720669
     -22.425924     -15.641629
     -22.496071     -15.544738
     -22.608732     -15.390762
     -22.734367     -15.214203
     -22.893740     -15.056714
     -23.056650     -14.899931
     -23.117897     -14.787670
     -23.153664     -14.742617
     -23.174214     -14.772372
     -23.199495     -14.876847
     -23.225655     -14.936204
     -23.213272     -14.906188
     -23.276699     -14.881575
     -23.317882     -14.874989
     -23.313176     -14.886450
     -23.298663     -14.940402
     -23.289413     -14.993863
     -23.289498     -15.023775
     -23.361926     -15.054830
     -23.382432     -15.013919
     -23.467100     -14.954900
     -23.547947     -14.947517
     -23.615827     -15.026727
     -23.668515     -15.121911
     -23.723674     -15.199916
     -23.814792     -15.142176
     -23.892242     -14.968740
     -23.927706     -14.750279
     -23.920862     -14.598149
     -23.947500     -14.597539
     -23.950152     -14.682725
     -23.966244     -14.689127
     -23.961015     -14.606172
     -23.954121     -14.456231
     -23.942505     -14.359385
     -23.945869     -14.331121
     -24.000253     -14.404517
     -24.059499     -14.553325
     -24.127179     -14.744694
     -24.184154     -14.922061
     -24.200063     -15.129889
     -24.163143     -15.343808
     -24.092174     -15.561053
     -23.989174     -15.771782
     -23.921571     -16.001313
     -23.886195     -16.129181
     -23.816028     -16.199844
     -23.753428     -16.201558
     -23.717411     -16.173627
     -23.672418     -16.125811
     -23.620419     -16.123202
     -23.543979     -16.171795
     -23.522224     -16.187771
     -23.508134     -16.166571
     -23.485576     -16.082720
     -23.460608     -16.039688
     -23.437965     -16.092652
     -23.382566     -16.191538
     -23.402861     -16.288366
     -23.365377     -16.356165
     -23.358407     -16.386350
     -23.389412     -16.393492
     -23.451331     -16.422997
     -23.488211     -16.468339
     -23.503263     -16.518505
     -23.556724     -16.565267
     -23.605163     -16.656615
     -23.646525     -16.735484
     -23.710196     -16.791981
     -23.813119     -16.773315
     -23.844374     -16.696535
     -23.939122     -16.697939
     -23.991359     -16.731075
     -24.000185     -16.821679
     -24.044874     -16.935963
     -24.055773     -17.036964
     -24.067399     -17.217083
     -24.134042     -17.434749
     -24.193645     -17.795362
     -24.324954     -18.468328
     -24.341587     -19.679554
     -24.191301     -21.593867
     -23.858571     -24.145672
     -23.213267     -27.197255
     -22.311684     -30.516605
     -21.609257     -33.319453
     -21.335901     -35.158072
     -21.411044     -35.863039
     -21.701227     -35.478618
     -22.105875     -34.729417
     -22.266747     -34.085242
     -22.119341     -33.757639
     -21.921636     -33.613499
     -21.745360     -33.534490
     -21.626790     -33.365716
     -21.637714     -33.092979
