       7.995701      16.459630
       8.010423      16.462871
       8.010951      16.445405
       7.992080      16.427966
       7.961254      16.421387
       7.907469      16.426055
       7.837207      16.419707
       7.780173      16.428789
       7.740129      16.416442
       7.690601      16.410699
       7.654232      16.407465
       7.649199      16.432288
       7.621138      16.463714
       7.608843      16.446028
       7.622243      16.399533
       7.615317      16.344311
       7.584130      16.270747
       7.535101      16.219886
       7.490350      16.208396
       7.423817      16.191650
       7.326924      16.164174
       7.241623      16.133845
       7.172354      16.043194
       7.112422      15.940059
       7.017490      15.855285
       6.878556      15.788293
       6.779830      15.739148
       6.657067      15.717832
       6.495728      15.740326
       6.228783      15.791604
       5.729125      15.844945
       4.748903      15.952233
       3.157046      16.186262
       1.013377      16.609945
      -1.263941      17.181039
      -2.836735      17.817307
      -3.855694      18.361451
      -4.666787      18.706778
      -5.736466      18.842507
      -7.142052      18.813275
      -8.428952      18.708947
      -9.379374      18.544312
     -10.128627      18.363265
     -10.692259      18.186437
     -11.210379      18.058802
     -11.656874      17.970695
     -11.975014      17.900222
     -12.238510      17.885168
     -12.333440      17.932789
     -12.338701      18.040855
     -12.195121      18.175197
     -11.915544      18.385520
     -11.545046      18.738894
     -11.319898      19.413691
     -11.189193      20.465515
     -11.111364      21.757304
     -10.943597      23.057388
     -10.680741      24.256040
     -10.273343      25.390321
      -9.794214      26.520361
      -9.279255      27.603826
      -8.667531      28.707760
      -8.000978      29.959116
      -7.366791      31.444848
      -6.674176      33.154022
      -5.907018      35.284104
      -5.194301      37.773620
      -4.660085      40.449859
      -4.338059      43.156528
      -4.047527      45.897778
      -3.660989      48.782156
      -3.285425      51.484604
      -2.998798      53.628367
      -2.747098      55.255771
      -2.451268      56.446262
      -2.329876      57.380850
      -2.290286      57.998358
      -2.369866      58.262283
      -2.436069      57.711716
      -2.586177      56.211294
      -2.734938      53.693369
      -2.744903      50.368333
      -2.763723      46.607895
      -2.851130      42.613226
      -2.953423      38.616702
      -2.756179      34.567368
      -2.241731      30.505019
      -1.585200      26.738914
      -0.903798      23.484638
      -0.284782      20.681769
       0.422529      18.249474
       1.461823      15.806118
       2.672145      13.288543
       3.837534      10.709278
       4.938263       8.184408
       5.891348       5.677143
       6.795781       3.025844
       7.704217       0.137972
       8.599732      -2.976114
       9.549606      -6.062221
      10.711150      -8.997714
      11.934886     -11.750480
      12.918339     -14.530100
      13.690787     -17.158422
      14.314749     -19.658688
      15.315205     -21.954555
      17.134389     -23.951806
      18.884039     -25.483964
      20.519256     -26.500942
      21.841857     -27.090898
      23.031845     -27.417550
      23.919004     -27.691287
      24.365527     -27.867434
      24.403315     -27.922938
      24.279534     -27.853154
      23.877945     -27.646454
      23.619280     -27.281068
      23.458804     -26.736447
      23.389756     -26.084739
      23.156719     -25.280200
      22.627427     -24.193880
      21.650274     -22.712600
      19.957621     -20.601876
      17.558040     -17.500668
      14.612830     -13.630491
      11.643990      -9.305756
       9.118239      -4.950348
       7.080495      -0.852461
       5.248504       2.959774
       4.085345       6.191070
       3.489399       8.387146
       3.058070       9.371394
       2.634846       9.553682
       2.252294       9.277447
       2.061958       8.852421
       2.012177       8.400468
       2.148550       7.857031
       2.458511       7.311983
       2.859055       6.794349
       3.376143       6.274965
       3.935688       5.784949
       4.501167       5.286528
       5.178479       4.667627
       6.219763       3.819948
       7.841416       2.411535
       9.997421       0.083511
      12.091291      -3.498756
      13.625213      -7.899405
      14.627861     -12.500487
      15.193414     -16.645325
      15.432088     -19.928114
      15.521308     -22.086177
      15.520826     -23.102755
      15.491853     -23.286532
      15.454447     -23.029127
      15.394851     -22.688380
      15.277216     -22.356633
      15.109098     -21.826941
      14.706149     -21.060342
      14.161428     -19.963004
      13.665995     -18.565172
      13.262854     -17.006729
      12.909746     -15.379759
      12.614175     -13.836465
      12.364852     -12.463400
      12.087603     -11.308756
      11.812813     -10.327014
      11.532418      -9.444317
      11.198612      -8.643927
      10.847228      -7.906845
      10.543754      -7.215440
      10.243793      -6.598564
       9.968783      -5.985172
       9.640417      -5.402294
       9.352513      -4.798313
       9.100774      -4.175084
       8.870419      -3.545635
       8.646045      -2.953072
       8.424126      -2.557761
       8.272843      -2.417992
       8.129471      -2.462419
       8.030647      -2.534970
       7.896136      -2.537493
       7.713517      -2.436234
       7.511874      -2.266418
       7.331653      -2.054932
       7.218596      -1.836546
       7.111858      -1.659579
       7.010562      -1.537110
       6.864460      -1.513600
       6.721386      -1.521732
       6.614784      -1.486006
       6.507457      -1.385063
       6.408912      -1.211584
       6.363069      -1.021621
       6.283772      -0.860893
       6.212468      -0.750099
       6.174354      -0.667623
       6.154279      -0.606828
       6.134087      -0.531741
       6.118046      -0.476601
       6.065013      -0.404136
       6.030325      -0.327550
       5.988542      -0.250140
       5.929286      -0.217603
       5.879965      -0.194391
       5.877965      -0.207088
       5.860200      -0.231699
       5.853053      -0.237586
       5.851387      -0.198071
       5.833998      -0.139637
       5.816762      -0.092631
       5.820359      -0.089930
       5.815950      -0.099008
       5.778254      -0.121145
       5.691975      -0.141565
       5.502594      -0.238100
       5.535139      -0.110762
       5.552926       0.001477
       5.473191       0.054689
       5.450264       0.127087
       5.427705       0.180338
       5.444893       0.227273
       5.408149       0.224664
       5.399016       0.186763
       5.427885       0.160141
       5.516650       0.260064
       5.607316       0.493109
       5.651505       0.662063
       5.625966       0.658857
       5.615128       0.546027
       5.584936       0.422019
       5.585319       0.329729
       5.594385       0.282483
       5.527995       0.235745
       5.457855       0.226336
       5.360264       0.275836
       5.316341       0.354459
       5.236424       0.398770
       4.983318       0.425168
       4.757593       0.452511
       4.723557       0.549192
       4.679536       0.700066
       4.607921       0.768661
       4.559352       0.768004
       4.467800       0.755627
       4.348388       0.751263
       4.179217       0.750386
       3.936891       0.731065
       3.567733       0.737890
       3.110699       0.690540
       2.523922       0.650524
       1.946803       0.601077
       1.277538       0.618933
       0.382259       0.718500
      -0.793574       0.889442
      -2.058449       1.147210
      -3.374221       1.477089
      -4.705610       1.868819
      -6.184541       2.292463
      -7.925815       2.719702
      -9.697441       3.150580
     -11.441351       3.571197
     -13.356546       3.976387
     -15.217393       4.338362
     -16.840656       4.674293
     -18.567594       5.074818
     -20.416993       5.554782
     -22.358108       6.125682
     -23.999917       6.646016
     -25.372668       7.054397
     -26.508466       7.306199
     -27.633952       7.378220
     -28.630625       7.226877
     -29.503406       6.614854
     -30.453187       5.392924
     -31.502338       3.529133
     -32.279455       0.980718
     -32.396465      -2.330573
     -32.455111      -5.616460
     -32.644613      -8.483690
     -32.884836     -11.015453
     -32.986377     -13.390176
     -33.093348     -15.555744
     -33.460464     -17.514071
     -34.059755     -18.897566
     -34.548080     -19.836903
     -34.975897     -20.503868
     -35.272335     -20.937258
     -35.431600     -21.190027
     -35.434783     -21.358231
     -35.414602     -21.421656
     -35.313540     -21.454315
     -35.058884     -21.434377
     -34.598618     -21.358811
     -33.846121     -21.076033
     -32.732433     -20.608819
     -31.341495     -19.922775
     -29.548273     -19.073512
     -26.707528     -17.853568
     -23.010270     -16.445918
     -19.482129     -15.269235
     -16.484062     -14.331637
     -12.488722     -13.181781
      -8.358954     -11.767448
      -4.908611      -9.975887
      -1.961123      -7.999377
       0.895920      -5.759555
       3.731023      -3.174641
       6.185095      -0.285973
       8.215902       2.823439
      10.351133       5.845321
      12.980531       8.429189
      14.895227      10.827935
      16.263056      12.762898
      17.488206      14.154453
      18.585630      15.053506
      19.445255      15.198067
      20.246342      15.091322
      21.015090      14.907745
      21.594559      14.777949
      21.606386      14.728241
      21.124538      14.387811
      20.250054      13.751135
      19.262177      12.850110
      18.691509      11.710727
      18.658130      10.482247
      19.362659       9.452100
      20.287872       8.538860
      20.717862       7.526073
      20.702074       6.573218
      20.426433       5.636370
      19.926297       4.713126
      19.148282       3.698291
      18.376996       2.450698
      17.825231       0.854301
      17.690412      -1.015276
      17.846502      -2.813935
      17.960604      -4.427136
      17.959253      -5.702664
      17.784885      -6.635210
      17.454293      -7.260197
      17.085583      -7.695961
      16.810381      -8.099299
      16.711305      -8.641146
      16.706578      -9.411732
      16.696407     -10.427514
      16.550187     -11.607166
      16.326320     -12.805570
      16.130567     -13.809801
      15.917727     -14.684744
      15.679824     -15.477838
      15.350347     -16.050209
      14.911895     -16.347681
      14.607194     -16.387941
      14.375048     -16.297509
      14.105265     -16.198818
      13.765441     -16.118600
      13.388860     -16.099719
      13.037766     -16.115085
      12.751356     -16.087117
      12.457755     -16.004235
      12.146179     -15.837136
      11.875176     -15.733249
      11.627697     -15.676701
      11.418337     -15.678740
      11.182002     -15.662968
      10.934756     -15.629385
      10.713223     -15.620383
      10.506620     -15.638438
      10.254698     -15.677725
      10.045519     -15.720461
       9.853765     -15.798853
       9.635594     -15.881266
       9.467230     -15.952258
       9.356763     -16.005072
       9.229927     -16.015016
       9.110917     -16.042723
       8.935283     -16.083422
       8.736578     -16.173408
       8.553824     -16.277058
       8.436625     -16.369841
       8.367810     -16.455865
       8.286020     -16.520995
       8.176029     -16.560423
       8.064442     -16.549951
       7.940017     -16.530026
       7.823717     -16.500783
       7.763001     -16.484156
       7.732014     -16.476969
       7.707011     -16.454494
       7.697821     -16.407228
       7.677119     -16.358716
       7.646747     -16.317281
       7.639030     -16.329025
       7.650075     -16.353214
       7.613738     -16.374859
       7.568982     -16.367099
       7.531713     -16.353626
       7.476097     -16.325476
       7.394348     -16.296939
       7.295827     -16.269838
       7.191157     -16.253308
       7.107045     -16.252917
       7.034981     -16.246322
       6.996716     -16.206228
       6.923936     -16.144272
       6.880300     -16.065244
       6.839560     -15.993629
       6.778856     -15.943755
       6.739107     -15.939425
       6.725254     -15.963929
       6.711537     -15.976812
       6.700175     -15.958361
       6.630373     -15.948934
       6.593747     -15.944985
       6.553512     -15.918923
       6.508994     -15.900515
       6.460728     -15.884934
       6.412920     -15.883074
       6.375164     -15.882851
       6.351753     -15.866820
       6.302228     -15.847275
       6.277756     -15.788511
       6.273458     -15.691946
       6.235282     -15.538146
       6.218544     -15.283740
       6.247326     -14.987221
       6.263806     -14.692812
       6.256600     -14.423883
       6.236884     -14.188360
       6.222085     -13.996676
       6.180596     -13.845291
       6.148276     -13.725840
       6.084523     -13.611849
       6.028939     -13.502058
       5.983315     -13.380938
       5.912874     -13.266600
       5.826513     -13.181794
       5.752640     -13.090135
       5.672277     -13.026436
       5.604111     -12.968138
       5.585263     -12.933318
       5.583255     -12.906112
       5.576908     -12.861625
       5.570504     -12.819384
       5.562459     -12.785336
       5.565600     -12.754842
       5.547078     -12.723616
       5.538514     -12.686475
       5.516036     -12.645596
       5.490842     -12.609027
       5.501077     -12.566078
       5.481561     -12.542651
       5.443567     -12.520830
       5.413463     -12.493871
       5.389635     -12.451595
       5.359663     -12.411693
       5.361663     -12.379402
       5.382843     -12.345985
       5.399487     -12.344095
       5.391445     -12.349369
       5.385243     -12.378824
       5.361552     -12.380080
       5.325888     -12.363783
       5.307707     -12.324337
       5.287381     -12.295114
       5.294027     -12.248854
       5.302663     -12.211013
       5.264519     -12.178303
       5.256637     -12.129391
       5.227789     -12.069323
       5.200865     -12.008065
       5.213961     -11.961587
       5.226081     -11.908598
       5.224791     -11.854118
