       1.216707      24.473606
       0.071696      24.626627
      -0.904494      24.515364
      -1.529327      24.353616
      -1.601811      24.011523
      -1.338289      23.500212
      -1.422399      23.038919
      -1.594363      22.620547
      -1.511665      22.020889
      -1.249031      21.436674
      -0.820252      20.869491
      -0.346962      20.246892
       0.310204      19.719358
       0.951586      19.156683
       1.112962      18.385154
       0.727225      17.378585
      -0.213520      16.111524
      -1.759374      14.330065
      -3.458885      11.894244
      -5.021221       8.510649
      -5.808704       2.844338
      -5.579081      -5.131591
      -4.513893     -13.047627
      -3.143330     -19.162830
      -1.823749     -22.953729
      -0.806618     -24.691225
       0.109859     -24.977012
       0.909693     -24.499550
       1.479617     -23.539285
       2.150037     -22.679905
       2.492544     -21.746839
       2.427724     -20.519404
       1.772175     -18.623160
       0.818869     -16.082498
      -0.588669     -13.577192
      -2.101670     -11.408863
      -3.879426      -9.485920
      -6.114909      -7.965617
      -8.109826      -6.601965
      -9.783714      -5.555676
     -11.363645      -4.938564
     -13.033403      -4.594982
     -14.625976      -5.012224
     -16.184996      -6.022770
     -17.856292      -7.601103
     -19.554563      -9.364223
     -20.949277     -11.211125
     -21.797838     -12.803618
     -22.853245     -13.583267
     -23.794898     -14.246292
     -24.764476     -14.504473
     -25.387382     -14.885488
     -25.744517     -15.002446
     -25.899611     -15.142657
     -26.025704     -15.215126
     -26.189850     -15.170846
     -26.545403     -15.011019
     -27.442063     -14.950926
     -27.948884     -15.211028
     -28.453990     -15.566059
     -29.176322     -15.789034
     -29.754995     -15.946210
     -30.404389     -16.011719
     -31.286405     -16.189848
     -32.011901     -16.585659
     -32.334429     -16.909028
     -32.595404     -16.962478
     -32.591839     -17.035764
     -32.310357     -17.848677
     -31.460211     -20.264474
     -30.057835     -23.924250
     -28.319453     -27.894932
     -26.356810     -31.336488
     -24.326987     -34.285711
     -22.437190     -37.023671
     -20.771082     -39.107601
     -19.017765     -40.874349
     -17.038124     -42.959464
     -14.765133     -45.544819
     -12.364163     -47.996158
     -10.115603     -49.892345
      -8.402440     -51.300780
      -6.848663     -52.630764
      -5.694819     -54.071289
      -4.672167     -55.262144
      -3.559665     -55.904709
      -3.143033     -55.655738
      -3.429502     -54.997081
      -3.646850     -54.200277
      -3.437130     -53.497636
      -3.293713     -53.073734
      -2.952479     -52.593355
      -2.521580     -51.422847
      -2.282837     -48.497592
      -2.388247     -42.856417
      -2.747110     -35.800461
      -3.120071     -28.824433
      -3.613698     -23.068950
      -3.508402     -18.541609
      -3.127036     -15.026814
      -2.588657     -11.760688
      -2.019470      -8.299796
      -1.625583      -4.651230
      -1.712391       0.250398
      -1.549429       6.191678
      -1.363884      11.531070
      -1.232343      15.528458
      -1.032410      18.275093
      -0.913982      19.992437
      -0.919588      21.098599
      -1.287544      22.021805
      -1.956517      22.612642
      -2.652686      22.853288
      -2.972184      22.725760
      -3.094274      22.585613
      -3.411190      22.599162
      -3.771075      22.492307
      -4.593357      21.938412
      -5.204427      21.465851
      -5.794947      21.036106
      -6.566515      20.696707
      -7.331076      20.530883
      -8.125717      20.032717
      -8.932799      19.175114
      -9.903199      17.819775
     -11.113649      16.019816
     -12.284229      13.968000
     -13.407240      11.916760
     -14.362972      10.011111
     -15.303596       8.246320
     -16.366675       6.742486
     -17.245647       5.707715
     -18.140624       4.986289
     -18.957840       4.310518
     -19.763389       3.502942
     -20.374810       2.972871
     -21.198598       2.427060
     -21.857606       1.939643
     -23.245347       1.245547
     -24.658945       0.327422
     -25.855694      -0.282024
     -26.908820      -0.216854
     -27.979996       0.194553
     -29.449352       0.758405
     -31.037346       1.469205
     -32.915341       2.233319
     -34.483113       2.639403
     -35.938003       2.349932
     -37.480261       2.154395
     -38.512631       1.979528
     -39.655869       1.983897
     -40.409939       2.509085
     -40.814709       3.339276
     -40.938184       4.049661
     -40.916405       4.458894
     -40.717554       4.352521
     -40.278649       4.121032
     -39.841330       3.946410
     -39.214186       3.883590
     -38.664325       3.767723
     -38.052814       3.498298
     -37.401256       3.221001
     -36.512710       2.757380
     -35.245726       1.630867
     -33.852453       0.303677
     -32.315960      -1.229498
     -30.904196      -2.378237
     -29.280279      -3.772821
     -27.736967      -5.615310
     -26.104172      -8.270602
     -24.471998     -11.463350
     -22.656402     -15.306447
     -20.555737     -19.531709
     -18.834603     -23.305582
     -17.295847     -26.009506
     -15.974400     -28.249101
     -14.952113     -30.007067
     -14.257888     -32.134985
     -13.625110     -33.486830
     -12.954449     -33.813487
     -13.033613     -33.360310
     -14.227762     -32.787016
     -15.375971     -32.343672
     -16.067670     -32.364992
     -16.118936     -33.398858
     -15.923227     -35.159223
     -15.368400     -37.044221
     -14.744087     -38.771828
     -14.227483     -40.236558
     -13.582796     -41.604675
     -13.008240     -42.898032
     -12.353527     -44.138492
     -11.700688     -45.306460
     -11.028879     -46.369221
     -10.460186     -47.143634
      -9.879501     -47.576283
      -9.588795     -48.071078
      -9.174469     -48.626007
      -8.870953     -49.085122
      -8.568237     -49.556526
      -8.429563     -50.165504
      -8.344972     -50.761844
      -8.514009     -51.101200
      -9.002391     -51.113221
      -9.615351     -50.487049
     -10.342117     -49.827309
     -11.082055     -48.926997
     -11.647981     -47.756858
     -12.254531     -46.508845
     -12.382233     -44.796793
     -12.390419     -43.194816
     -12.589391     -41.889384
     -12.899707     -40.633328
     -13.084112     -39.692224
     -13.322560     -39.044550
     -13.585770     -38.473845
     -13.670446     -38.065869
     -13.634171     -37.781882
     -13.983240     -37.727396
     -14.221056     -37.530106
     -14.230794     -37.288418
     -14.082491     -37.071173
     -13.991302     -36.859642
     -13.844328     -36.548273
     -13.506083     -36.128740
     -12.890481     -35.488716
     -12.209380     -34.670023
     -11.328517     -33.706249
     -10.530687     -32.688006
      -9.475401     -31.279551
      -8.038317     -29.543573
      -5.782304     -27.681466
      -2.604385     -25.718578
       0.762802     -23.903459
       3.963272     -22.183927
       7.222309     -20.517692
       9.987964     -19.089866
      12.537960     -17.597767
      15.525674     -15.925925
      17.849852     -14.108882
      19.691460     -12.524735
      21.498344     -10.913044
      22.793256      -9.483721
      23.726030      -8.203737
      24.205481      -7.105928
      24.421298      -5.921412
      24.212412      -4.750791
      23.415282      -3.980223
      22.674931      -3.244080
      21.866227      -2.564363
      21.023789      -1.763392
      20.449509      -0.563270
      20.041343       0.832068
      19.468295       2.624042
      18.456306       4.749425
      16.676171       6.690825
      14.365474       8.114805
      11.456324       9.487328
       8.712179      10.355366
       6.243838      11.284129
       3.546251      12.180547
       0.146029      12.874428
      -3.097557      13.278763
      -6.442963      13.804708
     -10.080548      14.482245
     -13.694295      15.222236
     -16.643426      15.768818
     -18.185742      16.155952
     -18.903745      16.212363
     -19.213176      15.970062
     -19.205409      15.847268
     -19.176990      15.537500
     -19.384009      15.083952
     -19.554543      14.498982
     -19.986568      13.975785
     -20.345567      13.526004
     -20.734990      13.018834
     -20.815398      12.441333
     -20.567568      11.718458
     -19.977873      10.425036
     -19.064236       7.288845
     -17.407934       1.411439
     -15.018292      -6.376851
     -12.582803     -15.029047
     -10.333129     -23.738714
      -8.402189     -31.886592
      -6.588216     -38.466059
      -5.213463     -43.378698
      -3.828045     -46.991925
      -3.079423     -49.616505
      -2.346873     -51.785146
      -1.809391     -53.463292
      -1.510927     -54.695120
      -1.311537     -55.641570
      -0.944730     -56.211580
      -0.541058     -56.667587
      -0.185225     -57.009191
      -0.082742     -57.116614
       0.057697     -56.934519
       0.169225     -56.706117
       0.292926     -56.512667
       0.309668     -56.297846
       0.355161     -55.957412
       0.159182     -55.543531
      -0.259935     -55.126317
      -0.779345     -54.845372
      -1.340694     -54.523250
      -1.767889     -54.076982
      -2.030596     -53.394842
      -2.317180     -52.638151
      -2.575411     -51.812472
      -2.920403     -50.923311
      -3.232774     -50.030061
      -3.438328     -49.250324
      -3.445007     -48.684884
      -3.218749     -48.604738
      -2.676764     -48.856196
      -2.154801     -49.042191
      -1.605480     -49.049035
      -1.153525     -48.919255
      -0.602391     -48.790641
      -0.215520     -48.703865
       0.153258     -48.662372
       0.405468     -48.700728
       0.489101     -48.835539
       0.487292     -48.946479
       0.381018     -48.895363
       0.222416     -48.543214
      -0.110346     -47.784319
      -0.808144     -46.465812
      -1.599529     -44.949440
      -1.936507     -43.539388
      -1.974441     -42.221813
      -1.694232     -40.840670
      -1.276335     -39.432451
      -0.895811     -37.998211
      -0.572759     -36.594121
      -0.272116     -35.910781
      -0.121672     -35.811123
      -0.058317     -35.915519
      -0.071764     -35.999580
      -0.112940     -36.125974
      -0.219012     -36.373461
      -0.186825     -36.747343
       0.241217     -37.372449
       0.843043     -38.111280
       1.442363     -38.664930
       2.025464     -38.981528
       2.423686     -39.238061
       2.574745     -39.597614
       2.748263     -40.104022
       3.057140     -40.690826
       3.544350     -40.915560
       4.209118     -40.464408
       4.894852     -39.972220
       5.504788     -39.490624
       5.987215     -39.000868
       6.294314     -38.064318
       6.307430     -35.743744
       5.766616     -32.481893
       5.229590     -28.952284
       4.602820     -25.991513
       4.187166     -23.860455
       3.956445     -22.861616
       3.814629     -22.792658
       3.679767     -23.484597
       3.772097     -24.684316
       4.096040     -26.027482
       4.496262     -27.432119
       5.095035     -28.742276
       5.775416     -29.800078
       6.591318     -30.648809
       7.205285     -31.228009
       7.692725     -31.520241
       8.092936     -31.569297
       8.497352     -31.417010
       8.811413     -30.915649
       8.983466     -30.005328
       8.940104     -28.668214
       8.031695     -26.432380
       5.705415     -22.645527
       2.933682     -17.651012
       0.254584     -12.332370
      -1.542778      -7.761494
      -2.488671      -4.375883
      -3.372178      -2.119535
      -4.244252      -0.735074
      -4.881721       0.163536
      -5.308676       0.758546
      -5.677803       1.198530
      -6.016983       1.466993
      -6.264431       1.540538
      -6.489909       1.223796
      -6.404213       0.652000
      -6.091798      -0.115702
      -5.428101      -0.993083
      -4.384870      -1.966935
      -3.280815      -2.892169
      -2.447351      -3.615719
      -2.069891      -4.227759
      -1.635459      -4.722292
      -1.164152      -5.130432
      -0.615842      -5.477912
       0.057612      -5.729283
       0.814529      -5.742374
       1.629109      -5.375070
       2.405733      -4.599822
       3.159560      -3.681735
       3.916762      -2.724976
       4.532106      -1.855431
       5.091522      -1.108442
       5.512709      -0.575162
       5.878774      -0.282087
       6.242868      -0.201020
       6.527807      -0.380438
       6.660714      -0.721782
       6.811576      -1.011636
       7.055069      -1.238914
       7.460058      -1.014503
       8.061639      -0.096842
       8.521243       1.285551
       8.928588       2.847397
       9.439201       4.207676
       9.772025       5.038474
       9.970979       5.164876
       9.977358       4.919687
       9.972766       4.684758
       9.913318       4.601835
       9.959765       4.619484
      10.481064       4.570357
      11.233778       4.165449
      12.154203       3.239033
      13.152204       1.783499
      14.143946      -0.270427
      14.973772      -2.827731
      15.684863      -6.009161
      16.154555      -9.737393
