       5.008428       9.853616
       4.989515       9.762099
       4.994822       9.552748
       4.956602       9.473730
       4.949021       9.432082
       5.031859       9.335708
       5.256170       9.104056
       5.551915       8.853802
       5.850291       8.661272
       5.796674       8.423614
       4.651759       8.266513
       2.842432       8.146049
       1.275040       8.118238
       0.433369       8.369116
       0.160486       9.119139
      -0.086600      10.597416
      -0.365776      13.190750
      -0.477995      16.820596
      -0.669054      20.488035
      -0.505545      23.674273
      -0.158878      26.229437
       0.319977      28.357292
       0.663650      30.193438
       0.874187      31.958663
       0.901793      33.478909
       0.961345      34.502786
       1.245903      34.606280
       1.733723      33.405106
       2.481874      31.114330
       3.229381      28.340146
       4.023657      25.548293
       4.747828      23.001845
       5.444566      20.820571
       6.132108      19.000234
       6.749297      17.444480
       7.364293      16.094212
       8.041098      14.961300
       8.811949      13.863270
       9.599499      12.690137
      10.372949      11.493485
      11.152249      10.365425
      11.862886       9.276616
      12.407179       8.282437
      12.854268       7.405169
      13.238875       6.611445
      13.343849       5.940118
      13.310248       5.432637
      13.317107       5.075530
      13.488355       4.855325
      13.838906       4.731436
      14.151840       4.631458
      14.423031       4.390808
      14.550543       3.982815
      14.624604       3.465905
      14.593886       2.868937
      14.611986       2.266304
      14.727175       1.681180
      14.972150       1.063014
      15.181611       0.406325
      15.290729      -0.140574
      15.270731      -0.563085
      15.125898      -1.010188
      14.796290      -1.571407
      14.470676      -2.193235
      14.233077      -2.876353
      14.071631      -3.569674
      13.903152      -4.206757
      13.712263      -4.836227
      13.557651      -5.340641
      13.363670      -5.861563
      13.175258      -6.375795
      13.021674      -6.882026
      12.819081      -7.374643
      12.429017      -7.919770
      11.732991      -8.416566
      10.963833      -8.849466
      10.270097      -9.128343
       9.876427      -9.119856
       9.841615      -8.823850
       9.944401      -8.493397
      10.012936      -8.220034
      10.054100      -8.071340
      10.096881      -7.972165
      10.061682      -7.883934
       9.991247      -7.817544
       9.921260      -7.736900
       9.818745      -7.583025
       9.585982      -7.375677
       9.213455      -7.150610
       8.802893      -6.976471
       8.445186      -6.892323
       7.997351      -6.865276
       7.499025      -6.829307
       7.111887      -6.778660
       6.814129      -6.759705
       6.580082      -6.790327
       6.564776      -6.902242
       6.651613      -7.111989
       6.856608      -7.296370
       7.112206      -7.385654
       7.260407      -7.363160
       7.403661      -7.223982
       7.413396      -7.012384
       7.452597      -6.774805
       7.689460      -6.547085
       7.981845      -6.415845
       8.244205      -6.411137
       8.441805      -6.461291
       8.592166      -6.474098
       8.578798      -6.469261
       8.480859      -6.478575
       8.228228      -6.561965
       7.779142      -6.694378
       7.208096      -6.783973
       6.946576      -6.684811
       6.797884      -6.501092
       6.672749      -6.024107
       6.681782      -4.996638
       6.627406      -3.035412
       6.717101      -0.513656
       6.960380       2.216205
       7.196404       5.083007
       7.244782       7.873280
       7.090459      10.714232
       6.864877      13.398276
       6.614735      15.431432
       6.426297      16.620069
       6.303965      17.003947
       6.194290      16.894962
       6.163427      16.519057
       6.133351      15.951519
       6.275051      15.266743
       6.658949      14.366271
       7.085723      13.197437
       7.408656      11.944441
       7.647189      10.665726
       7.906362       9.533143
       8.114930       8.591840
       8.233611       7.812525
       8.314530       7.191453
       8.444371       6.702803
       8.598370       6.324961
       8.788554       6.080219
       8.986267       5.905969
       9.152164       5.778688
       9.290001       5.649226
       9.372265       5.533207
       9.413165       5.422060
       9.387013       5.298642
       9.411335       5.171848
       9.396081       5.055919
       9.346705       4.943897
       9.230598       4.864766
       9.158324       4.823221
       9.095447       4.798442
       9.054932       4.777381
       8.990193       4.728246
       8.914444       4.661892
       8.865526       4.581776
       8.777502       4.484746
       8.692379       4.366877
       8.617854       4.273957
       8.548696       4.215467
       8.459007       4.219697
       8.396724       4.241211
       8.279342       4.220051
       8.167166       4.201911
       8.065662       4.253937
       7.940703       4.390952
       7.848726       4.573723
       7.769616       4.759493
       7.748089       4.931019
       7.765286       5.072266
       7.839823       5.145724
       7.935790       5.157578
       7.966538       5.139329
       8.012876       5.131531
       8.045744       5.129836
       8.063650       5.133259
       8.097952       5.190949
       8.132162       5.298030
       8.159493       5.404511
       8.164257       5.482136
       8.152825       5.542468
       8.149490       5.596103
       8.184275       5.672868
       8.218016       5.813603
       8.240245       6.044689
       8.249789       6.338188
       8.279066       6.684920
       8.310250       7.026180
       8.386940       7.341840
       8.461394       7.571617
       8.507652       7.753440
       8.594596       7.873687
       8.675681       7.930133
       8.771915       7.949994
       8.840090       7.959465
       8.906774       7.982737
       8.992186       8.007198
       9.083027       8.013191
       9.156392       7.988568
       9.195810       7.958559
       9.182668       7.904045
       9.186220       7.832784
       9.203018       7.765758
       9.208978       7.651128
       9.182438       7.487963
       9.172272       7.314691
       9.177421       7.137105
       9.202518       6.980802
       9.222191       6.856454
       9.251702       6.768019
       9.289734       6.690376
       9.333342       6.620425
       9.366476       6.551762
       9.383418       6.492330
       9.379827       6.432276
       9.367082       6.372571
       9.362134       6.324391
       9.366718       6.288499
       9.309304       6.227272
       9.304572       6.160678
       9.295915       6.095414
       9.293059       6.076740
       9.313251       6.048298
       9.329696       6.030021
       9.362863       6.007228
       9.382135       5.997266
       9.382200       5.976372
       9.375639       5.962623
       9.357232       5.978275
       9.344762       6.020250
       9.350228       6.057557
       9.368479       6.056548
       9.328830       6.031517
       9.321247       6.014258
       9.294527       6.013846
       9.317226       6.041353
       9.373171       6.060157
       9.424219       6.057291
       9.486850       6.035744
       9.548240       6.023930
       9.622261       6.031016
       9.694715       6.060234
       9.759821       6.107674
       9.816541       6.143286
       9.876438       6.175993
       9.880778       6.186063
       9.871698       6.201529
       9.856671       6.225000
       9.830479       6.264240
       9.832932       6.302008
       9.840927       6.328319
       9.846451       6.362883
       9.866156       6.392711
       9.876063       6.399521
       9.883210       6.402726
       9.861855       6.420946
       9.834689       6.446867
       9.825527       6.518352
       9.807282       6.621265
       9.774543       6.711412
       9.769201       6.767523
       9.788442       6.803754
       9.847309       6.850724
       9.938407       6.903100
      10.038508       6.962989
      10.158588       7.018834
      10.252035       7.057434
      10.327195       7.084522
      10.378360       7.095018
      10.420882       7.078839
      10.470664       7.050524
      10.525630       7.030194
      10.548360       6.968920
      10.538760       6.898438
      10.540244       6.823917
      10.536436       6.747611
      10.532676       6.658298
      10.525443       6.581310
      10.547484       6.555607
      10.605986       6.604158
      10.631650       6.660308
      10.639754       6.659756
      10.620868       6.621423
      10.588074       6.601488
      10.565513       6.603454
      10.574724       6.638784
      10.558307       6.638682
      10.562404       6.636867
      10.593616       6.661154
      10.602616       6.702871
      10.629020       6.715806
      10.651583       6.700931
      10.695098       6.695500
      10.744648       6.701774
      10.770526       6.707828
      10.783532       6.703042
      10.768357       6.714622
      10.729755       6.725662
      10.718035       6.741232
      10.723341       6.744427
      10.720290       6.768800
      10.692850       6.754051
      10.648037       6.738471
      10.639163       6.759543
      10.626977       6.797543
      10.658018       6.803973
      10.690321       6.809337
      10.725751       6.827790
      10.764708       6.862436
      10.789652       6.912114
      10.802522       6.958319
      10.793277       7.022944
      10.762356       7.082314
      10.727836       7.111115
      10.694133       7.116812
      10.660637       7.111617
      10.635374       7.111332
      10.575168       7.103120
      10.550005       7.105769
      10.544854       7.118114
      10.549195       7.130846
      10.564593       7.127567
      10.574749       7.124577
      10.598009       7.115491
      10.612288       7.104191
      10.611178       7.081295
      10.599281       7.073521
      10.569272       7.099335
      10.549363       7.137955
      10.552641       7.179075
      10.549252       7.226709
      10.546339       7.250194
      10.520993       7.259120
      10.510664       7.265412
      10.478369       7.293894
      10.493009       7.344878
      10.518919       7.382480
      10.528704       7.401582
      10.533745       7.394323
      10.520449       7.382638
      10.500262       7.374209
      10.469214       7.368109
      10.441288       7.382968
      10.419525       7.411302
      10.418282       7.441908
      10.416819       7.463465
      10.374001       7.438089
      10.342707       7.413747
      10.350131       7.419860
      10.351974       7.447052
      10.381857       7.448210
      10.402287       7.439526
      10.420009       7.432177
      10.433510       7.421189
      10.422597       7.396822
      10.408549       7.370127
      10.388815       7.369243
      10.385082       7.400037
      10.393342       7.418803
      10.402381       7.444005
      10.386681       7.449120
      10.352153       7.469203
      10.355451       7.523937
      10.382576       7.677524
      10.430953       7.876812
      10.493694       7.989436
      10.542160       8.029028
      10.568825       8.032116
      10.566108       8.040762
      10.532710       8.023419
      10.505133       7.992760
      10.474305       7.957702
      10.459862       7.929139
      10.450338       7.902543
      10.441425       7.875921
      10.395453       7.781090
      10.377851       7.653983
      10.401252       7.515533
      10.410534       7.420232
      10.435936       7.368658
      10.457762       7.335665
      10.469644       7.314835
      10.481378       7.300662
      10.468825       7.289814
      10.425901       7.268156
      10.375159       7.241825
      10.326635       7.234608
      10.309911       7.236087
      10.296490       7.255815
      10.277872       7.261809
      10.210788       7.242237
      10.154243       7.222635
      10.107661       7.230405
      10.091059       7.262982
      10.095680       7.291592
      10.086747       7.298902
      10.097136       7.272897
      10.076265       7.243996
      10.024961       7.215412
       9.970911       7.208673
       9.909734       7.229678
       9.876004       7.244260
       9.853603       7.249226
       9.840420       7.257213
       9.767965       7.250401
       9.691337       7.243347
       9.577507       7.245156
       9.513295       7.282133
       9.469825       7.313438
       9.438115       7.316110
       9.447906       7.285090
       9.441688       7.237936
       9.406027       7.226295
       9.367535       7.264038
       9.349301       7.333975
       9.344177       7.403481
       9.329589       7.453585
       9.317515       7.502113
       9.275135       7.529429
       9.257519       7.575498
       9.274965       7.650191
       9.261022       7.722273
       9.273636       7.751628
       9.265778       7.742175
       9.278131       7.746296
       9.292601       7.798855
       9.272756       7.852090
       9.254910       7.891939
       9.226201       7.924619
       9.205229       7.951052
       9.176314       7.960908
       9.155323       7.993726
       9.094241       8.006930
       9.039926       8.023398
       9.042874       8.054287
       9.048547       8.109765
       9.085402       8.143596
       9.142448       8.153974
       9.189465       8.165494
       9.220681       8.199359
       9.242220       8.250633
       9.275504       8.299936
       9.305485       8.331675
       9.318404       8.358486
       9.337579       8.382489
       9.362815       8.428844
       9.404248       8.454612
       9.406034       8.455976
       9.423699       8.478489
       9.459425       8.547463
       9.596631       8.649280
       9.999714       8.781862
      10.459443       8.921648
      10.892333       9.054961
      11.323844       9.181696
      11.787278       9.294164
      12.282288       9.361110
      12.872907       9.209129
      13.677661       8.028965
      14.794433       5.482666
      15.965263       2.332979
      16.985871      -0.904893
      17.726476      -3.917754
      18.199261      -6.525433
      18.621122      -8.827629
      19.058308     -10.767720
      19.550732     -12.392768
      20.053594     -13.706520
      20.564088     -14.871171
      20.981056     -15.910622
      21.323525     -16.807494
      21.636305     -17.481639
      21.942159     -17.868696
      22.308122     -18.048185
      22.736443     -18.118063
      23.230257     -18.109148
      23.712877     -18.129463
      24.109167     -18.255200
      24.646501     -18.604123
      25.570929     -19.138859
      26.986572     -19.766933
      28.579124     -20.358415
      30.304543     -20.977717
      31.859754     -21.569291
      33.086369     -21.947650
      34.050920     -22.003202
      34.880871     -21.919781
      35.682732     -21.800650
      36.563723     -21.704984
      37.503582     -21.537093
      38.519979     -21.152619
      39.436696     -20.348109
      40.302925     -19.375414
