       5.040440      11.239628
       5.006512      11.184403
       4.894338      11.149343
       4.800747      11.130349
       4.784277      11.112126
       4.848792      11.016257
       4.886503      10.871976
       4.908258      10.717882
       4.923367      10.574702
       4.926348      10.421495
       4.935479      10.250920
       4.939341      10.090111
       4.950808       9.941105
       4.922867       9.790837
       4.796017       9.604820
       4.341623       9.336286
       3.436277       8.981848
       3.206771       8.670118
       2.867009       8.525208
       2.337231       8.349145
       1.764090       8.083968
       1.241566       7.735632
       0.790669       7.365130
       0.432391       7.071516
       0.194904       6.854424
       0.066681       6.704103
       0.049503       6.590909
       0.118104       6.490980
       0.235352       6.445622
       0.393912       6.470055
       0.646669       6.553257
       0.989382       6.678736
       1.379373       6.837945
       1.717503       6.985483
       2.055917       7.082614
       2.341469       7.169093
       2.565552       7.226323
       2.783785       7.290047
       2.984506       7.384452
       3.208737       7.482395
       3.444067       7.588023
       3.650923       7.666862
       3.832686       7.700403
       3.972963       7.688448
       4.087365       7.641351
       4.183648       7.592224
       4.288365       7.545930
       4.439332       7.504121
       4.622232       7.406261
       4.812935       7.280998
       4.975366       7.129359
       5.108951       6.967427
       5.267507       6.827122
       5.423147       6.724251
       5.568828       6.674500
       5.680178       6.698332
       5.841476       6.777304
       6.031173       6.945302
       6.263304       7.194135
       6.525954       7.432776
       6.810322       7.559618
       7.039540       7.550036
       7.249630       7.444435
       7.456646       7.269840
       7.588511       7.076485
       7.617738       6.852811
       7.600111       6.687926
       7.625120       6.597689
       7.675207       6.496045
       7.707677       6.362762
       7.732285       6.178601
       7.749669       5.969601
       7.766251       5.767598
       7.729097       5.597808
       7.687880       5.460439
       7.674856       5.341359
       7.713671       5.244012
       7.782679       5.119505
       7.835605       4.998262
       7.899287       4.843506
       7.955443       4.684054
       8.007331       4.540896
       8.092109       4.386845
       8.161754       4.226274
       8.266231       4.047193
       8.369974       3.834498
       8.489815       3.574287
       8.609577       3.285785
       8.708220       3.000176
       8.780273       2.747787
       8.902051       2.528156
       9.016678       2.367772
       9.115693       2.243341
       9.190723       2.195126
       9.257256       2.192908
       9.280795       2.223184
       9.313025       2.290068
       9.351531       2.374027
       9.384445       2.510379
       9.442518       2.694140
       9.484535       2.949127
       9.524084       3.305314
       9.561229       3.781464
       9.610253       4.354064
       9.646421       5.005563
       9.679578       5.732997
       9.692028       6.591089
       9.668982       7.608395
       9.574962       9.009156
       9.443024      10.811058
       9.245493      12.875998
       9.034117      15.191727
       8.784164      17.736941
       8.447139      20.478884
       8.009689      23.291834
       7.590070      26.046529
       7.157588      28.782587
       6.732290      31.476521
       6.203877      34.131251
       5.682473      36.691759
       5.272612      38.869911
       4.926504      40.486865
       4.637337      41.597958
       4.488169      42.327521
       4.422921      42.773163
       4.420428      43.064074
       4.517644      43.191018
       4.597104      43.268011
       4.598068      43.335184
       4.600453      43.448532
       4.627924      43.538154
       4.676035      43.498618
       4.801825      43.275292
       4.918321      42.967007
       4.990653      42.572315
       5.058664      42.094442
       5.134452      41.386356
       5.208668      40.314324
       5.429924      38.787616
       5.769184      37.106253
       6.182718      35.565782
       6.517025      34.294874
       6.711602      33.381023
       6.912125      32.714612
       7.079662      32.175352
       7.165852      31.672324
       7.132943      31.148958
       7.206450      30.518582
       7.345241      29.441950
       7.369228      27.548024
       7.363450      25.190537
       7.548660      22.799159
       7.629674      20.815859
       7.544836      19.202193
       7.315547      17.916284
       7.302183      16.884509
       7.376915      16.061558
       7.424505      15.513855
       7.379904      15.250893
       7.278054      15.203908
       7.264684      15.334082
       7.237407      15.628550
       7.230360      15.959571
       7.161632      16.339940
       7.176707      16.908111
       7.073905      17.549278
       6.939886      18.085184
       6.635591      18.555143
       6.381431      18.954156
       6.167453      19.250440
       5.798350      19.356179
       5.481778      19.197412
       5.379529      18.895918
       5.484106      18.569124
       5.899245      18.332635
       6.526107      18.275938
       6.827158      18.273913
       7.161816      18.299788
       7.135098      18.293459
       7.460672      18.299565
       7.585095      18.455592
       7.749339      18.785688
       8.303352      19.359723
       8.775942      20.024702
       9.206545      21.113442
       9.658724      22.713508
       9.733498      24.796974
       9.347617      27.022285
       8.835168      29.374367
       8.153323      31.689239
       7.363894      34.031519
       6.777405      36.154728
       6.471262      37.984335
       6.086823      39.247022
       6.256026      40.049633
       5.973951      40.052322
       5.779195      39.168166
       5.684884      37.902137
       5.592547      36.497226
       5.594374      35.189385
       5.748986      34.045007
       5.986822      32.971566
       6.348261      31.687884
       6.446537      30.145337
       6.556265      28.578677
       6.613658      27.084137
       6.548915      25.724474
       6.495007      24.378884
       6.386829      23.014437
       6.386029      21.729990
       6.597745      20.478420
       6.950232      19.364317
       7.327960      18.321350
       7.588651      17.378654
       7.755490      16.535594
       7.928422      15.841806
       8.081510      15.345778
       8.152860      15.065804
       8.199712      14.935175
       8.347353      14.863404
       8.492264      14.752920
       8.544461      14.575610
       8.473810      14.389557
       8.365139      14.247674
       8.286970      14.316168
       8.359380      14.618866
       8.422438      15.099269
       8.505152      15.740186
       8.685687      16.487771
       8.767235      17.288202
       8.810108      18.117468
       8.654594      18.993129
       8.519115      19.872543
       8.609458      20.775398
       8.673579      21.715931
       8.245163      22.657648
       8.114066      23.343415
       8.069201      23.671796
       7.977948      23.498049
       7.540862      22.659219
       7.285870      21.498312
       7.024617      20.299397
       6.816562      19.215843
       6.589954      18.284516
       6.303682      17.489113
       6.056816      16.841107
       5.910107      16.335861
       5.640015      15.863296
       5.517639      15.420414
       5.539861      15.078341
       5.439095      14.827657
       5.356690      14.665715
       5.355454      14.541225
       5.365164      14.445254
       5.283761      14.396531
       5.272723      14.394917
       5.157781      14.374616
       4.978304      14.274571
       4.709021      14.161723
       4.408940      14.074225
       4.209313      14.023644
       4.179137      13.985503
       4.173961      13.931932
       4.208699      13.908879
       4.347650      14.050135
       4.541203      14.149626
       4.477252      14.309722
       4.673022      14.290826
       4.776882      14.116907
       4.752484      13.694710
       4.912083      13.056896
       4.846422      12.318810
       4.959169      11.457361
       5.077310      10.416528
       5.194806       9.118898
       5.280181       7.131053
       5.327238       4.069745
       5.340044      -0.195407
       5.249967      -5.128546
       5.234338      -9.937631
       5.288921     -14.186407
       5.363840     -17.666834
       5.285465     -20.328731
       5.267084     -22.392418
       5.353588     -24.038934
       5.436478     -25.323116
       5.734832     -26.362617
       6.037221     -27.128555
       6.401764     -27.694789
       6.630691     -27.990130
       6.705916     -27.848851
       6.566106     -27.145411
       6.349168     -26.016425
       6.099234     -24.608697
       5.892576     -23.185540
       5.544115     -21.813453
       5.287631     -20.516808
       5.107187     -19.181915
       4.893315     -17.919602
       4.651505     -16.779279
       4.420392     -16.017147
       4.027247     -15.692117
       3.630845     -15.625137
       3.384406     -15.559217
       3.225211     -15.424714
       2.998549     -15.316172
       2.692404     -15.295231
       2.065141     -15.332778
       0.881908     -15.398597
      -0.699660     -15.409043
      -2.000763     -15.380918
      -3.325938     -15.279491
      -4.561760     -15.004851
      -5.483575     -14.553683
      -6.053756     -13.921111
      -6.479335     -13.053629
      -6.809220     -12.089947
      -7.230420     -10.912559
      -7.588000      -9.490340
      -7.900469      -7.703188
      -8.041834      -5.680294
      -8.060019      -3.527070
      -7.873301      -1.437322
      -7.516523       0.567673
      -6.805155       2.638102
      -5.605587       5.194666
      -4.328301       7.982754
      -3.122277      10.868141
      -2.142779      13.731008
      -1.235097      16.661101
      -0.592735      19.384056
      -0.063259      21.711468
       0.334502      23.777199
       0.538276      25.592205
       0.753291      27.158673
       0.934298      28.524830
       1.082876      29.656740
       1.052283      30.548421
       0.991911      30.995527
       0.961231      30.686562
       0.985184      29.323531
       1.296518      26.303329
       1.766899      22.216875
       2.388115      18.054039
       3.083236      14.709379
       3.542940      12.289202
       3.856611      10.597042
       4.191918       9.405753
       4.548112       8.532036
       4.826845       7.801638
       4.922414       7.056078
       4.915226       6.244517
       4.830102       5.389834
       4.752198       4.610274
       4.732367       3.970408
       4.768722       3.548517
       4.851448       3.347415
       4.896637       3.299682
       4.974589       3.254038
       5.058207       3.120318
       5.082255       2.832433
       5.054111       2.441638
       5.100034       2.056522
       5.143868       1.691687
       5.165293       1.375125
       5.230535       1.057366
       5.282835       0.727825
       5.410600       0.301827
       5.580510      -0.315709
       5.778253      -1.192769
       6.061007      -2.226617
       6.331185      -3.172773
       6.504641      -3.911202
       6.594238      -4.497213
       6.700603      -5.056246
       6.795237      -5.969510
       7.023807      -7.835014
       7.287999     -10.033867
       7.404478     -12.075868
       7.374099     -13.632330
       7.364266     -14.915507
       7.360773     -16.066375
       7.481552     -17.220997
       7.887818     -18.390938
       8.520600     -19.665459
       8.972446     -21.039316
       9.440788     -22.578539
       9.887300     -24.237552
      10.409397     -25.674498
      10.929285     -26.553949
      11.076345     -26.478342
      11.161430     -25.906112
      11.330960     -25.329003
      11.481196     -25.072241
      11.582476     -24.996746
      11.564952     -24.964374
      11.401310     -24.891968
      11.141874     -24.683174
      10.865218     -24.432557
      10.441943     -24.088755
       9.938486     -23.659258
       9.404386     -23.253194
       8.744371     -22.908792
       7.787513     -22.730935
       6.131540     -22.672481
       3.918532     -22.736407
       1.578193     -22.738937
      -0.109012     -22.684888
      -1.666134     -22.413679
      -3.040735     -21.864568
      -4.001690     -21.170704
      -4.909026     -20.255756
      -5.835249     -19.116366
      -6.918035     -17.643743
      -7.948283     -16.106775
      -8.847772     -14.652081
      -9.563988     -13.424594
     -10.219951     -12.187547
     -10.762712     -10.846442
     -11.315443      -9.122437
     -11.746612      -7.072896
     -12.123521      -4.953410
     -12.330445      -3.075917
     -12.534726      -1.606550
     -12.701450      -0.748603
     -12.821104      -0.309461
     -12.839663      -0.125691
     -12.839688      -0.032952
     -12.786578       0.038355
     -12.653101       0.093673
     -12.445716       0.168733
     -12.073758       0.251980
     -11.465197       0.310982
     -10.568849       0.315275
      -9.531748       0.296574
      -8.504536       0.222299
      -7.467790       0.085509
      -6.470417      -0.110529
      -5.516678      -0.288539
      -4.567866      -0.429342
      -3.497510      -0.526905
      -2.446559      -0.605209
      -1.438553      -0.694110
      -0.575402      -0.785356
       0.127175      -0.893763
       0.702137      -0.995920
       1.286093      -1.102939
       1.883076      -1.218329
       2.523757      -1.369748
       3.250907      -1.557161
       3.838601      -1.742798
       4.324938      -1.932538
       4.707093      -2.149695
       4.978839      -2.396731
       5.210187      -2.750895
       5.393516      -3.114131
       5.537347      -3.474700
       5.629315      -3.790376
       5.700371      -4.031980
       5.794237      -4.185684
       5.889423      -4.284116
       6.014000      -4.354135
       6.109064      -4.443541
       6.194785      -4.532185
       6.300069      -4.605302
       6.376126      -4.637007
       6.479871      -4.625370
       6.595739      -4.569488
       6.659362      -4.519112
       6.651302      -4.535084
       6.618394      -4.596836
       6.550954      -4.646929
       6.488337      -4.665537
       6.469623      -4.670238
       6.503748      -4.661084
       6.534141      -4.707153
       6.545573      -4.828454
