       4.904508       8.763799
       4.844158       8.897222
       4.843179       9.064933
       4.835455       9.238858
       4.752237       9.335316
       4.598448       9.340425
       4.537267       9.301522
       4.537935       9.261670
       4.540683       9.202138
       4.573605       9.095964
       4.572115       8.988568
       4.557285       8.922211
       4.534143       8.964269
       4.503132       9.075069
       4.517379       9.197154
       4.542673       9.247666
       4.578652       9.233418
       4.610954       9.183503
       4.596845       9.111487
       4.584520       9.040055
       4.531512       9.000115
       4.487172       8.993449
       4.460979       8.980840
       4.436852       8.933292
       4.356095       8.861082
       4.309771       8.769448
       4.273442       8.687194
       4.271198       8.637658
       4.204749       8.641227
       4.119261       8.691608
       4.069654       8.728634
       3.988172       8.779906
       3.871421       8.807491
       3.706781       8.779391
       3.625362       8.770185
       3.629892       8.831703
       3.636970       8.831651
       3.660404       8.791137
       3.705480       8.778861
       3.748853       8.849609
       3.684521       8.816347
       3.565000       8.567923
       3.528113       8.320371
       3.578753       8.206082
       3.668054       8.204520
       3.771307       8.239678
       3.810789       8.333684
       3.826278       8.524385
       3.844318       8.745253
       3.878008       8.911376
       3.784670       9.038343
       3.675061       9.039290
       3.609560       9.025238
       3.512743       9.062516
       3.542245       9.152164
       3.638300       9.250043
       3.640236       9.325926
       3.567564       9.304731
       3.503531       9.212407
       3.402132       9.054408
       3.406666       8.952704
       3.523545       8.991190
       3.633858       9.109782
       3.817230       9.124147
       3.794051       8.912842
       3.576593       8.110490
       3.226193       6.970886
       2.982109       5.733279
       2.752567       4.608602
       2.513840       3.692714
       2.371564       2.990138
       2.260955       2.411896
       2.213570       1.948984
       2.263992       1.597543
       2.361800       1.359228
       2.465169       1.190162
       2.561110       1.120115
       2.535263       1.214492
       2.421491       1.501219
       2.335748       1.962043
       2.285460       2.573097
       2.326311       3.261566
       2.392994       3.899163
       2.491167       4.442857
       2.584890       4.881265
       2.610263       5.221390
       2.619852       5.500377
       2.625639       5.764387
       2.636987       6.002034
       2.675721       6.220449
       2.699314       6.378438
       2.678325       6.532969
       2.614846       6.675491
       2.553924       6.798590
       2.483146       6.921515
       2.404477       7.033517
       2.337095       7.152830
       2.263655       7.283678
       2.163206       7.423374
       2.060756       7.583977
       2.010324       7.746920
       1.981501       7.925674
       1.967030       8.151066
       1.959632       8.426089
       1.982560       8.667958
       1.978225       8.875728
       1.928283       9.016316
       1.876618       9.102370
       1.852324       9.169481
       1.836218       9.226210
       1.835978       9.271412
       1.826981       9.273768
       1.806356       9.237110
       1.768286       9.176006
       1.731326       9.142259
       1.669093       9.149669
       1.620922       9.192932
       1.612546       9.239344
       1.589908       9.235904
       1.529120       9.181471
       1.490566       9.148711
       1.449259       9.113792
       1.435059       9.096345
       1.444933       9.051924
       1.469488       8.976722
       1.484644       8.880112
       1.473818       8.765895
       1.469414       8.657831
       1.439763       8.602472
       1.427658       8.574500
       1.434991       8.565009
       1.464095       8.504939
       1.446859       8.417812
       1.441952       8.358808
       1.419490       8.355364
       1.418190       8.367587
       1.452042       8.391377
       1.508823       8.403076
       1.564111       8.385596
       1.589497       8.351539
       1.575333       8.325421
       1.555244       8.320925
       1.543662       8.347376
       1.551734       8.397968
       1.585211       8.433358
       1.579916       8.427028
       1.539196       8.422388
       1.519750       8.484734
       1.524169       8.555295
       1.559084       8.606709
       1.614953       8.624544
       1.665827       8.620223
       1.702885       8.596452
       1.713371       8.560423
       1.710479       8.534609
       1.692308       8.535086
       1.670913       8.540972
       1.674381       8.567345
       1.702938       8.546561
       1.690781       8.493514
       1.667866       8.472797
       1.673529       8.510516
       1.680519       8.569994
       1.710113       8.608882
       1.745783       8.609535
       1.778402       8.591224
       1.795117       8.561557
       1.794026       8.527647
       1.797962       8.524610
       1.770701       8.559731
       1.744280       8.594395
       1.737156       8.621245
       1.718686       8.590369
       1.673625       8.549493
       1.663154       8.566409
       1.652830       8.583022
       1.663245       8.585648
       1.669039       8.585745
       1.646483       8.583855
       1.624419       8.581756
       1.609999       8.574182
       1.605555       8.562272
       1.598955       8.557565
       1.599782       8.537264
       1.611651       8.529670
       1.589414       8.474207
       1.522398       8.415831
       1.509664       8.423660
       1.507814       8.476251
       1.514060       8.506162
       1.518990       8.520209
       1.526648       8.534345
       1.558132       8.548919
       1.569846       8.579624
       1.562277       8.611407
       1.552284       8.651167
       1.543556       8.707127
       1.523812       8.743855
       1.544274       8.736874
       1.535234       8.690823
       1.519309       8.653957
       1.531360       8.677303
       1.551187       8.701073
       1.574190       8.709784
       1.608592       8.698677
       1.637033       8.682608
       1.649220       8.674839
       1.642317       8.651690
       1.624191       8.639645
       1.586646       8.659285
       1.567282       8.701734
       1.569678       8.764074
       1.583322       8.751113
       1.539604       8.682601
       1.514334       8.658590
       1.510034       8.681011
       1.517731       8.712173
       1.538008       8.727880
       1.551986       8.741803
       1.567282       8.719036
       1.570880       8.664995
       1.558136       8.588472
       1.552986       8.559334
       1.538785       8.587944
       1.520230       8.628614
       1.505996       8.656879
       1.465602       8.622886
       1.429146       8.575205
       1.426806       8.584236
       1.443650       8.589997
       1.490761       8.577919
       1.529898       8.555519
       1.566736       8.525332
       1.617053       8.511210
       1.649758       8.519102
       1.670548       8.527413
       1.651262       8.540166
       1.634312       8.557064
       1.641721       8.589200
       1.654535       8.583828
       1.632430       8.566497
       1.617520       8.609176
       1.615449       8.697856
       1.633408       8.772838
       1.650406       8.800283
       1.684888       8.783767
       1.711347       8.738491
       1.728572       8.689890
       1.741719       8.652662
       1.772524       8.657738
       1.751155       8.685718
       1.729617       8.689028
       1.728838       8.689589
       1.717702       8.655214
       1.671146       8.610465
       1.652234       8.629483
       1.654868       8.687919
       1.660777       8.777739
       1.684488       8.844535
       1.693945       8.863289
       1.684699       8.825075
       1.659723       8.753141
       1.642538       8.680387
       1.630494       8.657587
       1.588774       8.656571
       1.542668       8.647593
       1.537203       8.638614
       1.520753       8.581441
       1.495486       8.531466
       1.493257       8.578221
       1.485940       8.640922
       1.492417       8.686897
       1.490552       8.675559
       1.493773       8.606257
       1.500204       8.498399
       1.500873       8.367783
       1.502347       8.256250
       1.514168       8.201454
       1.513167       8.190927
       1.527018       8.203267
       1.551956       8.196916
       1.528551       8.146764
       1.548098       8.121735
       1.557344       8.154879
       1.546396       8.172956
       1.526252       8.200068
       1.476891       8.224222
       1.439698       8.239009
       1.404370       8.261508
       1.321446       8.285273
       1.245677       8.311787
       1.164720       8.351623
       1.072145       8.388029
       1.004956       8.449172
       1.038000       8.492079
       1.020384       8.495505
       0.985338       8.480477
       0.967760       8.513448
       0.931716       8.555140
       0.955851       8.591224
       0.919808       8.609949
       0.885043       8.608443
       0.986886       8.548044
       1.113577       8.423117
       1.157168       8.296265
       0.972535       8.138767
       0.818424       7.812818
       0.509607       7.477324
       0.238880       7.356952
       0.166496       7.343587
       0.204338       7.433639
       0.081075       7.692644
       0.049745       8.022202
       0.010618       8.364833
      -0.204553       8.727777
      -0.554461       9.091381
      -0.434552       9.480326
      -0.551881       9.851897
      -0.536590      10.234688
      -0.193182      10.563437
      -0.108122      10.909723
      -0.255199      11.250451
      -0.985183      11.500979
      -1.967098      11.547699
      -2.498617      11.376393
      -3.198057      11.031245
      -3.433319      10.551540
      -3.651210      10.028378
      -3.805625       9.496121
      -3.737295       9.095830
      -3.779506       8.781781
      -3.935022       8.475955
      -3.995971       8.091709
      -3.928744       7.652752
      -3.771111       7.301522
      -3.431663       7.064321
      -3.217413       6.906427
      -3.078529       6.785466
      -3.077375       6.732376
      -3.169853       6.763468
      -3.398008       6.926782
      -3.437332       7.161544
      -3.339575       7.337542
      -3.292432       7.372211
      -3.403158       7.390273
      -3.619919       7.439716
      -3.748841       7.510484
      -3.744843       7.506878
      -3.910733       7.457076
      -4.066401       7.384648
      -4.164521       7.350005
      -4.214823       7.356205
      -4.206084       7.424538
      -4.188277       7.531686
      -4.140779       7.634367
      -4.082347       7.683687
      -4.045506       7.705348
      -4.089907       7.665694
      -4.126363       7.573730
      -4.116328       7.511894
      -4.138797       7.539867
      -4.138678       7.614986
      -4.130168       7.831315
      -4.094871       8.177735
      -4.023597       8.552845
      -3.940951       8.876371
      -3.950636       9.104201
      -3.950863       9.220741
      -3.897249       9.258390
      -3.835880       9.301414
      -3.768096       9.364626
      -3.704958       9.535827
      -3.480273       9.879830
      -3.131808      10.576219
      -2.797521      11.473199
      -2.275792      12.343603
      -1.952568      13.042691
      -1.842444      13.540634
      -1.803072      13.810804
      -1.661919      13.928096
      -1.552008      14.100289
      -1.578621      14.336057
      -1.629431      14.565306
      -1.613566      14.849532
      -1.530997      15.137430
      -1.453614      15.444797
      -1.338643      15.618995
      -1.149428      15.751859
      -0.902708      15.900407
      -0.663053      16.043287
      -0.463491      16.087223
      -0.213327      16.072487
      -0.093365      16.081209
      -0.122658      16.057027
      -0.075832      15.849750
      -0.032559      15.610478
      -0.003697      15.421633
      -0.063446      15.348817
      -0.057617      15.371447
      -0.062425      15.440621
      -0.097208      15.496223
      -0.051982      15.636460
       0.053200      15.742669
      -0.078129      15.858489
      -0.169304      15.961215
      -0.219472      16.177460
      -0.149262      16.430817
      -0.248697      16.667096
      -0.326135      16.808343
      -0.230452      16.802199
      -0.143454      16.856382
      -0.146081      16.893032
      -0.072220      16.837152
      -0.049463      16.810578
      -0.033181      16.881281
       0.043253      16.910531
       0.205370      16.935900
       0.295026      16.942100
       0.315259      16.845176
       0.311225      16.738181
       0.240616      16.680828
       0.191890      16.740973
       0.165111      16.831406
       0.256805      16.839910
       0.288302      16.810928
       0.262752      16.800066
       0.387938      16.715924
       0.536013      16.690896
       0.552718      16.767773
       0.430223      16.852510
       0.319419      16.839454
       0.331725      16.737580
       0.430011      16.643851
       0.498467      16.557820
       0.565988      16.471668
       0.633027      16.361998
       0.669389      16.286894
       0.618512      16.308431
       0.593407      16.342032
       0.591024      16.453593
       0.540701      16.658268
       0.444482      16.832638
       0.298367      16.943495
       0.169771      16.948775
       0.154717      16.840332
       0.148483      16.787176
       0.157032      16.822920
       0.179055      16.831437
       0.203990      16.748379
       0.120838      16.573354
      -0.106124      16.196694
      -0.457137      15.579999
      -0.774064      14.779671
      -0.973107      13.708861
      -1.224207      12.531798
      -1.382405      10.989789
      -1.441509       8.653363
      -1.391561       5.886850
      -1.419808       3.027684
      -1.655608       0.566349
      -1.536958      -1.305312
      -1.365493      -2.530320
      -1.185098      -3.262915
      -1.111534      -3.709591
      -1.103842      -4.024051
      -1.187251      -4.281567
      -1.310788      -4.404053
      -1.329377      -4.369170
      -1.194103      -4.311360
      -0.998218      -4.304821
      -0.854545      -4.376449
      -0.768567      -4.485118
      -0.754952      -4.563566
      -0.776639      -4.586021
      -0.843036      -4.553208
      -0.975398      -4.529089
      -1.123869      -4.481303
      -1.228501      -4.367483
      -1.316878      -4.238105
      -1.380284      -4.175739
      -1.460313      -4.170702
      -1.509322      -4.196160
      -1.561945      -4.226617
      -1.617291      -4.226252
      -1.677140      -4.196319
      -1.701495      -4.165310
      -1.721298      -4.125218
      -1.742862      -4.109450
      -1.790865      -4.084281
      -1.850159      -4.095435
      -1.870649      -4.098029
      -1.900425      -4.107716
      -1.898343      -4.099487
      -1.872393      -4.083220
      -1.825567      -4.063248
      -1.763862      -4.064016
      -1.731198      -4.080036
      -1.709669      -4.084513
      -1.711459      -4.057847
      -1.708497      -3.991464
      -1.699760      -3.952195
      -1.700772      -3.958447
      -1.713980      -3.971716
      -1.737476      -3.959874
      -1.748976      -3.935248
      -1.742263      -3.911541
      -1.731461      -3.905634
      -1.726459      -3.928521
      -1.740009      -3.956461
      -1.756441      -3.980015
      -1.793848      -3.995786
      -1.805042      -3.995189
      -1.739299      -3.950505
      -1.641981      -3.924820
      -1.631805      -3.912693
      -1.658129      -3.946804
      -1.682616      -3.981374
      -1.689985      -3.992266
      -1.674498      -3.992011
      -1.636130      -3.999966
      -1.604559      -4.034360
      -1.561807      -4.064090
      -1.553186      -4.103305
      -1.536107      -4.116032
      -1.541484      -4.102937
      -1.530900      -4.068913
      -1.468237      -4.039849
      -1.428373      -4.049017
      -1.432899      -4.068564
      -1.448903      -4.055952
      -1.480188      -4.027376
      -1.476077      -3.998721
      -1.431920      -3.972687
      -1.385415      -3.958929
      -1.355424      -3.979509
      -1.351634      -3.991779
      -1.358188      -3.992918
      -1.356423      -3.969213
      -1.370100      -3.936131
      -1.390387      -3.910330
      -1.384761      -3.897501
      -1.363587      -3.894325
      -1.365621      -3.898289
      -1.379739      -3.894277
      -1.387154      -3.849058
      -1.389929      -3.792582
      -1.375554      -3.734258
      -1.327286      -3.697871
      -1.270630      -3.679116
      -1.226489      -3.672166
      -1.202761      -3.657897
      -1.192539      -3.634017
      -1.186880      -3.585478
      -1.202004      -3.546892
      -1.183867      -3.531418
      -1.148362      -3.504094
      -1.131432      -3.489446
      -1.137705      -3.476329
      -1.162089      -3.441679
      -1.186425      -3.398087
      -1.187550      -3.373401
      -1.163892      -3.384320
      -1.144554      -3.386828
      -1.122121      -3.381892
      -1.113149      -3.348032
      -1.112790      -3.298065
      -1.110727      -3.233259
      -1.124269      -3.173217
      -1.135388      -3.110074
      -1.119878      -3.038953
      -1.062033      -2.910612
      -1.023631      -2.687079
      -1.027276      -2.299091
      -1.014323      -1.824709
      -1.035220      -1.332489
      -1.018975      -0.894202
      -0.976885      -0.573053
      -0.917100      -0.374240
      -0.852715      -0.259460
      -0.800706      -0.178856
      -0.757528      -0.081941
      -0.733529       0.061278
      -0.748833       0.226538
      -0.760609       0.419528
      -0.744323       0.617996
      -0.714823       0.797936
      -0.716568       0.951955
      -0.726067       1.040167
      -0.749976       1.058138
      -0.763878       1.061412
      -0.745612       1.062323
      -0.699546       1.053923
      -0.668827       1.020220
      -0.653186       0.994150
      -0.645432       0.970186
      -0.630108       0.966941
