       7.929446      13.697601
       8.022897      13.509292
       8.153247      13.306435
       8.312580      13.127381
       8.367205      12.981324
       8.330257      12.937442
       8.244299      12.955313
       8.236580      13.020540
       8.264344      13.076121
       8.311913      13.111193
       8.281816      13.114177
       8.160121      13.083579
       7.911272      12.823289
       7.266275      12.078502
       6.102143      10.740081
       4.377322       8.552161
       2.574587       5.416710
       1.281612       1.273574
       0.227262      -3.517014
      -0.660662      -8.407531
      -1.218133     -12.931005
      -1.480333     -16.825601
      -1.538637     -20.068906
      -1.552381     -22.659544
      -1.572197     -24.613292
      -1.639105     -25.980325
      -1.750332     -26.814796
      -1.878904     -27.219354
      -2.051839     -27.243622
      -2.193378     -27.050534
      -2.227838     -26.826292
      -2.299678     -26.615182
      -2.302807     -26.373236
      -2.318712     -26.053295
      -2.354426     -25.690710
      -2.301626     -25.387795
      -2.242933     -25.173566
      -2.234031     -25.074590
      -2.279203     -25.331075
      -2.343020     -26.208513
      -2.405562     -27.806316
      -2.496592     -30.001863
      -2.525204     -32.699422
      -2.582797     -35.873523
      -2.715429     -39.452032
      -2.818911     -43.252804
      -2.829939     -47.200107
      -2.503775     -51.253618
      -1.227367     -55.185000
      -0.275240     -58.931382
       0.246948     -62.399855
       0.508278     -65.844879
       0.599670     -69.290432
       0.679257     -72.848027
       0.927344     -76.515925
       1.378725     -80.064058
       1.906514     -83.439165
       2.349089     -86.638836
       2.576448     -89.941126
       2.791492     -93.434258
       3.179962     -97.189670
       3.471751    -100.813718
       3.517372    -104.199685
       3.377951    -107.671631
       3.006227    -111.504085
       2.499147    -115.706984
       1.846102    -119.799153
       1.016384    -123.488645
       0.145612    -126.753079
      -0.763066    -129.765959
      -1.678493    -132.578457
      -2.452554    -134.966549
      -3.141291    -136.689053
      -3.624232    -137.827093
      -3.944504    -138.527524
      -4.093812    -138.865913
      -4.009524    -138.917757
      -3.884595    -138.465791
      -3.637702    -137.534069
      -3.421418    -135.977208
      -3.152457    -133.793422
      -2.557467    -130.456365
      -1.590128    -125.574173
      -0.668706    -119.775402
       0.124317    -113.156775
       0.732979    -105.478996
       1.394465     -97.230566
       1.968770     -89.390922
       2.539036     -83.324014
       2.917313     -79.022401
       2.912574     -75.790834
       2.754245     -73.276057
       2.562522     -71.065353
       2.405114     -69.250085
       2.266672     -67.826025
       2.233782     -66.549449
       2.263347     -65.361051
       2.309350     -63.952762
       2.320726     -61.874369
       2.485195     -59.207917
       2.833941     -56.133358
       3.292744     -53.004789
       3.591000     -49.599394
       3.652316     -45.519883
       3.555952     -40.451642
       3.524557     -34.807722
       3.559059     -28.879987
       3.722735     -22.492076
       3.906624     -15.321636
       3.845087      -7.578102
       3.628505       0.582178
       3.403947       8.864051
       3.439953      17.446506
       3.537328      25.734203
       3.419957      33.596747
       3.267729      41.005648
       3.323593      47.853065
       3.513377      54.652573
       3.663598      61.257042
       3.786588      67.988181
       3.867768      75.460484
       3.780505      82.947780
       3.508123      89.417218
       3.167781      94.686253
       2.774173      99.412438
       2.023252     103.580784
       0.799622     107.085088
      -0.371268     109.421763
      -1.313914     110.817603
      -1.741191     111.905101
      -1.959346     112.853891
      -2.014270     113.599463
      -2.030352     114.035449
      -2.128655     114.445615
      -2.135714     114.949473
      -2.264686     115.325766
      -2.448078     115.447328
      -2.753147     115.301792
      -3.026016     114.839792
      -3.442511     113.672348
      -4.537282     110.677284
      -5.997828     105.466893
      -7.177409      98.607250
      -7.984208      90.965958
      -8.672716      83.023199
      -8.807030      76.043589
      -8.749432      70.799145
      -8.748576      66.998194
      -8.707027      64.405141
      -8.613745      61.819227
      -8.604448      59.259226
      -8.704314      56.951222
      -8.772215      55.240190
      -8.759335      54.192530
      -8.773142      53.589205
      -8.948302      53.091185
      -9.164581      52.443497
      -9.654955      51.482607
     -10.452359      50.234318
     -11.288293      48.795051
     -11.869978      46.954438
     -12.234135      44.306885
     -12.456459      41.064064
     -12.585463      37.557526
     -12.203628      32.935240
     -11.088456      26.330856
     -10.087108      19.405081
      -9.483175      14.160927
      -9.299437      10.946343
      -9.481210       9.502002
      -9.792962       9.122474
     -10.220161       9.233680
     -10.679647       9.414703
     -11.074485       9.625399
     -11.380209       9.833531
     -11.627234       9.986767
     -11.735672      10.051853
     -11.778478       9.995717
     -11.793806       9.947254
     -11.780646      10.047028
     -11.749804      10.353599
     -11.737700      10.863550
     -11.770538      11.688178
     -11.804294      12.767003
     -11.796737      14.098993
     -11.770560      15.470134
     -11.738727      16.565971
     -11.695925      17.243316
     -11.594216      17.564708
     -11.480478      17.700820
     -11.364942      17.779547
     -11.272062      17.840369
     -11.229203      17.868179
     -11.200252      17.912034
     -11.186096      17.979092
     -11.189936      18.227864
     -11.247180      18.962773
     -11.348532      19.886829
     -11.405362      20.670248
     -11.400782      21.008032
     -11.322870      21.186640
     -11.248415      21.907789
     -10.994616      24.458627
     -10.402581      30.203264
      -9.457994      39.593933
      -7.870446      51.630441
      -5.985821      65.198234
      -4.156069      78.769443
      -2.558134      90.382435
      -1.668517      98.953595
      -1.632538     104.132901
      -1.875145     107.750364
      -2.487234     111.506281
      -3.314727     115.423120
      -4.420223     118.765005
      -5.515837     121.256036
      -6.364405     123.462038
      -6.902051     125.883701
      -7.077821     128.344435
      -7.084655     130.647324
      -6.901314     132.673305
      -6.291040     134.536625
      -5.777655     136.078088
      -5.283341     136.886880
      -4.652931     137.008296
      -3.633299     137.202208
      -2.331880     137.790927
      -1.198855     137.653775
      -0.282688     136.474519
       0.367097     134.954426
       0.857896     133.392708
       1.323275     131.297378
       1.727036     128.742701
       1.917862     126.001474
       1.954359     122.529674
       1.840224     117.400803
       1.440362     109.831725
       0.360760      99.716624
      -1.499802      87.566576
      -3.225852      73.434056
      -3.855886      57.899979
      -3.749892      41.708834
      -3.195551      26.616258
      -2.496052      13.433039
      -2.014984       2.760355
      -1.773122      -5.580629
      -1.951370     -11.918023
      -2.419706     -16.941270
      -3.108004     -21.170769
      -3.880122     -24.550141
      -4.602315     -26.754637
      -4.601187     -27.504629
      -3.723812     -26.966036
      -2.349276     -25.179569
      -0.936114     -22.454592
       0.773367     -19.079803
       2.720003     -15.053880
       4.452495     -10.972916
       5.588784      -6.969168
       6.776916      -2.660109
       7.929280       1.449212
       8.877014       4.686568
      12.190624       6.843596
      16.470474       8.369866
      20.417224       9.645395
      23.423692      10.722666
      25.675306      11.806870
      27.166908      13.008311
      27.434307      14.324698
      26.774737      15.799958
      25.527903      17.265334
      22.900081      18.507965
      17.986179      19.585403
      11.375832      20.544837
       4.834421      21.415697
      -0.478960      22.224773
      -4.834008      22.925257
      -8.018742      23.440850
     -10.324141      23.861951
     -11.862838      24.144895
     -12.616564      24.260288
     -12.902893      24.100402
     -12.977189      23.444393
     -12.993834      22.084152
     -13.066945      19.127534
     -13.263586      13.343130
     -13.425823       4.619941
     -12.733449      -6.024824
     -11.487837     -16.726621
      -9.686991     -26.618662
      -7.799831     -35.095377
      -6.215320     -41.773699
      -5.204222     -46.560990
      -4.770683     -49.864883
      -4.791095     -52.288830
      -5.301511     -54.057223
      -6.037289     -55.345039
      -6.408289     -56.216923
      -6.571065     -56.544782
      -6.489491     -56.576007
      -6.395118     -56.346771
      -6.287053     -56.122721
      -6.125393     -55.987482
      -6.078912     -55.746622
      -5.952230     -55.156115
      -5.708755     -54.341228
      -5.370943     -53.407931
      -5.109457     -52.583476
      -4.952989     -51.773150
      -4.925586     -51.005439
      -4.966924     -50.251585
      -4.892173     -49.704364
      -4.885155     -49.367680
      -5.014961     -49.308322
      -5.259570     -49.443303
      -5.418901     -49.687184
      -5.556263     -49.861984
      -5.690758     -49.826809
      -5.789658     -49.651544
      -5.827520     -49.453542
      -5.820118     -49.208058
      -5.652396     -48.917808
      -5.372304     -48.587457
      -5.097151     -48.278210
      -4.825709     -48.007441
      -4.616410     -47.731484
      -4.473576     -47.479721
      -4.368784     -47.319424
      -4.282783     -47.328215
      -4.046061     -47.316578
      -3.840215     -47.143231
      -3.663680     -46.723098
      -3.614344     -46.150091
      -3.567460     -45.432995
      -3.525828     -44.800504
      -3.416454     -44.387613
      -3.309842     -44.240790
      -3.303872     -44.218040
      -3.295052     -44.227817
      -3.231351     -44.264017
      -3.143360     -44.265085
      -3.088962     -44.136845
      -3.101134     -43.947081
      -3.099608     -43.784973
      -3.106540     -43.761368
      -3.164860     -43.863472
      -3.242114     -44.007639
      -3.270020     -44.040263
      -3.304278     -43.899677
      -3.323500     -43.595549
      -3.249929     -43.265777
      -3.228423     -42.976352
      -3.107139     -42.755537
      -3.031281     -42.622401
      -2.963435     -42.516178
      -2.876707     -42.423729
      -2.773447     -42.291555
      -2.714709     -42.130501
      -2.713719     -41.955221
      -2.735175     -41.806125
      -2.775409     -41.705662
      -2.788407     -41.653264
      -2.831448     -41.600493
      -2.868271     -41.479961
      -2.885212     -41.226220
      -2.918847     -40.902393
      -2.921845     -40.578141
      -2.873164     -40.332008
      -2.848937     -40.130129
      -2.887215     -39.821968
      -2.878862     -39.358098
      -2.762633     -38.943334
      -2.411537     -38.628118
      -1.813902     -38.429561
      -0.680660     -38.169989
       1.179275     -37.375206
       2.652018     -35.982015
       4.001941     -34.321056
       4.894672     -32.705066
       5.373529     -31.213586
       5.321653     -29.779329
       4.674309     -27.945350
       3.241096     -25.357587
       1.377142     -22.102725
      -0.853590     -18.369442
      -2.588838     -14.384257
      -3.681267     -10.762514
      -4.334099      -7.817486
      -4.983245      -5.524677
      -5.525228      -3.813127
      -5.714467      -2.806760
      -5.884660      -2.399814
      -5.967758      -2.477162
      -6.025896      -2.856604
      -6.093034      -3.386893
      -6.036079      -3.948253
      -5.830266      -4.629088
      -5.539174      -5.580369
      -5.244488      -6.832979
      -5.017367      -8.282643
      -4.841678      -9.739002
      -4.776332     -10.610117
      -4.823435     -11.041751
      -4.923249     -11.387096
      -5.087630     -11.761723
      -5.255681     -12.130862
      -5.361411     -12.412601
      -5.511601     -12.586119
      -5.658914     -12.613227
      -5.784732     -12.564888
      -5.868456     -12.484186
      -5.907952     -12.426698
      -5.900404     -12.384171
      -5.915818     -12.308198
      -5.929478     -12.188806
      -5.906702     -12.031272
      -5.878193     -11.843278
      -5.811608     -11.572157
      -5.772808     -11.236112
      -5.744615     -10.852461
      -5.695411     -10.492840
      -5.647632     -10.197928
      -5.617216      -9.955879
      -5.581318      -9.742423
      -5.553661      -9.532311
      -5.515534      -9.284764
      -5.484289      -8.970520
      -5.449417      -8.588282
      -5.402745      -8.033295
      -5.333972      -7.070897
      -5.226103      -5.235481
      -5.128562      -2.279045
      -4.822298       2.175390
      -4.344662       8.320039
      -3.527760      16.482039
      -2.132241      27.319045
