       9.083870      11.792519
       8.952343       9.420352
       8.754397       7.082147
       8.557973       4.748035
       8.330095       2.623949
       8.137617       0.818740
       7.991616      -0.613291
       7.818076      -1.660938
       7.644110      -2.369141
       7.471348      -2.742220
       7.290239      -2.858385
       7.007222      -2.810914
       6.478961      -2.663236
       5.721234      -2.434293
       4.920699      -2.226963
       4.280776      -2.071750
       3.766577      -1.964366
       3.245802      -1.869298
       2.679760      -1.761920
       1.964357      -1.627475
       1.115170      -1.462841
       0.255773      -1.278534
      -0.487696      -1.102133
      -1.038530      -0.920347
      -1.413987      -0.730528
      -1.678105      -0.537399
      -1.890520      -0.350059
      -2.021637      -0.221213
      -2.098939      -0.125462
      -2.149591      -0.041653
      -2.130106       0.054090
      -2.066469       0.177801
      -1.988422       0.290656
      -1.885441       0.386728
      -1.838228       0.456452
      -1.802888       0.510217
      -1.754405       0.553866
      -1.743119       0.602891
      -1.783304       0.669062
      -1.756697       0.778128
      -1.699732       0.885118
      -1.653268       0.959103
      -1.649461       1.021592
      -1.659264       1.114104
      -1.644837       1.222480
      -1.617372       1.316079
      -1.647128       1.390560
      -1.700141       1.441476
      -1.780578       1.451613
      -1.826071       1.418727
      -1.875369       1.368635
      -1.931701       1.335142
      -1.984388       1.352338
      -2.017870       1.368709
      -2.065865       1.371840
      -2.133417       1.365474
      -2.238333       1.350777
      -2.337981       1.306609
      -2.398773       1.238675
      -2.467946       1.193205
      -2.515751       1.199922
      -2.552021       1.215745
      -2.589596       1.222668
      -2.646003       1.225356
      -2.682580       1.268058
      -2.743506       1.311763
      -2.803164       1.420954
      -2.873247       1.919713
      -3.096333       3.029323
      -3.425571       4.554001
      -3.718670       6.470636
      -3.959558       9.197825
      -4.158653      13.006079
      -4.270671      17.524501
      -4.308080      22.629268
      -4.288776      28.154589
      -4.370570      34.093941
      -4.706631      40.113209
      -5.052439      46.213572
      -5.401552      52.450073
      -5.642339      59.014972
      -5.911571      65.729049
      -6.120879      72.443301
      -6.300542      79.078189
      -6.479122      85.375271
      -6.237961      91.628592
      -5.527155      97.510603
      -4.515765     102.994590
      -3.225438     108.227848
      -1.604638     113.485935
       0.410582     118.715230
       2.806397     124.133959
       4.904784     129.437770
       6.436971     134.242464
       7.414297     138.244845
       7.980234     141.274744
       8.323522     143.838650
       8.316438     146.258643
       8.347534     148.368815
       8.466058     149.990663
       8.645630     151.119017
       8.837987     151.834127
       8.994566     152.324064
       9.231509     152.790037
       9.407846     153.265297
       9.511843     153.645116
       9.631765     153.736525
       9.591202     153.610544
       9.466251     153.500358
       9.361322     153.386528
       9.337357     153.174296
       9.493378     153.159064
       9.492576     153.282792
       9.242167     153.223915
       8.976407     152.917748
       8.758078     152.691896
       8.516086     152.583186
       8.292898     152.376316
       8.062469     152.042036
       7.849802     151.627674
       7.761108     151.124642
       7.863511     150.452702
       7.965676     149.461820
       8.089321     148.048349
       7.624866     145.214266
       5.940448     138.943480
       3.727289     128.927889
       1.176665     115.635829
      -1.292336     100.420047
      -2.824588      84.124044
      -3.150687      67.800759
      -2.685533      52.156835
      -1.943572      39.172989
      -1.326268      29.133988
      -1.249919      22.157695
      -1.324268      17.549106
      -1.776457      14.425112
      -2.700298      12.256123
      -3.520254      10.757181
      -4.051936       9.593081
      -4.461340       8.759228
      -4.938231       8.153743
      -5.366265       7.736231
      -5.630442       7.360002
      -5.698578       7.000500
      -5.719842       6.531826
      -5.661080       5.918325
      -5.511159       5.204100
      -5.277871       4.494767
      -4.972088       3.883046
      -4.624853       3.394837
      -4.248045       3.000377
      -3.922712       2.701766
      -3.463352       2.467018
      -2.549784       2.332832
      -0.777589       2.300162
       2.121855       2.525051
       5.224424       2.795326
       8.155022       3.050686
      10.690301       3.333299
      12.759753       3.595332
      14.351510       3.776847
      15.504055       3.789178
      16.260683       3.747866
      16.938437       3.720060
      17.684425       3.826500
      18.440758       4.067233
      19.157849       4.413052
      19.571038       4.904747
      19.671012       5.350187
      19.542167       5.738192
      19.351337       6.014980
      19.097956       6.248994
      18.599043       6.392682
      17.431080       6.441316
      15.249105       6.411537
      12.885223       6.367941
      11.059146       6.358663
       9.786211       6.259744
       8.753698       6.104706
       7.866693       5.834106
       7.088495       5.430706
       6.422414       4.927592
       5.760558       4.346809
       4.896170       3.742986
       3.917035       3.208366
       2.842067       2.800526
       1.647478       2.524807
       0.450541       2.400798
      -0.534844       2.445663
      -1.256939       2.613273
      -2.063854       2.841156
      -2.864986       3.064295
      -3.559354       3.258551
      -4.078782       3.475936
      -4.514687       3.671320
      -4.965378       3.838819
      -5.431252       3.978622
      -5.956129       4.093551
      -6.589680       4.164697
      -7.409358       4.185269
      -8.340063       4.169599
      -9.094279       4.131576
      -9.682007       4.108395
     -10.028566       4.133975
     -10.204989       4.199678
     -10.190811       4.274539
     -10.130640       4.240994
     -10.132992       4.168322
     -10.215730       4.127171
     -10.337642       4.118959
     -10.427744       4.164437
     -10.502500       4.220710
     -10.614581       4.283223
     -10.692532       4.377628
     -10.620410       4.468608
     -10.756859       4.473896
     -11.043641       4.461758
     -11.253882       4.529663
     -11.360733       4.639700
     -11.466144       4.740002
     -11.575846       4.782138
     -11.643017       4.752564
     -11.664810       4.645852
     -11.687310       4.458808
     -11.782460       4.220997
     -11.910189       3.943485
     -11.964842       3.659672
     -11.957239       3.392328
     -11.952276       3.165410
     -11.963899       3.004235
     -11.983415       2.866774
     -12.014054       2.762185
     -12.045367       2.660363
     -12.060307       2.531839
     -12.066007       2.392805
     -12.048406       2.212151
     -12.052450       2.018382
     -12.072115       1.851758
     -12.092486       1.750024
     -12.102365       1.716073
     -12.103835       1.740546
     -12.109448       1.788127
     -12.092503       1.855811
     -12.073484       1.853135
     -12.046369       1.794996
     -12.051259       1.743564
     -12.048959       1.699680
     -12.031074       1.620610
     -11.989510       1.499495
     -11.974909       1.361591
     -11.981212       1.226662
     -11.998653       1.120418
     -12.019846       1.076439
     -12.026842       1.104738
     -12.050040       1.159204
     -12.029834       1.219890
     -12.007129       1.239195
     -12.003770       1.237980
     -11.997998       1.233598
     -12.012473       1.269175
     -12.010959       1.334526
     -11.986147       1.389962
     -11.984642       1.437501
     -12.010274       1.487684
     -12.037833       1.524675
     -12.035975       1.558540
     -12.031913       1.593072
     -12.043095       1.631708
     -12.051691       1.667661
     -12.011250       1.708128
     -11.981429       1.712996
     -11.958243       1.670538
     -11.957485       1.619702
     -11.960363       1.623284
     -11.944119       1.652550
     -11.906068       1.648779
     -11.874468       1.597547
     -11.838945       1.577448
     -11.772635       1.579344
     -11.580698       1.578080
     -11.310889       1.576340
     -10.904003       1.572249
     -10.461087       1.562129
     -10.122418       1.547416
      -9.846827       1.519643
      -9.559739       1.425470
      -9.254008       1.311909
      -9.027934       1.211119
      -8.801336       1.176416
      -8.504508       1.202232
      -8.206240       1.238760
      -7.910634       1.283442
      -7.641582       1.327513
      -7.453821       1.364710
      -7.373738       1.405448
      -7.396221       1.448392
      -7.447184       1.514538
      -7.467369       1.607734
      -7.479068       1.680556
      -7.539034       1.705953
      -7.605019       1.650073
      -7.642931       1.564043
      -7.703333       1.501531
      -7.774560       1.484857
      -7.802995       1.494074
      -7.845741       1.490047
      -7.886129       1.478807
      -7.917221       1.459688
      -7.916864       1.426956
      -7.904823       1.392356
      -7.922099       1.375256
      -7.922988       1.388140
      -7.937289       1.423690
      -7.951017       1.492810
      -8.017099       1.560541
      -8.068305       1.631802
      -8.070371       1.680562
      -8.038561       1.671902
      -7.987961       1.598931
      -7.965173       1.508124
      -7.958898       1.495283
      -7.970692       1.571968
      -7.985775       1.654020
      -7.972380       1.650572
      -7.995928       1.564923
      -8.049003       1.471763
      -8.118538       1.427276
      -8.135243       1.411218
      -8.113504       1.392440
      -8.077427       1.281446
      -8.010698       1.030407
      -7.949527       0.508646
      -7.552697      -1.401938
      -6.487757      -5.653596
      -5.230496     -11.752302
      -3.467019     -19.281686
      -1.655681     -27.379133
       0.147602     -35.395636
       2.132631     -42.394699
       2.902110     -48.048837
       2.604950     -52.526144
       2.003843     -56.399605
       1.207595     -60.104776
       0.214891     -63.674528
      -0.560940     -66.515877
      -1.362252     -68.283872
      -2.161438     -69.274661
      -3.013931     -70.105217
      -3.738798     -70.786453
      -4.368531     -71.039286
      -4.807175     -70.865307
      -5.121235     -70.653517
      -5.480642     -70.624919
      -5.928662     -70.424469
      -6.627317     -69.363724
      -7.653149     -65.722647
      -7.841813     -59.371448
      -7.270039     -51.358476
      -6.365146     -42.416730
      -5.131830     -33.077806
      -3.867702     -24.344841
      -2.817200     -17.433647
      -2.246202     -12.344930
      -1.912907      -8.893738
      -1.962847      -6.898523
      -2.133733      -6.081392
      -2.492540      -5.972765
      -2.811193      -6.160966
      -2.922768      -6.350057
      -2.850950      -6.368429
      -2.654033      -6.231341
      -2.404035      -6.063676
      -2.111719      -5.955216
      -1.840000      -5.929967
      -1.682285      -6.007335
      -1.681648      -6.183178
      -1.665257      -6.371804
      -1.689976      -6.504919
      -1.706704      -6.552060
      -1.817207      -6.560473
      -1.938151      -6.584511
      -1.926237      -6.679671
      -1.844527      -6.793412
      -1.715659      -6.919875
      -1.312210      -7.161632
      -0.438152      -7.652599
       1.713147      -8.520817
       6.263974      -9.910325
      11.437586     -11.495469
      15.589467     -12.886814
      18.579654     -14.022337
      20.526390     -14.806376
      21.936372     -15.237051
      22.994013     -15.416472
      24.087458     -15.450909
      24.960527     -15.341516
      25.741639     -15.093526
      26.383380     -14.776394
      26.862737     -14.397874
      27.259395     -13.958524
      27.579845     -13.490985
      27.674853     -12.916611
      27.788481     -12.002919
      27.751373     -10.841451
      27.573606      -9.544934
      27.209091      -8.194775
      26.742001      -6.959722
      26.185301      -6.057331
      25.524654      -5.672993
      24.906923      -5.781624
      24.703547      -6.276252
      24.544878      -6.961818
      24.351027      -7.610896
      24.137541      -8.075332
      23.955893      -8.353969
      23.697415      -8.570090
      23.325945      -8.768037
      22.882316      -8.919372
      22.399023      -9.070510
      21.869100      -9.224170
      21.299208      -9.387489
      20.595394      -9.536175
      19.692538      -9.633449
      18.655248      -9.664831
      17.511596      -9.658739
      16.341191      -9.638208
      15.145085      -9.601252
      13.895229      -9.579338
      12.653734      -9.595167
      11.546093      -9.663524
      10.475282      -9.777680
       9.460732      -9.867979
       8.520489      -9.916991
       7.594100      -9.897249
       6.657571      -9.781529
       5.823161      -9.552369
       5.083671      -9.206608
       4.437954      -8.755821
       3.907933      -8.198054
       3.489081      -7.603825
       3.090279      -6.992956
       2.664091      -6.414973
       2.181560      -5.873029
       1.681250      -5.343078
       1.203003      -4.797773
       0.733826      -4.188984
       0.297938      -3.215404
      -0.112062      -1.903559
      -0.426368      -0.547331
      -0.629704       0.595550
      -0.763076       1.421623
      -0.868386       1.896267
      -0.972132       2.102340
      -1.042600       2.168386
      -1.047086       2.270654
      -1.010111       2.531059
      -1.032178       2.935232
      -1.075842       3.390968
      -1.107131       3.948827
      -1.167195       4.649257
      -1.209462       5.915467
      -1.155700       8.088802
      -0.837847      10.977162
      -0.346664      13.894063
      -0.106934      15.754576
      -0.364554      16.153621
      -1.049854      15.001054
      -1.924028      12.483335
      -2.567476       9.499666
      -2.998550       6.685754
      -3.392182       4.311685
      -3.695192       2.644366
      -3.836185       1.767031
      -3.824774       1.673084
      -3.728137       2.367072
      -3.661742       3.710847
      -3.593752       5.357851
      -3.123052       7.752733
      -2.060821      11.829045
      -0.389068      17.691584
       1.590063      24.204053
       3.515128      30.950602
       5.515839      37.829286
       7.519290      43.699543
       9.159701      47.805661
      10.185130      50.035690
      10.564229      50.686085
      10.614370      50.641997
      10.407860      50.467217
      10.248253      50.553876
      10.072145      50.930233
       9.944258      51.479329
       9.810998      52.007462
       9.816011      52.445133
       9.948271      52.777261
      10.228007      53.077392
      11.297460      53.449036
      13.774476      53.984174
      17.030539      54.908776
      19.588170      55.984029
      21.556402      56.719129
      23.009646      57.023349
      24.089872      57.079200
      24.968066      57.207309
      25.492046      57.628150
      25.935682      58.247703
      26.382365      58.887868
      26.882583      59.478497
      27.200060      60.035889
      27.298470      60.659662
      27.018358      61.451682
      26.306297      62.274180
      25.286237      62.973212
      23.954203      63.565614
      21.719521      64.073294
      18.063374      64.443681
      13.619935      64.413330
       9.313597      63.822536
       5.731937      63.005283
       2.503470      62.288994
      -0.412698      61.855437
      -2.581561      61.831744
      -4.216472      62.108633
      -5.386738      62.499818
      -6.259707      62.848892
      -6.934049      63.021574
      -7.453556      62.982931
      -7.906141      62.814509
      -8.297109      62.575651
      -8.713243      62.296163
      -9.247830      61.891466
      -9.957693      61.010480
     -11.098172      59.118222
     -12.744689      56.215369
     -14.297792      53.210872
     -15.233818      51.065355
     -15.823561      49.633121
     -16.266677      48.578855
     -16.569224      47.719356
     -16.705523      46.985620
     -16.774229      46.169903
     -16.801646      45.183543
     -16.738187      44.193784
     -16.586130      43.077990
     -15.964165      40.921369
     -15.062626      37.863810
     -13.919123      34.443161
     -12.660127      30.671624
     -11.408545      26.722811
     -10.317271      23.241981
      -9.447717      20.653006
      -8.838805      19.123504
      -8.303488      18.777477
      -7.867609      19.745834
      -7.297791      22.391203
      -6.107149      26.646607
      -3.939141      32.362733
      -1.217939      38.421795
       1.533447      44.135947
       4.287169      49.119792
       6.785802      53.251909
       8.854651      56.601215
      10.548700      59.034793
      12.127055      60.651274
      13.314816      61.560120
      14.139556      61.953568
      14.593572      62.032358
      14.954601      62.040144
      15.638741      62.177166
      16.618366      62.379373
      17.640738      62.520062
      19.129498      62.524987
      21.824445      62.420983
      24.691307      62.206220
      27.217193      61.713165
      29.432425      61.042881
      31.201042      60.395012
      32.503011      59.839490
      33.410344      59.310400
      34.118100      58.859085
      34.388139      58.479902
      34.343367      58.024848
      34.132210      57.407515
      33.606707      56.610420
      32.472696      55.661464
      30.769676      54.806565
      29.783960      54.108965
      29.729571      53.447351
      29.514196      52.655389
      28.676092      51.615495
      27.404149      50.438561
      25.711091      49.224009
      23.550507      48.008869
      20.671778      46.792107
      17.476726      45.565689
      14.784660      44.206543
      12.719037      42.783188
      11.552694      41.487256
      10.956453      40.245058
      10.624691      38.976163
      10.348797      37.498083
       9.983458      35.924855
       9.585571      34.625001
       9.317094      33.726102
       8.974249      32.988806
       8.530387      32.221804
       8.227059      31.216510
       8.114519      30.120007
       8.156801      29.113462
       8.290278      28.274460
       8.382813      27.487576
       8.366429      26.624731
       8.249518      25.772272
       8.044330      25.014654
       7.814043      24.456740
       7.544365      24.221203
       7.349828      24.271204
       7.226854      24.484874
       7.070975      24.816274
       6.904884      25.397560
       6.737532      26.537890
       6.645569      28.643025
       6.514693      31.544716
       6.091625      34.864885
       5.311195      38.157723
       4.224187      40.887088
       2.867192      42.734788
       1.775067      43.848615
       0.826939      44.741180
      -0.178059      45.624746
      -1.159190      46.360245
      -1.991226      46.789402
      -2.652862      46.730986
