       2.837785     -10.491152
       1.846600      -9.179980
       0.472687      -7.647824
      -0.792435      -6.134373
      -1.617783      -4.732569
      -2.184963      -3.416150
      -2.638226      -2.235466
      -3.035886      -1.231483
      -3.314289      -0.477406
      -3.493037      -0.039417
      -3.731802       0.128884
      -4.138479       0.128523
      -4.804969       0.133108
      -5.726627       0.165403
      -6.486007       0.372860
      -6.776463       0.762027
      -6.812634       1.388914
      -6.608846       2.486008
      -6.179497       4.131931
      -5.547648       6.069180
      -4.948507       7.899307
      -4.374461       9.721701
      -3.771406      11.955598
      -3.059883      15.082915
      -2.388695      18.736429
      -1.721215      22.286136
      -1.005039      25.295458
      -0.250594      27.191684
       0.317563      28.009677
       0.633946      28.105938
       0.826381      27.980088
       0.927687      27.783791
       1.165935      27.861171
       1.422764      28.638380
       1.711157      30.629441
       1.940391      33.464559
       2.216010      36.974217
       2.521845      41.152369
       2.762109      45.857441
       2.860412      51.034940
       2.867434      56.475482
       2.760093      62.132539
       2.530385      67.938717
       2.422780      73.725035
       2.302305      79.583485
       2.226978      85.205946
       2.282097      90.457602
       2.420718      95.109883
       2.572210      99.428534
       2.851900     103.461894
       3.257304     107.198606
       4.004978     110.583009
       4.817414     113.886960
       5.710012     117.328045
       6.652825     120.960137
       7.465899     124.600398
       8.065581     127.865814
       8.587843     130.952306
       8.963322     133.634102
       9.449771     135.595815
      10.002764     137.087630
      10.700418     138.539006
      11.356294     140.148429
      11.866453     141.670203
      12.560561     143.371968
      13.081659     145.262418
      13.559364     146.729036
      14.084656     147.766088
      14.604465     149.006222
      14.866572     150.778559
      14.580673     153.093086
      14.267594     155.636010
      14.008497     157.355348
      13.872015     157.669947
      13.634509     157.895507
      13.408265     157.550455
      12.711643     156.620228
      11.162478     155.851312
       8.846354     154.798776
       6.387426     153.145154
       3.043277     151.430731
      -1.459225     150.347052
      -6.311514     149.659880
      -9.911592     148.650105
     -11.007937     147.687627
      -9.945743     147.585484
      -7.219811     148.593229
      -3.094375     150.055018
       0.954939     151.178856
       3.946531     151.530436
       5.758543     151.142797
       6.939044     150.772012
       7.581424     150.629439
       7.578593     150.150061
       6.483162     147.701324
       4.501952     141.447712
       3.177166     131.655341
       2.108361     120.544181
       0.614741     109.315734
      -0.423683      97.888129
      -0.317546      86.633823
       0.438527      76.568181
       0.946006      67.652697
       1.190315      59.353647
       1.191815      52.250381
       0.972670      46.515810
       0.517087      41.573454
       0.254258      36.907326
       0.221520      32.484421
       0.037081      28.427842
      -0.198362      24.675721
      -0.586293      21.395790
      -1.038630      18.357422
      -1.565152      15.474501
      -1.895498      12.642601
      -2.272418      10.083095
      -2.808662       7.846664
      -3.602980       6.279435
      -4.896242       5.328008
      -5.798732       4.653772
      -5.967358       3.932764
      -6.149416       3.216297
      -6.371095       2.640555
      -6.694324       2.245391
      -7.120731       1.951125
      -7.751655       1.714925
      -8.375563       1.603212
      -8.752499       1.651961
      -9.290598       1.808768
      -9.906910       1.970589
     -10.282618       2.112357
     -10.260282       2.194285
      -9.882609       2.179909
      -9.146695       2.026719
      -7.676021       1.758285
      -5.982005       1.388387
      -4.278440       0.942194
      -2.465619       0.646165
      -0.883048       0.683029
       0.565243       0.974621
       1.719233       1.424914
       2.869528       1.984709
       3.812569       2.533252
       4.662676       3.110679
       5.635354       3.736306
       6.733011       4.416727
       7.789156       5.089892
       8.772991       5.731014
       9.763079       6.326499
      10.690294       6.816716
      11.503309       7.203258
      12.111901       7.486484
      12.516639       7.726750
      12.884300       7.956776
      13.198311       8.138640
      13.430446       8.335225
      13.655451       8.513826
      13.897967       8.667525
      14.105363       8.758712
      14.249053       8.813337
      14.248877       8.869171
      14.174391       8.928468
      14.160517       9.028938
      14.192482       9.166306
      14.276236       9.375446
      14.416699       9.625267
      14.649044       9.858657
      14.874339       9.971796
      15.095626       9.997682
      15.329713       9.960345
      15.549242       9.912494
      15.713740       9.888403
      15.799822       9.889547
      15.819958       9.874595
      15.817032       9.816225
      15.779913       9.670131
      15.711162       9.463985
      15.606308       9.214083
      15.502168       8.948214
      15.377245       8.663397
      15.201029       8.407604
      15.074792       8.191439
      14.980072       8.032692
      14.937660       7.886386
      14.948887       7.738184
      14.926827       7.568280
      14.878506       7.381146
      14.859991       7.181999
      14.855243       6.963699
      14.837927       6.765245
      14.787006       6.616515
      14.748590       6.501986
      14.687476       6.449688
      14.621975       6.441347
      14.557853       6.450124
      14.564263       6.436588
      14.612312       6.360622
      14.633796       6.263541
      14.616866       6.150559
      14.656621       5.993564
      14.726444       5.754970
      15.298904       5.144364
      16.596512       3.868262
      17.634236       1.847155
      18.328637      -0.657251
      18.850228      -3.322653
      19.308302      -5.843958
      19.851337      -8.073561
      20.301538      -9.867789
      20.791157     -11.226885
      21.279059     -12.193554
      21.644523     -12.804261
      21.776234     -12.995639
      21.761150     -12.833969
      21.760390     -12.495107
      21.793007     -12.038346
      21.649281     -11.454498
      21.745719     -10.227584
      21.820724      -8.362901
      21.809116      -6.481223
      21.612343      -4.908143
      21.275999      -3.603957
      20.936088      -2.735254
      20.625248      -2.258559
      20.397167      -2.104066
      20.171145      -2.131108
      20.050116      -2.182774
      20.035940      -2.172454
      20.066662      -2.139094
      20.080694      -2.060295
      20.128462      -1.967922
      20.131416      -1.906741
      20.145839      -1.918967
      20.105816      -2.008873
      20.016431      -2.145026
      19.907426      -2.295840
      19.842468      -2.433499
      19.775078      -2.542770
      19.717135      -2.616206
      19.626161      -2.641850
      19.573275      -2.638212
      19.507343      -2.613257
      19.452022      -2.566022
      19.413032      -2.515266
      19.386554      -2.469660
      19.426974      -2.451414
      19.489152      -2.444457
      19.486632      -2.425277
      19.464181      -2.387162
      19.446916      -2.349729
      19.440848      -2.326754
      19.395504      -2.311325
      19.345850      -2.306193
      19.318977      -2.334787
      19.307924      -2.368923
      19.285649      -2.397604
      19.260514      -2.394152
      19.249481      -2.368510
      19.268519      -2.383940
      19.272492      -2.420312
      19.273628      -2.458036
      19.247902      -2.474316
      19.236768      -2.491171
      19.215919      -2.493080
      19.170976      -2.493414
      19.142784      -2.478907
      19.124147      -2.510542
      19.128656      -2.520301
      19.117163      -2.527919
      19.113252      -2.518082
      19.118241      -2.502189
      19.145608      -2.503817
      19.129738      -2.534458
      19.116875      -2.571152
      19.097011      -2.595177
      19.092884      -2.606707
      19.087517      -2.604326
      19.057850      -2.591502
      19.058044      -2.544403
      19.048280      -2.553212
      18.997529      -2.559443
      18.923079      -2.585447
      18.938863      -2.605020
      18.988556      -2.587627
      19.042097      -2.554974
      19.134483      -2.558826
      19.233893      -2.634126
      19.232657      -2.751653
      19.174698      -2.906443
      19.133366      -3.048435
      19.101098      -3.133984
      19.002977      -3.134997
      18.906300      -3.136111
      18.908539      -3.255542
      18.932892      -3.418302
      18.889974      -3.557562
      18.791405      -3.616060
      18.740010      -3.620868
      18.724709      -3.603409
      18.694185      -3.609620
      18.654890      -3.635694
      18.622718      -3.678083
      18.627037      -3.705688
      18.609785      -3.727023
      18.572273      -3.737500
      18.517210      -3.739905
      18.505538      -3.743289
      18.468857      -3.792602
      18.426252      -3.819560
      18.396033      -3.825116
      18.382350      -3.798907
      18.371360      -3.768932
      18.360922      -3.755937
      18.325594      -3.771719
      18.286274      -3.813613
      18.238514      -3.878650
      18.202155      -3.937846
      18.156008      -3.968229
      18.079389      -3.984830
      18.017950      -4.027443
      17.988813      -4.142189
      17.970077      -4.249502
      17.942322      -4.342861
      17.881339      -4.432891
      17.857924      -4.476255
      17.846682      -4.488630
      17.848729      -4.489839
      17.828386      -4.493924
      17.798013      -4.511071
      17.791193      -4.529431
      17.762353      -4.530172
      17.696349      -4.519591
      17.655851      -4.502867
      17.612396      -4.503999
      17.540068      -4.477133
      17.530022      -4.469745
      17.532507      -4.451257
      17.537756      -4.439113
      17.569201      -4.463402
      17.567969      -4.505492
      17.507242      -4.527806
      17.437094      -4.528025
      17.362947      -4.527816
      17.271868      -4.504807
      17.177993      -4.454706
      17.108831      -4.379448
      17.038762      -4.287244
      16.927963      -4.189024
      16.774048      -4.058617
      16.709874      -3.915756
      16.633971      -3.770681
      16.626248      -3.623056
      16.699825      -3.461629
      16.648672      -3.269048
      16.575159      -3.065441
      16.553032      -2.874778
      16.546760      -2.697901
      16.465030      -2.526050
      16.363725      -2.388389
      16.416323      -2.315595
      16.458857      -2.310566
      16.514263      -2.322685
      16.539266      -2.372876
      16.533079      -2.401662
      16.515128      -2.407455
      16.507191      -2.458591
      16.482100      -2.599516
      16.395454      -2.830747
      16.293304      -3.119761
      16.177848      -3.385955
      16.037285      -3.629766
      15.953549      -3.809197
      15.890886      -3.977767
      15.865013      -4.239470
      15.854818      -4.519653
      15.846627      -4.870542
      15.836906      -5.217217
      15.791776      -5.575205
      15.726398      -5.967258
      15.652973      -6.380782
      15.593924      -6.848986
      15.531466      -7.345846
      15.420415      -7.865204
      15.251652      -8.382100
      15.054536      -8.870308
      14.873517      -9.446385
      14.735150     -10.312478
      14.524085     -11.423783
      14.334500     -12.635614
      14.187998     -13.919862
      14.126435     -15.495086
      14.074027     -17.655805
      14.013642     -20.352182
      13.881066     -23.415018
      13.710876     -26.938740
      13.393039     -30.709895
      12.841364     -34.355215
      12.165495     -37.522963
      11.534350     -39.932681
      11.035424     -41.423853
      10.613285     -42.135479
      10.276437     -42.335584
       9.988149     -42.442244
       9.745172     -42.581694
       9.498437     -42.862454
       9.297202     -43.171769
       9.149982     -43.515671
       9.042319     -43.839867
       8.994509     -44.110758
       8.990918     -44.235176
       9.033907     -44.164860
       9.150389     -43.972887
       9.271019     -43.808029
       9.410903     -43.712754
       9.557998     -43.712458
       9.687639     -43.723580
       9.754483     -43.735864
       9.729287     -43.728578
       9.726126     -43.680707
       9.674216     -43.564673
       9.621519     -43.449110
       9.564423     -43.361999
       9.553081     -43.329890
       9.522760     -43.252809
       9.479363     -43.112339
       9.470487     -42.945121
       9.481880     -42.751063
       9.583102     -42.555967
       9.687037     -42.302498
       9.802652     -41.973430
      10.015163     -41.622311
      10.376589     -41.165692
      10.833639     -40.331226
      11.436293     -38.961541
      12.150615     -37.037693
      13.009283     -34.501273
      13.923886     -31.513014
      14.942135     -28.214405
      15.913891     -24.652954
      16.882644     -20.749882
      17.636452     -16.642228
      18.272998     -12.413930
      18.761504      -7.938212
      19.307819      -3.434672
      19.785137       0.881661
      19.942132       4.796013
      19.848957       8.030346
      19.655724      10.483207
      19.609712      12.272002
      19.698922      13.489468
      19.738630      14.277173
      19.714305      14.848194
      19.683958      15.593519
      19.644220      16.431093
      19.524611      17.274200
      19.330559      18.128864
