      14.405255      12.507196
      14.445585      12.555692
      14.449029      12.479076
      14.430037      12.327601
      14.377953      12.148742
      14.315791      12.009905
      14.246371      11.899282
      14.202471      11.799818
      14.156520      11.701254
      14.102078      11.618137
      14.033411      11.778372
      13.851800      12.306954
      13.380318      13.162465
      12.393393      14.385985
      10.904050      16.669792
       9.608796      20.065430
       8.847831      24.042251
       8.121736      27.606284
       7.357994      30.137600
       6.693930      31.430034
       6.049228      31.635241
       5.344690      31.052107
       4.608701      29.929746
       4.161409      28.602821
       4.010863      26.737091
       3.887958      23.739474
       3.724968      19.287782
       3.819335      13.355910
       4.211566       6.447422
       4.641639      -0.370059
       4.994524      -6.243363
       5.184757     -10.656005
       5.178793     -13.849019
       5.071632     -16.042045
       4.790994     -17.547522
       4.360624     -18.691550
       3.803471     -19.654523
       3.164301     -20.436516
       2.500315     -21.030727
       1.861120     -21.416860
       1.366885     -21.600023
       0.980047     -21.624474
       0.718118     -21.560844
       0.613609     -21.549547
       0.529169     -21.624461
       0.521304     -21.827976
       0.595463     -22.132132
       0.871876     -22.833719
       1.337756     -24.568386
       1.835426     -28.288438
       2.049334     -33.579961
       2.017432     -39.265826
       1.823668     -43.833854
       1.603599     -46.417645
       1.352380     -47.930661
       1.239306     -49.147720
       1.320257     -50.353971
       1.509800     -51.408853
       1.595745     -51.840143
       1.647745     -51.500952
       1.837126     -50.724892
       2.087434     -49.987203
       2.332253     -49.568046
       2.461661     -48.768915
       2.617315     -47.014903
       2.971702     -44.283012
       3.461735     -40.932978
       3.902101     -36.839381
       4.370837     -30.994364
       5.366874     -23.327142
       6.747630     -13.925475
       7.992560      -3.155164
       9.065989       8.956476
       9.874878      22.041830
      10.453145      35.532609
      10.572295      48.596379
      10.455073      60.878888
      10.117609      71.324471
       9.832355      79.887874
       9.487932      86.929849
       9.004090      92.625457
       8.562264      97.310124
       7.924038     100.719405
       7.168500     103.145381
       6.166932     105.373968
       5.212418     107.814739
       4.293026     110.684346
       3.312338     113.476649
       2.018242     116.012209
       0.701968     118.539095
      -0.251800     121.577202
      -0.973653     125.000714
      -1.721000     128.309192
      -2.478614     131.355808
      -3.034114     134.314085
      -3.486954     136.985332
      -3.744658     139.004474
      -3.983944     140.497610
      -4.187794     141.740008
      -4.278016     143.180397
      -4.411557     144.644974
      -4.816408     145.118204
      -5.502958     143.695416
      -6.039981     140.007061
      -5.920750     134.694332
      -5.057793     128.613251
      -3.977225     122.497229
      -3.272711     116.880043
      -2.771110     111.913192
      -2.467598     107.561872
      -2.405806     104.354751
      -2.537983     102.067627
      -2.465584     100.478302
      -2.338170      99.309867
      -2.139273      98.331867
      -1.995038      97.331786
      -1.873169      96.315376
      -1.811539      95.234164
      -1.712686      94.173478
      -1.606570      93.242755
      -1.443739      92.555380
      -1.257748      92.064908
      -1.114985      91.656374
      -0.988587      91.339550
      -1.060107      90.974370
      -1.331946      90.206067
      -1.531549      88.758693
      -1.671215      86.401123
      -1.640007      82.741133
      -1.105203      77.099423
      -0.351908      70.073170
       0.249550      62.903427
       0.688485      56.988063
       0.651306      53.186699
       0.372184      50.973854
       0.056450      49.474937
      -0.276086      48.127065
      -0.592199      46.724628
      -0.737696      45.179536
      -0.884179      43.588987
      -0.986728      42.115915
      -1.024408      40.800410
      -0.984456      39.506582
      -0.949775      37.976466
      -1.023127      36.113752
      -1.139156      33.998809
      -1.260517      31.812716
      -1.361211      29.784734
      -1.354991      28.029654
      -1.189740      26.626093
      -0.745807      25.763437
       0.030661      25.651653
       0.932293      26.057214
       1.885066      26.520853
       2.748759      26.791397
       3.393295      26.725725
       3.779760      26.240394
       3.884242      25.317448
       3.792091      23.835337
       3.613852      21.628551
       3.940767      17.849299
       4.552162      12.859163
       5.183286       6.565561
       5.489245      -0.508065
       5.481558      -7.596028
       5.427277     -14.418340
       5.472191     -20.680832
       5.813604     -26.453363
       6.258316     -31.716358
       6.516776     -36.626843
       6.421079     -42.729746
       5.950135     -50.575155
       4.964093     -58.893633
       3.931744     -67.432373
       3.063642     -75.313034
       2.773448     -81.721420
       1.773980     -86.308752
       0.290914     -89.637105
      -1.524470     -92.179670
      -3.336050     -94.424207
      -4.846898     -95.993453
      -6.139815     -97.340995
      -7.271692     -98.862613
      -8.240373    -100.361403
      -9.067726    -102.207140
      -9.932692    -104.216384
     -10.946625    -106.483147
     -11.905743    -109.369268
     -13.223466    -113.151199
     -14.003356    -116.885453
     -14.629433    -119.848500
     -15.066559    -121.926344
     -15.144539    -123.343138
     -15.343920    -124.203016
     -15.493018    -124.971601
     -15.325848    -125.926569
     -15.072660    -127.094266
     -14.230590    -128.662744
     -13.816441    -130.212718
     -13.563773    -131.559862
     -13.062895    -132.740575
     -12.560663    -133.879498
     -11.906885    -134.993088
     -11.020948    -135.960247
     -10.235188    -136.395271
     -10.651914    -135.337285
     -14.027401    -131.798458
     -18.142244    -127.463788
     -20.054332    -124.674079
     -20.673303    -123.407882
     -21.660668    -123.119365
     -23.275004    -122.326689
     -25.446946    -120.837031
     -27.183587    -119.095457
     -28.664918    -117.118085
     -30.713026    -114.619798
     -33.656484    -111.539843
     -36.908147    -107.926314
     -39.814094    -104.248557
     -41.989929    -100.590383
     -43.541228     -96.744553
     -44.591375     -92.929740
     -45.140292     -90.011893
     -44.977552     -88.204342
     -44.147589     -87.023813
     -42.448607     -86.146479
     -40.641537     -85.020767
     -39.330689     -83.371506
     -38.223026     -81.592330
     -37.254144     -80.072475
     -36.324634     -79.127551
     -35.770338     -78.714223
     -35.613058     -78.258814
     -35.710507     -77.518069
     -35.665409     -76.827216
     -35.335834     -76.148729
     -35.072950     -75.627755
     -34.766775     -75.247581
     -34.515186     -75.165215
     -34.323254     -75.437704
     -33.994914     -76.417337
     -33.121284     -78.762531
     -31.749459     -82.760425
     -29.881863     -87.989729
     -27.326609     -94.216064
     -24.448323    -100.617398
     -21.367438    -106.762212
     -18.247728    -111.946900
     -15.406758    -115.722420
     -12.980217    -118.703670
     -11.315707    -121.358374
     -10.466953    -123.719111
      -9.810752    -125.711666
      -9.694804    -127.435753
      -9.336425    -129.171518
      -8.331470    -130.545259
      -7.507547    -131.672302
      -6.510449    -132.593708
      -5.712787    -133.315472
      -5.287473    -133.640397
      -5.172502    -133.794092
      -4.715310    -134.004625
      -4.484395    -134.239831
      -4.587935    -134.367590
      -4.850627    -134.324431
      -4.844119    -134.083775
      -4.819829    -133.703014
      -4.704727    -133.437976
      -4.805754    -133.213659
      -4.843035    -133.112788
      -4.921245    -133.031103
      -4.987054    -132.986981
      -5.020355    -132.953303
      -5.030375    -132.883061
      -4.932556    -132.903266
      -4.915983    -132.849926
      -4.874443    -132.742460
      -4.763742    -132.556018
      -4.555022    -132.316246
      -4.234685    -132.066488
      -4.070711    -131.820791
      -3.833428    -131.491077
      -3.677123    -130.603679
      -3.285858    -128.831235
      -1.711865    -125.874551
       0.749277    -121.208573
       3.139884    -115.026010
       5.570612    -107.146325
       7.687843     -98.399244
       9.457306     -90.403184
      10.827295     -83.600301
      12.459886     -78.018998
      14.060666     -73.264133
      15.084211     -69.843467
      15.614262     -67.457197
      16.091107     -65.551646
      16.423234     -63.353964
      16.527246     -60.755530
      16.259386     -57.602345
      15.854185     -54.171198
      15.542052     -50.857931
      15.329740     -47.537029
      15.104126     -44.311227
      14.970855     -41.357622
      14.861059     -38.732180
      14.668666     -36.351938
      14.432399     -34.291452
      14.276069     -32.581795
      14.102784     -31.273633
      13.749739     -30.257595
      13.376262     -29.414578
      13.009076     -28.524264
      12.507323     -27.575097
      11.805298     -26.557454
      11.059386     -25.716409
      10.297404     -25.134989
       9.569780     -24.732922
       8.952461     -24.403354
       8.453246     -23.999439
       7.989102     -23.509424
       7.485742     -23.058551
       6.980812     -22.727984
       6.514421     -22.560903
       6.032483     -22.497286
       5.598247     -22.486124
       5.167549     -22.472002
       4.727904     -22.469156
       4.383407     -22.435730
       4.049218     -22.444776
       3.805276     -22.420477
       3.696531     -22.443664
       3.704808     -22.462757
       3.716617     -22.472204
       3.726208     -22.425698
       3.706308     -22.361969
       3.640505     -22.304110
       3.543610     -22.288672
       3.435195     -22.273068
       3.324271     -22.310625
       3.193402     -22.388241
       3.122440     -22.486119
       3.087266     -22.574566
       3.023607     -22.633030
       2.959453     -22.609080
       2.910255     -22.574855
       2.836886     -22.542776
       2.747447     -22.569058
       2.666513     -22.632401
       2.570360     -22.731137
       2.455344     -22.805928
       2.357635     -22.855323
       2.292245     -22.852115
       2.226837     -22.831614
       2.143834     -22.779340
       2.064686     -22.711857
       1.948028     -22.642156
       1.900194     -22.564946
       1.844611     -22.515643
       1.797841     -22.469967
       1.759378     -22.439504
       1.735710     -22.416363
       1.716384     -22.412200
       1.669445     -22.413296
       1.624197     -22.432702
       1.595394     -22.448978
       1.558354     -22.469593
       1.496234     -22.478571
       1.449173     -22.499194
       1.422290     -22.533733
       1.368362     -22.619058
       1.344407     -22.699175
       1.314807     -22.764895
       1.277820     -22.806802
       1.280369     -22.872634
       1.308021     -22.952010
       1.323151     -23.020795
       1.309307     -23.048116
       1.303807     -23.086615
       1.305066     -23.124522
       1.330547     -23.174673
       1.330186     -23.178660
       1.348878     -23.133177
       1.373372     -23.101502
       1.407719     -23.120595
       1.466506     -23.150235
       1.490487     -23.166843
       1.505552     -23.147124
       1.530953     -23.141859
       1.543768     -23.153763
       1.519532     -23.170501
       1.489461     -23.197035
       1.480973     -23.224304
       1.496497     -23.229283
       1.486427     -23.194825
       1.472644     -23.152692
       1.508933     -23.119881
       1.516511     -23.149817
