      35.474084     -27.264558
      35.461570     -27.269525
      35.454811     -27.210663
      35.421563     -27.117410
      35.415661     -27.037920
      35.438552     -27.002374
      35.463714     -26.979102
      35.463192     -26.975158
      35.457796     -26.977579
      35.424062     -26.918374
      35.380394     -26.811643
      35.335756     -26.739475
      35.329614     -26.683921
      35.307095     -26.616000
      35.217240     -26.548366
      35.029091     -26.495121
      34.724917     -26.481397
      34.701917     -26.460915
      34.786361     -26.476929
      34.766015     -26.571214
      34.683732     -26.797835
      34.488514     -27.442828
      33.915963     -29.398052
      32.989107     -32.656721
      32.247539     -36.563842
      31.361718     -41.000000
      30.152921     -45.829736
      28.460605     -50.655194
      26.396723     -55.007709
      24.060404     -58.798567
      21.384857     -61.915848
      18.977300     -64.315956
      16.931803     -66.181670
      15.482666     -67.709675
      14.294914     -68.968887
      13.325081     -70.069649
      12.481565     -70.971389
      11.892742     -71.882222
      11.357378     -72.696560
      10.872891     -73.310891
      10.468424     -73.728935
      10.130425     -74.022810
       9.718717     -74.310326
       9.374772     -74.622603
       9.135910     -74.839304
       8.997955     -74.950676
       8.900844     -75.013584
       8.803790     -75.051124
       8.745811     -75.088188
       8.688888     -75.106072
       8.646914     -75.112978
       8.539546     -75.140668
       8.373879     -75.246022
       8.234125     -75.515698
       8.029791     -76.061001
       7.790093     -76.761758
       7.586670     -77.418554
       7.361553     -78.102709
       7.123183     -78.891854
       6.892671     -79.786649
       6.740689     -80.699323
       6.662398     -81.662514
       6.567969     -82.628323
       6.475124     -83.556666
       6.440869     -84.381884
       6.480074     -85.152227
       6.501930     -85.896508
       6.514873     -86.592286
       6.573249     -87.347543
       6.642973     -88.171401
       6.632363     -88.917984
       6.659079     -89.578568
       6.630315     -90.144888
       6.579381     -90.659635
       6.560375     -91.083303
       6.605052     -91.303803
       6.746965     -91.126920
       7.055102     -90.313970
       7.522976     -88.568861
       8.112887     -85.985459
       8.883296     -82.522605
       9.959885     -77.633132
      11.413975     -70.611411
      13.232568     -61.131211
      15.238899     -49.465787
      16.716171     -35.807317
      17.050362     -21.569604
      15.641032      -7.318571
      13.168220       6.528346
      10.544272      19.735519
       8.410016      30.936165
       7.053250      38.862783
       6.181572      43.916123
       5.557868      47.383314
       4.871903      50.336005
       4.207323      53.069693
       3.521586      55.432994
       2.812887      57.387354
       2.245755      59.483271
       1.629329      62.001400
       0.845463      63.983415
      -0.162999      64.797559
      -1.987800      64.641785
      -5.119553      63.226958
      -9.747435      60.337107
     -14.232428      56.611002
     -17.321544      52.715262
     -18.982689      49.167964
     -19.638105      46.661098
     -19.502347      45.244339
     -18.999341      44.794166
     -18.800509      44.827800
     -19.089382      44.945744
     -19.272834      44.670336
     -19.309285      43.420405
     -19.219324      41.235832
     -19.132288      38.570240
     -19.761758      35.663928
     -21.316975      32.364630
     -22.665460      28.829079
     -23.057356      25.183103
     -22.911961      21.233483
     -22.324111      16.853216
     -21.437495      11.746531
     -20.564664       5.931654
     -19.599193      -1.036481
     -18.604574      -8.673320
     -17.451103     -16.159690
     -15.819367     -22.868063
     -14.027052     -28.649687
     -12.314746     -33.775430
     -10.641459     -38.816610
      -8.726884     -43.972629
      -6.566817     -48.999270
      -4.486160     -53.856968
      -2.796614     -58.309047
      -1.332795     -62.244421
      -0.027904     -65.510395
       1.493211     -68.189631
       2.843286     -70.351920
       3.897599     -72.038900
       4.614048     -73.458870
       5.081141     -74.739245
       5.386172     -75.875084
       5.669682     -76.882091
       5.911966     -77.805115
       6.087716     -78.533411
       6.050809     -79.057697
       5.877057     -79.352072
       5.557671     -79.436686
       5.200231     -79.377406
       4.778061     -79.100959
       4.287178     -78.642116
       3.839108     -78.137782
       3.755173     -77.838973
       3.789978     -77.668642
       3.705461     -77.379634
       3.610890     -76.953246
       3.551302     -76.485296
       3.544441     -76.224493
       3.526760     -76.176258
       3.420633     -76.187706
       3.367743     -76.144668
       3.365624     -76.073226
       3.375171     -76.078841
       3.355268     -76.182286
       3.235624     -76.304017
       3.139503     -76.449986
       3.029209     -76.525609
       2.858936     -76.513001
       2.726545     -76.450457
       2.504348     -76.390579
       2.377024     -76.356964
       2.230264     -76.347391
       2.094618     -76.334796
       2.015564     -76.354021
       1.979548     -76.389355
       1.926589     -76.407695
       1.876980     -76.409633
       1.788770     -76.408220
       1.714379     -76.439480
       1.657893     -76.483907
       1.607303     -76.487900
       1.567657     -76.452502
       1.514698     -76.392804
       1.483417     -76.348197
       1.489397     -76.285469
       1.476551     -76.191184
       1.474508     -76.105254
       1.487148     -76.045012
       1.461662     -75.997020
       1.431940     -75.944573
       1.368494     -75.908194
       1.310363     -75.906456
       1.262312     -75.927656
       1.240725     -75.941766
       1.189299     -75.921648
       1.190803     -75.916276
       1.131037     -75.927841
       1.095982     -75.909773
       1.058717     -75.689478
       1.016418     -75.185047
       0.947564     -74.311637
       0.881206     -72.757987
       0.697997     -70.118885
       0.446592     -66.642961
       0.520926     -62.662028
       0.770447     -58.447370
       1.057160     -54.167070
       1.274187     -49.841152
       1.359417     -45.548743
       1.625818     -41.108918
       1.840699     -36.623248
       2.061545     -32.069981
       2.294578     -27.480409
       2.754266     -23.061832
       3.352532     -18.765434
       3.992098     -14.830160
       4.589907     -11.297495
       5.087847      -8.145433
       5.513807      -5.335383
       5.895887      -2.598308
       6.119581      -0.245163
       6.258768       1.655574
       6.369831       3.184809
       6.572571       4.572394
       6.886345       5.661648
       7.277037       6.453612
       7.551274       6.902090
       7.768745       7.044631
       7.950670       6.953035
       8.214154       6.704138
       8.481289       6.368207
       8.715264       5.975628
       9.012710       5.550481
       9.404904       5.133925
       9.806393       4.735310
      10.162538       4.391962
      10.459170       4.145354
      10.729095       4.028534
      10.986561       4.041787
      11.277910       4.141493
      11.653474       4.469740
      12.134563       5.112549
      12.560605       5.965530
      12.915638       6.825369
      13.156097       7.511965
      13.290765       7.988153
      13.405879       8.305317
      13.501081       8.575727
      13.567633       8.901971
      13.639338       9.285173
      13.670964       9.700195
      13.632498      10.113609
      13.601222      10.495112
      13.555276      10.769791
      13.445346      10.874551
      13.368802      10.792204
      13.286871      10.553238
      13.253238      10.201794
      13.236689       9.730674
      13.180944       9.169873
      13.075441       8.536693
      12.911282       7.799711
      12.661752       6.954492
      12.300230       5.861396
      11.762465       4.347347
      11.308002       1.972149
      11.334825      -1.372112
      11.543872      -4.978095
      11.543797      -8.403878
      11.322119     -11.197172
      10.780739     -13.292064
      10.173754     -14.817676
       9.774803     -15.841461
       9.604360     -16.438110
       9.548842     -16.669076
       9.553293     -16.785207
       9.510834     -17.187256
       9.417924     -18.469643
       9.197836     -20.928712
       8.775875     -24.157292
       8.133871     -27.449745
       7.439023     -30.175866
       6.886896     -32.196771
       6.609396     -33.497132
       6.452414     -34.134602
       6.207351     -34.316046
       5.824556     -34.169063
       5.315225     -33.861312
       4.865005     -33.592473
       4.570632     -33.489431
       4.303698     -33.439933
       4.017247     -33.263332
       3.721066     -32.822310
       3.396832     -32.156312
       3.061481     -31.454154
       2.740899     -30.871343
       2.478294     -30.526827
       2.309300     -30.405117
       2.215337     -30.434458
       2.218534     -30.520204
       2.235909     -30.573003
       2.227613     -30.563738
       2.150256     -30.551097
       2.090852     -30.570372
       2.060478     -30.644666
       2.020506     -30.741187
       1.966858     -30.829388
       1.924999     -30.886400
       1.896607     -30.892145
       1.841786     -30.865119
       1.777295     -30.791877
       1.689537     -30.639481
       1.568510     -30.421235
       1.431366     -30.181560
       1.206923     -29.828812
       0.716920     -29.318919
      -0.133260     -28.608048
      -1.294356     -27.739811
      -2.680285     -26.752092
      -4.222816     -25.686531
      -5.961731     -24.627224
      -7.797111     -23.651278
      -9.581463     -22.863529
     -11.084199     -22.368676
     -12.231268     -22.186244
     -13.053985     -22.219104
     -13.518234     -22.322306
     -13.801113     -22.412414
     -13.944005     -22.501761
     -13.938661     -22.598666
     -13.869978     -22.619226
     -13.844923     -22.646246
     -13.807224     -22.757110
     -13.764184     -22.987670
     -13.704925     -23.233309
     -13.676760     -23.412784
     -13.749218     -23.600408
     -13.834079     -23.879842
     -13.892917     -24.310874
     -13.890109     -24.831486
     -13.856448     -25.372335
     -13.709513     -25.879666
     -13.515944     -26.407342
     -13.309014     -26.912172
     -13.111745     -27.381613
     -13.031941     -27.747400
     -13.046003     -27.972173
     -13.057172     -28.074190
     -13.101133     -28.095049
     -13.165218     -28.078253
     -13.221051     -28.049927
     -13.205346     -28.026900
     -13.178804     -28.014670
     -13.109990     -28.024085
     -13.046131     -28.025460
     -12.980085     -27.984265
     -12.887591     -27.920317
     -12.732561     -27.873352
     -12.570476     -27.848067
     -12.463535     -27.807137
     -12.416756     -27.774206
     -12.400936     -27.747534
     -12.393472     -27.704401
     -12.389968     -27.628993
     -12.363324     -27.541644
     -12.311205     -27.471912
     -12.242491     -27.405424
     -12.190228     -27.356206
     -12.158531     -27.308682
     -12.155279     -27.251515
     -12.133477     -27.184163
     -12.104137     -27.134390
     -12.080231     -27.106178
     -12.106194     -27.093268
     -12.138086     -27.085529
     -12.170930     -27.091277
     -12.199823     -27.101664
     -12.224749     -27.117583
     -12.246271     -27.134123
     -12.225317     -27.133582
     -12.174697     -27.132545
     -12.111257     -27.125737
     -12.100080     -27.107936
     -12.140452     -27.089771
     -12.113787     -27.085371
     -12.092637     -27.112378
     -12.093210     -27.119287
     -12.125288     -27.086636
     -12.131134     -27.018067
     -12.135555     -26.953976
     -12.115713     -26.933834
     -12.119386     -26.967564
     -12.100457     -27.001964
     -12.093487     -27.022463
     -12.078938     -27.031385
     -12.070427     -27.025348
     -12.095827     -27.019663
     -12.078192     -27.038695
     -12.066205     -27.086267
     -12.106640     -27.105938
     -12.135330     -27.086957
     -12.144827     -27.086196
     -12.147422     -27.135104
     -12.146902     -27.163904
     -12.146897     -27.130446
     -12.133135     -27.050279
     -12.116376     -27.037456
     -12.093310     -27.118666
     -12.115711     -27.190273
     -12.145604     -27.200854
     -12.106959     -27.161808
     -12.090541     -27.146768
     -12.128666     -27.184481
     -12.153249     -27.215913
     -12.154634     -27.233253
     -12.152756     -27.245677
     -12.147955     -27.247277
     -12.135387     -27.223296
     -12.127140     -27.189374
     -12.104647     -27.200934
     -12.077584     -27.273529
     -12.099780     -27.302096
     -12.120100     -27.334385
     -12.060585     -27.467026
     -11.984789     -27.658191
     -11.996028     -27.867293
     -12.044203     -28.000779
     -12.096032     -28.020192
     -12.107144     -27.965842
     -12.101642     -27.903755
     -12.098550     -27.886539
     -12.062158     -27.913420
     -12.030407     -27.939284
     -12.020203     -27.954851
     -12.030072     -27.958831
     -12.039610     -27.962598
     -12.005288     -27.957015
     -11.982880     -27.960106
     -11.989995     -27.967523
     -12.007933     -27.991337
     -12.027573     -28.066776
     -11.953384     -28.330877
     -11.782747     -29.083047
     -11.615966     -30.264968
     -11.262596     -31.807136
     -10.451387     -33.720682
      -9.151197     -35.860327
      -7.822237     -38.038320
      -6.479778     -40.312741
      -5.124160     -42.613007
      -3.874450     -44.577416
      -2.715889     -46.036412
      -1.604693     -46.968713
      -0.548227     -47.524391
       0.592740     -47.919267
       1.850157     -48.553103
       3.138048     -49.845382
       4.207206     -52.047207
       4.800228     -55.116841
       5.213469     -58.924101
       5.377401     -62.848819
       5.253636     -66.618195
       4.860041     -69.736739
       4.351770     -72.156406
       3.856748     -73.702435
       3.443189     -74.705746
       2.865062     -75.461154
       2.228579     -76.168560
       1.547211     -76.829494
       1.050074     -77.553662
       0.556295     -78.144795
       0.091977     -78.540973
      -0.311366     -78.621920
      -0.670334     -78.481941
      -0.859590     -78.251577
      -1.020514     -77.966781
      -1.109449     -77.754033
      -1.209888     -77.618318
      -1.372113     -77.526992
      -1.526977     -77.445836
      -1.696560     -77.302136
      -1.862970     -77.072763
      -2.070834     -76.820970
      -2.216463     -76.645078
      -2.331184     -76.542021
      -2.391234     -76.474174
      -2.480156     -76.412975
      -2.616919     -76.348790
      -2.750031     -76.295187
      -2.914587     -76.209291
      -2.965275     -76.115439
      -3.029213     -75.944763
      -3.027350     -75.735799
