      14.693438       5.810745
      14.773261       6.498376
      14.826631       7.495875
      14.830523       8.814295
      14.873222      10.454358
      14.909777      12.045084
      14.926859      13.353808
      14.887664      14.297265
      14.899921      14.853040
      14.899451      15.033574
      14.850444      15.155328
      14.771290      15.313375
      14.639887      15.604697
      14.415460      16.033224
      14.113111      16.606203
      13.699766      17.232210
      13.311127      17.810354
      12.986164      18.382860
      12.688862      18.951905
      12.367437      19.444501
      12.000761      19.897156
      11.676193      20.288637
      11.471766      20.540760
      11.276979      20.645159
      10.968112      20.630855
      10.599024      20.613256
      10.321505      20.623759
      10.212080      20.681558
      10.169378      20.733674
      10.026979      20.723214
       9.768429      20.605817
       9.536413      20.401701
       9.438254      20.155110
       9.467340      19.954092
       9.433280      19.852451
       9.247878      19.844104
       9.011062      19.866884
       8.848041      19.846736
       8.776023      19.776267
       8.710471      19.676699
       8.595371      19.571324
       8.466404      19.437423
       8.392955      19.292045
       8.378999      19.180740
       8.366578      19.160228
       8.266843      19.239075
       8.131666      19.377887
       8.023848      19.473015
       7.953257      19.504402
       7.904296      19.497738
       7.833561      19.456623
       7.755745      19.362328
       7.690777      19.218231
       7.678582      19.090925
       7.665271      19.059296
       7.567830      19.071452
       7.400884      19.128925
       7.234711      19.154919
       7.083702      19.096263
       6.965313      18.933271
       6.895060      18.713906
       6.895132      18.432686
       7.211192      17.875518
       7.613778      16.949504
       8.453366      15.841256
      10.641584      14.631673
      13.646526      13.510829
      17.357141      12.673350
      21.287401      12.218294
      24.247665      11.930021
      26.133695      11.802347
      27.216221      11.848956
      27.872471      12.046383
      28.267456      12.256837
      28.755181      12.255847
      29.417043      11.783983
      30.111063      10.883555
      30.894550       9.744604
      31.619252       8.673804
      32.252979       7.748858
      32.748568       7.037384
      33.035535       6.409549
      33.221802       5.890577
      33.256758       5.448254
      33.252387       5.130309
      33.247034       4.841824
      33.182057       4.565397
      32.848392       4.196495
      31.803452       3.726887
      29.400396       3.356210
      25.418372       3.133752
      20.469201       2.986484
      16.202349       2.922290
      13.595926       3.055865
      12.771190       3.189717
      12.625953       3.100127
      12.565439       2.876563
      12.411822       2.533057
      12.209715       2.132113
      11.909384       1.705693
      11.467924       1.294818
      10.952493       0.931326
      10.513463       0.622980
      10.255702       0.383659
      10.146955       0.231933
      10.079143       0.174297
       9.962901       0.233997
       9.760046       0.377539
       9.428047       0.550865
       8.985317       0.717308
       8.550155       0.853826
       8.210161       0.922662
       7.927117       0.951232
       7.710298       0.964777
       7.511821       0.989801
       7.311604       1.036854
       7.132450       1.109589
       6.944714       1.206603
       6.727068       1.298384
       6.490086       1.355389
       6.283391       1.353461
       6.092315       1.311087
       5.886879       1.265336
       5.671946       1.244104
       5.465233       1.239152
       5.276361       1.272238
       5.064196       1.305183
       4.851529       1.360858
       4.637041       1.386036
       4.396768       1.386623
       4.177249       1.352324
       3.979163       1.305747
       3.762735       1.260929
       3.532845       1.229167
       3.315592       1.191640
       3.133504       1.158616
       2.969419       1.141605
       2.805260       1.158023
       2.644461       1.183530
       2.506809       1.198892
       2.398122       1.217459
       2.257302       1.217679
       2.123886       1.228714
       1.982541       1.250123
       1.834519       1.300503
       1.702160       1.348274
       1.569552       1.381291
       1.430862       1.408711
       1.257824       1.434852
       1.103704       1.436239
       0.979858       1.416083
       0.878625       1.402346
       0.758983       1.412149
       0.622820       1.423210
       0.507171       1.427237
       0.443820       1.429758
       0.358225       1.404259
       0.293307       1.379663
       0.244452       1.367570
       0.164375       1.385430
       0.101892       1.417821
       0.049072       1.430856
      -0.037043       1.441572
      -0.103081       1.452305
      -0.187339       1.451630
      -0.240713       1.438309
      -0.286606       1.457189
      -0.334525       1.504430
      -0.354255       1.574572
      -0.339816       1.657182
      -0.314969       1.802888
      -0.334248       2.004346
      -0.338808       2.251763
      -0.344399       2.492473
      -0.346281       2.782978
      -0.323164       3.195587
      -0.275820       3.817880
      -0.258262       4.835402
      -0.259082       6.268055
      -0.264420       8.093596
      -0.292191      10.214937
      -0.250397      12.585972
      -0.154761      15.125966
       0.025477      17.876950
       0.273502      20.714760
       0.531904      23.561338
       0.727216      26.317162
       0.803511      29.058818
       0.772480      31.655075
       0.642573      34.072685
       0.463036      36.213556
       0.293538      38.165684
       0.218476      40.304093
       0.275763      43.006120
       0.453547      46.364679
       0.791161      50.708981
       1.317127      56.373674
       2.064216      63.512468
       2.893829      71.588819
       3.352307      80.344298
       3.774208      89.611392
       4.485542      99.395137
       5.486072     109.086298
       6.604285     118.116233
       7.529105     125.789426
       8.199703     132.165873
       8.614501     137.811482
       8.690897     143.076738
       8.523439     147.873923
       8.401870     151.815553
       8.320845     155.015953
       8.447574     157.763590
       8.705936     160.110436
       8.973078     161.728194
       9.565020     162.987290
      10.225156     164.155598
      10.655770     165.016380
      11.004146     165.286391
      11.320297     164.951975
      11.644030     164.516806
      11.996933     164.326410
      12.132838     164.331520
      12.031956     163.934643
      11.864385     162.668669
      11.607084     160.486972
      11.319009     157.600152
      10.738649     153.080128
      10.115550     145.846058
       9.237023     136.215445
       8.621912     124.756522
       8.256214     112.035531
       7.775212      98.752301
       7.300697      86.023626
       7.145570      74.016389
       7.374246      63.649223
       7.517139      54.397846
       7.233346      46.244788
       6.744115      39.193372
       6.225047      33.015779
       5.267115      27.222242
       4.134719      21.627179
       3.173446      16.446250
       2.759287      11.546125
       2.629245       7.189594
       2.659891       3.393674
       2.846717      -0.000246
       3.013031      -3.218527
       3.173028      -6.471304
       3.266700      -9.677795
       3.248458     -12.650187
       3.194552     -15.368209
       3.118365     -17.931894
       3.067500     -20.570565
       3.258860     -24.013070
       3.543166     -28.328091
       3.781201     -33.344933
       3.780366     -39.157947
       3.409915     -45.610685
       3.083428     -52.399031
       3.220461     -59.162198
       3.527906     -65.418976
       3.760057     -71.078676
       3.022968     -76.206469
       1.819652     -80.681726
       0.524493     -84.003764
      -0.533514     -86.133637
      -1.324365     -87.454631
      -1.975075     -88.252795
      -2.494413     -88.737925
      -3.042246     -88.923239
      -3.878737     -88.536863
      -4.739788     -88.645661
      -6.280909     -88.900071
      -8.932164     -88.540574
     -12.192503     -87.498296
     -14.904964     -86.421183
     -16.487184     -85.634063
     -17.592887     -85.446194
     -18.650154     -85.744628
     -19.979539     -86.228641
     -21.341571     -86.577909
     -22.348394     -86.712012
     -22.854714     -86.829250
     -23.262782     -86.932142
     -23.648067     -86.808812
     -23.429846     -86.302730
     -22.472308     -85.530201
     -21.012763     -84.170982
     -19.511636     -81.643542
     -17.896071     -77.258976
     -15.951354     -70.238406
     -13.290565     -61.092510
      -9.855257     -50.971114
      -6.329757     -40.893509
      -3.140941     -31.604389
      -0.722299     -23.953800
       0.780767     -18.058163
       1.480971     -13.607997
       1.583013     -10.034462
       1.348437      -7.405128
       1.004751      -5.452805
       0.659947      -4.065746
       0.347024      -3.075471
       0.096162      -2.336103
      -0.094151      -1.741628
      -0.252805      -1.342060
      -0.435855      -1.125469
      -0.544837      -1.061665
      -0.635469      -1.102217
      -0.782435      -1.146876
      -1.042226      -1.140974
      -1.337381      -1.072576
      -1.640999      -0.875726
      -1.963904      -0.575840
      -2.145859      -0.192257
      -2.265083       0.181277
      -2.338628       0.547901
      -2.327417       0.917676
      -2.224431       1.272380
      -2.086074       1.607801
      -1.941037       1.939162
      -1.797196       2.221488
      -1.691665       2.420582
      -1.638769       2.523764
      -1.597224       2.555734
      -1.612534       2.583553
      -1.641906       2.623193
      -1.694561       2.626485
      -1.686601       2.545589
      -1.711688       2.405778
      -1.771790       2.239965
      -1.873497       2.080702
      -1.998256       1.914052
      -2.103219       1.786928
      -2.225447       1.727013
      -2.326869       1.748658
      -2.391732       1.821086
      -2.443225       1.918241
      -2.491053       2.015544
      -2.569489       2.144274
      -2.656567       2.303634
      -2.685303       2.471361
      -2.704219       2.599187
      -2.705756       2.716330
      -2.744523       2.825936
      -2.791083       2.927244
      -2.809369       2.990421
      -2.795874       2.992940
      -2.836854       2.954859
      -2.862265       2.917853
      -2.879695       2.910365
      -2.879535       2.929855
      -2.885831       2.938766
      -2.907025       2.922870
      -2.946584       2.902365
      -2.954137       2.886947
      -2.946594       2.901511
      -2.921005       2.890987
      -2.913258       2.880174
      -2.925981       2.901227
      -2.943161       2.958845
      -2.939133       3.008671
      -2.937904       3.031383
      -2.964669       3.026403
      -3.011308       3.025211
      -3.027936       3.018520
      -3.036062       3.021721
      -3.056393       3.048049
      -3.108798       3.094108
      -3.174967       3.121652
      -3.202148       3.135187
      -3.204385       3.123812
      -3.191077       3.115582
      -3.201522       3.124175
      -3.206663       3.175097
      -3.212512       3.218599
      -3.195161       3.193094
      -3.228956       3.069829
      -3.308124       2.902189
      -3.372736       2.731749
      -3.385006       2.612353
      -3.395663       2.586832
      -3.426035       2.629194
      -3.470992       2.678772
      -3.488270       2.712221
      -3.476750       2.719274
      -3.429022       2.701096
      -3.425181       2.698639
      -3.419293       2.743772
      -3.400488       2.816779
      -3.357232       2.859040
      -3.346895       2.892537
      -3.372146       2.929904
      -3.388844       2.969134
      -3.385270       2.982922
      -3.366303       2.996147
      -3.370938       3.007504
      -3.407776       3.023415
      -3.422390       3.038099
      -3.401399       3.068466
      -3.357379       3.062756
      -3.342803       3.047161
      -3.360884       3.050435
      -3.369429       3.078453
      -3.358776       3.085502
      -3.351597       3.061599
      -3.392459       3.041982
      -3.422317       3.052382
      -3.442413       3.054995
      -3.452469       3.038464
      -3.476079       3.029694
      -3.521457       3.041340
      -3.547363       3.055785
      -3.534124       3.081612
      -3.501655       3.063901
      -3.508645       3.024992
      -3.534766       3.023522
      -3.542356       3.053025
      -3.524974       3.074966
      -3.515809       3.052306
      -3.558943       3.031824
      -3.593151       3.040326
      -3.613919       3.042216
      -3.612653       3.026984
      -3.623165       3.021862
      -3.661037       3.034171
      -3.696328       3.060976
      -3.688786       3.099255
      -3.650207       3.096211
      -3.634732       3.071433
      -3.651764       3.083833
      -3.662856       3.129399
      -3.651435       3.147869
      -3.641396       3.120905
      -3.662709       3.108280
      -3.689044       3.146191
      -3.682525       3.176816
      -3.674751       3.171489
      -3.693320       3.154878
      -3.734239       3.165253
      -3.760145       3.194896
      -3.764468       3.233174
      -3.731480       3.231591
      -3.737076       3.191545
      -3.760696       3.185113
      -3.771722       3.223215
      -3.757722       3.248754
      -3.750122       3.230038
      -3.796060       3.214128
      -3.827932       3.232967
      -3.836851       3.243646
      -3.836836       3.229386
      -3.852113       3.217060
      -3.894916       3.233345
      -3.933024       3.264604
      -3.942244       3.301480
      -3.925837       3.285336
      -3.931763       3.255261
      -3.949659       3.269004
      -3.963252       3.312823
      -3.941984       3.341023
      -3.934082       3.334770
      -3.957609       3.322904
      -3.976633       3.340766
      -3.984734       3.349691
      -3.989750       3.333865
      -4.008931       3.298083
      -4.057588       3.289177
      -4.082611       3.293399
      -4.077529       3.327857
      -4.057811       3.337273
      -4.078797       3.336260
      -4.100061       3.351124
      -4.114067       3.389781
      -4.096642       3.419022
      -4.075781       3.416725
      -4.100546       3.397594
      -4.124317       3.392257
      -4.143661       3.391383
      -4.144614       3.389262
      -4.158494       3.375495
      -4.187131       3.347251
      -4.190871       3.352007
      -4.201468       3.358550
      -4.211452       3.347451
      -4.220259       3.335038
      -4.232112       3.351402
      -4.219945       3.377489
      -4.176119       3.385141
      -4.192039       3.387430
      -4.220514       3.410850
      -4.257566       3.432420
      -4.287495       3.434438
      -4.308369       3.455852
      -4.350602       3.532316
      -4.363548       3.674897
      -4.364006       3.839709
      -4.365735       3.995862
      -4.368799       4.175547
      -4.359622       4.407216
      -4.360842       4.654920
      -4.316295       4.873953
      -4.300034       5.076453
      -4.300087       5.291232
      -4.291294       5.526925
      -4.286357       5.757201
      -4.275605       5.980208
      -4.282070       6.192896
      -4.303587       6.395203
      -4.309507       6.574900
      -4.292593       6.717656
      -4.293357       6.827786
      -4.283320       6.931645
      -4.266517       7.032965
      -4.245052       7.110279
      -4.257448       7.160249
      -4.278434       7.202158
      -4.297903       7.242926
      -4.300305       7.282402
      -4.310091       7.317565
      -4.342025       7.358750
      -4.400762       7.392683
      -4.450986       7.436919
      -4.445961       7.442426
      -4.432567       7.437717
      -4.428638       7.458069
      -4.421207       7.499043
      -4.405630       7.548862
      -4.408169       7.599985
      -4.433407       7.640316
      -4.452090       7.691558
      -4.460841       7.742085
      -4.465035       7.799034
      -4.475134       7.855131
      -4.513867       7.918981
      -4.549175       7.990978
      -4.555322       8.083270
      -4.531092       8.154234
      -4.537086       8.217672
      -4.537117       8.324450
      -4.541286       8.448586
      -4.524790       8.554224
      -4.533503       8.631991
      -4.573920       8.716044
      -4.594749       8.808506
      -4.601795       8.883589
      -4.604056       8.943326
      -4.633665       9.000434
      -4.688125       9.056423
      -4.724968       9.125658
      -4.725722       9.208042
      -4.709596       9.253977
      -4.726806       9.277874
      -4.736880       9.332041
      -4.749712       9.387971
      -4.739700       9.420567
      -4.734956       9.421837
      -4.771212       9.454609
      -4.812895       9.503123
      -4.843197       9.544023
      -4.868899       9.576356
      -4.900510       9.608081
      -4.950946       9.636119
      -4.982164       9.660036
      -4.989283       9.697929
      -4.982637       9.712147
      -4.987125       9.707004
      -4.995528       9.742023
      -5.009569       9.807087
      -4.987363       9.851552
      -4.985015       9.852199
      -5.016636       9.831056
      -5.041825       9.819452
      -5.060592       9.813282
      -5.070717       9.810759
      -5.091985       9.811111
      -5.126174       9.811010
      -5.120103       9.827274
      -5.107999       9.839246
      -5.093209       9.822707
      -5.089445       9.815638
      -5.100671       9.834040
      -5.098156       9.862325
      -5.057817       9.851842
      -5.096574       9.820843
      -5.147954       9.817163
      -5.189385       9.831303
      -5.221443       9.839340
      -5.255045       9.830876
      -5.305758       9.821640
      -5.350408       9.810872
      -5.369036       9.801555
      -5.347304       9.762816
      -5.347699       9.741074
      -5.344438       9.766699
      -5.352569       9.804224
      -5.338668       9.829735
      -5.332938       9.816852
      -5.379807       9.793630
      -5.419329       9.794304
      -5.444276       9.797129
      -5.472873       9.789728
      -5.515092       9.772979
      -5.560015       9.761887
      -5.600468       9.753602
      -5.631217       9.708899
      -5.636508       9.565058
      -5.705117       9.292250
      -5.772389       8.971236
      -5.809667       8.715128
      -5.815836       8.581434
      -5.830494       8.530311
      -5.875504       8.481543
      -5.925096       8.393056
      -5.962036       8.260299
      -5.985558       8.139892
      -6.007715       8.074085
      -6.057952       8.063817
      -6.087536       8.072042
      -6.075552       8.104351
      -6.028230       8.118827
      -5.989288       8.117445
      -5.976501       8.124758
      -5.974589       8.163146
      -5.939698       8.212499
      -5.905305       8.236859
      -5.909487       8.243620
      -5.921948       8.266238
      -5.918542       8.290354
      -5.902580       8.316380
      -5.897083       8.340787
      -5.918823       8.363578
      -5.939444       8.375476
      -5.923421       8.406126
      -5.883458       8.437318
      -5.850791       8.434760
      -5.857723       8.420910
      -5.865633       8.444554
      -5.854212       8.477889
      -5.835535       8.478096
      -5.862941       8.460545
      -5.899594       8.463025
      -5.907789       8.471777
      -5.906398       8.466810
      -5.926703       8.465231
      -5.967536       8.467171
      -6.004915       8.477263
      -5.998022       8.496010
      -5.969039       8.500587
      -5.945240       8.470227
      -5.968082       8.435128
      -5.983016       8.454354
      -5.986476       8.507892
      -5.955404       8.526162
      -5.983929       8.507228
      -6.015423       8.493445
      -6.033793       8.490925
      -6.055060       8.486678
      -6.074612       8.476857
      -6.098024       8.469353
      -6.129752       8.477915
      -6.107556       8.508894
      -6.085249       8.540591
      -6.071153       8.538236
      -6.064461       8.525884
      -6.066665       8.551744
      -6.051768       8.590854
      -6.010843       8.589452
      -6.029596       8.550588
      -6.073687       8.529127
      -6.104005       8.531760
      -6.111166       8.534233
      -6.125482       8.517546
      -6.158627       8.505792
      -6.190637       8.499412
      -6.186597       8.517990
      -6.164517       8.508531
      -6.169860       8.472918
      -6.166978       8.465027
      -6.165569       8.496828
      -6.140214       8.519034
      -6.127388       8.492826
      -6.167006       8.446225
      -6.196579       8.445772
      -6.221643       8.459405
      -6.238401       8.463416
      -6.272412       8.451986
      -6.320566       8.450638
      -6.353101       8.454622
      -6.348617       8.481403
      -6.313346       8.487222
      -6.314742       8.460513
      -6.308401       8.465203
      -6.294558       8.488967
      -6.268747       8.497014
      -6.269507       8.470581
      -6.297812       8.434977
      -6.315291       8.432679
      -6.317920       8.429543
      -6.326827       8.405692
      -6.349571       8.380260
      -6.398220       8.377746
      -6.414772       8.394817
      -6.393251       8.426730
      -6.356302       8.411941
      -6.366125       8.370184
      -6.374251       8.387042
      -6.367385       8.424083
      -6.347567       8.429585
      -6.355460       8.409943
      -6.391007       8.406008
      -6.411755       8.417586
      -6.423732       8.405939
      -6.430927       8.381966
      -6.463645       8.377090
      -6.490737       8.395204
      -6.494133       8.425208
      -6.468226       8.444060
      -6.431504       8.413788
      -6.443122       8.368538
      -6.457437       8.389745
      -6.453477       8.429729
      -6.435116       8.425975
      -6.452097       8.388906
      -6.489679       8.383770
      -6.507380       8.404681
      -6.508897       8.395557
      -6.515698       8.367520
      -6.540468       8.373488
      -6.570303       8.405290
      -6.556039       8.442127
      -6.526841       8.458943
      -6.502458       8.420564
      -6.528555       8.381845
      -6.537350       8.411719
      -6.536205       8.455051
      -6.503926       8.445299
      -6.521992       8.412445
      -6.561151       8.408045
      -6.571103       8.417475
      -6.576133       8.410748
      -6.584959       8.389075
      -6.602659       8.379448
      -6.625764       8.392533
      -6.609317       8.427583
      -6.582026       8.443600
      -6.574067       8.417151
      -6.587331       8.391564
      -6.581677       8.427080
      -6.571380       8.482717
      -6.535890       8.483173
      -6.549414       8.445474
      -6.585403       8.426863
      -6.601331       8.437747
      -6.609833       8.432162
      -6.618082       8.408632
      -6.645696       8.394035
      -6.655819       8.393337
      -6.641689       8.413698
      -6.604094       8.402858
      -6.605713       8.359484
      -6.611156       8.354837
      -6.622696       8.380489
      -6.600438       8.395546
      -6.587361       8.373537
      -6.626324       8.336112
      -6.658040       8.334930
      -6.672568       8.348236
      -6.684691       8.345169
      -6.709252       8.330768
      -6.743078       8.339904
      -6.739798       8.373471
      -6.695112       8.424160
      -6.627020       8.453278
      -6.580223       8.484015
      -6.465150       8.628483
      -6.271650       8.910022
      -5.908241       9.396326
      -5.410740      10.127785
      -4.847185      11.152813
      -4.278204      12.426900
      -3.744390      13.945827
      -3.266524      15.676592
      -2.862303      17.642382
      -2.578484      19.885106
      -2.343785      22.454760
      -2.120051      25.194063
      -1.835954      28.163866
      -1.556477      31.285234
      -1.260633      34.609672
      -0.902741      38.016117
      -0.514014      41.346743
      -0.104733      44.465369
       0.336194      47.256676
       0.797388      49.746251
       1.227389      51.893385
       1.590311      53.710262
       1.840892      55.004304
       1.892753      55.708174
       1.718736      55.528658
       1.495846      53.725547
       1.502155      48.826185
       1.590986      41.224457
       1.574052      32.147351
       1.503397      23.011069
       1.691537      14.904630
       1.805994       8.298921
       1.668609       3.775291
       1.372816       1.394142
       1.050742       0.643322
       0.923416       0.756877
       0.804146       1.110729
