      12.048366       2.189730
      12.016260       1.787664
      11.963453       1.457725
      11.870551       1.153132
      11.729466       0.940112
      11.582357       0.786651
      11.435347       0.703291
      11.309401       0.633737
      11.213106       0.525689
      11.182956       0.354566
      11.188638       0.013068
      11.182177      -0.560815
      11.214160      -1.482921
      11.292652      -2.711335
      11.377052      -4.135161
      11.552804      -5.658848
      11.792271      -7.184521
      12.011413      -8.704818
      12.224073     -10.258462
      12.417971     -11.804501
      12.564339     -13.285806
      12.654052     -14.678821
      12.702003     -15.866417
      12.727473     -16.795483
      12.736099     -17.488650
      12.738931     -17.951628
      12.769346     -18.317509
      12.830131     -18.697251
      12.843989     -19.125762
      12.824908     -19.585953
      12.839571     -20.048427
      12.863698     -20.507485
      12.991021     -21.027227
      13.145147     -21.611146
      13.316709     -22.255391
      13.458450     -22.933189
      13.595946     -23.600855
      13.701447     -24.236979
      13.798189     -24.823761
      13.871615     -25.396062
      13.946237     -25.968860
      14.050133     -26.513867
      14.168803     -27.080203
      14.201339     -27.695007
      14.219644     -28.358608
      14.226224     -28.995538
      14.140388     -29.546459
      13.976272     -29.958487
      13.828199     -30.282691
      13.668653     -30.536135
      13.483476     -30.741082
      13.258251     -30.803218
      12.986703     -30.687211
      12.708753     -30.427389
      12.444115     -30.224055
      12.188820     -30.142454
      11.900178     -30.119216
      11.597836     -29.985941
      11.296385     -29.627483
      11.047164     -29.175887
      10.811873     -28.790900
      10.515301     -28.492518
       9.985610     -28.240682
       9.197706     -28.001864
       8.139692     -27.657776
       7.004505     -27.184753
       6.111512     -26.596111
       5.544114     -25.941809
       5.241451     -25.285875
       5.065386     -24.749278
       4.923036     -24.351661
       4.927385     -24.052422
       5.088608     -23.789846
       5.211739     -23.564871
       5.188562     -23.293442
       5.084069     -22.933043
       4.982673     -22.414796
       4.946934     -21.787628
       5.055446     -21.127828
       5.249453     -20.494254
       5.516893     -19.963965
       5.811142     -19.536111
       6.074130     -19.215250
       6.265995     -19.019954
       6.363837     -18.957120
       6.340724     -18.992275
       6.278234     -19.007097
       6.260668     -18.999137
       6.261891     -18.962904
       6.275839     -18.931707
       6.310374     -18.943193
       6.333766     -18.896095
       6.529484     -17.725847
       6.553912     -14.653904
       6.319454     -10.677756
       6.059338      -6.701212
       5.865389      -3.332415
       5.737319      -0.780504
       5.550983       0.973459
       5.293623       1.874613
       4.977166       2.134733
       4.544957       2.087453
       3.995591       1.884200
       3.194386       1.583813
       2.174249       1.084843
       1.309206       0.546448
       0.558619       0.099127
      -0.134371      -0.161759
      -0.690004      -0.347707
      -0.950569      -0.481001
      -0.975287      -0.600557
      -0.867506      -0.640447
      -0.788605      -0.566640
      -0.641324      -0.312495
      -0.275539       0.264668
       0.411010       1.260898
       1.004477       2.427543
       1.318554       3.428141
       1.604480       3.943211
       1.811909       3.977948
       1.821124       3.673621
       1.854443       3.196951
       1.846065       2.633628
       1.869359       1.894870
       1.954094       0.967307
       2.082748      -0.047135
       2.227574      -1.119744
       2.305422      -2.230041
       2.435585      -3.312913
       2.747946      -4.399587
       3.302274      -5.590596
       3.920970      -6.893320
       4.517455      -8.434446
       5.257957     -10.144502
       6.099864     -12.063697
       6.885730     -14.212997
       7.779048     -16.388171
       8.694663     -18.466065
       9.657739     -20.370387
      10.520905     -22.134340
      11.207647     -23.675607
      11.641359     -25.054404
      11.744249     -26.315105
      11.726187     -27.600087
      11.830661     -29.092388
      12.085922     -30.889610
      12.408198     -32.799163
      12.973905     -34.750487
      13.773069     -36.826228
      14.621082     -38.985100
      15.274608     -41.004026
      15.809038     -42.796977
      16.156157     -44.279379
      16.512968     -45.622589
      17.039212     -46.942563
      17.655819     -48.231952
      17.993392     -49.371327
      18.018477     -50.170798
      18.015365     -50.526624
      17.855224     -50.389233
      17.518985     -49.963632
      17.041595     -49.397584
      16.669613     -48.787654
      16.462680     -48.300674
      16.408737     -47.864280
      16.405302     -47.402062
      16.437868     -46.829142
      16.401328     -46.175357
      16.447352     -45.802425
      17.001075     -45.241721
      17.320989     -43.843495
      16.965783     -42.195041
      16.253292     -40.689274
      15.933950     -39.544755
      16.007276     -38.642884
      16.273302     -37.947363
      16.393778     -37.456009
      16.103105     -37.139965
      15.695312     -36.933093
      15.064233     -36.824832
      14.581736     -36.822780
      14.566407     -36.824924
      14.765621     -36.819477
      15.058919     -36.817748
      15.136690     -36.806980
      15.072744     -36.658207
      15.106336     -36.177619
      15.128376     -35.406076
      15.299528     -34.508447
      15.694025     -33.588073
      16.232900     -32.647916
      16.986677     -31.712373
      17.863601     -30.865485
      18.700633     -30.205683
      19.604870     -29.830531
      20.225276     -29.750840
      20.651051     -29.865633
      20.825930     -29.994703
      20.936962     -30.022903
      21.034248     -29.889532
      21.384092     -29.614588
      21.807770     -29.227000
      22.291032     -28.744022
      22.821232     -28.183711
      23.288186     -27.492093
      23.771834     -26.628905
      24.270699     -25.491279
      24.595189     -24.123878
      24.687062     -22.815969
      24.589844     -21.808001
      24.400466     -21.263825
      24.098935     -21.090828
      23.648082     -21.173358
      23.181655     -21.374959
      22.651377     -21.813805
      22.064015     -22.975032
      21.398709     -25.436552
      20.835887     -29.095926
      20.414159     -32.938392
      20.124815     -36.203947
      19.762268     -38.479875
      19.536699     -39.820299
      19.379146     -40.653628
      19.292679     -41.376317
      19.317119     -42.356819
      19.296706     -43.677740
      19.154400     -45.282058
      18.914933     -46.971885
      18.614350     -48.583877
      18.275476     -50.083707
      17.967260     -51.379672
      17.791596     -52.484704
      17.537279     -53.387454
      17.275511     -54.172383
      17.058556     -54.901792
      16.927941     -55.516220
      16.845839     -56.006891
      16.797385     -56.372270
      16.713322     -56.617404
      16.644027     -56.670710
      16.501189     -56.408003
      16.259128     -55.674486
      15.879328     -54.341281
      15.360524     -52.368305
      14.791761     -50.014154
      14.137608     -47.466500
      13.496886     -45.031125
      12.903382     -42.766358
      12.334475     -40.716277
      11.820097     -38.988915
      11.428436     -37.591008
      11.200218     -36.592875
      11.135444     -36.014039
      11.170413     -35.716124
      11.207280     -35.624572
      11.259436     -35.583462
      11.254788     -35.523101
      11.211416     -35.420773
      11.221276     -35.335353
      11.246761     -35.243181
      11.253341     -35.154028
      11.273648     -35.063972
      11.248215     -35.016045
      11.173924     -35.013315
      11.102576     -35.108013
      11.043256     -35.232209
      11.026575     -35.304880
      11.051516     -35.321054
      11.110899     -35.265531
      11.153899     -35.207234
      11.163266     -35.155145
      11.148627     -35.135710
      11.210464     -35.133913
      11.241021     -35.104618
      11.240517     -35.089247
      11.264395     -35.114074
      11.277348     -35.161080
      11.254647     -35.192685
      11.203681     -35.180477
      11.175590     -35.105264
      11.154474     -34.980725
      11.164378     -34.695578
      11.389710     -33.597301
      11.630178     -31.648440
      11.523633     -29.145378
      11.176107     -26.586984
      10.692766     -24.285061
      10.143906     -22.301667
       9.553859     -20.571828
       8.973211     -19.096218
       8.361047     -17.838714
       7.746281     -16.800063
       7.070942     -15.831117
       6.523069     -14.741620
       6.037097     -13.429766
       5.587798     -12.066702
       5.180377     -10.816131
       4.844608      -9.752570
       4.597641      -8.908212
       4.446162      -8.313412
       4.400371      -7.941016
       4.381238      -7.734211
       4.393884      -7.638583
       4.383437      -7.590440
       4.393180      -7.527536
       4.478139      -7.453898
       4.595611      -7.340068
       4.730248      -7.214432
       4.871365      -7.128169
       4.987158      -7.075267
       5.064785      -7.042563
       5.103285      -7.009024
       5.153451      -6.987840
       5.271743      -7.000020
       5.358155      -7.087659
       5.552842      -7.366114
       5.927902      -7.783419
       6.407632      -8.299891
       6.928100      -8.822018
       7.371063      -9.289624
       7.837820      -9.736946
       8.283448     -10.119537
       8.694114     -10.439669
       9.195524     -10.723634
       9.754983     -10.996001
      10.387964     -11.268629
      11.000075     -11.537479
      11.633493     -11.811352
      12.077978     -12.351054
      12.356906     -13.398891
      12.590757     -14.843325
      12.841967     -16.440934
      13.094249     -17.848874
      13.411309     -18.898865
      13.723397     -19.507522
      14.159445     -19.666842
      14.735018     -19.553300
      15.450024     -19.333839
      16.324044     -19.148488
      17.344301     -18.983915
      18.301135     -18.778405
      19.002288     -18.519938
      19.478881     -18.195522
      19.694299     -17.739219
      20.088898     -17.056235
      21.122143     -16.098638
      22.487630     -14.930541
      24.001965     -13.738321
      25.591010     -12.754427
      26.688426     -12.081401
      27.728467     -11.728626
      28.827400     -11.661944
      29.960342     -11.684695
      31.119988     -11.759192
      32.324790     -11.871129
      33.552949     -12.026899
      34.801901     -12.251503
      36.155090     -12.557182
      37.715547     -12.921609
      39.336996     -13.288825
      40.907425     -13.686938
      41.917351     -14.215191
      41.984683     -14.721083
      41.772582     -15.159944
      41.627012     -15.407848
      41.780907     -15.554296
      41.959223     -15.607133
      41.878179     -15.642126
      41.690732     -15.629078
      41.443839     -15.544871
      41.307741     -15.427263
      41.289935     -15.285887
      41.291688     -15.095102
      41.268234     -14.961951
      41.196219     -14.888954
      41.084735     -14.875286
      41.026480     -14.864857
      41.050046     -14.819137
      41.039589     -14.756333
      41.000092     -14.765216
      40.915604     -14.766978
      40.863979     -14.839428
      40.761500     -14.914213
      40.353360     -14.906784
      39.340564     -15.000356
      37.853032     -15.299162
      36.537821     -15.699574
      35.714827     -16.022003
      35.173636     -16.042665
      34.844257     -15.795777
      34.685153     -15.416619
      34.531824     -14.996388
      34.460180     -14.618442
      34.426308     -14.344953
      34.489726     -14.196025
      34.625662     -14.157126
      34.758290     -14.207399
      34.738046     -14.347068
      34.604116     -14.597703
      34.516874     -14.888373
      34.423347     -15.083450
      34.392799     -15.195187
      34.452220     -15.280267
      34.561716     -15.350195
      34.715643     -15.381741
      34.893616     -15.352911
      35.152199     -15.244857
      35.356816     -15.205345
      35.485646     -15.400073
      35.570569     -15.878730
      35.654010     -16.492494
      35.671165     -17.169545
      35.557163     -18.019352
      35.347702     -19.164442
      35.162635     -20.561261
      35.042848     -21.904452
      35.019216     -22.948212
      34.925576     -23.607703
      34.730695     -23.799735
      34.513809     -23.656329
      34.356014     -23.370506
      34.214777     -23.086107
      34.136120     -22.831281
      34.163671     -22.668957
      34.223563     -22.586354
      34.268192     -22.659632
      34.379748     -22.885478
      34.462820     -23.120206
      34.476796     -23.335763
      34.432629     -23.452261
      34.300622     -23.452810
      34.085286     -23.323273
      33.863204     -23.101980
      33.375711     -22.679638
      32.544107     -22.602258
      31.150083     -22.624838
      29.210527     -22.269192
      26.945304     -21.607812
      24.639704     -20.910433
      22.646340     -20.448481
      21.164225     -20.233129
      20.251020     -20.117496
      19.722496     -19.982880
      19.306148     -19.824534
      19.005331     -19.591664
      18.880359     -19.307449
      18.832959     -19.031912
      18.812283     -18.778871
      18.844588     -18.566034
      18.860818     -18.349457
      18.850739     -18.140268
      18.831161     -17.984342
      18.859682     -17.972234
      18.922433     -18.070488
      18.958988     -18.255872
      18.926536     -18.443874
      18.896729     -18.563165
      18.890482     -18.553712
      18.936542     -18.447411
      18.920808     -18.256703
      18.810598     -18.012756
      18.742502     -17.744948
      18.675570     -17.377685
      18.526193     -16.859329
      18.256646     -16.159446
      17.821178     -15.208518
      17.130315     -13.999776
      16.184950     -12.615470
      15.244777     -11.261440
      14.431142     -10.324044
      13.677048     -10.067878
      13.049470     -10.481833
      12.450295     -11.311763
      11.764829     -12.386137
      11.111862     -13.462243
      10.511165     -14.411192
       9.949970     -15.160171
       9.533280     -15.739030
       9.296356     -16.171283
       9.171641     -16.485563
       9.079832     -16.702166
       8.988791     -16.850388
       8.889676     -16.953824
       8.807149     -16.992448
       8.735597     -17.006079
       8.693513     -16.997672
       8.661493     -16.965160
       8.660751     -16.923686
       8.652168     -16.886263
       8.645411     -16.827460
       8.699263     -16.763933
       8.746150     -16.676198
       8.783484     -16.607646
       8.835917     -16.596048
       8.865990     -16.621091
       8.819449     -16.634870
       8.739820     -16.594198
       8.631254     -16.498842
       8.555423     -16.382887
       8.523810     -16.258801
       8.543259     -16.145105
       8.611348     -16.100779
       8.744113     -16.078744
       8.855872     -16.030033
       8.927057     -15.902647
       8.954628     -15.675945
       9.022087     -15.395894
       9.081710     -15.078983
       9.126981     -14.764229
       9.180716     -14.487952
       9.265113     -14.265066
       9.307116     -14.043964
       9.321854     -13.813258
       9.361482     -13.565910
       9.445575     -13.291750
       9.578439     -13.000538
       9.804707     -12.680343
      10.000950     -12.331800
      10.151084     -12.076906
      10.328651     -11.867753
      10.497657     -11.657975
      10.661374     -11.473734
      10.824968     -11.305404
      10.964662     -11.191257
      11.060365     -11.118612
      11.106079     -11.082805
      11.175267     -11.129926
      11.235277     -11.223466
      11.241260     -11.279014
      11.200772     -11.256064
      11.148717     -11.192265
      11.112992     -11.135741
      11.070016     -11.083591
      11.077090     -11.037248
      11.120195     -10.995926
      11.154240     -10.996879
      11.193897     -10.971518
      11.228441     -10.953416
      11.260694     -10.939434
      11.310827     -10.926319
      11.403832     -10.930236
      11.490450     -10.917430
      11.532481     -10.913664
      11.538584     -10.923657
      11.539725     -10.945484
      11.509195     -10.936534
      11.471589     -10.897742
      11.453030     -10.844310
      11.454479     -10.799793
      11.462230     -10.746563
      11.463547     -10.695083
      11.484528     -10.707368
      11.520063     -10.737700
      11.558171     -10.764000
      11.604196     -10.747992
      11.677176     -10.700199
      11.790774     -10.672539
      11.838196     -10.643857
      11.837410     -10.622893
      11.838207     -10.617241
      11.837638     -10.614561
      11.810441     -10.614333
      11.779814     -10.620927
      11.762817     -10.600202
      11.744807     -10.574789
      11.737823     -10.545806
      11.721802     -10.517976
      11.708032     -10.544480
      11.720080     -10.599890
      11.721803     -10.677600
      11.724544     -10.698386
      11.752073     -10.679420
      11.823485     -10.636155
      11.857608     -10.603586
      11.840533     -10.608661
      11.830685     -10.634677
      11.833322     -10.662772
      11.844920     -10.666737
      11.860903     -10.644265
      11.863174     -10.779996
      11.855008     -11.228795
      11.860769     -11.983314
      11.918908     -12.878383
      11.998676     -13.741304
      12.066202     -14.489016
      12.090220     -15.034889
      12.077874     -15.381248
      12.031895     -15.518219
      12.020455     -15.548213
      12.065410     -15.552988
      12.032851     -15.568625
      11.952991     -15.606314
      11.878488     -15.672682
      11.801076     -15.728012
      11.751674     -15.775179
      11.650053     -15.807525
      11.545669     -15.855265
      11.422205     -15.902634
      11.329209     -15.929917
      11.279370     -15.948516
      11.238380     -15.980180
      11.249947     -16.012434
      11.235299     -16.073477
      11.231653     -16.106191
      11.250165     -16.101707
      11.311098     -16.098633
      11.317093     -16.167433
      11.244817     -16.247178
      11.191342     -16.333713
      11.121361     -16.402101
      11.041088     -16.474125
      10.936539     -16.590815
      10.820425     -16.778506
      10.681039     -16.996883
      10.551206     -17.227805
      10.437108     -17.420664
      10.314493     -17.692750
      10.178827     -18.047402
      10.053792     -18.459114
       9.956959     -18.848877
       9.841651     -19.173258
       9.826637     -19.489376
       9.843737     -19.811102
       9.826926     -20.102201
       9.782530     -20.353708
       9.751482     -20.562697
       9.706835     -20.724042
       9.658684     -20.850067
       9.590521     -20.914812
       9.555593     -20.922447
       9.546217     -20.889557
       9.569971     -20.822470
       9.593060     -20.771384
       9.617215     -20.759426
       9.645925     -20.798561
       9.683988     -20.838430
       9.740127     -20.832019
       9.888227     -20.739983
      10.070444     -20.585190
      10.238423     -20.471054
      10.323586     -20.407219
      10.339920     -20.408620
      10.363578     -20.468368
      10.372732     -20.553886
      10.389422     -20.639005
      10.390193     -20.684734
      10.379308     -20.707963
      10.383762     -20.729344
      10.373104     -20.745952
      10.346061     -20.747766
      10.342349     -20.733822
      10.352880     -20.754338
      10.367650     -20.800919
      10.357715     -20.860571
      10.352107     -20.884615
      10.414062     -20.858232
      10.504087     -20.831846
      10.538382     -20.819769
      10.551447     -20.828189
      10.560268     -20.850587
      10.572320     -20.894835
      10.582698     -20.927799
      10.549605     -20.921128
      10.526385     -20.876776
      10.504227     -20.812663
      10.493912     -20.752308
      10.524786     -20.678192
      10.523892     -20.612357
      10.537709     -20.610446
      10.582188     -20.664629
      10.595519     -20.679919
      10.574566     -20.629855
      10.558439     -20.562206
      10.565512     -20.547560
      10.538123     -20.556618
      10.511138     -20.604076
      10.505345     -20.644683
      10.489001     -20.692433
      10.517316     -20.740971
      10.563503     -20.774322
      10.654653     -20.814604
      10.688966     -20.916096
      10.698493     -21.140610
      10.673466     -21.432233
      10.639713     -21.758797
      10.632282     -22.182633
      10.653589     -22.672568
      10.654606     -23.233372
      10.635153     -23.851368
      10.695623     -24.556061
      10.837040     -25.335827
      10.945375     -26.158940
      10.999720     -26.995108
      10.984911     -27.811802
      10.929279     -28.569915
      10.856070     -29.148173
      10.823097     -29.468314
      10.836409     -29.605136
      10.892299     -29.674628
      10.977843     -29.669443
      11.100212     -29.603808
      11.157761     -29.511796
      11.178996     -29.396704
      11.160103     -29.244876
      11.149961     -29.110978
      11.178960     -29.050858
      11.278053     -29.084189
      11.430485     -29.149407
      11.525386     -29.164949
      11.565574     -29.183311
      11.560418     -29.193489
      11.490380     -29.182680
      11.370706     -29.144161
      11.254175     -29.073431
      11.168897     -29.009473
      11.114471     -29.040745
      11.088071     -29.075840
      11.051233     -29.038339
      11.065469     -28.984513
      11.101109     -28.946711
      11.137842     -28.933284
      11.132252     -28.842700
      11.110093     -28.703432
      11.127918     -28.616603
      11.154612     -28.529493
      11.264659     -28.497050
      11.432559     -28.539697
      11.518884     -28.642943
      11.409481     -28.725303
      11.191760     -28.685884
      11.074752     -28.464183
      11.110419     -28.150579
      11.239153     -27.844514
      11.340732     -27.578259
      11.348739     -27.341382
      11.304195     -27.152961
      11.212277     -26.973562
      11.146172     -26.800970
      11.098708     -26.599953
      10.998211     -26.349325
      10.949459     -26.031834
      11.002148     -25.700891
      11.126031     -25.470981
      11.252458     -25.306651
      11.289732     -25.174032
      11.249256     -25.033813
      11.193948     -24.859530
      11.149823     -24.670602
      11.151029     -24.586813
      11.167629     -24.618015
      11.180760     -24.712363
      11.129691     -24.799660
      11.083000     -24.812590
      11.084284     -24.737804
      11.074287     -24.607655
      11.066249     -24.495482
      11.068656     -24.450773
