       2.652162       3.479265
       3.089632       3.515981
       3.341239       3.787943
       3.461168       4.254792
       3.535860       4.814932
       3.541244       5.432942
       3.518249       6.045212
       3.501279       6.642085
       3.496633       7.165032
       3.576871       7.606484
       3.803936       7.894179
       4.110797       7.997784
       4.363071       7.925829
       4.558119       7.675793
       4.719696       7.314322
       4.893695       6.996410
       5.118065       6.826443
       5.437109       6.851561
       5.874298       7.012308
       6.469550       7.222992
       7.764286       7.428924
      10.399126       7.662964
      13.348751       7.952580
      15.678411       8.073084
      16.849845       8.012474
      17.334381       7.809077
      17.683802       7.639257
      18.144556       7.428210
      18.599959       7.165770
      19.264311       6.766983
      20.132056       5.894152
      21.347864       4.626211
      22.828641       3.245626
      24.489522       1.984460
      25.808017       1.162895
      26.690577       0.763493
      27.099898       0.758894
      27.070598       1.034066
      26.993801       1.408236
      26.901435       1.712969
      26.756640       1.927038
      26.576510       2.025976
      26.376556       2.255163
      26.352793       2.588312
      26.467251       2.939875
      26.779971       3.206889
      27.196308       3.381853
      27.589746       3.493066
      28.044684       3.633153
      28.375054       3.752333
      28.460977       3.838699
      28.446998       3.807586
      28.523108       3.721565
      28.579367       3.612337
      28.742437       3.492494
      29.016953       3.363490
      29.222019       3.257901
      29.413956       3.191756
      29.535394       3.187224
      29.578192       3.188481
      29.660708       3.191679
      29.771737       3.164543
      29.913499       3.082854
      29.992666       2.975606
      30.040889       2.912928
      30.199194       2.919703
      30.377350       2.985353
      30.524143       3.024085
      30.636943       3.070228
      30.675294       3.069341
      30.707693       3.070041
      30.732461       3.070883
      30.692514       3.099168
      30.612337       3.116977
      30.585983       3.153714
      30.593217       3.191036
      30.589203       3.198860
      30.543673       3.168471
      30.493211       3.116274
      30.493401       3.113823
      30.461813       3.195523
      30.480464       3.247965
      30.494865       3.301183
      30.499093       3.315476
      30.501371       3.323614
      30.460477       3.338245
      30.343430       3.425243
      30.140732       3.588851
      29.876389       3.840798
      29.500392       4.091602
      28.739828       4.306635
      26.945824       4.552863
      23.911381       5.026609
      20.246059       5.917873
      16.843817       7.211583
      13.971426       8.487078
      11.547726       9.578767
       9.813303      10.307884
       8.884341      10.601013
       8.531217      10.459374
       8.478591      10.062604
       8.422539       9.602094
       8.204144       9.244137
       7.687275       9.136270
       6.526108       9.501010
       4.563046      10.446754
       2.063329      11.820418
      -0.826269      13.569399
      -3.857187      15.544678
      -6.770589      17.382681
      -9.273068      18.722789
     -11.336821      19.532685
     -12.828324      19.934814
     -13.838789      20.188808
     -14.395440      20.541197
     -14.511084      21.076062
     -14.535240      21.814597
     -14.673856      22.723176
     -14.203186      23.866910
     -12.484628      25.515430
     -10.710537      28.063332
      -8.931151      31.522162
      -7.474511      35.486848
      -6.101677      39.376668
      -4.992092      42.881436
      -3.980163      45.896686
      -2.978465      48.305638
      -1.806339      50.285118
      -0.387458      52.214896
       0.976006      54.404583
       2.057972      56.544218
       2.811980      58.242151
       3.486972      59.331105
       3.904611      60.042164
       4.218466      60.478971
       4.649517      60.956193
       5.303615      61.917650
       6.269409      63.805259
       7.586547      66.597028
       8.675866      68.919210
       9.502054      69.935688
       9.908966      69.866674
       9.970515      69.318530
      10.021773      68.723739
      10.123640      68.329795
      10.156693      68.000125
       9.916662      67.130047
       9.425108      65.253226
       9.601395      62.772224
      10.058368      60.419749
      10.533552      58.180277
      10.693564      55.539660
      10.314053      51.726551
       9.373601      45.975204
       8.336546      39.439295
       7.659475      33.512811
       7.251926      28.733148
       7.119885      25.294970
       7.121436      22.847224
       7.137350      21.126340
       7.090091      19.802543
       6.986303      18.595525
       6.795859      17.361672
       6.514311      15.979368
       6.134453      14.405904
       5.637486      12.653469
       5.128700      10.881228
       4.640981       9.158833
       4.317792       7.616153
       4.203212       6.207507
       4.198054       4.923950
       4.338844       3.698397
       4.637956       2.549711
       4.966775       1.398159
       5.161362       0.295867
       5.216662      -0.738350
       5.153508      -1.702085
       5.006561      -2.578487
       4.884208      -3.358309
       4.780563      -4.047834
       4.688420      -4.607709
       4.537702      -5.115063
       4.303782      -5.589326
       3.941585      -6.039922
       3.450958      -6.435789
       2.937680      -6.757193
       2.474405      -6.994004
       2.089618      -7.134113
       1.736596      -7.168862
       1.527386      -7.077355
       1.432042      -6.933864
       1.500486      -6.825844
       1.745135      -6.853977
       2.242727      -6.941589
       2.732830      -6.981249
       3.020686      -6.970889
       3.058056      -6.838666
       3.129257      -6.706177
       3.128240      -6.649120
       3.121096      -6.637717
       3.380143      -6.674217
       3.640815      -6.771627
       3.790028      -6.951138
       3.948150      -7.201813
       4.219005      -7.500288
       4.478674      -7.780876
       4.606657      -8.002630
       4.665907      -8.187289
       4.658870      -8.355023
       4.608979      -8.560946
       4.468400      -8.744232
       4.333566      -8.979303
       4.216804      -9.404327
       4.223167      -9.867651
       4.275591     -10.179945
       4.196907     -10.372437
       4.030951     -10.462330
       3.877833     -10.507850
       3.744916     -10.502400
       3.569591     -10.452205
       3.425886     -10.399716
       3.316353     -10.380332
       3.227731     -10.411683
       3.094684     -10.514351
       2.904816     -10.709995
       2.712081     -10.964551
       2.574936     -11.195977
       2.574328     -11.355893
       2.720942     -11.465159
       2.891616     -11.489278
       3.016039     -11.449605
       3.050855     -11.400818
       2.968194     -11.385277
       2.907278     -11.379804
       2.889631     -11.360841
       2.879624     -11.334106
       2.868342     -11.301129
       2.802981     -11.289013
       2.719431     -11.311396
       2.658337     -11.348469
       2.648648     -11.382597
       2.718604     -11.394108
       2.758060     -11.386324
       2.740865     -11.345551
       2.742217     -11.316681
       2.761045     -11.300090
       2.754815     -11.281527
       2.759140     -11.265249
       2.726693     -11.213950
       2.695072     -11.161413
       2.673428     -11.148207
       2.592049     -11.176284
       2.472801     -11.197639
       2.301413     -11.187312
       2.103346     -11.135496
       1.958221     -11.057625
       1.885789     -10.976370
       1.857352     -10.956810
       1.839507     -10.964842
       1.852408     -10.967393
       1.879209     -10.942682
       1.864788     -10.896070
       1.865411     -10.836914
       1.883282     -10.770549
       1.874770     -10.708872
       1.866669     -10.667411
       1.881729     -10.650485
       1.865786     -10.636657
       1.839689     -10.610704
       1.795912     -10.580122
       1.754382     -10.537934
       1.724500     -10.494543
       1.727313     -10.453705
       1.746025     -10.440774
       1.740786     -10.452059
       1.694753     -10.467338
       1.620425     -10.462553
       1.536518     -10.465648
       1.450352     -10.449699
       1.402920     -10.431198
       1.391679     -10.418671
       1.378133     -10.403335
       1.380293     -10.349110
       1.399411     -10.259763
       1.413320     -10.123353
       1.430071     -10.014718
       1.414811      -9.964752
       1.397168      -9.980707
       1.353820     -10.032139
       1.281492     -10.054725
       1.252346     -10.036390
       1.204060     -10.008617
       1.175695      -9.988054
       1.141525      -9.979478
       1.118103      -9.975352
       1.110817      -9.979164
       1.049284      -9.991820
       1.026494     -10.022357
       1.032056     -10.048939
       1.055393     -10.045394
       1.073045      -9.996516
       1.111519      -9.956166
       1.114235      -9.935584
       1.094237      -9.938022
       1.084028      -9.956145
       1.058660      -9.983555
       1.028552      -9.985645
       1.009565      -9.958710
       1.009473      -9.931910
       1.009756      -9.903782
       0.999050      -9.858364
       1.000794      -9.791281
       1.005526      -9.727125
       0.988734      -9.722835
       0.946289      -9.794278
       0.888429      -9.856450
       0.825900      -9.867824
       0.789916      -9.844766
       0.737423      -9.805414
       0.709728      -9.767608
       0.681754      -9.748112
       0.620327      -9.748322
       0.568697      -9.760600
       0.537612      -9.771545
       0.474865      -9.778062
       0.396681      -9.768196
       0.343604      -9.739377
       0.316410      -9.706298
       0.304067      -9.688260
       0.301508      -9.694962
       0.294728      -9.707561
       0.305052      -9.703448
       0.323082      -9.692874
       0.313726      -9.703336
       0.301296      -9.711644
       0.294837      -9.717286
       0.296304      -9.711372
       0.281625      -9.688810
       0.294914      -9.669162
       0.267184      -9.641138
       0.242875      -9.642173
       0.236232      -9.664016
       0.210353      -9.690236
       0.177731      -9.696928
       0.155536      -9.684950
       0.128687      -9.681564
       0.113204      -9.700623
       0.102193      -9.725166
       0.087687      -9.747056
       0.071731      -9.760197
       0.072373      -9.775038
       0.031110      -9.806192
      -0.010121      -9.837147
      -0.050098      -9.869844
      -0.075682      -9.896246
      -0.100597      -9.903356
      -0.096114      -9.909425
      -0.119580      -9.899433
      -0.155305      -9.896677
      -0.165895      -9.915475
      -0.200315      -9.945018
      -0.241514      -9.972589
      -0.275622      -9.977687
      -0.289840      -9.969036
      -0.289856      -9.955197
      -0.293455      -9.936991
      -0.276265      -9.920406
      -0.267673      -9.907349
      -0.295302      -9.923262
      -0.346280      -9.946455
      -0.351446      -9.958606
      -0.324347      -9.936109
      -0.306778      -9.888573
      -0.251700      -9.859555
      -0.228919      -9.845526
      -0.245994      -9.846306
      -0.243152      -9.848722
      -0.233423      -9.856100
      -0.230268      -9.854658
      -0.206281      -9.830061
      -0.186335      -9.800998
      -0.155924      -9.780316
      -0.126946      -9.767908
      -0.087586      -9.754064
      -0.062280      -9.743658
      -0.055225      -9.756899
      -0.039361      -9.768545
      -0.038087      -9.766396
      -0.019348      -9.755120
      -0.019713      -9.736357
       0.029244      -9.712283
       0.033850      -9.673028
       0.020133      -9.640992
       0.036003      -9.632449
       0.064626      -9.618851
       0.122515      -9.595753
       0.241156      -9.559686
       0.379617      -9.500205
       0.485281      -9.429127
       0.559397      -9.337867
       0.698761      -9.240844
       1.006991      -9.133923
       1.509546      -8.992884
       2.147898      -8.776015
       2.776331      -8.509595
       3.341233      -8.226141
       3.782408      -7.968320
       4.081908      -7.751683
       4.183278      -7.613921
       4.180203      -7.544112
       4.192567      -7.511439
       4.237286      -7.499387
       4.273369      -7.486775
       4.318029      -7.477735
       4.382931      -7.477989
       4.522063      -7.490617
       4.775431      -7.508076
       5.108813      -7.514691
       5.583377      -7.514705
       6.277452      -7.522093
       7.342611      -7.530182
       8.633023      -7.498464
       9.720161      -7.379098
      10.645124      -7.188914
      11.567595      -6.956216
      12.675739      -6.720031
      13.959714      -6.465029
      15.438136      -6.190426
      17.124684      -5.966792
      18.390094      -5.769715
      19.291001      -5.624270
      19.875147      -5.470056
      20.164161      -5.341913
      20.418467      -5.250637
      20.637407      -5.172281
      20.857530      -5.077859
      21.141732      -5.043002
      21.338774      -5.016113
      21.444669      -5.040036
      21.479110      -5.062406
      21.434481      -5.088669
      21.436672      -5.105660
      21.483406      -5.099145
      21.473823      -5.079560
      21.469639      -5.092606
      21.435888      -5.145086
      21.381433      -5.204060
      21.375925      -5.228008
      21.391640      -5.205904
      21.417314      -5.141211
      21.445704      -5.076267
      21.500702      -5.022660
      21.582465      -4.992668
      21.677257      -5.004285
      21.752602      -5.009015
      21.782441      -4.991716
      21.820710      -4.952657
      21.803953      -4.920631
      21.813677      -4.891975
      21.821091      -4.879552
      21.818599      -4.844085
      21.787269      -4.806625
      21.748724      -4.813853
      21.675747      -4.859198
      21.528878      -4.888903
      21.140289      -4.884428
      19.920235      -4.855684
      17.742393      -4.759296
      15.381973      -4.565269
      13.370787      -4.359064
      11.671075      -4.216488
      10.245292      -4.188084
       9.084711      -4.231089
       8.106073      -4.301900
       7.418584      -4.374242
       6.851918      -4.436701
       6.342202      -4.459926
       5.888924      -4.442772
       5.557753      -4.384453
       5.364941      -4.324740
       5.291243      -4.283345
       5.269659      -4.273417
       5.262975      -4.283285
       5.246658      -4.314275
       5.223569      -4.354642
       5.186770      -4.383349
       5.153306      -4.397700
       5.152885      -4.404361
       5.181470      -4.426538
       5.195160      -4.475696
       5.213456      -4.536284
       5.251978      -4.591195
       5.316375      -4.626770
       5.437347      -4.639723
       5.637922      -4.650802
       5.873014      -4.633340
       6.069236      -4.608953
       6.211053      -4.592193
       6.240605      -4.583842
       6.189758      -4.592871
       6.110708      -4.601867
       6.017804      -4.594441
       5.943854      -4.558379
       5.917756      -4.500080
       5.904624      -4.442777
       5.910541      -4.412634
       5.871499      -4.422235
       5.844171      -4.431853
       5.891485      -4.412454
       5.974138      -4.368444
       6.045649      -4.321915
       6.123438      -4.316053
       6.170038      -4.334776
       6.192853      -4.349531
       6.231785      -4.350093
       6.230069      -4.317605
       6.227909      -4.276613
       6.192393      -4.247930
       6.105400      -4.251287
       5.968549      -4.246228
       5.798192      -4.212610
       5.681226      -4.168512
       5.592656      -4.149477
       5.528033      -4.171265
       5.468758      -4.183495
       5.429214      -4.178278
       5.403824      -4.178345
       5.404436      -4.169964
       5.467413      -4.162441
       5.526231      -4.156436
       5.582034      -4.152679
       5.665112      -4.178047
       5.742293      -4.218223
       5.804533      -4.244840
       5.846988      -4.257580
       5.889554      -4.246591
       5.936746      -4.205135
       5.978872      -4.175982
       6.018408      -4.164005
       6.074775      -4.169439
       6.144934      -4.182514
       6.197666      -4.208012
       6.278171      -4.218465
       6.393032      -4.218678
       6.527832      -4.222706
       6.657320      -4.241586
       6.790824      -4.276102
       6.907421      -4.308311
       6.990314      -4.335941
       7.058512      -4.374746
       7.105661      -4.425962
       7.115321      -4.473049
       7.110569      -4.493313
       7.104328      -4.478414
       7.090016      -4.452432
       7.104933      -4.420040
       7.447398      -4.425293
       8.477367      -4.593216
      11.144043      -5.086150
      13.965823      -5.700424
      15.755081      -6.277359
      16.839476      -6.659763
      17.500606      -6.816473
      17.986415      -6.904947
      18.436378      -7.220273
      19.154906      -8.569015
      20.839064     -12.047388
      23.641353     -17.611838
      26.832820     -23.443225
      29.458692     -27.843528
      31.099514     -30.099346
      31.538258     -30.546454
      31.390736     -30.141437
      30.998507     -29.781575
      30.706294     -29.997681
      30.314937     -30.596112
      29.911918     -31.392659
      29.557341     -32.067912
      29.258330     -32.581639
      28.986065     -33.057351
      28.683691     -33.502596
      28.339294     -33.941482
      27.911366     -34.500897
      27.494653     -35.155755
      27.136047     -36.000420
      26.817503     -37.036268
      26.567714     -38.212569
      26.282704     -39.457360
      25.963107     -40.686297
      25.799972     -41.969719
      25.658530     -43.341459
      25.455150     -44.875356
      25.171123     -46.608157
      24.873096     -48.549762
      24.618518     -50.622278
      24.458469     -52.657784
      24.376364     -54.636923
      24.189031     -56.257620
      23.752418     -57.686391
      23.301203     -59.005049
      22.941968     -60.227207
      22.712588     -61.388477
      22.680337     -62.529111
      22.693308     -63.804278
      22.582708     -65.128881
      22.458119     -66.341641
      22.282421     -67.345282
      22.071320     -68.154792
      21.772705     -68.774815
      21.430300     -69.226708
      20.985583     -69.509498
      20.387941     -69.643581
      19.583980     -69.667507
      18.419590     -69.572266
      16.763742     -69.308762
      14.876552     -68.803753
      12.877671     -67.945716
      10.897026     -66.620988
       8.938547     -64.909159
       7.136683     -63.134840
       5.491783     -61.368695
       4.234283     -59.605066
       3.514077     -57.942269
       3.042935     -56.422492
       2.796088     -55.060130
       2.733666     -53.697969
       2.778325     -52.295352
       2.919628     -50.792123
       3.068774     -49.212206
       3.217177     -47.587590
       3.448603     -45.964179
       3.719782     -44.348126
       3.901807     -42.760972
       3.962024     -41.173434
       3.964866     -39.440825
       3.964856     -37.230413
       3.851528     -34.392680
       3.528220     -30.957769
       3.066927     -27.192388
       2.614687     -23.511804
       2.139643     -20.192230
       1.810403     -17.597166
       1.691634     -15.767670
       1.704802     -14.731889
       1.661788     -14.161566
       1.569185     -13.741040
       1.463598     -13.261141
       1.402825     -12.724650
       1.401292     -12.188671
       1.389730     -11.674514
       1.408654     -11.167024
       1.469733     -10.701033
       1.591289     -10.281371
       1.798592      -9.940666
       2.059782      -9.684995
       2.178591      -9.543925
       2.187448      -9.517258
       2.126273      -9.511085
       2.030508      -9.461914
       1.912269      -9.341540
       1.803052      -9.190444
       1.589351      -9.035336
       1.206117      -8.887001
       0.821244      -8.752362
       0.694074      -8.610631
       0.780742      -8.433967
       1.144186      -8.250606
       1.614604      -8.102923
       2.049291      -8.040280
       2.452661      -8.053100
       2.789181      -8.101245
       3.136166      -8.127693
       3.531559      -8.120325
       3.926033      -8.028564
       4.262050      -7.849609
       4.469136      -7.596462
       4.621612      -7.309547
       4.762789      -7.061152
       4.790475      -6.910175
       4.579188      -6.850083
       4.112573      -6.817142
       3.563413      -6.760999
       2.896559      -6.683353
       2.197257      -6.573537
       1.491810      -6.443996
       0.796587      -6.284901
       0.138061      -6.118565
      -0.370192      -5.983802
      -0.775706      -5.879600
      -1.111702      -5.803016
      -1.321656      -5.714202
      -1.415410      -5.629468
      -1.470214      -5.568433
      -1.554839      -5.528471
      -1.643020      -5.508518
      -1.700628      -5.481674
      -1.686634      -5.404344
      -1.645342      -5.300768
      -1.633661      -5.197622
      -1.633727      -5.103449
      -1.591504      -5.022679
      -1.561365      -4.970917
      -1.575446      -4.918103
      -1.581013      -4.866658
      -1.601241      -4.787350
      -1.611326      -4.699871
      -1.606833      -4.613044
      -1.637691      -4.494318
      -1.685512      -4.341282
      -1.721091      -4.145441
      -1.749663      -3.897223
      -1.744475      -3.630297
      -1.746402      -3.365461
      -1.728372      -3.147976
      -1.677771      -2.992567
      -1.645713      -2.933101
      -1.636899      -2.931854
      -1.618304      -2.957191
