      11.455046      14.584055
      11.410904      14.479014
      11.358647      14.328357
      11.347595      14.192232
      11.374282      14.106515
      11.363667      14.098493
      11.341377      14.068434
      11.293840      13.978810
      11.194822      13.771054
      11.052930      13.459947
      10.929828      13.071824
      10.828896      12.615143
      10.702405      12.113915
      10.459187      11.480339
      10.127171      10.668009
       9.663179       9.680592
       9.014224       8.573708
       8.159107       7.433342
       7.141529       6.279974
       6.221210       5.105632
       5.317301       3.956646
       4.490947       2.772731
       3.771628       1.515623
       3.208542       0.277915
       2.752396      -0.886530
       2.469981      -1.915724
       2.127879      -2.744306
       1.668516      -3.419552
       0.961678      -4.045699
      -0.075918      -4.817284
      -1.545641      -5.877025
      -3.078626      -7.356168
      -4.106874      -9.185436
      -4.614524     -11.197075
      -5.164052     -13.175797
      -5.908179     -15.010012
      -6.850748     -16.850632
      -7.991273     -18.553924
      -9.224976     -19.865730
     -10.677878     -20.574900
     -12.348476     -20.757444
     -14.187832     -20.681662
     -15.871444     -20.643175
     -17.364448     -20.755370
     -18.632811     -21.000502
     -19.851629     -21.286930
     -21.015340     -21.529742
     -22.221028     -21.648722
     -23.417913     -21.646078
     -24.551297     -21.550858
     -25.528250     -21.436881
     -26.266676     -21.364098
     -26.699577     -21.350324
     -26.880827     -21.389280
     -26.978732     -21.422234
     -27.053149     -21.408001
     -27.105909     -21.301394
     -27.217455     -21.091631
     -27.324810     -20.827715
     -27.287236     -20.582506
     -27.077274     -20.366202
     -26.577812     -20.120287
     -25.697056     -19.856492
     -24.501038     -19.574339
     -23.175195     -19.250345
     -21.804113     -18.867606
     -20.314330     -18.429582
     -18.652304     -17.956071
     -16.900587     -17.481321
     -14.926759     -17.010609
     -12.668728     -16.574477
     -10.409648     -16.197326
      -8.194319     -15.913159
      -6.184611     -15.728224
      -4.189815     -15.617826
      -2.087624     -15.620862
       0.146440     -15.710682
       2.489110     -15.831352
       4.836348     -15.922996
       7.064742     -16.029076
       9.279134     -16.183198
      11.230175     -16.383804
      12.839262     -16.629545
      14.206548     -16.879617
      15.401995     -17.184353
      16.541277     -17.512828
      17.813929     -17.835859
      19.182989     -18.119964
      20.749828     -18.346686
      22.820450     -18.541315
      25.141869     -18.736621
      27.070681     -18.878038
      28.721486     -18.959419
      30.330219     -19.004566
      31.791115     -18.980983
      33.430326     -18.888940
      35.180020     -18.705445
      36.618768     -18.487537
      38.080118     -18.330979
      39.235725     -18.240153
      39.844783     -18.231094
      40.190025     -18.212144
      40.298102     -18.227374
      40.374235     -18.268969
      40.450207     -18.390825
      40.548071     -18.642037
      40.718088     -18.996038
      40.921908     -19.340253
      41.010530     -19.777680
      40.944333     -20.221904
      40.811868     -20.647449
      40.691669     -20.981219
      40.676515     -21.199368
      40.737655     -21.255452
      40.861759     -21.211816
      40.995395     -21.251542
      41.013269     -21.403489
      40.982684     -21.710756
      40.911301     -22.088302
      40.715461     -22.509095
      40.295605     -23.168143
      39.688108     -23.992620
      39.173931     -24.701187
      38.913845     -25.240804
      38.769171     -25.670568
      38.674979     -25.988601
      38.636628     -26.257712
      38.585843     -26.450667
      38.510916     -26.587948
      38.371381     -26.649059
      38.244312     -26.614028
      38.226268     -26.462555
      38.267215     -26.307951
      38.248581     -26.101695
      38.218543     -25.907628
      38.210266     -25.717963
      38.146630     -25.578321
      38.059308     -25.494659
      37.992740     -25.451468
      37.953267     -25.296284
      37.786428     -25.230226
      37.678315     -25.237227
      37.484566     -25.268111
      37.260449     -25.331368
      36.986578     -25.389395
      36.659419     -25.398250
      36.280425     -25.359245
      35.786847     -25.318543
      35.044407     -25.287225
      33.801369     -25.248857
      31.822426     -25.285943
      29.324102     -25.239911
      26.612768     -25.024463
      24.036821     -24.710417
      21.895258     -24.278820
      20.220206     -23.746388
      19.032127     -23.212388
      18.008346     -22.651263
      17.085169     -22.064034
      16.350015     -21.530818
      15.861036     -21.081798
      15.482623     -20.783769
      15.118176     -20.629624
      14.779587     -20.534099
      14.643580     -20.480271
      14.618429     -20.484377
      14.634477     -20.602942
      14.624368     -21.010624
      14.647344     -22.045910
      14.444262     -23.646227
      13.897506     -25.491330
      13.525342     -27.151397
      13.165030     -28.363999
      12.789242     -29.068799
      12.444669     -29.334122
      12.118001     -29.258369
      11.862568     -29.042754
      11.718821     -29.110004
      11.596471     -29.826728
      11.458289     -31.276584
      11.309555     -33.403603
      11.044673     -35.870449
      10.779816     -38.193694
      10.558068     -40.025766
      10.350905     -41.250564
      10.230860     -41.934248
      10.217584     -42.323937
      10.275335     -42.736225
      10.389987     -43.515899
      10.609839     -44.957692
      11.002822     -47.054124
      11.384976     -49.222255
      11.741705     -51.124242
      11.999055     -52.627675
      12.083560     -53.681120
      11.952761     -54.394757
      11.670688     -54.909048
      11.333563     -55.252148
      11.035473     -55.497637
      10.822265     -55.751630
      10.678785     -56.003666
      10.629306     -56.246590
      10.620851     -56.431652
      10.574454     -56.489829
      10.389710     -56.374106
      10.174836     -56.165210
       9.950645     -55.904169
       9.718865     -55.602602
       9.437286     -55.242730
       9.195002     -54.833545
       8.937230     -54.241489
       8.727993     -53.592479
       8.633596     -53.068736
       8.665547     -52.850651
       8.720452     -53.000694
       8.717148     -53.318824
       8.675557     -53.601095
       8.646227     -53.680100
       8.698539     -53.568602
       8.792754     -53.403847
       8.968058     -53.299994
       9.258072     -53.291091
       9.662032     -53.352848
      10.105693     -53.413386
      10.663966     -53.421220
      11.384613     -53.327480
      12.202820     -53.199614
      12.939041     -53.141354
      13.498370     -53.135681
      13.880502     -53.124490
      14.115993     -53.100273
      14.188288     -53.033897
      14.214757     -52.908654
      14.218330     -52.749669
      14.158231     -52.579717
      13.952199     -52.316039
      13.483657     -51.727707
      12.590464     -50.356312
      11.310689     -47.882290
       9.952165     -44.668038
       9.066490     -41.494231
       8.286875     -38.629282
       7.523954     -36.073832
       6.638965     -33.700498
       5.834522     -31.369785
       5.064545     -28.946553
       4.989392     -26.574201
       5.829775     -24.504990
       7.179340     -22.787541
       8.353660     -21.355596
       8.784015     -20.257649
       8.382606     -19.356574
       7.484201     -18.553476
       6.454686     -17.853947
       5.505021     -17.226892
       4.858803     -16.714439
       4.459529     -16.352919
       4.340736     -16.132507
       4.153067     -16.043805
       3.721962     -16.186751
       3.137624     -16.622701
       2.594384     -17.267784
       1.948202     -17.932757
       1.465443     -18.504080
       1.174098     -18.957066
       1.014466     -19.223810
       1.180881     -19.305956
       1.423501     -19.147006
       1.626965     -18.843463
       1.931710     -18.543229
       2.327339     -18.330544
       2.692738     -18.234774
       2.989698     -18.303569
       3.139953     -18.475835
       3.189147     -18.686936
       3.228151     -18.845302
       3.209051     -18.905670
       3.314003     -18.868365
       3.476644     -18.782953
       3.602962     -18.745472
       3.729180     -18.796475
       3.889076     -18.935605
       4.068710     -19.136783
       4.112738     -19.327767
       4.040351     -19.459132
       4.148867     -19.573333
       4.503893     -19.667280
       4.833426     -19.691086
       5.070486     -19.656103
       5.256508     -19.577020
       5.418575     -19.534843
       5.550441     -19.468919
       5.851028     -19.449392
       6.383303     -19.511410
       7.011886     -19.581283
       7.601409     -19.551600
       8.044204     -19.424397
       8.282653     -19.147636
       8.399422     -18.863176
       8.453711     -18.680122
       8.541096     -18.612552
       8.757702     -18.646590
       8.848140     -18.660484
       8.858856     -18.632824
       8.822866     -18.576634
       8.881098     -18.514495
       8.888669     -18.368455
       8.829902     -18.219188
       8.950805     -18.141059
       9.274571     -18.164155
       9.580900     -18.190732
       9.791718     -18.222129
       9.969789     -18.243343
      10.220390     -18.193112
      10.559941     -18.116338
      10.978784     -17.955369
      11.398894     -17.714065
      11.652184     -17.380881
      11.757916     -17.089672
      11.884847     -16.921295
      11.997182     -16.848467
      12.027430     -16.815803
      12.053045     -16.748739
      12.036295     -16.592090
      12.012304     -16.342532
      12.002478     -16.042038
      11.951932     -15.734099
      11.920265     -15.395861
      11.924466     -15.003779
      11.923566     -14.634146
      11.946772     -14.365304
      11.915396     -14.214146
      11.777690     -14.152468
      11.588412     -14.245276
      11.364507     -14.362126
      11.213969     -14.309702
      11.139382     -14.014739
      11.011012     -13.500882
      10.887130     -12.823919
      10.724356     -12.150038
      10.476763     -11.551536
      10.223141     -11.099501
       9.948272     -10.864452
       9.574644     -10.743391
       9.205550     -10.607284
       8.844561     -10.471558
       8.532357     -10.309871
       8.356355     -10.200500
       8.239679     -10.226242
       8.038506     -10.412833
       7.895574     -10.669219
       7.741183     -10.858366
       7.730693     -10.929878
       7.717696     -10.897564
       7.622475     -10.795842
       7.439706     -10.725359
       7.147588     -10.678756
       6.870613     -10.691919
       6.706559     -10.706620
       6.615453     -10.766884
       6.600057     -10.880365
       6.626636     -11.125669
       6.555136     -11.444462
       6.439425     -11.776763
       6.342719     -12.024924
       6.260673     -12.172815
       6.195322     -12.271089
       6.191141     -12.271833
       6.238578     -12.183149
       6.347051     -12.071467
       6.384264     -11.934607
       6.432394     -11.834345
       6.510521     -11.754196
       6.575400     -11.688906
       6.688963     -11.572614
       6.747812     -11.466615
       6.758660     -11.394452
       6.794718     -11.274346
       6.816578     -11.226707
       6.900630     -11.346842
       6.935324     -11.509555
       6.881168     -11.682380
       6.794719     -11.894960
       6.815563     -12.110950
       6.914757     -12.266439
       7.025792     -12.342907
       7.118197     -12.335551
       7.186769     -12.198250
       7.320375     -11.961742
       7.476897     -11.692129
       7.719613     -11.388725
       7.967475     -11.052455
       8.165684     -10.817571
       8.298146     -10.661714
       8.345787     -10.763192
       8.343253     -10.981288
       8.403836     -11.052283
       8.548174     -10.876850
       8.643991     -10.535072
