      14.676244      -9.561800
      14.752696     -10.319974
      14.702959     -11.084996
      14.632206     -11.688896
      14.632825     -12.180035
      14.464150     -12.503825
      14.136704     -12.791617
      13.603909     -13.162581
      13.077869     -13.590638
      12.673758     -13.967409
      12.423352     -14.217024
      12.187491     -14.314922
      11.975981     -14.232374
      11.748707     -13.961326
      11.490357     -13.434267
      11.196402     -12.643098
      10.868478     -11.627570
      10.554864     -10.515946
      10.381745      -9.390428
      10.406179      -8.345411
      10.573512      -7.365626
      11.113888      -6.393611
      11.832762      -5.362196
      12.376235      -4.336336
      12.976305      -3.498340
      13.668725      -2.862437
      14.335092      -2.467595
      14.908072      -2.250273
      15.309299      -2.120107
      15.472051      -2.038582
      15.488014      -1.932108
      15.359602      -1.783323
      15.189364      -1.534628
      15.025549      -1.213027
      14.795124      -0.881565
      14.314438      -0.577896
      13.202992      -0.284538
      11.702619      -0.025118
      10.229308       0.259190
       9.031458       0.674369
       8.411113       1.298800
       8.358982       2.099195
       8.409294       2.954200
       8.503943       3.715613
       8.538435       4.375488
       8.440060       4.995998
       8.322577       5.602301
       8.233804       6.224710
       8.180003       6.868449
       8.249705       7.438061
       8.405516       7.918293
       8.561927       8.346727
       8.680767       8.795037
       8.750424       9.253583
       8.837653       9.676061
       8.840480      10.127834
       8.813527      10.580836
       8.809013      10.989241
       8.814811      11.341036
       8.854176      11.679473
       8.858220      12.035505
       8.714525      12.438099
       8.491439      12.798587
       8.307698      13.002756
       8.270155      13.077894
       8.447271      13.094998
       8.811408      13.076914
       9.171872      13.017772
       9.333535      12.902299
       9.234357      12.780957
       8.995457      12.636830
       8.726391      12.510657
       8.561659      12.416164
       8.589463      12.279678
       8.669810      12.045660
       8.755521      11.705856
       8.820052      11.308508
       8.847047      10.909042
       8.821722      10.591471
       8.866001      10.405133
       8.960727      10.367576
       9.040733      10.495637
       9.097673      10.725411
       9.072294      10.589344
       9.077808      10.013445
       9.220840       9.348042
       9.639688       8.490932
      10.152930       7.503645
      10.659402       6.561269
      11.079087       5.849637
      11.359557       5.454530
      11.491473       5.358840
      11.507964       5.453446
      11.500289       5.660518
      11.531187       5.861071
      11.593930       5.961566
      11.632328       6.014103
      11.642784       6.061335
      11.623212       6.111341
      11.560142       6.178465
      11.527969       6.232148
      11.518809       6.268281
      11.525369       6.298107
      11.574853       6.274303
      11.646853       6.176607
      11.658094       6.077817
      11.657768       5.967114
      11.665745       5.891616
      11.669232       5.820237
      11.679877       5.742167
      11.666374       5.635489
      11.599206       5.520194
      11.503078       5.392993
      11.400476       5.300520
      11.344930       5.251791
      11.333661       5.216838
      11.312624       5.144304
      11.299332       5.034083
      11.311294       4.893365
      11.260450       4.760655
      11.129135       4.683876
      10.964267       4.679264
      10.782141       4.724677
      10.644269       4.757441
      10.562528       4.710006
      10.445292       4.592713
      10.223575       4.457495
       9.955220       4.329736
       9.791462       4.222875
       9.713678       4.120797
       9.683039       3.984768
       9.564948       3.833951
       9.341629       3.623448
       8.938491       3.384897
       8.426296       3.122485
       7.918030       2.923788
       7.499542       2.719426
       7.201344       2.436785
       6.988509       1.999665
       6.785975       1.406599
       6.484792       0.589948
       5.942053      -0.463385
       5.421221      -1.711399
       5.116237      -2.883129
       4.963209      -3.687982
       4.867258      -4.075032
       4.821238      -4.132577
       4.858758      -4.025217
       4.909362      -3.897683
       4.848029      -3.811256
       4.784764      -3.734381
       4.876535      -3.680200
       5.004538      -3.642793
       5.093920      -3.555137
       5.095831      -3.444228
       5.063941      -3.308968
       5.042818      -3.192858
       5.009677      -3.126393
       4.944377      -3.069554
       4.928323      -3.023371
       4.946164      -2.967118
       4.990475      -2.886540
       5.073332      -2.803488
       5.173290      -2.730637
       5.262738      -2.673947
       5.335287      -2.631048
       5.376051      -2.597323
       5.334610      -2.571947
       5.283424      -2.549335
       5.335713      -2.514397
       5.480271      -2.388753
       5.636139      -2.128501
       5.800681      -1.753417
       5.972714      -1.334811
       6.042634      -0.910829
       5.966880      -0.480833
       5.828836      -0.122504
       5.800353       0.143135
       5.848565       0.320705
       5.864907       0.426172
       5.803955       0.468079
       5.707570       0.496160
       5.698691       0.525550
       5.766685       0.546044
       5.824427       0.524460
       5.807724       0.504026
       5.800522       0.507431
       5.791679       0.539010
       5.864811       0.569710
       6.007914       0.590214
       6.162964       0.611892
       6.293713       0.647107
       6.430654       0.660904
       6.504823       0.660682
       6.545298       0.658077
       6.558339       0.642422
       6.573646       0.656225
       6.653398       0.702086
       6.737744       0.763155
       6.822652       0.796630
       6.890112       0.858904
       7.005812       0.948502
       7.651454       1.087193
       9.594435       1.034848
      11.417302       0.667088
      12.551787       0.153436
      13.095672      -0.322172
      13.341263      -0.677231
      13.394920      -0.809453
      13.326317      -0.811809
      13.346129      -0.747837
      13.533637      -0.606077
      13.883073      -0.469190
      14.312252      -0.370437
      14.760040      -0.384490
      15.106450      -0.459873
      15.385365      -0.608026
      15.527999      -0.732469
      15.635121      -0.771419
      15.840192      -0.800608
      16.086168      -0.815077
      16.396725      -0.890996
      16.746073      -0.960189
      17.049045      -1.107188
      17.178397      -1.181412
      17.259087      -1.236882
      17.319149      -1.268632
      17.408586      -1.281191
      17.542670      -1.272913
      17.698787      -1.228672
      17.904407      -1.191825
      18.070356      -1.165316
      18.182328      -1.146022
      18.283285      -1.164654
      18.405239      -1.186543
      18.612791      -1.188011
      18.911357      -1.182279
      19.289229      -1.069785
      20.074859      -0.673811
      21.170456       0.396457
      22.062740       2.162937
      22.822563       4.095318
      23.566550       5.833511
      24.284279       7.118997
      24.914204       7.801483
      25.393072       7.968172
      25.736891       7.904829
      25.945777       7.674418
      25.999163       7.440344
      25.990299       7.292924
      25.962689       7.266107
      25.913305       7.345975
      25.911924       7.482641
      25.939652       7.654788
      25.964188       7.780991
      25.983186       7.831672
      26.037434       7.763750
      26.156093       7.623914
      26.308677       7.508049
      26.477866       7.436464
      26.676854       7.354708
      26.884560       7.268589
      27.014618       7.157107
      27.100282       7.024541
      27.115538       6.868206
      27.078993       6.682736
      26.993490       6.570989
      26.958887       6.534281
      26.972146       6.519948
      26.943286       6.527155
      26.890104       6.550650
      26.801706       6.580497
      26.672206       6.629810
      26.550355       6.645431
      26.485067       6.634300
      26.418919       6.645673
      26.393153       6.654960
      26.393660       6.636482
      26.432847       6.611190
      26.473753       6.611357
      26.482991       6.586384
      26.456107       6.530412
      26.465993       6.418292
      26.490536       6.316875
      26.469444       6.137782
      26.320190       5.892758
      26.111659       5.579935
      25.804440       5.186479
      25.335485       4.798307
      24.822435       4.430382
      24.330229       4.152393
      23.864666       3.962140
      23.463282       3.687274
      23.026162       3.320904
      22.453045       2.913557
      21.885959       2.554487
      21.427206       2.314104
      21.093703       2.221033
      20.912818       2.175463
      20.890449       2.032553
      20.923299       1.812116
      20.932506       1.632636
      20.883952       1.494333
      20.774412       1.381473
      20.633337       1.334220
      20.529902       1.318918
      20.491575       1.276786
      20.454560       1.198670
      20.449579       1.087973
      20.388461       0.909569
      20.191879       0.523090
      19.871496      -0.254365
      19.486560      -1.385140
      18.998183      -2.761500
      18.542288      -4.182484
      18.035920      -5.690574
      17.511302      -7.255933
      17.064016      -9.010510
      16.765231     -11.144112
      16.569235     -13.343940
      16.362632     -15.368338
      16.146911     -17.221043
      15.893800     -18.930965
      15.585038     -20.444931
      15.304381     -21.751796
      15.092396     -22.916109
      14.958581     -24.009109
      14.859641     -25.028523
      14.647568     -25.862049
      14.355724     -26.549544
      13.979626     -27.075411
      13.542328     -27.345513
      13.048692     -27.239380
      12.692025     -27.132081
      12.538166     -27.180632
      12.529416     -27.340442
      12.600231     -27.564380
      12.751820     -27.841607
      12.917095     -28.210005
      13.014647     -28.555750
      13.112688     -28.877277
      13.208135     -29.099833
      13.263133     -29.186728
      13.377235     -29.152838
      13.534830     -29.094964
      13.682069     -29.084242
      13.743289     -29.110274
      13.771407     -29.163135
      13.762254     -29.213488
      13.734698     -29.241338
      13.716439     -29.319143
      13.738148     -29.503894
      13.824456     -29.828214
      13.977907     -30.329731
      14.161034     -31.003235
      14.321909     -31.832689
      14.440562     -32.692537
      14.528671     -33.486461
      14.636995     -34.075320
      14.765188     -34.497936
      14.932214     -34.748675
      15.080918     -34.843497
      15.182738     -34.767681
      15.256735     -34.618036
      15.277329     -34.455654
      15.265213     -34.326875
      15.281858     -34.245796
      15.320876     -34.173560
      15.369246     -34.097264
      15.390342     -34.007945
      15.411102     -33.934514
      15.430548     -33.895323
      15.424908     -33.888548
      15.420126     -33.868954
      15.429065     -33.795069
      15.430595     -33.629214
      15.378582     -33.341091
      15.357674     -33.012547
      15.385614     -32.690439
      15.382876     -32.400356
      15.267331     -32.141233
      15.079510     -31.849472
      14.885252     -31.490344
      14.636729     -31.054428
      14.237143     -30.547547
      13.697125     -29.937119
      13.145253     -29.187767
      12.613356     -28.294150
      12.175333     -27.269265
      11.862409     -26.116577
      11.659290     -24.723930
      11.540489     -23.133497
      11.537206     -21.457028
      11.635559     -19.805747
      11.845327     -18.216644
      12.044662     -16.688118
      12.183526     -15.258868
      12.288448     -14.086704
      12.420130     -13.280836
      12.615539     -12.824406
      12.836413     -12.663962
      13.050312     -12.694694
      13.242706     -12.765535
      13.395299     -12.809390
      13.468617     -12.791663
      13.481746     -12.796444
      13.453246     -12.818894
      13.473627     -12.876430
      13.522399     -12.952292
      13.539226     -13.016329
      13.583327     -13.070545
      13.573792     -13.066708
      13.463937     -12.986491
      13.178292     -12.664565
      12.704987     -11.955699
      12.061449     -10.892151
      11.366031      -9.635925
      10.728317      -8.494248
      10.358914      -7.722561
      10.169536      -7.406871
       9.762898      -7.377346
       9.166053      -7.468944
       8.169206      -7.459739
       6.715113      -7.282125
       4.969191      -6.947392
       3.504107      -6.511669
       2.709466      -6.058567
       2.458551      -5.698327
       2.471760      -5.431017
       2.545300      -5.269960
       2.575482      -5.170158
       2.528922      -5.110259
       2.461072      -5.131091
       2.403681      -5.377670
       2.399450      -6.018073
       2.434837      -7.207492
       2.536055      -8.953717
       2.650513     -10.948821
       2.786387     -12.800074
       2.869772     -14.235859
       2.897733     -15.112596
       2.917346     -15.535688
       2.920611     -15.640756
       3.057276     -15.641485
       3.303515     -15.690150
       3.653699     -15.862117
       4.197353     -16.048763
       4.851293     -16.173437
       5.346475     -16.276555
       5.699805     -16.388132
       5.932198     -16.491262
       6.064397     -16.557169
       6.213639     -16.614806
       6.500959     -16.730264
       6.978603     -16.918665
       7.739844     -17.204386
       8.646688     -17.576339
       9.646331     -18.162040
      10.739385     -18.860104
      11.867930     -19.582682
      12.953190     -20.233903
      14.054385     -20.849101
      15.065406     -21.441296
      15.942718     -22.109469
      16.694303     -22.894831
      17.267648     -23.749613
      17.696320     -24.580281
      17.992694     -25.310561
      18.176017     -25.853736
      18.324414     -26.173363
      18.361625     -26.293212
      18.326328     -26.248032
      18.328419     -26.120591
      18.388081     -25.976758
      18.450325     -25.891301
      18.414177     -25.864140
      18.365559     -25.902797
      18.336514     -25.978596
      18.279326     -26.066294
      18.244188     -26.151195
      18.223139     -26.173911
      18.196952     -26.142076
      18.134527     -26.133656
      18.000214     -26.209312
      17.732223     -26.357225
      17.275111     -26.584498
      16.416959     -26.930614
      14.903317     -27.388410
      13.062291     -27.839186
      11.668450     -28.267381
      10.787115     -28.772820
      10.253583     -29.295652
       9.915619     -29.754043
       9.749975     -30.110208
       9.687538     -30.351207
       9.647140     -30.496519
       9.543774     -30.566620
       9.408859     -30.574501
       9.314543     -30.551289
       9.294217     -30.514325
       9.283925     -30.447932
       9.286201     -30.363012
       9.271829     -30.234854
       9.255547     -30.106354
       9.187529     -29.992741
       9.103011     -29.879364
       9.016252     -29.773600
       8.979710     -29.694192
       8.975079     -29.689408
       8.936010     -29.754767
       8.857692     -29.809444
       8.797465     -29.840367
       8.759926     -29.809221
       8.722615     -29.736601
       8.717076     -29.677202
       8.723181     -29.635816
       8.690705     -29.580841
       8.612579     -29.471058
       8.537021     -29.342247
       8.442068     -29.262942
       8.351254     -29.312078
       8.251183     -29.558395
       8.104871     -30.023064
       7.905384     -30.630230
       7.697276     -31.356722
       7.513663     -32.203364
       7.384518     -33.332737
       7.364802     -35.441098
       7.960908     -40.448740
       8.949853     -48.090025
       9.728127     -55.550394
      10.204567     -61.880222
      10.397350     -66.951119
      10.308776     -70.911298
      10.009524     -74.104383
       9.504013     -76.952348
       8.834480     -79.683330
       7.921678     -82.413740
       6.813129     -85.127641
       5.466122     -87.511944
       3.687238     -89.137726
       1.033567     -89.808986
      -2.403973     -89.413119
      -5.973917     -88.289068
      -9.161341     -86.656088
     -12.060551     -84.561720
     -14.901763     -82.063354
     -17.896963     -79.247879
     -20.987400     -76.031679
     -24.127740     -72.591280
     -27.136860     -69.441029
     -29.796406     -66.719711
     -32.260862     -64.829601
     -34.711216     -63.704355
     -37.166713     -62.754214
     -39.331619     -61.385272
     -41.023211     -59.711090
     -42.125173     -57.983864
     -42.896594     -56.155006
     -43.642191     -54.252102
     -44.548449     -52.583262
     -45.425224     -51.182327
     -46.153661     -50.230554
     -46.847239     -49.491063
     -47.313960     -48.818379
     -47.534046     -47.981480
     -47.657230     -46.713846
     -47.814389     -44.275125
     -48.053000     -40.860763
     -48.516413     -37.191984
     -48.962827     -33.630504
     -49.431948     -30.762261
     -49.845222     -28.584642
     -50.519566     -27.167165
     -51.294490     -26.156890
     -52.131996     -25.344397
     -52.711697     -24.763157
     -53.070427     -24.298161
     -53.283757     -23.992127
     -53.395395     -23.656099
     -53.693316     -22.929716
     -53.813371     -22.005259
     -53.647543     -21.341588
     -53.210158     -21.144877
     -52.624804     -21.445123
     -51.760152     -22.082178
     -50.636368     -22.738408
     -49.448005     -23.133493
     -48.276943     -23.194077
     -46.999079     -23.083635
     -45.645767     -22.913744
     -44.173054     -22.760070
     -42.629254     -22.667568
     -41.097854     -22.610275
     -39.584590     -22.534529
     -38.122196     -22.384770
     -36.711406     -22.167734
     -35.441829     -21.822125
