       9.169365       3.622914
       8.831922       3.810081
       8.623719       4.037580
       8.508467       4.420799
       8.501360       4.910735
       8.555251       5.401793
       8.688911       5.682427
       8.874920       5.662029
       9.026451       5.459853
       9.092987       5.224833
       9.075953       5.024476
       9.005814       4.822386
       8.968063       4.624901
       8.993776       4.435369
       8.969840       4.223692
       8.820021       3.911627
       8.630564       3.460892
       8.413664       2.844247
       8.186387       2.088511
       7.986469       1.261949
       7.868983       0.474171
       7.952477      -0.215230
       8.101958      -0.747609
       8.172017      -1.067227
       8.131606      -1.120382
       7.954550      -0.907958
       7.669588      -0.507010
       7.332211       0.040889
       7.035363       0.716123
       6.721695       1.474901
       6.507518       2.279227
       6.361989       3.155587
       6.304459       4.193507
       6.301593       5.473972
       6.334259       7.144688
       6.350355       9.337376
       6.526339      12.147272
       6.646659      15.434223
       6.520777      18.881918
       6.283846      22.215464
       6.011943      25.332272
       5.947317      28.238035
       6.101981      31.099404
       6.495796      34.180161
       6.950893      37.501267
       7.424435      40.767849
       7.974005      43.974965
       8.683430      47.157826
       9.499509      50.368508
      10.319605      53.396187
      10.969808      56.147701
      11.416540      58.628430
      11.759116      60.993159
      12.023569      63.536127
      12.069275      66.406657
      11.741299      69.422276
      11.294827      72.183032
      10.868509      74.244708
      10.448905      75.544476
      10.005054      76.193719
       9.505952      76.391405
       9.058754      76.301128
       8.640718      75.800830
       8.039306      74.538271
       7.335713      72.044432
       6.524687      68.648902
       5.688695      65.142699
       4.957611      61.803894
       4.165598      58.848269
       3.440322      56.198864
       2.842541      53.730219
       2.364671      51.294480
       2.077054      48.796110
       1.850037      46.212004
       1.689927      43.465488
       1.657679      40.553375
       1.646674      37.543756
       1.732162      34.368395
       1.943033      30.704210
       2.490785      25.485475
       2.741800      19.393791
       3.204355      13.075793
       3.912246       7.072527
       4.523988       1.927213
       4.932245      -2.118315
       5.103749      -5.118034
       5.227607      -7.246964
       5.203762      -8.698807
       5.203559      -9.636286
       5.145126     -10.280007
       5.158493     -10.816910
       5.189065     -11.350830
       5.346063     -11.960885
       5.476438     -12.559059
       5.685404     -13.004934
       5.904483     -13.256058
       6.092232     -13.328262
       6.144770     -13.254980
       6.064366     -13.092362
       5.944458     -12.872678
       5.768041     -12.582250
       5.723984     -12.279742
       5.675420     -12.005021
       5.682370     -11.781491
       5.710808     -11.718101
       5.697635     -11.751023
       5.644814     -11.872541
       5.546690     -11.975507
       5.474844     -12.027196
       5.418933     -11.962721
       5.428119     -11.848412
       5.426090     -11.742571
       5.358565     -11.637336
       5.349054     -11.565999
       5.367394     -11.566978
       5.356772     -11.612577
       5.423660     -11.682402
       5.491847     -11.726370
       5.569707     -11.745027
       5.591618     -11.685374
       5.594884     -11.589229
       5.629537     -11.527555
       5.749381     -11.553980
       5.882870     -11.674675
       6.001052     -11.874110
       6.104835     -12.097941
       6.119000     -12.312983
       6.034314     -12.501626
       5.937637     -12.699210
       5.866816     -12.863767
       5.858699     -13.013924
       5.889571     -13.144504
       5.988323     -13.241877
       6.052760     -13.292713
       6.094316     -13.311475
       6.173869     -13.332283
       6.229521     -13.338695
       6.253231     -13.359491
       6.256288     -13.382096
       6.271227     -13.409341
       6.313534     -13.440165
       6.368662     -13.487966
       6.417132     -13.519318
       6.490021     -13.527153
       6.581371     -13.509496
       6.642309     -13.511030
       6.715101     -13.504717
       6.793089     -13.522379
       6.836563     -13.498650
       6.865652     -13.459389
       6.903090     -13.398222
       6.953960     -13.344419
       6.990223     -13.299301
       7.004699     -13.277737
       7.026974     -13.242168
       7.074820     -13.217209
       7.102792     -13.224672
       7.041045     -13.249128
       6.962485     -13.267602
       6.892576     -13.283835
       6.795406     -13.293949
       6.778343     -13.347403
       6.803165     -13.473996
       6.855898     -13.904265
       6.954389     -14.791654
       6.971048     -15.848371
       6.943115     -16.755289
       6.912108     -17.558198
       6.797319     -18.363315
       6.457787     -19.446928
       5.622827     -20.664126
       4.225317     -21.638117
       2.512195     -22.054145
       0.955871     -21.900238
      -0.304818     -21.263801
      -1.681452     -20.234820
      -3.261324     -19.064344
      -5.101662     -18.010541
      -6.870396     -16.972037
      -8.140005     -16.111610
      -8.812346     -15.515312
      -9.150730     -15.180687
      -9.241051     -15.030876
      -9.201846     -14.955790
      -9.161847     -14.879932
      -9.134682     -14.805901
      -9.090091     -14.773414
      -8.938750     -14.744807
      -8.490787     -14.686037
      -7.726569     -14.591861
      -6.871798     -14.397513
      -5.959573     -14.099599
      -4.992585     -13.711881
      -4.118001     -13.279299
      -3.319919     -12.839193
      -2.658082     -12.420080
      -2.049286     -12.005784
      -1.434416     -11.600051
      -0.817026     -11.248802
      -0.233013     -10.932906
       0.356608     -10.628169
       0.942260     -10.368954
       2.105140     -10.096308
       4.255256      -9.828833
       6.199533      -9.588308
       7.707782      -9.511398
       8.897895      -9.630285
       9.721871      -9.902718
      10.085233     -10.141513
      10.189105     -10.311678
      10.241779     -10.408865
      10.404187     -10.481860
      10.601185     -10.558740
      10.733628     -10.702508
      10.785737     -10.930442
      10.819448     -11.184771
      10.769870     -11.412854
      10.657587     -11.571433
      10.591647     -11.677237
      10.557662     -11.719135
      10.527329     -11.746428
      10.538082     -11.772217
      10.557441     -11.808524
      10.548684     -11.840187
      10.545901     -11.859632
      10.511458     -11.866459
      10.450879     -11.854191
      10.429954     -11.841220
      10.439730     -11.797686
      10.498225     -11.693153
      10.585614     -11.629306
      10.605315     -11.635372
      10.570204     -11.738682
      10.606062     -11.844970
      10.630272     -11.877885
      10.711095     -11.811612
      10.783427     -11.706754
      10.786181     -11.591090
      10.798795     -11.536441
      10.785217     -11.546429
      10.736675     -11.581728
      10.729953     -11.611523
      10.739238     -11.607453
      10.761308     -11.585305
      10.759245     -11.588861
      10.733841     -11.642056
      10.646271     -11.703229
      10.571417     -11.776099
      10.507278     -11.803298
      10.452986     -11.831896
      10.476874     -11.873694
      10.512779     -11.895855
      10.526094     -11.893244
      10.554054     -11.882408
      10.543665     -11.811538
      10.463648     -11.734831
      10.333729     -11.730684
      10.243986     -11.803459
      10.177505     -11.904442
      10.124150     -11.954416
      10.072867     -12.043093
       9.962953     -12.098490
       9.903177     -12.141984
       9.845033     -12.132079
       9.771250     -12.090726
       9.767512     -12.032920
       9.752749     -11.967533
       9.716330     -11.921494
       9.687367     -11.936671
       9.639383     -11.978692
       9.628032     -11.969262
       9.611558     -11.968779
       9.605545     -11.986279
       9.629251     -11.999798
       9.681722     -12.001863
       9.726803     -12.029991
       9.708764     -12.068264
       9.681597     -12.078725
       9.663496     -12.076297
       9.642088     -12.079265
       9.680041     -12.091548
       9.713953     -12.070208
       9.724791     -12.039360
       9.711253     -12.049430
       9.669589     -12.100532
       9.616841     -12.182673
       9.602891     -12.247719
       9.637462     -12.282645
       9.691284     -12.293280
       9.752607     -12.261517
       9.802891     -12.249736
       9.822044     -12.265146
       9.855427     -12.299230
       9.884281     -12.323545
       9.907603     -12.335767
       9.976891     -12.335709
      10.032749     -12.325340
      10.057500     -12.287734
      10.081581     -12.265113
      10.101179     -12.257019
      10.075571     -12.262614
      10.047193     -12.302162
      10.042837     -12.359261
      10.066608     -12.386566
      10.107579     -12.388915
      10.177077     -12.414988
      10.206319     -12.462573
      10.241685     -12.488210
      10.267709     -12.490559
      10.260985     -12.465880
      10.254694     -12.422312
      10.266541     -12.378231
      10.219588     -12.318752
      10.163513     -12.271502
      10.106692     -12.202557
      10.031410     -12.103666
       9.950149     -11.964329
       9.889612     -11.688183
       9.987804     -10.692681
      10.168727      -8.886915
      10.163493      -6.652980
      10.112604      -4.258199
       9.942521      -1.813693
       9.749975       0.559943
       9.673486       2.816544
       9.709700       4.902810
       9.909150       6.805356
      10.236873       8.662012
      10.684535      10.611537
      11.471574      12.907978
      12.836536      15.553349
      14.124331      17.997019
      14.978486      19.723259
      15.586340      20.576544
      16.130165      20.781372
      16.775467      20.943106
      17.499423      21.469413
      18.268890      22.366719
      18.954656      23.282487
      19.448385      24.106199
      19.856523      25.007784
      20.077459      25.597176
      19.928866      25.599474
      19.451214      25.063159
      18.865761      24.513370
      18.304296      24.138911
      17.744553      23.872464
      17.151723      23.538272
      16.664723      23.226971
      16.206479      23.040252
      15.782416      23.025769
      15.399263      23.108836
      15.152310      23.173437
      14.937926      23.236163
      14.783881      23.294117
      14.717535      23.425553
      15.020732      23.746833
      15.525588      24.507020
      15.763909      25.747562
      15.816717      27.089133
      15.780082      28.244903
      15.566506      28.959516
      15.184091      29.264314
      14.755019      29.304469
      14.336873      29.182160
      13.930861      28.926571
      13.626084      28.606020
      13.407443      28.410590
      13.259773      28.342378
      13.086247      28.370991
      12.900892      28.458811
      12.746930      28.546351
      12.613435      28.580931
      12.505739      28.557739
      12.465853      28.447445
      12.396008      28.348508
      12.357024      28.233088
      12.293988      28.135687
      12.179720      28.025290
      11.937435      27.783604
      11.497617      27.135063
      10.925220      25.985644
      10.381000      24.424528
       9.900538      22.670747
       9.515835      21.026431
       9.213320      19.640626
       8.917641      18.466801
       8.597976      17.604442
       8.274999      16.977876
       7.941459      16.504411
       7.566627      16.025360
       7.228309      15.482596
       6.918856      14.859928
       6.646143      14.196945
       6.338216      13.573394
       6.014876      12.951505
       5.659443      12.412412
       5.402400      11.949840
       5.450771      11.584046
       5.573711      11.238335
       5.643579      10.870753
       5.673849      10.507612
       5.692686      10.187439
       5.705207       9.865559
       5.677633       9.619449
       5.661935       9.466146
       5.678460       9.419747
       5.710209       9.434918
       5.754688       9.447539
       5.749408       9.377005
       5.670344       9.212299
       5.545443       8.932838
       5.436134       8.593272
       5.393488       8.303133
       5.357956       8.076554
       5.401069       7.875812
       5.433329       7.683847
       5.414124       7.484236
       5.295955       7.259373
       5.136723       6.994235
       4.967931       6.671981
       4.820116       6.355506
       4.698981       6.062834
       4.624871       5.791793
       4.600482       5.529842
       4.627862       5.265875
       4.618286       5.024439
       4.598670       4.780580
       4.602338       4.511680
       4.616012       4.210463
       4.613398       3.914103
       4.612918       3.619019
       4.587986       3.333679
       4.529518       3.061188
       4.464513       2.770718
       4.400185       2.441008
       4.338665       2.113118
       4.351575       1.801208
       4.403581       1.548512
       4.448418       1.330288
       4.499573       1.123212
       4.561224       0.874808
       4.566431       0.474086
       4.668329      -0.610603
       5.005262      -3.395031
       5.434273      -8.059146
       5.922957     -13.641074
       6.725009     -19.388141
       7.752308     -24.741476
       8.866210     -29.626318
       9.742194     -34.013827
      10.394256     -38.134910
      10.972185     -42.836392
      11.540946     -47.987979
      11.934263     -52.582203
      12.290187     -56.549362
      12.715182     -60.143802
      13.210761     -63.622781
      13.611883     -67.143914
      13.945464     -70.440697
      13.976649     -73.256502
      13.379644     -75.206864
      12.249601     -76.101475
      10.823568     -75.933223
       9.225628     -75.052387
       7.214729     -73.684955
       4.685553     -71.818134
       1.588600     -69.665817
      -1.551983     -67.848304
      -4.018760     -66.516056
      -5.711977     -65.664091
      -6.936234     -65.279211
      -7.740257     -65.190468
      -8.176041     -65.222194
      -8.242108     -65.299382
      -8.226345     -65.545453
      -8.291496     -65.964376
      -8.596163     -66.352724
      -8.517775     -66.457243
      -8.088737     -66.453964
      -7.957158     -66.515891
      -8.005560     -66.640455
      -8.207399     -66.720663
      -8.394814     -66.435017
      -8.195457     -65.464229
      -7.659050     -63.624491
      -6.857384     -60.803881
      -5.888301     -57.379942
      -4.852156     -53.756015
      -4.085625     -50.199717
      -3.420945     -46.922639
      -2.781037     -43.785007
      -1.949523     -40.812800
      -0.895022     -37.897547
       0.026838     -35.059491
       0.783869     -32.209358
       1.593728     -29.505191
       1.855791     -27.095053
       1.840182     -25.105735
