      -0.287940       5.218550
      -0.247361       5.171945
      -0.208243       5.145142
      -0.175289       5.157529
      -0.197272       5.131713
      -0.212149       5.063432
      -0.188069       5.004429
      -0.128654       4.975706
      -0.020954       4.855404
       0.083941       4.616285
       0.207783       4.261355
       0.382439       3.901118
       0.626022       3.569303
       0.914393       3.332319
       1.334753       3.166949
       1.978524       3.033838
       3.269279       2.938490
       5.127597       2.960446
       7.087123       3.136968
       9.005668       3.389497
      10.518199       3.705056
      11.490055       4.095058
      12.144921       4.614537
      12.519279       5.292667
      12.609218       6.130646
      12.657776       7.141404
      12.726941       8.272743
      12.862226       9.438108
      13.021436      10.508201
      13.096160      11.423021
      13.189891      12.318740
      13.212836      13.209594
      13.163143      14.107948
      13.003785      14.962725
      12.807132      15.812304
      12.563093      16.773396
      12.395792      17.849306
      12.165083      19.078001
      12.000795      20.490628
      11.897587      22.279730
      11.785165      24.769651
      11.399339      28.325944
      10.699089      32.814206
       9.558072      37.905401
       8.290261      43.216944
       7.061071      48.415276
       6.256086      52.906381
       5.761940      56.057637
       5.455973      57.891921
       5.359631      58.722914
       5.269645      58.959825
       5.135729      59.025608
       4.726844      59.070031
       4.387144      58.991133
       4.276241      58.903129
       4.068558      59.064989
       3.601428      59.602006
       2.951291      60.299887
       2.429604      61.223154
       1.879489      62.172590
       0.895679      62.982480
      -0.652984      63.637406
      -3.370928      63.721306
      -6.336199      63.637202
      -8.044166      63.942538
      -8.927106      64.767912
      -9.553178      65.642900
     -10.091030      66.371900
      -9.561819      67.159146
      -8.943969      67.839644
      -8.555382      68.541630
      -8.203939      69.298757
      -7.850410      70.122362
      -7.353287      71.182087
      -6.873759      72.421420
      -6.377884      73.943499
      -5.900261      75.734177
      -5.292776      77.839561
      -4.613109      80.220027
      -3.844880      82.736198
      -2.951892      85.267863
      -2.013483      87.630552
      -1.102945      89.589400
      -0.483529      91.008340
      -0.427576      91.538892
      -0.723622      91.201805
      -1.347660      90.450288
      -2.114488      89.759590
      -2.339494      89.535788
      -1.808973      89.726057
      -0.700713      90.099008
       0.415233      90.588790
       1.685543      91.141355
       3.103773      91.772263
       4.755057      92.472966
       6.700299      93.049106
       8.755119      93.183966
      10.780262      92.797959
      12.359661      92.128146
      13.385844      91.315829
      13.982320      90.448966
      14.016947      89.696555
      13.702947      89.130683
      13.235647      88.777927
      12.924965      88.765396
      12.734331      89.100900
      12.753261      89.374719
      13.259664      89.377352
      14.231048      89.262153
      15.341621      89.321039
      16.399279      89.820536
      17.641693      91.050693
      18.968725      93.634445
      20.385362      98.075707
      21.448426     104.230100
      22.001512     110.974155
      22.077294     117.179478
      21.666531     122.159666
      20.817358     125.792622
      19.612272     128.172010
      17.962249     129.702332
      16.306949     130.838118
      14.517070     131.946083
      12.588564     133.166206
      10.830186     134.533380
       9.241372     136.028343
       8.147033     137.551058
       7.348939     138.728605
       6.865905     139.468378
       6.513196     139.853346
       6.419598     140.163651
       6.468740     140.638911
       6.666606     141.185200
       6.942941     141.558200
       7.189022     141.483781
       7.184545     139.772476
       6.589327     134.486549
       5.057126     126.295693
       3.203821     117.614706
       0.916127     109.900821
      -1.846729     103.243066
      -5.171676      97.262846
      -6.941241      92.942941
      -7.505947      90.126761
      -7.799964      88.588173
      -7.767104      87.997520
      -7.491841      87.901788
      -6.944697      87.836655
      -6.063257      87.438904
      -4.948657      86.685424
      -3.728505      85.612566
      -2.532197      84.028866
      -1.344089      81.790419
      -0.435183      79.069092
      -0.061125      76.177210
      -0.174105      73.175176
      -0.557324      70.098359
      -0.901278      66.666576
      -1.327170      62.487209
      -1.796406      57.142511
      -2.248108      49.849666
      -2.277355      40.496492
      -1.763917      29.743345
      -0.820933      18.433032
       0.546333       7.013876
       2.344618      -4.308252
       4.054849     -15.320203
       5.374613     -25.289569
       6.345331     -33.789620
       7.179870     -40.981305
       7.815231     -47.382347
       7.753192     -53.070431
       7.323660     -58.223675
       6.688961     -62.850466
       5.998261     -66.916061
       4.961223     -70.131630
       3.615530     -72.312763
       2.237679     -73.439020
       0.679923     -73.227525
      -0.210470     -71.992870
      -0.507724     -70.344071
      -0.666960     -69.351004
      -0.832870     -69.358367
      -1.193633     -70.392087
      -1.623112     -72.667627
      -2.098597     -75.647474
      -2.833526     -78.995712
      -3.495602     -82.497378
      -3.558341     -86.693992
      -3.284626     -91.842097
      -3.256259     -97.254220
      -3.634054    -101.983455
      -4.303222    -105.569551
      -4.925003    -108.247364
      -5.578909    -109.750331
      -6.133283    -110.242454
      -6.623681    -110.140748
      -7.086620    -109.892059
      -7.016757    -109.614975
      -6.731589    -109.363721
      -6.087847    -109.649703
      -5.493953    -110.885262
      -5.055319    -112.833715
      -4.696011    -114.618234
      -4.533698    -115.636305
      -4.577655    -115.631360
      -4.652566    -114.611492
      -4.832555    -112.625601
      -5.044433    -109.677689
      -5.177473    -105.950157
      -5.381682    -101.763645
      -5.467438     -97.347611
      -5.512711     -93.099162
      -5.430176     -89.286933
      -5.241274     -85.991142
      -5.175125     -83.322130
      -5.052547     -81.144736
      -5.012118     -79.228392
      -4.825395     -77.328043
      -4.429478     -75.274513
      -3.926535     -72.802521
      -3.375240     -70.027408
      -2.711102     -67.047036
      -1.634547     -64.033413
       0.113439     -61.103895
       2.181786     -58.265154
       4.166028     -55.628252
       5.826099     -53.153977
       7.143671     -50.623847
       7.984746     -47.825716
       8.490787     -44.439588
       9.120301     -40.501735
       9.416575     -36.338935
       9.545990     -32.135143
       9.343522     -27.885507
       9.089570     -23.334000
       8.891101     -18.512188
       8.723103     -13.694099
       8.427005      -9.072260
       8.117985      -4.507737
       7.693182      -0.020480
       7.449692       4.281838
       7.185995       8.037578
       6.652789      11.259045
       5.977558      13.970396
       5.458719      16.357848
       5.220938      18.554027
       4.998214      20.344779
       4.709017      21.966699
       4.339806      23.742401
       3.934650      26.077361
       3.567624      29.432501
       3.365984      34.092885
       3.202934      39.662045
       3.018426      45.752957
       2.827504      52.173844
       2.543510      58.861203
       2.388531      65.656873
       2.200868      72.006305
       1.995794      77.639301
       1.801936      82.560238
       1.614383      86.996594
       1.422385      91.267278
       1.063696      95.276139
       0.647191      98.764589
       0.272782     101.830245
       0.089919     104.609793
       0.085834     107.419037
       0.187102     110.620088
       0.339935     114.047203
       0.375797     117.671553
       0.305903     121.403020
       0.224750     125.097009
      -0.005908     128.702951
      -0.375645     132.200688
      -0.609702     135.629950
      -0.680791     139.044826
      -0.637268     142.525991
      -0.432847     145.885953
      -0.031295     148.911170
       0.842480     151.202995
       1.959524     152.723360
       2.993125     153.477112
       3.678282     153.692599
       4.135623     153.699826
       4.401300     153.577983
       4.686667     153.287105
       4.802249     152.851654
       4.231467     151.097501
       2.858197     146.743286
       0.935736     140.241199
      -0.797833     132.748181
      -1.991345     125.391656
      -2.927571     118.668175
      -3.717008     113.167353
      -4.637209     108.977306
      -5.939777     106.351201
      -7.050036     105.007583
      -6.919155     104.589024
      -6.044133     104.491117
      -4.882617     104.143849
      -3.816972     103.543560
      -3.095851     102.697476
      -2.620227     101.496431
      -2.572328     100.064872
      -2.690126      98.451068
      -2.836970      96.760503
      -2.929240      95.064878
      -2.841987      93.411527
      -2.675321      91.823611
      -2.571893      90.499149
      -2.502061      89.656844
      -2.511388      89.369464
      -2.388803      89.714497
      -2.250407      90.819888
      -2.139513      92.310489
      -1.960840      93.830795
      -1.820342      95.332334
      -1.484247      96.960690
      -1.163280      98.801551
      -1.034085     100.853274
      -1.046817     102.979407
      -1.230560     104.931950
      -1.608604     106.581939
      -2.336562     107.843696
      -3.389904     108.746170
      -4.592937     109.430700
      -5.535803     109.992589
      -5.977001     110.521966
      -6.031594     110.954377
      -5.870375     111.268238
      -5.434060     111.479324
      -4.941183     111.673848
      -4.473778     111.949601
      -4.068878     112.340814
      -3.783368     112.823739
      -3.668975     113.408233
      -3.635972     114.014671
      -3.560812     114.646871
      -3.488313     115.244489
      -3.447427     115.796897
      -3.367956     116.303728
      -3.258694     116.794938
      -3.151876     117.221851
      -3.043429     117.563989
      -2.893007     117.651697
      -2.717386     117.449626
      -2.474429     116.873495
      -1.933732     116.079489
      -1.694406     114.975070
      -1.806089     113.387299
      -2.113143     111.284509
      -2.543500     108.855745
      -2.905172     106.250991
      -3.215197     103.650570
      -3.501800     101.080214
      -3.723048      98.658434
      -3.861656      96.717412
      -3.863795      95.393543
      -3.743814      94.541766
      -3.570898      94.054947
      -3.327020      93.785606
      -2.997201      93.624352
      -2.646231      93.499439
      -2.302699      93.422951
      -2.020348      93.393119
      -1.719499      93.399385
      -1.481481      93.454735
      -1.294136      93.617669
      -1.135571      93.869787
      -1.100462      94.137643
      -1.036922      94.400922
      -0.950906      94.662871
      -0.826605      94.912989
      -0.682320      95.210627
      -0.547052      95.499562
      -0.342227      95.717127
      -0.129517      95.816026
       0.116671      95.786971
       0.385740      95.655394
       0.577142      95.495375
       0.736960      95.348421
       0.949045      95.257167
       1.209706      95.211239
       1.534429      95.208995
       1.817999      95.318152
       2.093072      95.613265
       2.345083      96.325382
       2.578963      97.624995
       2.674803      99.642379
       2.673768     102.066986
       2.898953     104.504056
       3.437332     106.393506
       4.315997     107.434570
       5.568257     107.731149
       7.283121     107.607674
       9.776173     107.258347
      13.636915     106.413080
      17.561079     105.159997
      19.689106     103.129120
      19.570187      99.592196
      15.646674      94.712238
      10.662847      88.951536
       7.113913      83.601778
       4.602432      80.036757
       2.865255      78.036357
       1.826667      76.702803
       2.223139      75.262201
       3.094067      74.322430
       3.572320      74.679717
       3.585245      76.426259
       3.346765      78.803121
       3.040101      80.754459
       2.513880      82.160961
       1.558525      83.595240
       0.298334      85.507703
      -1.012244      87.928162
      -2.208725      90.133182
      -3.553291      91.808564
      -4.873958      92.949731
      -6.041246      93.650969
      -6.753145      94.196073
      -7.283686      94.645396
      -7.632465      95.115973
      -7.794217      95.694328
      -7.610601      96.827656
      -6.927781      99.163273
      -6.170191     103.337418
      -5.847335     109.244452
      -5.488682     115.323532
      -5.214157     120.873653
      -5.408658     126.344351
      -6.064106     132.179307
      -7.205196     138.583477
      -8.857417     145.532333
     -11.109642     152.493127
     -13.286343     158.353330
     -14.835697     162.534829
     -15.822555     165.130714
     -16.643477     166.828166
     -17.853176     168.067328
     -19.212113     169.424284
     -20.200434     170.930136
     -20.172188     172.548535
     -19.777328     173.572337
     -19.155713     173.712006
     -17.905960     172.927558
     -15.912156     171.336552
     -13.568186     169.139759
     -11.302864     166.625395
      -9.247575     163.911174
      -6.923069     161.217449
      -4.609096     158.867621
      -2.712309     157.490062
      -0.796598     156.845584
       1.161858     156.690567
       2.962296     156.517502
       4.747141     156.061845
       6.206008     155.162829
       7.082847     153.565655
       7.581714     150.952936
       7.752532     146.559040
       7.571620     139.917925
       6.999776     132.068635
       5.963921     124.372264
       4.661271     117.577531
       3.355067     112.076893
       2.085385     107.859890
       0.852041     104.820054
      -0.286584     102.762822
      -1.315083     101.807087
      -2.164833     101.773884
      -2.772801     102.387831
      -3.203437     103.702433
      -3.445720     106.233302
      -3.537460     110.224473
      -3.476737     115.549053
      -3.542997     121.947851
      -3.596660     129.785164
      -3.282565     139.644027
      -2.061260     151.222219
      -0.281977     163.289125
       0.826638     174.658834
       1.189815    -175.329977
       1.208853    -166.568742
       0.727719    -158.981984
       0.153442    -152.252579
      -0.522485    -146.151322
      -1.476517    -140.752245
      -2.518635    -136.088473
      -3.662879    -132.567179
      -4.683813    -131.036702
      -4.930852    -130.918064
      -4.805794    -131.565904
      -4.633917    -132.554434
      -4.598636    -134.670824
      -4.548584    -139.030032
      -4.573926    -145.562738
      -4.013715    -152.125072
      -2.990831    -156.347924
      -2.411751    -157.963564
      -2.522663    -158.573412
      -2.788738    -159.250316
      -2.916088    -160.239730
      -2.872066    -161.453209
      -2.712427    -162.670340
      -2.573944    -163.725849
      -2.456751    -164.885628
      -2.515965    -166.617876
      -2.790292    -169.627715
      -3.415710    -173.360668
      -3.619388    -176.629406
      -3.932516    -179.190048
      -4.544472     177.953178
      -4.837783     174.755119
      -4.816663     171.351667
      -4.281302     166.378367
      -1.525647     156.248646
       2.758665     141.976040
       5.357439     128.485473
       5.974495     119.642611
       4.950632     116.323554
       2.994850     118.145822
       1.733472     122.828002
       1.636090     127.730274
       1.627525     131.488862
       0.930288     135.278107
      -0.732517     141.726428
      -2.066565     150.503244
      -1.868822     159.358598
      -0.999258     166.596719
      -0.221619     171.727892
      -0.055305     174.892593
      -0.371503     177.006719
      -0.761769     178.176407
      -1.322107     179.080124
      -1.891471    -179.773279
      -2.408374    -178.194999
      -2.611176    -176.338198
      -2.697154    -174.455053
      -2.633554    -172.826920
      -2.384869    -171.239800
      -1.957055    -169.843173
      -1.579838    -169.469648
      -1.330763    -170.931010
      -1.226061    -174.437859
      -0.990218    -179.809727
      -0.468585     174.811364
      -0.078528     170.370257
       0.373490     166.974285
       0.685079     164.365616
       1.068994     162.260174
       1.619127     160.284920
       2.255204     158.088224
       2.999802     155.552207
       3.996465     152.660996
       5.097259     149.560981
       6.746542     146.249298
       8.909730     142.600352
      11.022216     139.120256
      13.106001     136.277217
      15.062677     134.074236
      16.905193     132.435292
      18.776862     131.276484
      20.534106     130.606836
      22.356930     130.295229
      24.060310     130.408582
      25.571060     130.745417
      26.976110     131.193040
      28.158214     131.574919
      29.300176     131.783858
      30.480170     131.813690
      31.755161     131.838062
      33.128066     132.040454
      34.511699     132.944473
      35.939732     134.609917
      37.460541     136.848315
      39.061890     139.563129
      40.591014     142.703088
      41.900798     146.229870
      43.259186     150.153558
      44.963370     153.475742
      46.946920     155.584166
      48.903936     156.574902
      50.711438     156.965494
      52.172057     157.281181
      53.342740     158.036565
      54.274687     159.644978
      54.940866     162.386078
      55.145910     166.068994
      55.467669     170.066207
      56.134679     173.513625
      57.826234     175.958010
      59.948059     177.212093
      61.927486     177.259945
      64.089463     176.201133
      66.149837     174.631285
      67.806237     172.769510
      69.139053     171.565590
      70.423678     170.829673
      72.198526     170.528246
      74.585141     168.939106
      77.261623     166.419379
      79.583839     161.840265
      81.190989     156.123111
      82.567222     150.448029
      82.999546     144.586418
      83.060822     143.087599
      83.380443     142.220921
      83.768927     142.661618
      83.946792     141.120397
      84.096242     136.707073
      84.248461     127.648588
      84.078961     106.776064
      83.149608      90.464295
      82.137094      80.309940
      81.210000      71.677275
      80.303461      66.560100
      79.841805      63.045980
      79.672392      60.840226
      79.537391      58.918764
      79.216294      55.906501
      79.470666      53.853835
      80.364606      52.041233
      81.110975      49.548477
      81.553756      48.174362
      81.723198      49.175070
      81.823573      52.243368
      82.044072      55.361305
      82.435160      57.530121
      82.773393      58.081646
      82.918443      57.158685
      82.935404      57.432000
      82.855282      57.749911
      82.969704      58.436456
      83.170027      59.143197
      83.346444      59.743209
      83.496244      61.117320
      83.605158      63.286024
      83.696014      65.845744
      83.752831      66.584550
      83.657847      66.274327
      83.541007      66.069545
      83.705543      69.213332
      84.368342      75.618959
      85.560518      89.126836
      86.599202     112.595789
      86.386533     155.306451
      82.365568    -171.249437
      74.704299    -158.948170
      65.352712    -153.801503
      56.472169    -150.614373
      49.570276    -148.397365
      44.778283    -146.913602
      40.537616    -146.116390
      36.868875    -145.862912
      33.567651    -145.586994
      31.246567    -145.328260
      28.702883    -145.231324
      25.498812    -145.341442
      22.239237    -145.335400
      18.915922    -145.207039
      16.151145    -145.053712
      13.656920    -144.829434
      11.393693    -144.454268
       9.061744    -143.983010
       6.781904    -143.474820
       4.797338    -142.849624
       2.902683    -142.103032
       1.196690    -141.362617
      -0.348658    -140.721335
      -1.587174    -140.280511
      -2.613853    -140.078479
      -3.240138    -140.026188
      -3.650745    -140.114692
      -3.983299    -140.290847
      -4.277757    -140.425591
      -4.512612    -140.459755
      -4.625373    -140.241500
      -4.697987    -139.691617
      -4.777449    -138.657362
      -4.843608    -136.986245
      -4.961200    -134.585175
      -5.023208    -131.572752
      -5.275991    -127.694128
      -5.600666    -122.938121
      -6.044751    -117.688941
      -6.209523    -112.468952
      -6.237639    -107.433045
      -6.219607    -102.698982
      -6.302760     -98.290728
      -6.580851     -94.278457
      -6.770306     -90.715316
      -6.812715     -87.768288
      -6.641822     -85.197893
      -6.369672     -82.878557
      -6.053741     -80.886706
      -5.779391     -79.140111
      -5.625309     -77.598701
      -5.600808     -76.166753
      -5.625065     -74.840737
      -5.705330     -73.550202
      -5.866866     -72.348895
      -5.925805     -71.180159
      -5.790376     -70.098199
      -5.589305     -69.010799
      -5.233636     -67.808068
      -4.961773     -66.593647
      -4.708591     -65.407154
      -4.376535     -64.237923
      -4.025096     -63.046588
      -3.724842     -61.673910
      -3.608275     -60.107374
      -3.446116     -58.473617
      -3.116702     -56.931211
      -2.665144     -55.489025
      -2.223509     -54.188912
      -2.027276     -52.843162
      -2.030959     -51.558338
      -2.046566     -50.271970
      -2.041396     -48.892240
      -2.277145     -47.297679
      -2.797954     -45.717792
      -3.391964     -44.421044
      -3.909184     -43.589259
      -4.120854     -42.903661
      -4.049089     -42.233421
      -3.985494     -41.400282
      -3.933700     -39.971974
      -3.893160     -38.117500
      -3.770273     -36.147471
      -3.675105     -34.530568
      -3.478056     -33.360252
      -3.075113     -32.579959
      -2.696481     -31.889712
      -2.267339     -31.040214
      -1.067816     -29.584603
       0.907916     -27.207746
       2.398713     -24.284813
       3.326408     -21.695733
       3.643434     -19.997910
       3.526180     -18.937234
       3.093893     -17.783812
       2.189572     -16.465091
       0.636618     -14.893555
      -0.911863     -12.756552
      -2.771036     -10.670989
      -4.912345      -8.980432
      -6.901833      -7.530183
      -8.523057      -6.044160
      -9.658707      -4.240720
     -10.740553      -2.221102
     -12.087429      -0.573506
     -14.623658      -0.600685
     -18.592831      -2.831309
     -23.046931      -6.086448
     -26.141998      -8.735921
     -28.449874     -10.857742
     -30.464686     -12.565790
     -33.001016     -14.935933
     -35.066130     -18.213900
     -35.897136     -21.876247
     -36.127497     -26.039134
     -35.915461     -30.119099
     -36.049653     -34.179248
     -36.529564     -38.770913
     -36.851252     -43.696036
     -37.133513     -48.684593
     -37.689948     -53.845938
     -38.700355     -59.343554
     -40.206131     -65.358681
     -42.290725     -71.810416
     -44.536462     -78.509368
     -46.299561     -84.358638
     -47.260849     -88.541652
     -47.534207     -90.997596
     -47.172660     -92.008615
     -46.535812     -92.820233
     -45.866135     -94.300800
     -45.453803     -96.692000
     -45.526308     -99.608361
     -45.812125    -102.751020
     -45.833112    -106.136647
     -45.565713    -109.727833
     -44.992964    -113.461242
     -44.194488    -117.090566
     -43.195272    -120.304176
     -42.211244    -123.481447
     -41.323919    -126.853979
     -40.584877    -130.568708
     -40.090005    -134.912296
     -39.972271    -139.416146
     -40.149838    -143.573563
     -40.421237    -146.928902
     -40.742747    -149.484619
     -41.050702    -151.677400
     -41.248806    -153.681991
     -41.511036    -155.409304
     -42.450433    -156.253377
     -43.884042    -155.403563
     -44.856452    -154.070572
     -45.165650    -153.560682
     -45.070370    -153.086646
     -44.531216    -152.105459
     -43.786042    -150.394388
     -42.811023    -148.494865
     -41.186257    -146.702876
     -39.117876    -145.382445
     -37.250429    -144.562308
     -35.354689    -144.090749
     -33.495860    -143.687130
     -31.943057    -143.004777
     -30.718364    -142.136759
     -29.882990    -141.130248
     -29.795959    -140.261005
     -30.430604    -139.835812
     -31.889579    -140.013773
     -33.590222    -140.282862
     -35.424035    -139.670294
     -36.683687    -137.916064
     -37.321540    -135.534772
     -37.380031    -132.849314
     -37.085236    -130.564570
     -36.475884    -129.024651
     -35.584355    -127.344092
     -34.760182    -124.862561
     -34.056494    -121.302848
     -33.335048    -117.471949
     -32.746270    -114.518024
     -32.159430    -112.777849
     -31.407140    -111.624365
     -30.460021    -110.554314
     -29.395320    -109.188732
     -28.202518    -107.478235
     -26.991701    -105.632876
     -25.697549    -103.909265
     -24.077137    -102.329469
     -22.466310    -100.769422
     -20.671178     -99.166090
     -18.921651     -97.931279
     -17.312147     -97.369778
     -15.950269     -97.737552
     -14.978675     -98.951264
     -13.923472    -100.376606
     -12.898419    -101.581293
     -11.941222    -102.402130
     -10.973246    -103.022906
      -9.826868    -103.442174
      -8.402708    -103.423514
      -7.096593    -102.696631
      -5.952384    -101.356229
      -5.134869     -99.672124
      -4.851219     -97.951173
      -4.894964     -96.402220
      -5.014890     -95.051492
      -5.199034     -93.729157
      -5.318878     -92.137870
      -5.414841     -90.239561
      -5.391009     -88.298879
      -5.263405     -86.514350
      -5.049248     -84.584664
      -4.737517     -82.216574
      -4.347245     -79.304594
      -3.827853     -76.111330
      -3.228815     -72.879724
      -2.527824     -69.783182
      -1.720098     -67.177063
      -1.040922     -65.094989
      -0.593514     -63.538861
      -0.280434     -62.667225
      -0.036506     -62.497428
       0.438407     -62.883455
       1.023718     -63.560980
       1.668830     -64.289184
       2.404548     -65.034669
       2.974700     -66.116974
       3.254754     -68.298030
       3.114686     -72.314225
       2.918145     -78.073154
       3.118287     -84.414338
       3.545711     -90.564836
       4.475283     -95.798317
       5.270392    -100.149627
       5.795253    -104.055752
       6.139710    -107.993642
       6.152002    -111.906198
       5.993662    -115.642123
       5.755338    -119.060856
       5.530070    -122.086043
       5.473541    -124.622303
       5.556429    -126.646089
       5.711274    -128.195489
       5.999767    -129.329711
       6.398201    -130.119405
       6.784568    -130.563725
       6.962748    -130.686433
       6.791391    -130.560209
