       8.814496      13.124667
       8.840390      13.128448
       8.845170      13.099625
       8.867707      13.082626
       8.869562      13.056394
       8.857570      13.046776
       8.850082      13.052705
       8.843296      13.074030
       8.841285      13.073278
       8.848663      13.048852
       8.836220      13.021663
       8.791827      13.031668
       8.761950      13.076972
       8.608922      13.199975
       8.328766      13.398319
       8.015328      13.621958
       7.649247      13.813008
       7.349956      13.946234
       7.040406      14.047050
       6.706855      14.199892
       6.277456      14.494146
       5.823048      14.907179
       5.280057      15.441558
       4.740509      16.044286
       4.152547      16.767850
       3.455533      17.755667
       2.599519      19.247502
       1.606808      21.224284
       0.580405      23.467192
      -0.391291      25.774089
      -1.213132      28.085342
      -1.960319      30.287213
      -2.566190      32.378482
      -3.115330      34.391546
      -3.697972      36.367312
      -4.276437      38.306557
      -4.829540      40.219476
      -5.350396      42.050146
      -5.770801      43.764812
      -6.071004      45.266258
      -6.293127      46.529633
      -6.528879      47.600427
      -6.779949      48.563706
      -7.130977      49.441487
      -7.525536      50.246383
      -7.728253      50.908230
      -7.932113      51.405614
      -8.115128      51.841362
      -8.458269      52.326773
      -8.917377      53.232258
      -9.528099      55.419084
     -10.104439      58.219066
     -10.338958      60.200887
     -10.529355      61.665119
     -10.726311      62.946907
     -10.936017      64.087856
     -11.143850      64.752695
     -11.355550      64.505992
     -11.484428      63.346849
     -11.359859      61.735764
     -10.997547      60.055181
     -10.228182      58.350744
      -9.142936      56.381824
      -7.984931      54.052677
      -7.050031      51.701232
      -6.417986      50.272057
      -5.996898      49.813584
      -5.556793      49.457034
      -5.006124      48.820638
      -4.422322      48.351644
      -3.881550      48.397747
      -3.414681      48.434101
      -3.056056      48.175693
      -2.761911      47.816647
      -2.491197      47.652485
      -2.218699      47.670101
      -1.948644      47.753788
      -1.702705      47.808201
      -1.515338      47.831743
      -1.352130      47.901495
      -1.219525      48.084046
      -1.153378      48.356180
      -1.148518      48.681407
      -1.186082      49.084224
      -1.237410      49.569460
      -1.304774      50.139835
      -1.353721      50.812154
      -1.466904      51.584702
      -1.614459      52.478802
      -1.770475      53.501857
      -1.945179      54.601263
      -2.078817      55.731026
      -2.180267      56.836266
      -2.305284      57.964975
      -2.455628      59.187036
      -2.625143      60.505087
      -2.805375      61.872470
      -2.954075      63.233316
      -3.097180      64.610262
      -3.239262      66.062007
      -3.410859      67.581789
      -3.550344      68.886789
      -3.632058      69.790322
      -3.629531      70.204004
      -3.566613      70.038647
      -3.526246      69.311502
      -3.506067      68.354309
      -3.417621      67.445749
      -3.365411      66.598776
      -3.272058      65.802540
      -3.167653      65.036986
      -3.081298      64.277352
      -3.012528      63.572759
      -2.947508      62.779820
      -2.880808      61.746693
      -2.796141      60.228737
      -2.732934      58.296827
      -2.648417      56.288588
      -2.582512      54.505682
      -2.578508      53.002953
      -2.567858      51.782276
      -2.531558      50.696663
      -2.500693      49.597276
      -2.450172      48.342109
      -2.383491      46.841571
      -2.321396      44.976600
      -2.270115      42.710065
      -2.063920      40.030433
      -1.727919      36.497082
      -1.506662      32.221644
      -1.525458      28.076986
      -1.815482      24.656468
      -2.315271      22.149360
      -2.797304      20.295030
      -3.234386      18.809680
      -3.577240      17.518288
      -3.795864      16.300640
      -3.905739      15.192989
      -3.989742      14.190495
      -4.073349      13.316270
      -4.182577      12.585270
      -4.241959      11.993170
      -4.195973      11.489396
      -3.453166      10.984528
      -0.883036      10.157312
       1.552630       9.271477
       3.352448       8.970787
       4.833108       9.234697
       5.929333       9.870609
       6.843153      10.651879
       7.421492      11.479071
       7.763184      12.434534
       8.201275      13.404876
       8.576332      14.409115
       8.961246      15.528891
       9.045895      16.927347
       8.550627      18.962899
       7.364237      22.431206
       6.279185      26.682150
       5.337808      30.918075
       4.684010      34.743661
       4.160211      38.155739
       3.834571      41.260220
       3.555858      44.106916
       3.237916      46.734537
       2.817497      49.219312
       2.240379      51.670953
       1.610962      54.180762
       1.024947      56.722762
       0.566250      59.078132
       0.239890      61.200059
      -0.026383      63.124596
      -0.260734      65.020526
      -0.466188      67.308562
      -0.378863      71.198849
      -0.046590      76.910339
       0.148829      82.989385
       0.110596      88.056727
       0.078637      92.156997
       0.070116      95.669567
       0.031254      98.915040
       0.041213     101.971303
       0.009150     104.631718
       0.113267     106.773879
       0.297576     108.548907
       0.399364     110.114734
       0.264682     111.617536
       0.065079     113.170569
      -0.137791     114.724379
      -0.326910     116.414876
      -0.587665     118.333332
      -0.873340     120.605059
      -1.216139     123.521935
      -1.659362     126.672249
      -2.152541     129.433369
      -2.742778     131.690613
      -3.184488     133.454480
      -3.498835     134.920835
      -3.705799     136.221264
      -3.733009     137.409340
      -3.664941     138.463479
      -3.570323     139.395736
      -3.480594     140.211396
      -3.385145     140.966061
      -3.217683     141.748887
      -2.973088     142.586276
      -2.748619     143.435051
      -2.592600     144.387756
      -2.659430     145.518218
      -2.791776     146.810303
      -3.008284     148.119446
      -3.401728     149.427316
      -3.941262     150.761676
      -4.651136     152.211721
      -5.401529     153.752117
      -6.127182     155.303965
      -6.812203     156.705915
      -7.347061     157.885793
      -7.891389     158.896783
      -8.468659     159.955206
      -8.963482     161.059722
      -9.419116     162.163918
      -9.852279     163.153050
     -10.264667     164.009013
     -10.690351     164.758588
     -11.086600     165.537810
     -11.395488     166.380368
     -11.688699     167.285153
     -11.944895     168.160428
     -12.176774     169.000343
     -12.375256     169.810942
     -12.538582     170.549870
     -12.675121     171.173997
     -12.784057     171.751828
     -12.845854     172.237491
     -12.846805     172.613172
     -12.818740     172.918271
     -12.821915     173.224535
     -12.845199     173.553706
     -12.874945     173.919381
     -12.880969     174.285406
     -12.863788     174.614246
     -12.831249     174.851891
     -12.796195     175.079724
     -12.787903     175.293452
     -12.779439     175.488277
     -12.772564     175.676516
     -12.731114     175.809715
     -12.671303     175.914685
     -12.588005     175.954455
     -12.443991     175.930228
     -12.280319     175.841500
     -12.078606     175.695439
     -11.868703     175.504714
     -11.662014     175.320477
     -11.351275     175.063346
     -10.978496     174.714515
     -10.578714     174.308584
     -10.132889     173.870558
      -9.665275     173.385264
      -9.187119     172.899717
      -8.666871     172.459302
      -8.149685     172.118086
      -7.636398     171.817650
      -7.112192     171.555040
      -6.585465     171.230475
      -6.056897     170.861982
      -5.586822     170.452943
      -5.113138     170.089715
      -4.723830     169.766160
      -4.358876     169.437048
      -4.076238     169.036149
      -3.794055     168.618562
      -3.590579     168.189706
      -3.507911     167.757567
      -3.494395     167.374406
      -3.537694     167.092835
      -3.604021     166.880350
      -3.687762     166.703923
      -3.716943     166.466415
      -3.625173     166.083545
      -3.487298     165.423612
      -3.215123     164.344556
      -2.847845     163.053404
      -2.289934     161.932519
      -1.650874     161.108399
      -0.945498     160.506701
      -0.153897     159.882982
       0.794185     159.056744
       2.079290     157.751370
       3.498361     156.093124
       4.824843     154.398994
       6.151697     152.882816
       7.513513     151.560132
       9.124236     150.458482
      11.270345     149.446987
      13.243071     148.403057
      15.020571     147.163642
      16.916102     145.820685
      19.213725     144.423057
      21.792267     143.107969
      24.421053     141.899192
      27.168185     140.800883
      29.704623     140.013375
      31.930021     139.292175
      33.815513     138.248440
      35.593960     136.584307
      37.410438     134.106710
      39.356232     130.987141
      41.751284     127.243299
      44.486964     122.938558
      47.289719     118.249723
      48.708028     113.373670
      49.733384     108.832664
      50.864595     104.529196
      52.800905      99.545433
      55.237470      94.190798
      58.454835      88.667954
      61.596518      83.012873
      64.147621      78.066301
      66.025628      74.663781
      67.646198      72.930684
      68.751958      72.585534
      69.502664      72.623967
      69.658813      73.157677
      69.666652      73.593896
      69.407787      73.542027
      69.202991      73.034070
      68.951557      71.908950
      68.676334      71.074339
      68.508116      70.119939
      68.497780      68.923163
      68.649091      67.036292
      68.455102      65.083273
      67.772301      63.725167
      66.826347      62.172799
      65.123116      59.959036
      62.508983      57.066232
      58.940669      53.508127
      54.918684      49.608428
      51.033396      45.934663
      47.482664      42.888187
      43.754102      40.294551
      40.048774      38.117230
      36.567514      36.250516
      33.331692      34.927283
      30.522781      34.229183
      27.657271      34.243868
      24.678798      34.795742
      21.869326      35.323244
      19.103686      35.315502
      16.646774      35.436214
      14.547111      35.647302
      12.517061      36.101978
      10.467420      36.886101
       8.687505      37.754799
       7.095381      38.545454
       5.653787      39.234438
       4.498154      39.994756
       3.653752      40.859986
       2.912484      41.860183
       2.757061      42.817600
       2.725938      43.708597
       2.752152      44.402383
       2.770739      45.012615
       2.659219      45.581761
       2.436363      46.133810
       2.047361      46.568475
       1.560998      46.976514
       1.046671      47.359232
       0.590775      47.697709
       0.244272      48.010972
       0.050998      48.350075
      -0.172332      48.729457
      -0.426489      49.153966
      -0.681812      49.627914
      -1.000564      50.236101
      -1.322893      51.101865
      -1.599968      52.333169
      -1.890074      54.099353
      -2.203764      56.292576
      -2.380139      59.141740
      -2.227202      62.694366
      -1.699102      66.463042
      -1.577882      69.868121
      -1.800251      72.668307
      -2.129205      74.853943
      -2.442604      76.450369
      -2.673661      77.557562
      -2.802480      78.408702
      -2.980962      79.060733
      -3.036141      79.519304
      -2.905091      79.924287
      -2.470322      80.546691
      -1.949562      81.471691
      -1.393367      82.447914
      -0.758230      83.331300
      -0.048848      84.254581
       0.820180      85.351627
       1.534238      86.503247
       2.143413      87.333711
       2.650779      87.797770
       3.043218      87.977305
       3.286422      88.024078
       3.486816      88.015229
       3.630534      87.988806
       3.887917      88.005835
       4.089045      88.043050
       4.239154      88.093213
       4.453836      88.272680
       4.579540      88.612740
       4.658934      89.198205
       4.848170      90.122691
       4.964047      91.294837
       4.946986      92.452780
       4.904276      93.523958
       4.853197      94.691295
       4.916975      96.052272
       4.986682      97.489494
       5.055348      98.842894
       5.145801     100.087360
       5.246721     101.345970
       5.310901     102.633043
       5.370849     103.865163
       5.375197     104.988515
       5.350303     105.974714
       5.382810     106.864618
       5.347329     107.630706
       5.281169     108.321948
       5.242604     108.952312
       5.245811     109.510899
       5.315052     109.962272
       5.335526     110.384493
       5.362389     110.813834
       5.379932     111.214820
       5.404668     111.548265
       5.393704     111.837986
       5.467355     112.038669
       5.382842     112.182145
       5.314871     112.279626
       5.221459     112.411105
       5.136054     112.620035
       4.984023     112.854542
       4.828495     113.024858
       4.656259     113.131363
       4.529550     113.170880
       4.410367     113.143729
       4.381672     113.093313
       4.431556     113.018874
       4.557997     112.904307
       4.718936     112.709288
       4.914385     112.410717
       5.047693     112.031859
       5.166922     111.602323
       5.297715     111.153748
       5.479209     110.688416
       5.670167     110.177477
       5.899910     109.602619
       6.191980     108.999124
       6.538458     108.285812
       6.868725     107.444187
       7.204975     106.511395
       7.537151     105.561002
       7.840456     104.602372
       8.120927     103.580502
       8.469251     102.399284
       8.840038     101.137779
       9.236662      99.792461
       9.579240      98.423946
       9.839062      97.064203
       9.991646      95.708841
      10.084485      94.249646
       9.863315      92.290507
       9.202175      89.408097
       8.278968      85.803185
       7.426675      81.977337
       6.798479      78.440549
       6.069230      75.357223
       5.323989      72.565707
       4.467388      69.940146
       3.719445      67.501508
       2.943079      65.168674
       2.256606      63.075123
       1.648245      61.147171
       1.108006      59.398069
       0.584569      57.764701
       0.187459      56.295340
      -0.236779      54.947360
      -0.566707      53.604437
      -0.958492      52.115191
      -1.285859      50.471200
      -1.609307      48.731006
      -1.857029      47.093398
      -2.073995      45.753569
      -2.286810      44.798027
      -2.450636      44.158639
      -2.491003      43.723838
      -2.532029      43.371534
      -2.586848      43.066318
      -2.633359      42.837115
      -2.730039      42.723194
      -2.872046      42.726701
      -3.015972      42.781770
      -3.142479      42.871459
      -3.247338      42.968231
      -3.317157      43.034602
      -3.388261      43.072511
      -3.430661      43.081793
      -3.458177      43.120406
      -3.508039      43.195841
      -3.560244      43.341517
      -3.598169      43.538926
      -3.595397      43.778052
      -3.607823      44.036970
      -3.595098      44.244418
      -3.560057      44.328688
      -3.501571      44.254987
      -3.472543      44.036358
      -3.426602      43.744043
      -3.377900      43.406368
      -3.360591      43.086232
      -3.402092      42.806191
      -3.455641      42.593035
      -3.487003      42.420645
      -3.503890      42.268557
      -3.512731      42.070935
      -3.521355      41.821701
      -3.579781      41.530960
      -3.635228      41.255737
      -3.727428      40.993841
      -3.844135      40.726338
      -3.974485      40.425722
      -4.097325      40.104785
      -4.232445      39.758341
      -4.320653      39.454915
      -4.414124      39.221613
      -4.501972      39.076070
      -4.580033      38.990707
      -4.693178      38.961881
      -4.839222      38.975714
      -4.964091      39.046869
      -5.095205      39.177951
      -5.214025      39.352920
      -5.313928      39.531957
      -5.398334      39.689283
      -5.466775      39.795543
      -5.523415      39.849415
      -5.605001      39.869894
      -5.666725      39.925485
      -5.752275      40.034290
      -5.843547      40.201957
      -5.897656      40.380088
      -5.931875      40.525289
      -5.939891      40.598802
      -5.936748      40.623000
      -5.939681      40.598023
      -5.944967      40.576040
      -5.958162      40.573468
      -5.957437      40.580455
      -5.930683      40.522977
      -5.897853      39.983689
      -5.982246      38.236839
      -6.267611      35.497053
      -6.673139      32.388801
      -7.112832      29.432935
      -7.495756      26.828495
      -7.814841      24.593866
      -8.117821      22.749168
      -8.440702      21.237668
      -8.740715      20.043091
      -9.041688      19.066499
      -9.359196      18.328411
      -9.704950      17.762572
      -9.986757      17.332879
     -10.233311      16.952663
     -10.460383      16.623160
     -10.646780      16.297842
     -10.809608      15.999759
     -10.988113      15.695650
     -11.168836      15.438669
     -11.315632      15.118088
     -11.484894      14.689935
     -11.657543      14.188135
     -11.804516      13.672219
     -11.965110      13.156048
     -12.095553      12.711958
     -12.195790      12.321338
     -12.282590      11.981105
     -12.344960      11.661303
     -12.398136      11.379598
     -12.444418      11.107851
     -12.496892      10.891064
     -12.536208      10.711971
     -12.592496      10.603109
     -12.629575      10.533765
     -12.641983      10.444149
     -12.618637       9.916358
     -12.573563       8.953988
     -12.609281       7.780562
     -12.725165       6.577717
     -12.878308       5.390184
     -13.035652       4.310898
     -13.215731       3.360397
     -13.358456       2.614835
     -13.487733       2.047932
     -13.562160       1.633712
     -13.613259       1.290021
     -13.641499       1.036067
     -13.648700       0.837491
     -13.637780       0.669875
     -13.608146       0.511831
     -13.565704       0.367040
     -13.518508       0.223538
     -13.455552       0.132601
     -13.406137       0.069355
     -13.355446       0.055258
     -13.302401       0.118408
     -13.258398       0.221736
