      11.315466      19.147210
      11.296732      19.059205
      11.247057      18.994903
      11.199708      18.993824
      11.172615      19.012726
      11.142156      19.047288
      11.117536      19.103304
      11.106668      19.206921
      11.084277      19.307289
      11.085087      19.429896
      11.089693      19.555259
      11.038812      19.800518
      10.918056      20.182411
      10.708146      20.654414
      10.393185      21.249878
      10.009932      21.964849
       9.625144      22.714509
       9.268423      23.462505
       8.953781      24.235597
       8.684917      24.952593
       8.365131      25.486599
       7.949044      25.854268
       7.407306      26.082813
       6.757654      26.185027
       5.945706      26.190141
       5.048272      26.048884
       3.934384      25.887704
       2.583687      25.890414
       0.746270      26.219905
      -1.630805      27.014371
      -4.632531      28.485694
      -7.020688      30.276952
      -8.788506      32.126228
      -9.994635      33.864139
     -11.249380      35.901624
     -12.472030      38.314578
     -13.673470      41.107393
     -15.019608      44.046752
     -16.265054      46.825378
     -17.283490      49.296277
     -18.115010      51.572200
     -18.641891      53.684107
     -19.068351      55.775740
     -19.338501      58.021200
     -19.575796      60.224259
     -19.748363      62.120411
     -19.936783      63.797148
     -20.175653      65.336285
     -20.438833      66.843094
     -20.564064      68.304884
     -20.501464      69.810430
     -20.263054      71.352491
     -20.048435      72.872759
     -19.942273      74.351479
     -19.845055      75.744940
     -19.847374      77.214525
     -19.814659      78.828810
     -19.514258      80.958935
     -18.897701      83.666794
     -18.226176      86.575821
     -17.484448      89.482769
     -16.723758      92.181399
     -16.075009      94.659413
     -15.516643      96.973688
     -15.021473      99.196708
     -14.444665     101.403322
     -13.766014     103.486208
     -13.199867     105.314178
     -12.686520     106.915947
     -12.156597     108.367488
     -11.617996     109.838524
     -11.125497     111.609318
     -10.682582     113.654056
     -10.310093     115.708529
      -9.828693     117.800556
      -9.280554     119.820436
      -8.684020     121.727886
      -8.167759     123.469751
      -7.689135     125.027894
      -7.419382     126.492403
      -7.190399     127.980478
      -7.103802     129.610010
      -7.141622     131.402475
      -7.332506     133.217486
      -7.701304     134.968598
      -8.175236     136.630623
      -8.669828     138.168085
      -9.160582     139.626960
      -9.598456     141.021343
     -10.100249     142.293223
     -10.716156     143.489362
     -11.460425     144.625400
     -12.398248     145.675644
     -13.764909     146.709131
     -15.378569     147.648868
     -16.954119     148.481275
     -18.263798     149.205467
     -19.306924     149.902042
     -20.176771     150.564442
     -20.834726     151.257297
     -21.418079     151.898230
     -21.461642     152.553393
     -21.405497     153.158472
     -21.750985     153.716602
     -22.267148     154.207268
     -22.863051     154.694360
     -23.409473     155.213954
     -23.816426     155.763847
     -23.982629     156.400632
     -24.010812     157.144087
     -24.068683     157.916528
     -24.089020     158.705989
     -24.132883     159.469348
     -24.153076     160.164437
     -24.094564     160.788020
     -24.007361     161.403803
     -23.802496     161.978098
     -23.570418     162.504735
     -23.329014     163.006407
     -23.080204     163.407170
     -22.828615     163.718894
     -22.577745     163.944959
     -22.333278     164.181127
     -22.047790     164.407406
     -21.665906     164.649519
     -21.231188     164.822312
     -20.736318     164.967673
     -20.149053     164.999866
     -19.441917     164.990424
     -18.522720     164.909914
     -17.365678     164.714778
     -15.872876     164.313102
     -14.254877     163.831266
     -12.334616     163.299907
     -10.362775     162.796001
      -8.441267     162.297360
      -6.610913     161.829842
      -4.808442     161.346393
      -2.940173     160.811955
      -1.109401     160.131623
       0.867614     159.350195
       2.996474     158.432043
       5.075130     157.529492
       6.988605     156.667720
       8.723839     155.932813
      10.376111     155.524784
      11.961719     155.277863
      13.581891     154.912498
      15.193862     154.432051
      16.940496     153.781113
      18.736671     152.992245
      20.411019     152.081320
      22.071601     151.042150
      23.649862     149.762033
      25.202237     148.060870
      26.588398     145.963025
      27.739983     143.621998
      28.720488     141.246253
      29.593458     138.984162
      30.398176     136.725870
      31.133382     134.295328
      31.894217     131.647648
      32.292515     128.899388
      32.502319     126.278053
      32.476856     123.989491
      32.330417     121.691352
      32.152125     119.326506
      31.960904     116.750195
      31.773258     113.956542
      31.592771     110.934473
      31.373394     107.903156
      31.140242     104.878377
      30.946136     101.928590
      30.764619      98.922568
      30.513613      95.752127
      30.111469      92.449215
      29.624351      89.125534
      29.056157      85.608593
      28.465093      81.846488
      28.138123      77.890384
      28.082178      73.999491
      28.172506      70.394103
      28.503058      67.220213
      28.768815      64.333655
      28.845573      61.633723
      28.803922      58.956391
      28.758805      56.174555
      28.666577      53.107359
      28.755434      49.980218
      28.876687      46.962161
      28.827279      44.241329
      28.676580      42.147641
      28.757675      40.377363
      28.998545      38.768397
      29.233472      37.296818
      29.516583      36.043004
      29.876945      34.899532
      30.242803      33.755633
      30.505230      32.489280
      30.703193      31.130159
      30.847599      29.700756
      31.064531      28.206389
      31.345779      26.819512
      31.588402      25.554692
      31.829228      24.468373
      32.180391      23.508047
      32.668033      22.686183
      33.112235      22.011588
      33.563258      21.408666
      34.011763      20.780440
      34.282105      20.012799
      34.747995      19.020038
      35.103056      17.963735
      35.182563      17.059618
      35.057976      16.165236
      35.090156      15.194157
      35.085172      14.179824
      35.114635      13.123380
      35.333371      11.936298
      35.100448      10.720282
      34.783828       9.382629
      34.794203       7.924552
      35.370661       6.510052
      36.457801       5.027306
      37.481893       3.288977
      38.350765       1.716606
      39.410913       0.216932
      40.699637      -1.473098
      41.897126      -3.760574
      43.308907      -6.652496
      44.740568      -9.950782
      45.944348     -13.438648
      46.708454     -16.890541
      47.229093     -19.976384
      47.475247     -22.732965
      47.478856     -25.337024
      47.371448     -27.484004
      47.179775     -29.187437
      46.885474     -30.594356
      46.575785     -31.823696
      46.208744     -33.134262
      45.868408     -34.613878
      45.506419     -35.897599
      44.811408     -36.542141
      43.406310     -36.379914
      41.290552     -35.573699
      38.589323     -34.467429
      35.326190     -33.188498
      31.596008     -31.725038
      27.675703     -29.922035
      23.654923     -27.966294
      19.429752     -25.949825
      15.309179     -23.835765
      11.582424     -21.672847
       8.674412     -19.539889
       6.153072     -17.472010
       3.709097     -15.432603
       1.593736     -13.534275
      -0.368988     -11.523222
      -1.755099      -9.599375
      -2.719817      -7.796805
      -3.436026      -6.138354
      -4.137475      -4.583328
      -4.806931      -3.033166
      -5.559036      -1.355939
      -6.328342       0.401014
      -7.252943       2.217531
      -8.202780       4.193793
      -9.083418       6.264815
      -9.810077       8.347331
     -10.487823      10.249892
     -11.127993      11.984121
     -11.677420      13.579045
     -12.248791      15.076757
     -12.732986      16.559585
     -13.128964      17.985973
     -13.413747      19.411203
     -13.577688      20.807700
     -13.602723      22.112002
     -13.527871      23.349312
     -13.485625      24.573413
     -13.595158      25.850796
     -13.859995      27.244968
     -14.375174      28.895600
     -15.410093      30.867671
     -17.433904      33.065598
     -20.061884      35.378372
     -22.699126      37.721820
     -25.635032      40.284903
     -28.843506      43.132612
     -31.679726      46.115888
     -34.343981      49.164000
     -36.832683      52.097822
     -39.208482      55.115680
     -41.450829      58.289755
     -43.111770      61.198665
     -44.610861      63.709571
     -46.139862      65.793667
     -47.456820      67.505957
     -48.599983      69.021615
     -49.890572      70.517020
     -51.057890      71.969012
     -51.348578      73.275921
     -50.613924      74.817768
     -50.493513      76.749203
     -51.061435      79.082852
     -51.269282      81.683924
     -51.596684      84.503261
     -52.391857      87.571355
     -53.131212      90.711838
     -53.574600      93.844434
     -54.000921      97.087536
     -54.709701     100.645559
     -55.405173     104.253326
     -55.773117     107.647055
     -56.344172     111.002462
     -57.174835     114.529787
     -57.560871     117.855731
     -57.725772     120.772811
     -58.247149     123.658262
     -58.761872     126.704684
     -58.988622     129.856387
     -59.179780     133.201351
     -59.458238     136.884723
     -59.522647     140.625875
     -59.020348     144.283631
     -58.498617     148.085524
     -58.137254     151.871195
     -57.867043     154.772499
     -57.537980     156.977365
     -57.341120     158.989610
     -57.154591     160.827158
     -56.707492     161.997565
     -56.276222     162.944082
     -55.929713     164.061780
     -55.620383     165.196051
     -55.011473     166.131494
     -54.129811     166.811788
     -53.423498     167.692580
     -52.833967     168.772316
     -51.960203     169.754756
     -50.563013     170.699097
     -48.426515     171.769740
     -45.531020     173.668875
     -42.262039     175.945809
     -38.951545     177.937130
     -35.716020     179.774329
     -32.717580    -178.437384
     -29.974654    -176.659966
     -27.437558    -174.977260
     -25.012587    -173.537736
     -22.952146    -172.341062
     -21.242998    -171.449798
     -19.558593    -170.765036
     -17.666443    -170.276419
     -15.795341    -169.768880
     -13.152518    -169.575901
     -10.163532    -169.928035
      -7.548040    -170.447814
      -5.101351    -171.012142
      -2.562343    -171.624962
       0.038125    -172.259853
       2.522433    -173.041309
       4.745348    -173.980618
       6.719539    -175.049766
       8.492100    -176.115572
      10.141598    -177.227131
      11.799405    -178.346441
      13.303799    -179.480440
      14.720925     179.528019
      15.938445     178.754898
      17.204779     177.928932
      18.401321     176.785744
      19.697634     175.411109
      21.140299     174.057495
      22.593668     172.744467
      23.822622     171.536156
      24.969406     170.420304
      26.159132     169.311329
      27.441755     168.021711
      28.599613     166.489748
      29.592061     164.985159
      30.309681     163.466756
      30.963111     161.695293
      31.591882     159.627493
      32.253154     157.490966
      32.878709     155.378539
      33.304945     153.463532
      33.611598     151.400035
      33.821584     149.134816
      34.281651     146.636276
      35.189715     143.594410
      36.458860     139.729142
      37.514979     135.195033
      37.958323     130.324216
      37.941153     125.074735
      37.490922     119.023651
      36.716103     112.301987
      35.699311     105.236174
