       7.676692     -24.432955
       7.659689     -24.446385
       7.651639     -24.439179
       7.650186     -24.439131
       7.648137     -24.438533
       7.639083     -24.436119
       7.633619     -24.445345
       7.632746     -24.449374
       7.620066     -24.472620
       7.636912     -24.481661
       7.650803     -24.467321
       7.620794     -24.455446
       7.633934     -24.470881
       7.628001     -24.503598
       7.610121     -24.530171
       7.590656     -24.533840
       7.573383     -24.534073
       7.566971     -24.531868
       7.553447     -24.531747
       7.539579     -24.542568
       7.522038     -24.555323
       7.488537     -24.568823
       7.453232     -24.582000
       7.398199     -24.580014
       7.265075     -24.580684
       7.139321     -24.588186
       7.047123     -24.604498
       6.953962     -24.612565
       6.873486     -24.611541
       6.812247     -24.599410
       6.755267     -24.587785
       6.697365     -24.566982
       6.602146     -24.535844
       6.513647     -24.503297
       6.411695     -24.480586
       6.286176     -24.453236
       6.148684     -24.436544
       5.972085     -24.437484
       5.800426     -24.468934
       5.633851     -24.514660
       5.398536     -24.566011
       5.135222     -24.614992
       4.877845     -24.665694
       4.624543     -24.724483
       4.379574     -24.806385
       4.114606     -24.887524
       3.829091     -24.951634
       3.542064     -25.011218
       3.267526     -25.052459
       2.989933     -25.111022
       2.706375     -25.195187
       2.483838     -25.288080
       2.279805     -25.388213
       2.070452     -25.487157
       1.845651     -25.572709
       1.624175     -25.650346
       1.386753     -25.728518
       1.134349     -25.808950
       0.884425     -25.882296
       0.673304     -25.943344
       0.447295     -25.981857
       0.178871     -25.982754
      -0.171667     -25.921800
      -0.527972     -25.793772
      -0.816508     -25.646055
      -1.048890     -25.537012
      -1.253198     -25.474964
      -1.453414     -25.416048
      -1.707321     -25.301974
      -1.973754     -25.122332
      -2.255795     -24.912387
      -2.511685     -24.693581
      -2.764197     -24.465317
      -3.009595     -24.238179
      -3.268311     -24.041360
      -3.546093     -23.854896
      -3.810189     -23.677790
      -4.100138     -23.504117
      -4.387719     -23.345893
      -4.627223     -23.221679
      -4.845806     -23.141288
      -5.040365     -23.096443
      -5.219888     -23.052793
      -5.394179     -22.990691
      -5.547570     -22.912187
      -5.697250     -22.796459
      -5.860933     -22.674127
      -6.049849     -22.548228
      -6.229699     -22.426174
      -6.411523     -22.306759
      -6.606559     -22.176168
      -6.813942     -22.040388
      -7.030357     -21.911014
      -7.255232     -21.773577
      -7.492959     -21.622805
      -7.771912     -21.457458
      -8.058254     -21.277823
      -8.350470     -21.088506
      -8.678230     -20.866929
      -9.021543     -20.640856
      -9.357994     -20.421923
      -9.629255     -20.223660
      -9.851325     -20.050271
     -10.059506     -19.912225
     -10.240997     -19.815190
     -10.409324     -19.738876
     -10.571985     -19.652198
     -10.742336     -19.546439
     -10.918388     -19.405345
     -11.100399     -19.248313
     -11.284556     -19.082135
     -11.484539     -18.929699
     -11.727901     -18.786046
     -11.973437     -18.647325
     -12.216221     -18.502742
     -12.477885     -18.345308
     -12.826532     -18.136745
     -13.229209     -17.859105
     -13.759890     -17.471385
     -14.411494     -16.986972
     -15.239063     -16.385332
     -16.121152     -15.731946
     -17.022310     -15.118156
     -17.918907     -14.588888
     -18.856250     -14.089748
     -19.798172     -13.617475
     -20.773263     -13.135286
     -21.730352     -12.671675
     -22.676485     -12.195479
     -23.568526     -11.684944
     -24.349133     -11.186092
     -24.948574     -10.725325
     -25.346343     -10.378669
     -25.578805     -10.152332
     -25.695332     -10.043049
     -25.737236      -9.970361
     -25.704419      -9.937070
     -25.544045      -9.925046
     -25.203944      -9.985531
     -24.665497     -10.108002
     -24.086547     -10.310875
     -23.583624     -10.539256
     -23.146891     -10.708769
     -22.771693     -10.771043
     -22.426288     -10.752648
     -22.049269     -10.726717
     -21.743803     -10.759388
     -21.523868     -10.866202
     -21.384124     -11.035887
     -21.265931     -11.230657
     -21.027587     -11.415142
     -20.594746     -11.552615
     -20.003086     -11.655255
     -19.263272     -11.740422
     -18.507757     -11.808185
     -17.720473     -11.868913
     -16.945081     -11.929175
     -16.183740     -11.993578
     -15.342559     -12.032623
     -14.553574     -12.039681
     -13.876556     -11.971032
     -13.160793     -11.875585
     -12.386297     -11.755462
     -11.540216     -11.629482
     -10.712834     -11.511223
      -9.848473     -11.420583
      -8.994849     -11.290379
      -8.088461     -11.120474
      -7.211145     -10.913643
      -6.318417     -10.665720
      -5.352388     -10.390907
      -4.320862     -10.119749
      -3.232371      -9.874142
      -2.016922      -9.681938
      -0.650568      -9.591921
       0.839450      -9.590105
       2.454366      -9.646822
       4.008518      -9.749779
       5.562632      -9.857163
       7.134341     -10.028622
       8.667922     -10.253168
      10.148141     -10.566039
      11.529050     -10.928762
      12.707507     -11.316008
      13.819239     -11.731840
      14.875195     -12.129939
      15.882493     -12.484514
      16.831956     -12.812623
      17.802347     -13.034429
      18.517584     -12.943225
      18.846563     -12.423543
      18.733196     -11.634785
      18.606201     -10.818886
      18.691470     -10.060929
      18.919898      -9.326420
      19.120254      -8.524854
      19.251819      -7.673921
      19.365987      -6.752510
      19.473075      -5.819577
      19.534460      -4.879498
      19.607947      -3.969562
      19.588921      -3.004085
      19.542200      -1.854854
      19.572393      -0.541355
      19.911156       0.856462
      20.223056       2.195656
      20.086111       3.425417
      19.817952       4.556209
      19.566512       5.639544
      19.304989       6.812942
      19.120280       7.996377
      18.915346       9.048578
      18.668108      10.085740
      18.407550      11.286296
      18.138498      12.627911
      17.783695      14.037829
      17.371320      15.488264
      16.973280      16.945148
      16.599735      18.384827
      16.288270      19.780336
      16.050342      21.268274
      15.935281      22.557406
      15.855398      23.810824
      15.817743      25.050263
      15.781328      26.274544
      15.788612      27.508136
      15.817416      28.781434
      15.824616      30.081549
      15.865492      31.426253
      15.875924      32.860194
      15.877416      34.318302
      15.860582      35.806088
      15.796639      37.392834
      15.674403      39.210573
      15.437385      41.376759
      15.177608      43.805246
      14.931166      46.211785
      14.744415      48.418413
      14.550523      50.405043
      14.416318      52.283632
      14.257725      54.166088
      14.083502      56.241504
      13.928260      58.537045
      13.716961      61.066661
      13.464673      63.701649
      13.237998      66.416419
      13.015842      69.183315
      12.838160      71.984710
      12.705587      74.557340
      12.615062      76.987080
      12.598719      79.383103
      12.609699      81.842943
      12.573922      84.418787
      12.300485      87.135185
      11.591819      90.167628
      10.862182      93.251770
      10.242195      95.787321
       9.625880      97.468512
       8.904274      98.523671
       8.204232      99.133655
       7.321446      99.484837
       6.262452      99.789848
       5.138381     100.376907
       3.879610     101.211684
       2.671161     102.236807
       1.596568     103.250448
       0.728428     104.210031
       0.028124     105.035482
      -0.670030     105.664807
      -1.375298     106.008082
      -2.022128     106.132246
      -2.455533     106.152248
      -2.782720     106.192716
      -2.977383     106.077712
      -2.962465     105.738284
      -2.757834     105.194404
      -2.470840     104.634855
      -2.226463     103.941515
      -2.192189     103.018846
      -2.658474     101.831090
      -3.554373     100.558443
      -4.389814      99.403550
      -5.320303      98.555883
      -6.220211      98.019240
      -7.291864      97.714539
      -8.007791      97.738193
      -8.473134      98.055920
      -8.795176      98.516686
      -9.124880      98.986574
      -9.396633      99.386259
      -9.621852      99.649315
      -9.818836      99.783243
      -9.994435      99.893371
     -10.159215      99.994445
     -10.325575      99.869950
     -10.429541      99.483525
     -10.442969      98.847595
     -10.422211      98.072356
     -10.356024      97.213858
     -10.314467      96.276141
     -10.244705      95.212628
     -10.191757      94.010903
     -10.121813      92.656493
     -10.054255      91.121926
      -9.948324      89.345742
      -9.695943      87.387827
      -9.414783      85.308662
      -9.009249      83.106556
      -8.507179      80.775544
      -8.059235      78.397511
      -7.554447      76.034351
      -7.029835      73.834780
      -6.461340      71.670597
      -5.877082      69.501144
      -5.290405      67.232705
      -4.807508      64.896550
      -4.375409      62.502052
      -3.967358      60.137940
      -3.521046      57.848183
      -3.119962      55.617255
      -2.755977      53.412414
      -2.466102      51.159538
      -2.198213      48.917574
      -2.019249      46.672250
      -1.936111      44.480557
      -1.889005      42.288039
      -1.868004      40.122474
      -1.900152      37.966101
      -2.012878      35.870361
      -2.188257      33.919557
      -2.385769      32.183745
      -2.593421      30.754973
      -2.864588      29.615130
      -3.172136      28.762807
      -3.472206      28.237525
      -3.717219      28.064372
      -3.884805      28.229086
      -4.052307      28.665764
      -4.363134      29.251790
      -4.821439      29.823768
      -5.258488      30.267634
      -5.699890      30.528464
      -6.152005      30.633948
      -6.459139      30.625898
      -6.605418      30.619438
      -6.678051      30.699467
      -6.795709      30.892765
      -7.015452      31.167085
      -7.253156      31.482407
      -7.405260      31.810533
      -7.477189      32.136068
      -7.403158      32.446611
      -7.406172      32.652457
      -7.665273      32.602932
      -8.113071      32.337404
      -8.677375      32.086716
      -9.392571      32.113641
     -10.127302      32.459276
     -10.543732      33.020085
     -10.644355      33.609055
     -11.129438      33.963861
     -11.674348      34.404883
     -12.058737      34.882950
     -12.641059      35.190587
     -13.156489      35.345033
     -13.642432      35.405556
     -14.031208      35.430281
     -14.302408      35.497405
     -14.482906      35.635952
     -14.774350      35.796457
     -15.189748      35.879560
     -15.662124      35.810285
     -16.103858      35.622155
     -16.512526      35.383741
     -16.930194      35.161107
     -17.376459      34.930573
     -17.805316      34.678948
     -18.167949      34.437960
     -18.531803      34.231461
     -18.995353      34.064799
     -19.496301      33.953816
     -19.892168      33.888407
     -20.062359      33.899005
     -20.102582      33.913702
     -20.057747      33.852491
     -19.984738      33.713056
     -19.785200      33.546776
     -19.286505      33.423004
     -19.006908      33.454847
     -18.739109      33.501421
     -18.416746      33.579012
     -17.901763      33.685738
     -17.421252      33.926874
     -16.957684      34.240626
     -16.661471      34.467898
     -16.565121      34.512624
     -16.561831      34.354025
     -16.346837      33.938077
     -16.020065      33.411275
     -15.738021      32.751550
     -15.407633      32.114316
     -15.031488      31.641625
     -14.717762      31.329652
     -14.262984      31.067010
     -13.635784      30.662680
     -13.022230      30.081865
     -12.461954      29.420156
     -11.878441      28.700273
     -11.173761      27.869085
     -10.330818      26.902579
      -9.326294      25.595141
      -8.225530      24.102559
      -7.162855      22.602632
      -6.011039      21.223320
      -4.875929      19.797532
      -3.691540      18.253670
      -2.706374      16.479145
      -1.905501      14.492933
      -1.096042      12.441468
      -0.370539      10.445946
       0.207972       8.701585
       0.641500       7.379860
       0.975973       6.497249
       1.124307       5.782637
       1.161495       5.014698
       1.052164       4.231860
       0.939806       3.463750
       0.751296       2.801413
       0.630473       2.436040
       0.620677       2.345053
       0.644395       2.194254
       0.560589       2.070654
       0.706124       1.917867
       0.939347       1.715413
       1.002821       1.453421
       0.923277       1.275156
       0.811316       1.249125
       0.690751       1.253525
       0.601231       1.109062
       0.428380       0.879296
       0.094343       0.554881
      -0.277411       0.092473
      -0.701881      -0.497605
      -1.251546      -1.014757
      -1.779848      -1.432284
      -2.344376      -1.815287
      -2.905553      -2.207046
      -3.373719      -2.541755
      -3.788760      -2.824148
      -4.347710      -3.130982
      -4.885279      -3.460457
      -5.251878      -3.705879
      -5.504679      -3.911659
      -5.676990      -4.019635
      -5.729168      -4.018653
      -5.749559      -3.916255
      -5.748377      -3.836600
      -5.631999      -3.721464
      -5.561688      -3.554847
      -5.601903      -3.354736
      -5.789804      -2.987295
      -5.969401      -2.454940
      -5.897233      -1.718651
      -5.732104      -0.808374
      -5.611739       0.245895
      -5.486390       1.390317
      -5.353899       2.600717
      -5.220299       3.851508
      -5.076034       5.150547
      -4.937017       6.478576
      -4.732969       7.828411
      -4.557483       9.164279
      -4.436542      10.459961
      -4.310405      11.668829
      -4.125925      12.768323
      -3.810539      13.750124
      -3.377298      14.671250
      -2.638629      15.438467
      -1.739757      16.089433
      -0.841635      16.704174
      -0.254777      17.242944
      -0.013903      17.642685
      -0.050904      17.875396
      -0.155596      17.977105
      -0.321357      17.979744
      -0.528890      17.943532
      -0.759196      17.891028
      -0.965936      17.768812
      -1.092490      17.540373
      -1.148077      17.256758
      -1.218835      16.947305
      -1.268255      16.621999
      -1.310988      16.306912
      -1.373405      16.033720
      -1.445801      15.788500
      -1.530718      15.540562
      -1.632234      15.308808
      -1.725705      15.119644
      -1.809073      14.967567
      -1.849438      14.824936
      -1.910582      14.712484
      -2.031831      14.587493
      -2.134518      14.426251
      -2.179843      14.228078
      -2.204911      14.010697
      -2.227383      13.769621
      -2.286855      13.530406
      -2.321241      13.333778
      -2.313823      13.200661
      -2.299084      13.096450
      -2.267968      13.005724
      -2.247621      12.956004
      -2.285191      12.936104
      -2.286869      12.924997
      -2.277078      12.936724
      -2.298783      12.971338
      -2.325217      13.002937
      -2.353417      12.999665
      -2.346070      13.009157
      -2.342867      13.024057
      -2.358563      13.029127
      -2.339515      12.985417
      -2.312686      12.978247
      -2.339243      12.975879
      -2.373623      12.958990
      -2.392558      12.953437
      -2.435584      12.965370
      -2.495060      12.976327
      -2.577222      12.971532
      -2.635158      12.974308
      -2.727306      13.008118
      -2.839744      13.084431
      -2.899939      13.162218
      -2.906828      13.225658
      -2.936034      13.275594
      -2.989665      13.298492
      -2.990221      13.311424
      -2.988625      13.318749
      -2.990926      13.315569
      -3.021869      13.273690
      -3.056486      13.203568
      -3.085686      13.166241
      -3.108962      13.164295
      -3.122019      13.170634
      -3.112568      13.181437
      -3.102645      13.224927
      -3.129456      13.241698
      -3.120634      13.236128
      -3.110292      13.213901
      -3.118632      13.202950
      -3.137289      13.185122
      -3.157470      13.168432
      -3.152350      13.176737
      -3.153317      13.202631
      -3.152380      13.222512
      -3.140714      13.211593
      -3.108813      13.229929
      -3.139708      13.266107
      -3.145631      13.262499
      -3.137316      13.258040
      -3.126777      13.240880
      -3.132169      13.228474
      -3.158483      13.210046
      -3.168696      13.218273
      -3.169220      13.258760
      -3.174473      13.300603
      -3.181543      13.289676
      -3.157591      13.279799
      -3.152945      13.300344
      -3.186218      13.306368
      -3.178533      13.290301
      -3.181305      13.275769
      -3.176083      13.254706
      -3.189085      13.225865
      -3.196919      13.191633
      -3.203644      13.205287
      -3.213837      13.238596
      -3.231312      13.256143
      -3.221937      13.233105
      -3.196581      13.245219
      -3.222735      13.258978
      -3.231159      13.254091
      -3.216448      13.243774
      -3.224010      13.235134
      -3.230807      13.227480
      -3.258848      13.207509
      -3.257155      13.207134
      -3.264864      13.245625
      -3.266264      13.279095
      -3.278001      13.278366
      -3.255410      13.265252
      -3.246568      13.286434
      -3.279709      13.287697
      -3.269488      13.281271
      -3.266449      13.262227
      -3.268234      13.247285
      -3.278749      13.231413
      -3.290310      13.209953
      -3.281050      13.221209
      -3.284983      13.259582
      -3.286581      13.286281
      -3.295174      13.275431
      -3.266936      13.266782
      -3.271020      13.298118
      -3.301630      13.326167
      -3.303943      13.343393
      -3.308971      13.359249
      -3.318747      13.377366
      -3.347742      13.395553
      -3.376697      13.401956
      -3.384727      13.433957
      -3.404153      13.483308
      -3.425731      13.518698
      -3.437648      13.509172
      -3.424578      13.520236
      -3.446596      13.545666
      -3.476640      13.553087
      -3.475443      13.536311
      -3.484280      13.516523
      -3.485442      13.501457
      -3.508877      13.478510
      -3.526435      13.452704
      -3.522474      13.464764
      -3.518668      13.492979
      -3.513819      13.514432
      -3.506568      13.493119
      -3.456298      13.498561
      -3.455067      13.531195
      -3.441183      13.552575
      -3.416615      13.546577
      -3.402685      13.538416
      -3.394783      13.538012
      -3.393247      13.531235
      -3.408008      13.515752
      -3.413998      13.520611
      -3.413702      13.542558
      -3.420933      13.572131
      -3.422614      13.569499
      -3.400321      13.571978
      -3.393508      13.612620
      -3.419973      13.636591
      -3.408346      13.632811
      -3.386166      13.627207
      -3.379428      13.609163
      -3.391198      13.584005
      -3.407572      13.555480
      -3.399203      13.563686
      -3.395708      13.585659
      -3.397879      13.603087
      -3.397857      13.591953
      -3.365866      13.579465
      -3.358757      13.606972
      -3.394531      13.621960
      -3.384187      13.618257
      -3.378386      13.605819
      -3.374030      13.580747
      -3.395637      13.561427
      -3.415468      13.542230
      -3.404640      13.559509
      -3.403783      13.588602
      -3.407233      13.596481
      -3.420564      13.591184
      -3.395250      13.558998
      -3.362150      13.564816
      -3.399692      13.578808
      -3.409073      13.575259
      -3.396982      13.566522
      -3.392698      13.553795
      -3.390690      13.539349
      -3.415948      13.524121
      -3.409596      13.531218
      -3.398773      13.569531
      -3.398459      13.580613
      -3.405890      13.580080
      -3.402563      13.547496
      -3.357995      13.532710
      -3.360011      13.559641
      -3.393419      13.575329
      -3.371721      13.574957
      -3.353594      13.559713
      -3.343200      13.536893
      -3.355226      13.514484
      -3.372183      13.495722
      -3.358235      13.503617
      -3.356625      13.503299
      -3.367691      13.483832
      -3.382395      13.455809
      -3.373336      13.404315
      -3.331440      13.375929
      -3.351615      13.369849
      -3.377632      13.359851
      -3.361400      13.365644
      -3.352272      13.346033
      -3.353679      13.341707
      -3.368220      13.330376
      -3.369100      13.309734
      -3.363364      13.314198
      -3.365732      13.303154
      -3.376309      13.278404
      -3.396518      13.266755
      -3.372936      13.238414
      -3.349495      13.247661
      -3.384246      13.274205
      -3.414267      13.283726
      -3.406812      13.288784
      -3.409202      13.276440
      -3.424963      13.255579
      -3.455940      13.229506
      -3.484846      13.207275
      -3.508377      13.209564
      -3.528296      13.215328
      -3.533746      13.227076
      -3.549064      13.222915
      -3.551560      13.209900
      -3.555569      13.206962
      -3.594534      13.206210
      -3.580780      13.204732
      -3.579916      13.185686
      -3.579933      13.113650
      -3.504347      12.886855
      -3.450610      12.506673
      -3.451211      12.040646
      -3.484768      11.531380
      -3.529257      10.947394
      -3.562236      10.239984
      -3.606593       9.412679
      -3.671430       8.508241
      -3.741341       7.535505
      -3.833824       6.495128
      -3.903862       5.426382
      -3.974716       4.342902
      -4.107029       3.246749
      -4.274285       2.078197
      -4.425629       0.802808
      -4.560344      -0.580145
      -4.599023      -2.022808
      -4.613288      -3.503508
      -4.659578      -5.031139
      -4.845924      -6.639741
      -5.179124      -8.309471
      -5.665666      -9.971566
      -6.273497     -11.599574
      -6.917004     -13.114275
      -7.623559     -14.576171
      -8.337354     -16.001274
      -9.060155     -17.372555
      -9.730705     -18.654857
     -10.304793     -19.846958
     -10.724650     -20.798219
     -11.066445     -21.468196
     -11.321890     -21.881668
     -11.422914     -22.044171
     -11.364251     -21.977380
     -11.238003     -21.669863
     -10.989988     -21.164623
     -10.667846     -20.495881
     -10.277513     -19.660116
      -9.824638     -18.669303
      -9.306340     -17.460074
      -8.714340     -16.008962
      -8.001840     -14.293314
      -7.177404     -12.338742
      -6.116788     -10.170347
      -4.999209      -7.916762
      -4.108781      -5.660906
      -3.389505      -3.356140
      -2.847259      -1.060477
      -2.375966       1.283576
      -2.074364       3.707539
      -1.872267       6.217102
      -1.761866       8.801136
      -1.754058      11.366355
      -1.803538      13.793199
      -1.832974      16.014318
      -1.849903      17.988223
      -1.825717      19.689297
      -1.738908      21.103728
      -1.614625      22.241170
      -1.565666      23.084840
      -1.578220      23.623911
      -1.660393      23.881311
      -1.810118      23.905385
      -1.960535      23.784324
      -2.130248      23.594460
      -2.399059      23.377150
      -2.715600      23.220278
      -3.046394      23.155206
      -3.357216      23.226454
      -3.650601      23.465550
      -3.978888      23.877198
      -4.352538      24.442300
      -4.809184      25.168770
      -5.281099      26.002969
      -5.778410      26.899699
      -6.364446      27.798336
      -7.054700      28.661259
      -7.857417      29.447851
      -9.138520      30.486074
      -9.842606      30.974263
     -10.438885      31.320557
     -10.993418      31.500245
     -11.536579      31.552346
     -12.145513      31.508703
     -12.850598      31.397895
     -13.587315      31.282543
     -14.377564      31.156921
     -15.156873      31.023508
     -15.884565      30.866918
     -16.544627      30.641606
     -17.198507      30.345364
     -17.823948      29.979234
     -18.423032      29.572089
     -18.985783      29.119572
     -19.502796      28.635946
     -19.942596      28.134507
     -20.341216      27.604859
     -20.681864      27.072480
     -20.990685      26.545636
     -21.314207      25.992759
     -21.614903      25.376857
     -21.857579      24.699577
     -22.071946      24.003247
     -22.260678      23.335013
     -22.443441      22.701990
     -22.569255      22.094612
     -22.657745      21.483304
     -22.738286      20.869534
     -22.815695      20.202335
     -22.846299      19.481296
     -22.638091      18.747381
     -22.278790      17.995904
     -21.936137      17.185680
     -21.657676      16.288075
     -21.444421      15.314050
     -21.256935      14.297489
     -21.092460      13.245800
     -20.966502      12.184024
     -20.870836      11.109128
     -20.855357      10.046230
     -20.947315       9.041605
     -21.110367       8.119536
     -21.201077       7.293084
     -21.171007       6.550796
     -21.085448       5.880681
     -20.988026       5.245632
     -20.916711       4.689493
     -20.857003       4.191086
     -20.779118       3.785098
     -20.661787       3.426232
     -20.507264       3.137156
     -20.297018       2.877040
     -20.035212       2.671954
     -19.751367       2.483535
     -19.476405       2.271793
     -19.158298       2.013403
     -18.724185       1.681604
     -18.159826       1.214801
     -17.444724       0.644104
     -16.737872       0.048574
     -16.038857      -0.480770
     -15.242453      -0.932303
     -14.362874      -1.311415
     -13.522183      -1.630075
     -12.682594      -1.849029
     -11.831607      -1.945968
     -10.902032      -1.941921
     -10.011559      -1.866275
      -9.133701      -1.697888
      -8.236787      -1.508148
      -7.294651      -1.416757
      -6.258184      -1.445935
      -5.258232      -1.524391
      -4.320221      -1.536337
      -3.445893      -1.477101
      -2.589363      -1.387770
      -1.684407      -1.282653
