       1.738699      23.164140
       2.195457      26.237577
       2.849344      29.729554
       3.590305      33.561675
       4.397143      37.556836
       5.379535      41.581118
       6.332713      45.287848
       7.195104      48.559976
       7.828901      51.174405
       8.286982      52.972596
       8.681637      54.039500
       9.019976      54.531915
       9.129258      54.597786
       9.038133      54.406744
       8.966882      54.231046
       8.872139      54.300696
       8.749405      54.597217
       8.531008      55.034379
       8.179242      55.312574
       7.698025      55.333989
       6.670060      55.154813
       4.878810      54.824594
       2.514518      54.482159
      -0.035361      54.323811
      -2.170630      54.462517
      -3.962046      54.813471
      -5.559990      55.267317
      -6.857283      55.829308
      -8.308350      56.264177
      -9.901465      56.768919
     -12.136294      57.271431
     -15.117705      57.908566
     -18.087222      58.914888
     -21.078003      60.145832
     -23.665735      61.262855
     -26.395506      62.962503
     -28.645269      65.642463
     -30.254911      69.108876
     -31.437917      72.499088
     -31.883129      75.559819
     -31.730409      78.525795
     -31.196890      81.458310
     -30.354126      84.099137
     -29.205520      86.357332
     -27.687350      88.419343
     -26.075285      90.088498
     -23.933775      90.987008
     -20.891172      92.072116
     -17.308531      93.471444
     -14.206308      94.821414
     -11.753473      95.710347
      -9.590807      96.203723
      -7.505371      97.033235
      -5.792203      99.101336
      -5.092432     102.046382
      -5.557162     104.929395
      -6.208818     107.683803
      -6.542727     110.547203
      -6.669130     113.516447
      -6.782871     116.489014
      -6.883352     119.461424
      -7.043292     122.066955
      -6.960010     124.020469
      -6.630008     125.586597
      -6.492465     126.852881
      -5.595205     128.201094
      -4.392717     129.834734
      -3.375563     131.774795
      -2.547597     133.828033
      -1.740195     135.776623
      -1.094636     137.566581
      -0.518579     139.236824
       0.618941     140.365499
       2.791999     140.381809
       5.223245     139.795091
       7.901761     139.287415
      10.628837     138.731810
      12.854842     138.082135
      14.445925     137.497388
      15.560496     137.176232
      16.249498     137.139474
      16.878793     137.526744
      17.526661     138.456213
      18.064336     139.923656
      18.522086     142.106461
      18.840966     144.984995
      19.087823     148.712100
      19.078118     153.181475
      18.646656     158.184558
      17.894042     163.452224
      16.428746     168.323119
      14.983113     172.606159
      13.799730     175.911013
      12.488298     178.426174
      10.866021    -179.091334
       9.042788    -175.918085
       7.052099    -172.524833
       5.008316    -170.736613
       3.392332    -170.336005
       2.170904    -169.837403
       0.947226    -169.246011
       0.663771    -168.654601
       0.683693    -167.381789
       0.503175    -165.264399
      -0.133463    -162.584652
      -1.300031    -160.071619
      -1.615188    -158.800837
      -1.800039    -158.438746
      -2.352930    -157.706268
      -2.883193    -156.527031
      -3.021144    -155.228088
      -2.728502    -153.300520
      -2.201855    -151.042403
      -0.284215    -148.556510
       2.850623    -146.383410
       5.619977    -144.512951
       7.124193    -143.487769
       7.490195    -143.222566
       7.217767    -143.182078
       6.724295    -142.898962
       6.586631    -142.644308
       7.070231    -142.309445
       7.925947    -141.845833
       8.750981    -141.739882
       9.569471    -141.776222
      10.400311    -141.535586
      11.637309    -141.126362
      13.374989    -140.939405
      15.275439    -140.976387
      16.961605    -141.095092
      18.040791    -141.350679
      18.563452    -141.666987
      18.710283    -141.807744
      18.819466    -142.015712
      19.038073    -142.424771
      19.304066    -142.616108
      19.441565    -142.676024
      19.472490    -142.795682
      19.462647    -142.977937
      19.411007    -143.368539
      19.290017    -143.684012
      19.247172    -143.986032
      19.361392    -144.459776
      19.686282    -145.190573
      20.566908    -146.435749
      22.589581    -149.338423
      25.661959    -154.664848
      28.013521    -160.197037
      29.760780    -164.650024
      30.610047    -168.359896
      31.491925    -171.046937
      31.853605    -173.497986
      31.315110    -176.159887
      30.677603    -178.777570
      28.892120     177.150759
      26.540116     170.479967
      24.729027     162.222746
      24.279505     154.323400
      25.053644     148.675245
      25.616770     144.831746
      26.000873     141.949239
      26.272922     139.689635
      25.469274     137.278443
      22.941208     133.333151
      19.483214     128.285305
      15.986153     123.248533
      13.123243     118.892210
      11.051808     115.506710
       9.926487     113.361712
       9.114446     112.109125
       8.714213     111.428296
       8.656281     111.325463
       8.466788     111.212907
       7.713837     110.751732
       6.977012     109.392883
       7.560093     106.571642
       7.999915     102.091543
       8.132071      96.623555
       8.215358      90.946724
       8.497885      85.619512
       9.044095      81.228078
       9.296691      77.792404
       9.588502      75.019136
       9.614225      72.937221
       9.333797      71.326826
       9.217208      69.629326
       9.151255      67.324328
       8.925912      64.506992
       8.288159      61.778700
       7.397061      59.620118
       6.316397      58.284320
       5.122887      57.588405
       3.481792      57.362151
       1.871724      57.219126
       0.561112      56.939420
      -0.557314      56.649256
      -1.866879      56.521283
      -3.520123      56.696165
      -5.326752      57.209048
      -6.295855      57.335894
      -6.840594      56.766529
      -7.390647      55.976855
      -7.745525      55.275039
      -7.822267      54.555238
      -7.982705      53.957120
      -8.646406      53.827301
      -9.948025      54.610059
     -11.611152      56.102312
     -13.429772      57.991951
     -15.364585      60.329088
     -17.495738      63.220950
     -19.904484      67.018724
     -22.568672      71.081513
     -25.375990      74.462501
     -28.092030      76.854751
     -30.172471      77.736441
     -32.020879      76.793654
     -33.979447      74.232342
     -36.124583      70.458362
     -37.693685      66.388569
     -38.820090      62.626873
     -39.731879      59.401013
     -40.307242      56.727338
     -40.535066      53.389965
     -40.385552      48.573459
     -40.036561      41.833518
     -39.056872      32.833877
     -36.928517      21.726843
     -33.263653      10.197132
     -29.922477       1.074658
     -27.409524      -4.683540
     -25.849151      -7.937170
     -25.125637     -10.019620
     -24.768286     -11.605201
     -24.698858     -13.143638
     -24.722154     -15.314032
     -24.703207     -17.895166
     -24.706991     -19.999176
     -24.706758     -21.698983
     -24.605991     -23.128570
     -24.161455     -24.340543
     -22.793634     -25.466238
     -18.164504     -26.216811
     -10.372360     -26.544364
      -7.667833     -27.839635
      -6.879504     -29.393839
      -5.462991     -29.857208
      -4.767484     -29.490841
      -4.472938     -28.567902
      -4.466801     -27.455682
      -4.143847     -26.641660
      -3.459404     -26.508495
      -2.649388     -26.982701
      -1.604883     -27.459566
      -0.588074     -27.841391
       0.226062     -28.141652
       1.154322     -28.532045
       2.253730     -29.137747
       3.272492     -30.010669
       4.363568     -31.027941
       5.715622     -32.151647
       6.787982     -33.202874
       7.989909     -34.233933
       9.503418     -35.157066
      11.229978     -36.331968
      12.394350     -37.930961
      14.009935     -39.722270
      16.289651     -41.255343
      18.329221     -42.405904
      19.497497     -43.320501
      20.360280     -43.907691
      21.408118     -44.248736
      22.478928     -44.508063
      23.315376     -44.978004
      24.257556     -45.762195
      25.086353     -47.040286
      26.050050     -49.191326
      26.941936     -51.609419
      27.831031     -53.777565
      28.566651     -55.672431
      29.014199     -57.485495
      29.128099     -59.265021
      28.837406     -60.953832
      28.310783     -62.502441
      26.914629     -64.047601
      24.523781     -65.582095
      21.979612     -66.929705
      19.619494     -68.217457
      17.741111     -69.501936
      15.972740     -70.675985
      14.554052     -71.678315
      13.390971     -72.679949
      12.660362     -73.819043
      11.904829     -75.106412
      10.802301     -76.343442
       9.369122     -77.528871
       7.637233     -78.749266
       6.087632     -79.945007
       5.033556     -81.345579
       4.043486     -82.774850
       3.246250     -84.126152
       2.263825     -85.364683
       0.990033     -86.433471
      -0.300293     -87.341725
      -1.658398     -88.213687
      -3.050172     -89.263260
      -4.545171     -90.580874
      -6.053722     -91.767143
      -7.273040     -92.709969
      -8.201990     -93.432073
      -9.136805     -93.944226
     -10.068338     -94.304588
     -11.011902     -94.635458
     -11.973687     -94.925646
     -12.918496     -95.223673
     -13.962652     -95.536475
     -15.038576     -95.812364
     -16.084477     -96.044539
     -17.116418     -96.187850
     -18.122624     -96.204899
     -19.119586     -96.152579
     -20.228388     -96.031989
     -21.275353     -95.871007
     -22.210704     -95.601511
     -23.236036     -95.144970
     -24.317458     -94.460120
     -25.537872     -93.296882
     -27.184901     -91.262838
     -29.098318     -88.768864
     -30.741077     -86.240540
     -32.212678     -83.687844
     -33.780600     -80.681857
     -35.193916     -77.374238
     -36.576104     -73.694183
     -37.714539     -70.193969
     -38.756026     -66.706758
     -39.592944     -63.253021
     -40.333623     -59.494962
     -40.911500     -55.824849
     -41.398557     -51.953029
     -41.620596     -47.747357
     -41.523383     -43.827934
     -41.496480     -40.557865
     -41.699110     -38.063623
     -41.974115     -36.261293
     -42.225164     -34.980008
     -42.442424     -34.020729
     -42.596149     -32.810026
     -42.642572     -31.079765
     -42.635151     -29.319359
     -42.379768     -27.805041
     -42.198028     -26.300587
     -42.194415     -24.662610
     -42.145728     -22.754846
     -42.190398     -20.506890
     -42.447742     -17.938872
     -42.630842     -14.966396
     -42.643024     -11.749412
     -42.408604      -8.134877
     -41.773811      -3.925584
     -40.701730       0.762210
     -39.355249       5.878540
     -37.607298      11.345548
     -36.055436      16.091858
     -34.718581      19.868524
     -33.579706      23.070958
     -32.931182      25.856646
     -32.700180      28.017266
     -32.897127      29.513873
     -33.056923      30.520994
     -33.194542      31.693382
     -33.132443      32.927673
     -33.021639      33.962510
     -32.792682      34.979401
     -32.613266      36.435406
     -32.710627      38.153041
     -32.805611      39.666285
     -32.963496      40.793105
     -33.000543      41.891064
     -33.078131      43.281412
     -33.279256      44.662200
     -33.446573      46.104046
     -33.604548      47.630657
     -33.575041      48.942923
     -33.353372      50.217780
     -33.231868      51.794856
     -33.014422      52.480871
     -31.559670      50.413513
     -28.797153      46.681581
     -25.209399      42.893607
     -21.763904      40.407127
     -19.119081      39.160497
     -16.680897      38.435202
     -14.998074      37.837859
     -13.683351      37.236241
     -12.573594      36.812104
     -11.596961      36.481025
     -10.675691      36.061089
      -9.831750      35.516843
      -9.118348      34.890683
      -8.479044      34.274436
      -7.999906      33.782679
      -7.693826      33.179825
      -7.609951      31.551146
      -7.642383      28.096207
      -7.493283      23.865784
      -7.354963      20.102421
      -7.157952      16.847206
      -6.936840      14.036273
      -6.814469      11.692897
      -6.620535       9.922494
      -6.382301       8.561928
      -6.253131       7.464029
      -6.132074       6.523594
      -5.968404       5.565101
      -5.931472       4.646520
      -5.937939       3.810533
      -5.938710       3.141105
      -6.050813       2.630450
      -6.477415       2.308929
      -6.414869       2.000287
      -6.211923       1.708094
      -6.044820       1.366911
      -5.758158       0.988900
      -5.347069       0.434401
      -4.965802      -0.150848
      -4.485712      -0.226051
      -4.126653       0.232821
      -3.830354       0.928152
      -3.629805       1.553508
      -3.539466       1.906994
      -3.479474       2.193712
      -3.339965       2.437660
      -3.190787       2.528948
      -3.109773       2.484050
      -3.002323       2.364170
      -2.904939       2.202967
      -2.821976       2.044034
      -2.751900       1.912255
      -2.648548       1.810358
      -2.573671       1.767359
      -2.388642       1.788551
      -2.171383       1.888176
      -1.889597       2.116886
      -1.616245       2.401200
      -1.385031       2.753958
      -1.208535       3.238753
      -1.085294       3.924874
      -0.960157       4.786368
      -0.840017       5.787759
      -0.607997       7.079064
      -0.134640       9.280819
       0.866922      15.959463
       2.727205      27.212005
       5.560807      39.464177
       8.404179      52.992311
      10.231638      65.597404
      11.409726      75.729087
      11.326962      81.912680
      11.013744      83.903428
      11.346015      83.955058
      12.113582      84.355792
      12.564843      84.590872
      12.972025      84.204680
      13.391106      83.358402
      13.618521      82.412021
      13.718306      81.355351
      13.898745      80.193167
      14.175310      79.003240
      14.490249      77.795396
      14.551510      76.362350
      14.578593      74.968895
      14.444506      73.102656
      14.301048      70.994086
      14.070621      68.978422
      13.780902      67.091104
      13.495541      64.913695
      12.851231      62.059781
      11.746178      58.053431
      10.174754      53.160296
       8.684090      47.522288
       7.964528      40.873411
       8.319286      34.937517
       8.683632      31.551353
       8.784774      30.077640
       8.903826      29.752748
       8.813396      30.191311
       8.619917      31.069123
       8.413215      32.129244
       8.226152      33.197655
       8.005173      34.228311
       7.900709      35.106961
       7.782627      35.723269
       7.501586      36.104159
       7.323706      36.291147
       7.156763      36.320466
       6.958841      36.343661
       6.788509      36.407220
       6.339816      36.451936
       5.698684      36.389900
       5.029346      36.186503
       4.518705      35.915522
       3.995528      35.525729
       3.524717      35.008135
       3.161483      34.307189
       2.808252      33.421666
       2.259785      32.255250
       1.655502      30.749733
       1.042927      29.162865
       0.374639      27.681631
      -0.210056      26.455425
      -0.686223      25.482436
      -1.002893      24.743409
      -1.324998      24.228705
      -1.775648      23.861968
      -2.227714      23.432656
      -2.646510      22.843417
      -3.097018      22.101411
      -3.490670      21.357597
