      11.197393      26.281963
      11.042545      26.552954
      10.899106      26.819837
      10.886265      27.008596
      10.920973      27.196978
      10.979226      27.377766
      10.986365      27.618614
      10.962257      27.916305
      10.867257      28.275677
      10.769287      28.677734
      10.707618      29.072639
      10.702696      29.397120
      10.696462      29.591439
      10.757343      29.691414
      10.808499      29.718451
      10.874669      29.766088
      10.900706      29.859015
      10.933768      29.940516
      11.005942      29.973660
      11.169569      29.954881
      11.402504      29.936169
      11.772668      29.904562
      12.130530      29.830247
      12.518343      29.750925
      12.895832      29.705337
      13.247009      29.705001
      13.530696      29.741065
      13.765969      29.803854
      13.975325      29.893823
      14.145062      29.963096
      14.359441      30.007643
      14.707470      30.005068
      15.192989      29.896759
      15.875137      29.642540
      16.736711      29.236036
      17.558790      28.709023
      18.308791      28.125191
      18.986616      27.584287
      19.679447      27.156626
      20.390870      26.940134
      21.175352      26.921808
      21.802207      27.232607
      22.196519      27.929886
      22.174425      29.180555
      21.994256      30.832669
      21.839822      32.654444
      21.910326      34.296778
      21.957753      35.517890
      21.975216      36.050729
      21.945880      35.956377
      21.801376      35.456939
      21.643960      34.767739
      21.537445      34.248009
      21.489495      33.947201
      21.412919      33.674676
      21.347920      33.162335
      21.210514      32.256784
      21.006893      30.894931
      20.768909      29.129087
      20.520730      27.071196
      20.345594      24.807194
      20.243578      22.374148
      20.010831      19.847438
      19.574952      17.412230
      18.956365      15.178001
      18.324998      13.104860
      17.805554      11.175319
      17.288340       9.308209
      16.680990       7.617592
      16.146634       6.218497
      15.731391       5.073973
      15.347961       4.076401
      14.978629       3.215539
      14.594718       2.546622
      14.306936       2.006328
      14.113364       1.542314
      14.082800       1.158619
      14.143384       0.794070
      14.236823       0.456710
      14.333045       0.139247
      14.353805      -0.093282
      14.353460      -0.259020
      14.385295      -0.375102
      14.450818      -0.468194
      14.492745      -0.573402
      14.523638      -0.650983
      14.511154      -0.693442
      14.500062      -0.739300
      14.484259      -0.806188
      14.445447      -0.893474
      14.441072      -0.994675
      14.433983      -1.075034
      14.425870      -1.152821
      14.418606      -1.216892
      14.396090      -1.297639
      14.369586      -1.380590
      14.326248      -1.477790
      14.297949      -1.559026
      14.256419      -1.621163
      14.220108      -1.646510
      14.216022      -1.651119
      14.225038      -1.634567
      14.207237      -1.651469
      14.219921      -1.647052
      14.234267      -1.606467
      14.268340      -1.547545
      14.304994      -1.520600
      14.325928      -1.518993
      14.290856      -1.520548
      14.271144      -1.522912
      14.248659      -1.526384
      14.247055      -1.515568
      14.276001      -1.502410
      14.340683      -1.455663
      14.374214      -1.389741
      14.424041      -1.351833
      14.469069      -1.333474
      14.522349      -1.290865
      14.572354      -1.246748
      14.638170      -1.184708
      14.692805      -1.129075
      14.732406      -1.092122
      14.775893      -1.020085
      14.793148      -0.961769
      14.837456      -0.955319
      14.860839      -0.986801
      14.822598      -1.040080
      14.809814      -1.086003
      14.783883      -1.105284
      14.761076      -1.095453
      14.739174      -1.081962
      14.756595      -1.053388
      14.742702      -1.031061
      14.690712      -1.047759
      14.658679      -1.083875
      14.614785      -1.129960
      14.598157      -1.155991
      14.591214      -1.128128
      14.601350      -1.068322
      14.562698      -1.015953
      14.593034      -0.955760
      14.593890      -0.915869
      14.601793      -0.883112
      14.611875      -0.861319
      14.586695      -0.853242
      14.568766      -0.852711
      14.582812      -0.850223
      14.565704      -0.845927
      14.545089      -0.842535
      14.545147      -0.862163
      14.597341      -0.935507
      14.635167      -1.072802
      14.556016      -1.098156
      14.456426      -1.059859
      14.411074      -1.045888
      14.428546      -1.050552
      14.458189      -1.014325
      14.446480      -0.982032
      14.410769      -0.965385
      14.429303      -0.938858
      14.435326      -0.881586
      14.457586      -0.845469
      14.468514      -0.846397
      14.410234      -0.879492
      14.370673      -0.913016
      14.325255      -0.929961
      14.297586      -0.936646
      14.267171      -0.945514
      14.258624      -0.924786
      14.247135      -0.880451
      14.249000      -0.840570
      14.242555      -0.840062
      14.246808      -0.849404
      14.253683      -0.855557
      14.286988      -0.841375
      14.295384      -0.826143
      14.272672      -0.806545
      14.322683      -0.771555
      14.330518      -0.730100
      14.351472      -0.698798
      14.353513      -0.680490
      14.324310      -0.713803
      14.318665      -0.750587
      14.309493      -0.755805
      14.315450      -0.732848
      14.318150      -0.713422
      14.337698      -0.690467
      14.348718      -0.662419
      14.346893      -0.652244
      14.352493      -0.673918
      14.353670      -0.688022
      14.345007      -0.691121
      14.354292      -0.683875
      14.371152      -0.670728
      14.333591      -0.681850
      14.355951      -0.682708
      14.350499      -0.665858
      14.351632      -0.657054
      14.344970      -0.646957
      14.329783      -0.671838
      14.299467      -0.697974
      14.295611      -0.711393
      14.272952      -0.694705
      14.254079      -0.666248
      14.253471      -0.646489
      14.265206      -0.609218
      14.267070      -0.568085
      14.256525      -0.565469
      14.236691      -0.574918
      14.208132      -0.576849
      14.172839      -0.569737
      14.148886      -0.554973
      14.120263      -0.554254
      14.055974      -0.554823
      14.076563      -0.551122
      14.085476      -0.546907
      14.119342      -0.537782
      14.130509      -0.522556
      14.095575      -0.552082
      14.097819      -0.591933
      14.098862      -0.581485
      14.106704      -0.540879
      14.109499      -0.493293
      14.136459      -0.457521
      14.140132      -0.428972
      14.149131      -0.430695
      14.129465      -0.471217
      14.109363      -0.496590
      14.117258      -0.494117
      14.134590      -0.466339
      14.166654      -0.441805
      14.174655      -0.463610
      14.252315      -0.455306
      14.300022      -0.400969
      14.386989      -0.365348
      14.594644      -0.329233
      14.932197      -0.344441
      14.940021      -0.396434
      14.805436      -0.410413
      14.604650      -0.424448
      14.323174      -0.451779
      14.263636      -0.485806
      14.273256      -0.518274
      14.267033      -0.509106
      14.249081      -0.484540
      14.219282      -0.474212
      14.192014      -0.487419
      14.194321      -0.495964
      14.202235      -0.479036
      14.166691      -0.478982
      14.182171      -0.447856
      14.194918      -0.395775
      14.188184      -0.361617
      14.189983      -0.362076
      14.166265      -0.422066
      14.110248      -0.487104
      14.101247      -0.522015
      14.086836      -0.519716
      14.097644      -0.497475
      14.115186      -0.468708
      14.133644      -0.436476
      14.128181      -0.408751
      14.126588      -0.416006
      14.117377      -0.421122
      14.103085      -0.410068
      14.102304      -0.400954
      14.100811      -0.382161
      14.079206      -0.391315
      14.043896      -0.403525
      14.065483      -0.375544
      14.061626      -0.329153
      14.088997      -0.298834
      14.105312      -0.290959
      14.047418      -0.315281
      14.026272      -0.350276
      13.986213      -0.353932
      13.957141      -0.347547
      13.931108      -0.344569
      13.923903      -0.333106
      13.917922      -0.306533
      13.900473      -0.299733
      13.875810      -0.318551
      13.843943      -0.344783
      13.815602      -0.347612
      13.822491      -0.347923
      13.830466      -0.343545
      13.805809      -0.334273
      13.863480      -0.291073
      13.874051      -0.225607
      13.885431      -0.187216
      13.911479      -0.194432
      13.900846      -0.216370
      13.870531      -0.242951
      13.865605      -0.254083
      13.858955      -0.230324
      13.857373      -0.207768
      13.850054      -0.203071
      13.845557      -0.193570
      13.836532      -0.196828
      13.829653      -0.222863
      13.807597      -0.242359
      13.791694      -0.257527
      13.794027      -0.264583
      13.805707      -0.250320
      13.778761      -0.268893
      13.771066      -0.271502
      13.781902      -0.246118
      13.786134      -0.220915
      13.803481      -0.204104
      13.798825      -0.218599
      13.746095      -0.259386
      13.744617      -0.301936
      13.727302      -0.301840
      13.722665      -0.286902
      13.723352      -0.275647
      13.730846      -0.256151
      13.737912      -0.231636
      13.723980      -0.227945
      13.712169      -0.230690
      13.691137      -0.243279
      13.660397      -0.247457
      13.638364      -0.241644
      13.642069      -0.219955
      13.619190      -0.233530
      13.628566      -0.210211
      13.639588      -0.163109
      13.640614      -0.137021
      13.649367      -0.129975
      13.641259      -0.146218
      13.580399      -0.172333
      13.568964      -0.192676
      13.543898      -0.194605
      13.519151      -0.180253
      13.492629      -0.165924
      13.489774      -0.154668
      13.488822      -0.141018
      13.471876      -0.138505
      13.455782      -0.156557
      13.428237      -0.178175
      13.400392      -0.190769
      13.389202      -0.189220
      13.395314      -0.190844
      13.370182      -0.195252
      13.410157      -0.172024
      13.424147      -0.122005
      13.452481      -0.089241
      13.487238      -0.075520
      13.482561      -0.091844
      13.461274      -0.130209
      13.466224      -0.150984
      13.460965      -0.125646
      13.456632      -0.108041
      13.459153      -0.101751
      13.488139      -0.093394
      13.484674      -0.088001
      13.466689      -0.102237
      13.438329      -0.125048
      13.424668      -0.143306
      13.427729      -0.144561
      13.448984      -0.135373
      13.419587      -0.151392
      13.441290      -0.142252
      13.448205      -0.105287
      13.464210      -0.094023
      13.484906      -0.087286
      13.481951      -0.110219
      13.451761      -0.154640
      13.453150      -0.178636
      13.440740      -0.168187
      13.445523      -0.165613
      13.448828      -0.157437
      13.463926      -0.135028
      13.459519      -0.114888
      13.462660      -0.123107
      13.456298      -0.144331
      13.440845      -0.151668
      13.448089      -0.143206
      13.475801      -0.107980
      13.477596      -0.088291
      13.476504      -0.069366
      13.512490      -0.034853
      13.509075      -0.007338
      13.519714       0.015817
      13.521933       0.016954
      13.476931      -0.018293
      13.473917      -0.063236
      13.431717      -0.082170
      13.407034      -0.086511
      13.402615      -0.089836
      13.416432      -0.067462
      13.427722      -0.013083
      13.430867       0.015099
      13.423719       0.003966
      13.391883      -0.008686
      13.374635      -0.022143
      13.379244      -0.019286
      13.368187      -0.027108
      13.358151      -0.028353
      13.388573      -0.020814
      13.390293       0.004108
      13.426057       0.014857
      13.449234       0.019852
      13.418548      -0.001636
      13.438071      -0.027605
      13.442309      -0.013615
      13.446634       0.020581
      13.443611       0.039343
      13.461663       0.055625
      13.462826       0.074627
      13.458225       0.072149
      13.453313       0.041064
      13.446275       0.024655
      13.452541       0.022285
      13.461415       0.040250
      13.439107       0.031198
      13.465970       0.024507
      13.488519       0.047748
      13.502160       0.090905
      13.532796       0.110137
      13.540019       0.098642
      13.496283       0.054098
      13.503974       0.014212
      13.472209       0.003390
      13.464265       0.010069
      13.469313       0.001971
      13.488335       0.017271
      13.489112       0.032521
      13.496347       0.023481
      13.482332       0.008239
      13.467085       0.001343
      13.462564      -0.009304
      13.481630       0.003271
      13.468313      -0.009099
      13.465448      -0.005802
      13.499624       0.031042
      13.508975       0.076316
      13.542287       0.103488
      13.567518       0.126923
      13.518375       0.118270
      13.518749       0.102766
      13.494573       0.104491
      13.480948       0.123957
      13.466593       0.143330
      13.466638       0.162960
      13.449295       0.171212
      13.425069       0.150501
      13.394397       0.100626
      13.357999       0.061253
      13.329038       0.048908
      13.318367       0.057004
      13.321631       0.066230
      13.286460       0.071697
      13.316630       0.092234
      13.314609       0.127588
      13.336904       0.143650
      13.352098       0.139552
      13.329424       0.094842
      13.307184       0.057145
      13.314896       0.064033
      13.318465       0.103168
      13.324890       0.140945
      13.341475       0.153505
      13.362181       0.171804
      13.354925       0.192640
      13.337442       0.190705
      13.330245       0.159126
      13.327614       0.143381
      13.328491       0.149940
      13.332962       0.135468
      13.271221       0.100674
      13.282082       0.088329
      13.267720       0.087643
      13.281410       0.085196
      13.292020       0.091892
      13.277857       0.073772
      13.261390       0.048536
      13.257276       0.035419
      13.244941       0.031777
      13.232243       0.028981
      13.234609       0.044551
      13.239070       0.078552
      13.233614       0.093251
      13.231005       0.069455
      13.211538       0.041135
      13.190351       0.034404
      13.187519       0.035685
      13.202220       0.058692
      13.171581       0.048113
      13.178835       0.038264
      13.165119       0.062997
      13.169220       0.094628
      13.193270       0.120127
      13.204029       0.132315
      13.159182       0.112790
      13.149844       0.087282
      13.111965       0.086784
      13.093006       0.112868
      13.099133       0.139957
      13.115935       0.179244
      13.105087       0.213966
      13.087648       0.212706
      13.068195       0.179734
      13.041076       0.150219
      13.009999       0.144157
      13.007661       0.156167
      13.015044       0.167726
      12.972277       0.180075
      13.007630       0.193634
      12.997403       0.224558
      13.011689       0.239046
      13.025293       0.225329
      13.006770       0.195845
      13.000569       0.186461
      12.998928       0.209881
      13.000824       0.233551
      13.010240       0.238205
      13.019441       0.249534
      13.027571       0.292865
      13.040903       0.321407
      13.052839       0.313464
      13.049905       0.301380
      13.044473       0.280785
      13.045858       0.269780
      13.039862       0.250645
      13.007998       0.232538
      13.042661       0.238335
      13.036601       0.263912
      13.061585       0.267424
      13.065922       0.251898
      13.036545       0.216819
      13.033961       0.193465
      13.035732       0.200580
      13.033603       0.211938
      13.035814       0.200731
      13.040926       0.190718
      13.031356       0.212226
      13.016709       0.226127
      13.008288       0.207753
      13.000759       0.162924
      12.982079       0.130179
      12.970370       0.122026
      12.985241       0.127796
      12.947831       0.116999
      12.989339       0.139513
      12.990517       0.181413
      13.004969       0.209848
      13.020818       0.222017
      13.018198       0.209715
      12.986686       0.205449
      12.994562       0.224626
      12.983245       0.247037
      12.976652       0.254782
      12.968770       0.270504
      12.972517       0.304882
      12.973022       0.326702
      12.971581       0.320020
      12.952981       0.305992
      12.928926       0.289703
      12.915117       0.268731
      12.918500       0.277933
      12.909644       0.284396
      12.870927       0.293442
      12.903990       0.317257
      12.905947       0.350083
      12.928880       0.364042
      12.942290       0.351703
      12.896730       0.310936
      12.888068       0.273494
      12.871155       0.255922
      12.876794       0.260296
      12.889778       0.281305
      12.917761       0.330317
      12.942491       0.392634
      12.963337       0.411510
      12.981141       0.390863
      12.988030       0.369018
      12.997102       0.367025
      13.040194       0.370090
      13.028211       0.362050
      13.069789       0.366817
      13.083763       0.376097
      13.110589       0.378034
      13.131961       0.362225
      13.144560       0.319747
      13.123961       0.267074
      13.123321       0.257508
      13.130891       0.271317
      13.150177       0.281203
      13.162134       0.286633
      13.172353       0.310390
      13.167223       0.330976
      13.162022       0.326260
      13.146559       0.312041
      13.141776       0.303565
      13.140594       0.307608
      13.138318       0.291503
      13.115532       0.274673
      13.154844       0.303933
