       2.066735       3.921287
       2.106457       3.990857
       2.108484       4.017955
       2.118449       4.058700
       2.108100       4.097024
       2.122509       4.126985
       2.131332       4.144890
       2.162010       4.188277
       2.176981       4.230182
       2.157899       4.260155
       2.122745       4.278443
       2.041219       4.292270
       1.949785       4.311161
       1.887799       4.366220
       1.825269       4.479380
       1.793703       4.668731
       1.834077       4.962316
       1.942034       5.463961
       2.040414       6.161477
       2.061479       6.921326
       2.076979       7.619948
       2.129621       8.257528
       2.222157       8.806276
       2.329920       9.264552
       2.506100       9.634161
       2.699967       9.922911
       2.876081      10.174210
       3.000957      10.399521
       3.091493      10.659317
       3.162069      10.935738
       3.243285      11.247413
       3.357260      11.641895
       3.457760      12.133565
       3.508420      12.779229
       3.524771      13.568706
       3.523643      14.403588
       3.528280      15.210603
       3.523933      15.930884
       3.501276      16.500870
       3.420602      16.918635
       3.328695      17.165443
       3.293930      17.296999
       3.256034      17.377553
       3.211926      17.472471
       3.149382      17.599627
       3.102236      17.719537
       3.060047      17.781342
       3.021505      17.794352
       2.999191      17.752589
       2.996094      17.670797
       3.021306      17.558945
       3.018503      17.408320
       3.082400      17.323239
       3.241549      17.284303
       3.403056      17.331490
       3.557134      17.434826
       3.679579      17.523079
       3.781987      17.581467
       3.832633      17.634722
       3.863047      17.722138
       3.866363      17.833511
       3.873517      17.956253
       3.877049      18.072194
       3.875482      18.162466
       3.870574      18.212415
       3.858177      18.235732
       3.853244      18.220300
       3.843789      18.172012
       3.840231      18.135186
       3.791300      18.114679
       3.766296      18.113981
       3.743674      18.113682
       3.728809      18.124694
       3.734548      18.158757
       3.733873      18.184115
       3.704338      18.185918
       3.690135      18.177925
       3.672794      18.189678
       3.691756      18.216771
       3.698192      18.246795
       3.723822      18.277295
       3.743884      18.323722
       3.750999      18.370200
       3.737498      18.377790
       3.722677      18.349969
       3.697835      18.319097
       3.677137      18.291298
       3.625781      18.245666
       3.606248      18.233738
       3.594595      18.246793
       3.602091      18.266313
       3.606640      18.277581
       3.591055      18.263152
       3.545153      18.210604
       3.515800      18.149503
       3.488281      18.116155
       3.489198      18.107660
       3.493803      18.117024
       3.476526      18.126400
       3.429580      18.132127
       3.373912      18.122650
       3.316928      18.083033
       3.265660      18.023730
       3.242261      17.965272
       3.231898      17.931784
       3.209305      17.900512
       3.177943      17.869817
       3.163189      17.847962
       3.135128      17.827621
       3.131198      17.812553
       3.136461      17.784086
       3.118857      17.718010
       3.122897      17.659659
       3.123036      17.635312
       3.119268      17.649668
       3.112229      17.676945
       3.130500      17.698185
       3.138433      17.721083
       3.143548      17.740330
       3.139534      17.759339
       3.128776      17.764363
       3.110668      17.748792
       3.105323      17.712101
       3.112070      17.699602
       3.072493      17.689724
       3.038635      17.689509
       3.018997      17.670665
       2.994624      17.655063
       2.985643      17.644236
       3.002248      17.630827
       2.982916      17.587993
       2.978048      17.542709
       2.971023      17.527140
       2.949644      17.533025
       2.926990      17.541317
       2.917772      17.560551
       2.898765      17.599246
       2.851835      17.638469
       2.791322      17.643576
       2.751859      17.605205
       2.715902      17.565991
       2.670631      17.574913
       2.592725      17.582413
       2.523603      17.580597
       2.477898      17.562303
       2.460988      17.549262
       2.453797      17.549815
       2.469054      17.541220
       2.464141      17.485578
       2.479776      17.414102
       2.474897      17.383618
       2.453710      17.386794
       2.431851      17.391881
       2.442253      17.383542
       2.437618      17.387073
       2.428599      17.399761
       2.424260      17.388780
       2.405764      17.353093
       2.391638      17.318738
       2.383590      17.307204
       2.373673      17.299189
       2.334453      17.295412
       2.350136      17.310994
       2.345199      17.322831
       2.356182      17.331045
       2.382236      17.326774
       2.383268      17.288976
       2.395200      17.254950
       2.398769      17.250129
       2.388643      17.263949
       2.385281      17.276176
       2.383057      17.279979
       2.385941      17.290975
       2.380535      17.301320
       2.379028      17.295907
       2.381027      17.277041
       2.362351      17.244585
       2.347997      17.210828
       2.349556      17.204598
       2.328576      17.185885
       2.312043      17.161655
       2.319220      17.142704
       2.311250      17.150055
       2.337394      17.159174
       2.365156      17.147755
       2.355553      17.106939
       2.334576      17.086763
       2.298331      17.101420
       2.284892      17.117483
       2.278258      17.114761
       2.294908      17.109002
       2.295881      17.125860
       2.284396      17.167800
       2.277014      17.193338
       2.274460      17.178203
       2.285120      17.140719
       2.303635      17.133533
       2.320818      17.149827
       2.272282      17.126209
       2.275354      17.096942
       2.268586      17.078971
       2.269080      17.089285
       2.273571      17.105104
       2.268962      17.060603
       2.253714      17.010256
       2.238669      16.963219
       2.210782      16.962916
       2.177748      16.983294
       2.170482      16.990018
       2.179930      16.993246
       2.179614      17.007025
       2.193856      16.998890
       2.213116      16.958485
       2.226977      16.898691
       2.238928      16.823101
       2.262706      16.756954
       2.297382      16.719959
       2.303269      16.662956
       2.335699      16.629301
       2.340917      16.621545
       2.339390      16.623868
       2.353400      16.613764
       2.368895      16.594858
       2.344050      16.567211
       2.328013      16.548435
       2.302719      16.543619
       2.285436      16.543659
       2.279581      16.541353
       2.287443      16.552431
       2.294752      16.567947
       2.311412      16.566762
       2.329445      16.533767
       2.337707      16.493750
       2.333063      16.478401
       2.329438      16.470313
       2.332322      16.469927
       2.304069      16.448865
       2.302278      16.437735
       2.297509      16.441838
       2.275206      16.449763
       2.273262      16.456142
       2.282475      16.443053
       2.268532      16.416222
       2.280391      16.377737
       2.280798      16.353231
       2.263923      16.364657
       2.242613      16.391018
       2.249813      16.419308
       2.256400      16.447478
       2.255627      16.477502
       2.258901      16.476681
       2.249742      16.445385
       2.239757      16.405472
       2.237303      16.376676
       2.243617      16.360372
       2.194301      16.327448
       2.194076      16.306519
       2.181581      16.294800
       2.194021      16.300664
       2.214334      16.312768
       2.229445      16.303686
       2.238952      16.272915
       2.242880      16.237156
       2.240181      16.228980
       2.228212      16.224987
       2.228745      16.223897
       2.239321      16.238478
       2.225633      16.259839
       2.219140      16.263536
       2.215521      16.246923
       2.196325      16.221590
       2.165497      16.196054
       2.154799      16.196463
       2.153486      16.231735
       2.128883      16.249692
       2.121499      16.251626
       2.131908      16.248101
       2.122611      16.248675
       2.127854      16.243227
       2.153693      16.224469
       2.135687      16.188795
       2.123481      16.145555
       2.090427      16.107189
       2.062679      16.077353
       2.066022      16.057469
       2.090062      16.062297
       2.095777      16.094913
       2.112673      16.133436
       2.120362      16.152595
       2.119781      16.150095
       2.092302      16.126067
       2.068825      16.083173
       2.058251      16.059653
       2.053346      16.056156
       2.038088      16.045258
       2.052617      16.039837
       2.019468      16.039069
       2.006909      16.031821
       2.022176      16.013776
       2.015384      15.963215
       2.009739      15.911734
       1.981988      15.883323
       1.950367      15.887643
       1.910337      15.885112
       1.886955      15.875630
       1.871478      15.875956
       1.857267      15.883487
       1.854569      15.869976
       1.858313      15.826788
       1.843707      15.809302
       1.853347      15.791864
       1.874529      15.777805
       1.855078      15.750964
       1.880642      15.748883
       1.884897      15.757084
       1.899426      15.761487
       1.923216      15.752626
       1.954081      15.716010
       1.936246      15.662675
       1.928182      15.614287
       1.895765      15.586703
       1.867869      15.578892
       1.848859      15.575403
       1.839125      15.572659
       1.818249      15.577741
       1.811682      15.579938
       1.809051      15.563110
       1.797735      15.533871
       1.792402      15.511452
       1.790732      15.509679
       1.780212      15.519839
       1.729381      15.509087
       1.743149      15.503801
       1.724358      15.525999
       1.723539      15.550950
       1.740631      15.550604
       1.738305      15.506331
       1.729299      15.472144
       1.696230      15.451447
       1.655158      15.438303
       1.630255      15.420061
       1.625577      15.418550
       1.619077      15.451362
       1.601422      15.505678
       1.577129      15.539076
       1.539766      15.559563
       1.528855      15.575584
       1.543302      15.616466
       1.551181      15.661145
       1.505386      15.701500
       1.517083      15.745869
       1.528471      15.788750
       1.545918      15.833697
       1.584144      15.864537
       1.603550      15.861668
       1.597836      15.850082
       1.574868      15.835811
       1.550120      15.828506
       1.516064      15.817646
       1.497778      15.804599
       1.487119      15.803279
       1.459124      15.810976
       1.432900      15.804254
       1.417710      15.756902
       1.403237      15.699415
       1.389393      15.670013
       1.384001      15.661168
       1.337165      15.621080
       1.346126      15.592044
       1.343778      15.575827
       1.363036      15.574409
       1.387288      15.569733
       1.415833      15.528850
       1.423321      15.463803
       1.420773      15.397713
       1.391398      15.350488
       1.373505      15.303859
       1.389976      15.266258
       1.415549      15.241415
       1.430037      15.253251
       1.429494      15.267124
       1.419000      15.247214
       1.420488      15.196575
       1.436630      15.139811
       1.459755      15.127403
       1.482776      15.133325
       1.454464      15.129343
       1.486935      15.125061
       1.498224      15.124455
       1.512708      15.129193
       1.530010      15.104306
       1.541668      15.003203
       1.544111      14.872357
       1.514323      14.734841
       1.490827      14.560455
       1.469563      14.378267
       1.458005      14.229866
       1.428242      14.148285
       1.383261      14.119156
       1.358384      14.082567
       1.347353      14.023205
       1.345745      13.980861
       1.346793      13.995127
       1.338068      14.036869
       1.289948      14.089046
       1.327243      14.123345
       1.356033      14.148481
       1.376643      14.181349
       1.406255      14.219587
       1.426107      14.222392
       1.423208      14.190362
       1.407332      14.152754
       1.399437      14.140508
       1.386602      14.123175
       1.382639      14.090304
       1.389102      14.080802
       1.383535      14.108532
       1.380266      14.118742
       1.384966      14.097044
       1.402050      14.055202
       1.429513      14.034703
       1.453512      14.040977
       1.430704      14.045124
       1.466964      14.064242
       1.474889      14.091759
       1.496254      14.119076
       1.529205      14.132507
       1.553234      14.092525
       1.542765      14.050980
       1.516222      14.036300
       1.466975      14.052617
       1.416876      14.073890
       1.386025      14.098281
       1.365543      14.124219
       1.349431      14.150638
       1.326880      14.159326
       1.302848      14.155591
       1.287450      14.152578
       1.280443      14.153060
       1.292519      14.172719
       1.263938      14.188022
       1.266891      14.202767
       1.284088      14.211414
       1.296305      14.236534
       1.329969      14.267243
       1.372435      14.272832
       1.366676      14.249314
       1.359504      14.223392
       1.333566      14.217790
       1.313253      14.221226
       1.297952      14.228524
       1.278659      14.248546
       1.258722      14.289558
       1.251613      14.313891
       1.243823      14.302366
       1.230989      14.273994
       1.214262      14.267249
       1.206845      14.299051
       1.160607      14.309428
