      -8.832708      -6.936223
      -8.849395      -7.009194
      -8.854580      -7.085009
      -8.837659      -7.147907
      -8.810648      -7.208815
      -8.748611      -7.241900
      -8.649672      -7.218854
      -8.543692      -7.167444
      -8.447511      -7.132012
      -8.365790      -7.119583
      -8.303959      -7.123530
      -8.273185      -7.143455
      -8.211839      -7.149537
      -8.099465      -7.124723
      -7.979482      -7.037332
      -7.784560      -6.883402
      -7.572473      -6.678960
      -7.303835      -6.456201
      -7.035533      -6.228033
      -6.762573      -6.016197
      -6.471845      -5.810560
      -6.142557      -5.565662
      -5.782971      -5.239553
      -5.425071      -4.812453
      -5.097537      -4.282466
      -4.825462      -3.699162
      -4.514940      -3.078146
      -4.208622      -2.412644
      -3.951143      -1.714036
      -3.808138      -0.988373
      -3.671999      -0.295045
      -3.457696       0.334135
      -3.239522       0.917774
      -3.105870       1.467129
      -3.100287       2.165586
      -2.974637       3.169442
      -2.703745       4.535268
      -2.365849       6.258603
      -2.062241       8.275393
      -1.743559      10.553598
      -1.455659      13.007789
      -1.334932      15.517462
      -1.320327      18.021796
      -1.320200      20.511285
      -1.287983      23.109798
      -0.690331      25.840562
       0.273616      28.511259
       1.283809      30.906726
       2.692235      32.853907
       4.514992      34.427087
       6.484001      35.751354
       7.921149      36.936031
       9.194985      37.753585
      10.614853      38.253987
      11.912813      38.560885
      13.035890      38.596327
      14.022639      38.301197
      15.095252      37.699150
      16.266237      36.797926
      17.471944      35.678958
      18.425875      34.338274
      19.202672      32.771388
      19.643959      31.179067
      19.915858      29.547962
      20.402376      27.994530
      20.861938      26.654592
      21.570218      25.531883
      22.517943      24.751734
      23.403354      24.190502
      24.219564      23.855253
      24.906287      23.749871
      25.465323      23.930897
      25.964617      24.414722
      26.677675      25.162288
      27.433131      26.174594
      27.955842      27.378150
      28.005847      28.484781
      27.748065      29.436466
      27.439878      30.436926
      27.201216      31.635627
      27.024775      33.033401
      27.113294      34.605036
      26.810794      36.046637
      26.002636      37.052459
      25.378088      37.853015
      24.841577      38.389218
      24.333306      38.487736
      23.967730      38.197262
      23.706901      37.556669
      23.448869      36.625157
      23.174736      35.443511
      23.018862      34.178454
      22.959759      32.809800
      22.932698      31.368432
      22.862138      29.911877
      22.682853      28.414816
      22.427621      26.836958
      21.958328      25.178030
      21.164662      23.504003
      20.062852      21.951427
      18.644784      20.472366
      16.962920      18.961900
      15.321401      17.564280
      13.767219      16.283437
      12.386751      14.983090
      11.233503      13.732923
      10.228852      12.487219
       9.115867      11.187597
       7.859616       9.741175
       6.578952       8.284835
       5.241805       6.800670
       4.092192       5.402681
       3.268595       4.117305
       2.717057       3.002738
       2.596898       2.102573
       2.673380       1.179426
       2.779788       0.030499
       2.805895      -1.314429
       2.747293      -2.862228
       2.597373      -4.499106
       2.283586      -5.986171
       1.829644      -7.019151
       1.406033      -7.609839
       1.125815      -7.886701
       0.999392      -7.976614
       0.986346      -7.910166
       1.031665      -7.781229
       1.019398      -7.607491
       0.823310      -7.433765
       0.295360      -7.259484
      -0.560158      -7.121950
      -1.703589      -7.079186
      -2.701475      -7.234127
      -3.463340      -7.662950
      -3.960605      -8.317787
      -4.467901      -9.017590
      -5.086825      -9.640263
      -5.700744     -10.134620
      -6.404630     -10.568827
      -7.186850     -10.987687
      -7.915835     -11.399423
      -8.566102     -11.742711
      -9.119318     -11.976805
      -9.511553     -12.115199
      -9.792739     -12.226387
     -10.003886     -12.383881
     -10.280715     -12.783550
     -10.735826     -14.090692
     -11.487662     -16.808868
     -12.158445     -20.461455
     -12.686630     -24.363400
     -13.133787     -27.917313
     -13.601050     -30.862107
     -14.137759     -33.191021
     -14.778386     -35.063425
     -15.495935     -36.713188
     -16.288817     -38.331624
     -17.060000     -40.059257
     -17.748800     -41.907850
     -18.244354     -43.766575
     -18.483160     -45.486248
     -18.509401     -47.000886
     -18.484341     -48.245634
     -18.403883     -49.331437
     -18.253090     -50.310977
     -18.015008     -51.231188
     -17.704892     -52.117420
     -17.235460     -53.025310
     -16.766652     -54.016186
     -16.223587     -55.079680
     -15.445530     -56.056374
     -14.654740     -56.995960
     -13.955039     -57.921495
     -13.400318     -58.787221
     -13.076197     -59.470279
     -12.908733     -59.803062
     -12.812001     -59.838422
     -12.705416     -59.875005
     -12.610006     -60.057580
     -12.448963     -60.372786
     -12.291952     -60.657204
     -12.163761     -60.845443
     -12.086281     -60.934064
     -12.009522     -60.981119
     -11.870798     -61.052177
     -11.645690     -61.209754
     -11.043282     -61.814987
      -9.589277     -63.215704
      -6.924379     -65.064525
      -3.390870     -66.981520
      -0.056748     -68.646454
       2.614948     -69.849461
       4.868727     -70.522518
       7.357102     -70.969408
      10.636992     -71.564524
      13.614217     -72.391331
      15.690105     -73.218079
      17.188682     -73.950736
      18.339037     -74.579648
      19.240877     -75.083049
      20.005821     -75.440439
      20.729217     -75.486600
      21.565371     -75.336328
      22.588190     -75.246609
      23.666650     -75.341720
      24.630269     -75.529094
      25.364056     -75.727654
      25.966874     -75.814328
      26.376272     -75.905236
      26.674148     -75.988539
      26.864767     -76.223940
      27.107009     -76.321852
      27.290575     -76.279101
      27.307351     -75.739811
      26.933754     -74.309015
      26.297076     -71.915376
      25.465228     -68.659495
      24.512868     -65.175460
      23.571343     -61.921516
      22.660083     -58.930624
      21.860258     -56.146530
      21.102756     -53.458245
      20.450327     -50.772773
      19.999269     -47.982724
      19.784155     -45.118969
      19.627785     -42.110466
      19.643414     -38.996361
      19.747209     -35.672168
      19.914882     -32.491393
      19.926838     -29.588724
      19.895207     -26.924528
      19.734187     -24.335914
      19.446706     -21.712565
      19.114224     -19.007811
      18.690402     -16.283116
      18.121892     -13.635213
      17.517284     -11.096260
      16.953167      -8.698002
      16.368924      -6.436699
      15.719793      -4.301503
      15.025394      -2.358722
      14.303911      -0.691149
      13.599676       0.895668
      12.952383       2.474117
      12.315365       4.162667
      11.692833       5.815332
      11.275995       7.344513
      10.936499       8.748056
      10.714812       9.993626
      10.610894      11.053004
      10.566995      11.913353
      10.559256      12.581253
      10.511662      13.089565
      10.500236      13.461526
      10.494687      13.755881
      10.441685      13.939520
      10.410741      14.077895
      10.419293      14.188752
      10.425081      14.263474
      10.457916      14.298834
      10.480451      14.372000
      10.494689      14.506593
      10.478864      14.734832
      10.423930      15.112576
      10.339554      15.632490
      10.216902      16.344400
      10.157210      17.119136
      10.195305      17.740257
      10.261971      18.069384
      10.323687      18.113136
      10.343388      17.901225
      10.341433      17.569403
      10.302912      17.204667
      10.301753      16.852062
      10.312651      16.527621
      10.369388      16.215303
      10.387442      15.937601
      10.424610      15.636124
      10.423012      15.348507
      10.348992      15.085232
      10.205539      14.871099
      10.021422      14.659473
       9.889890      14.453780
       9.794523      14.257689
       9.707050      14.112435
       9.649075      14.019815
       9.565064      13.945990
       9.472165      13.890643
       9.335373      13.834912
       9.162688      13.782429
       9.011077      13.729955
       8.827589      13.678682
       8.534531      13.602774
       8.208246      13.489052
       7.865698      13.380760
       7.560669      13.315232
       7.337174      13.262655
       7.120623      13.294972
       6.932332      13.367592
       6.791847      13.470069
       6.675603      13.550588
       6.535656      13.610561
       6.462854      13.679993
       6.421970      13.795383
       6.404473      14.028129
       6.359690      14.367738
       6.301037      14.784923
       6.257151      15.218065
       6.204107      15.566472
       6.128210      15.764047
       6.091717      15.806861
       6.088205      15.762588
       6.095566      15.707895
       6.101944      15.701404
       6.114179      15.710794
       6.172887      15.678445
       6.204757      15.619000
       6.252860      15.548379
       6.295041      15.460290
       6.340661      15.382692
       6.403349      15.292327
       6.447940      15.210814
       6.451607      15.151475
       6.424976      15.115130
       6.390678      15.092300
       6.346113      15.091701
       6.267056      15.083725
       6.166895      15.045712
       6.057290      14.955867
       5.967988      14.830804
       5.883291      14.701019
       5.822842      14.604314
       5.736556      14.570253
       5.697507      14.519954
       5.656545      14.480105
       5.564182      14.444673
       5.466489      14.437264
       5.315895      14.403924
       4.989164      14.309312
       4.570780      14.165370
       4.293161      13.997009
       4.093188      13.776602
       3.880600      13.625201
       3.536037      13.576770
       3.277843      13.678967
       3.114047      13.943896
       2.719826      14.178719
       2.108203      14.271557
       1.147172      14.164562
      -0.224614      13.789972
      -1.793348      13.172630
      -3.312710      12.410213
      -4.381696      11.618829
      -5.006388      10.938226
      -5.381954      10.401076
      -5.544417      10.010048
      -5.630747       9.712313
      -5.729191       9.462684
      -5.744802       9.283190
      -5.563737       9.181620
      -5.113400       9.148658
      -4.492739       9.133201
      -3.749414       9.120806
      -2.978739       9.129318
      -2.285757       9.194721
      -1.719693       9.335071
      -1.281614       9.484353
      -0.839803       9.587306
      -0.364271       9.601734
       0.095761       9.510154
       0.517563       9.317187
       0.937208       9.010993
       1.234399       8.702050
       1.365738       8.433541
       1.319408       8.279003
       1.209575       8.256563
       1.168484       8.289408
       1.199566       8.325011
       1.183455       8.328727
       1.143768       8.313551
       1.056503       8.306070
       0.894747       8.352460
       0.682171       8.546059
       0.463070       8.985437
       0.267300       9.662156
       0.165406      10.509699
       0.188136      11.422993
       0.328001      12.384489
       0.530305      13.444623
       0.825850      14.638692
       1.238081      16.074479
       1.687076      17.766531
       2.125197      19.588856
       2.490358      21.400162
       2.876694      23.149934
       3.311645      24.831649
       3.814034      26.528474
       4.440160      28.292052
       5.468222      30.159167
       7.283045      32.119229
      10.283343      34.378162
      13.740309      36.906192
      16.565787      39.392167
      18.445800      41.591299
      19.940501      43.622967
      21.166901      46.083817
      21.958938      49.640761
      22.249036      54.206975
      21.932975      59.358854
      21.028087      64.672413
      19.696076      70.171409
      18.113839      75.455204
      16.629892      80.258295
      15.067666      84.432814
      13.573495      88.209257
      12.073199      91.733746
      10.468685      94.861019
       8.955460      97.715141
       7.571080     100.667949
       6.276719     103.907370
       5.007367     107.259804
       3.918478     110.176214
       2.939218     112.582306
       2.158342     114.786462
       1.536112     117.029348
       0.930250     119.181640
       0.416856     121.158022
       0.026550     122.970876
      -0.347532     124.747741
      -0.892072     126.510044
      -1.546917     128.193469
      -2.110654     129.857902
      -2.257195     131.597271
      -2.173783     133.234495
      -2.123341     134.654708
      -2.152771     136.080643
      -2.369897     137.579015
      -2.656445     139.124277
      -2.824904     140.593381
      -3.027300     141.793017
      -3.251842     142.968563
      -3.447092     143.901694
      -3.495980     144.493017
      -3.741851     145.060667
      -4.271230     145.855150
      -4.719121     146.786718
      -4.853003     147.747631
      -4.850189     148.761962
      -5.029133     149.872346
      -5.133921     150.943533
      -5.092465     151.934385
      -5.087369     152.751016
      -4.931334     153.551861
      -4.718366     154.393001
      -4.213838     155.376344
      -3.991848     156.160345
      -3.926197     156.661969
      -3.557106     157.070551
      -3.311477     157.580403
      -3.141287     158.091051
      -3.195350     158.814709
      -3.327199     159.745246
      -3.598577     160.822787
      -3.843856     161.798825
      -4.144733     162.486103
      -4.524119     163.099215
      -4.861797     163.737234
      -5.070408     164.356407
      -5.224662     164.948109
      -5.555414     165.477894
      -5.956187     165.823733
      -6.455302     165.983899
      -7.015165     166.208157
      -7.778368     166.455535
      -8.824184     166.537619
     -10.020733     166.383088
     -11.364511     166.266305
     -12.732205     166.145871
     -14.001936     165.945742
     -15.190075     165.744175
     -16.146706     165.633416
     -16.808091     165.620516
     -17.273200     165.802421
     -17.600792     165.959477
     -17.843855     166.097087
     -18.028761     166.143967
     -18.192488     166.103284
     -18.322612     166.053587
     -18.457862     166.004900
     -18.616094     165.894063
     -18.660242     165.747906
     -18.637694     165.594773
     -18.580392     165.276638
     -18.653112     164.889864
     -18.844808     164.549017
     -18.830647     164.394642
     -18.637452     164.176697
     -18.197209     163.867557
     -17.675718     163.492129
     -17.171059     163.105277
     -16.892588     162.654020
     -16.754803     162.169416
     -16.452918     161.706775
     -15.965849     161.336349
     -15.280164     160.990645
     -14.514409     160.529704
     -13.650101     159.790417
     -12.624896     158.793241
     -11.488503     157.680720
     -10.295208     156.562934
      -8.735348     155.179518
      -6.650797     153.375474
      -4.113782     151.293268
      -1.613020     149.249850
       0.730156     147.402034
       3.023143     145.677772
       5.406622     143.734855
       7.738167     141.270946
       9.991134     138.193303
      12.104121     134.776260
      14.032113     130.980487
      15.672931     126.765795
      17.009130     122.052355
      18.192808     117.042938
      19.165154     111.714181
      19.800015     106.323157
      20.065619     101.049333
      19.972090      95.959600
      19.877495      91.203184
      20.022336      87.095211
      20.327148      83.760952
      20.631851      81.244047
      20.904332      79.302962
      20.991040      77.723143
      20.671256      76.301817
      19.831746      74.751995
      18.301108      72.749594
      16.361099      70.188457
      14.603225      67.739920
      12.570088      66.146160
      10.348879      65.491856
       7.807229      65.456293
       5.232904      65.572104
       2.610422      65.538581
       0.034188      65.481107
      -2.382970      65.401418
      -4.493840      65.256421
      -6.479487      65.003531
      -8.203068      64.689952
      -9.791096      64.357493
     -11.285330      64.022067
     -12.918155      63.765170
     -14.847549      63.643059
     -17.554187      63.654332
     -20.112996      63.574672
     -21.866936      63.319980
     -23.380567      62.939714
     -24.816891      62.505559
     -26.101654      62.136799
     -27.329225      62.123515
     -28.570826      62.525842
     -29.805326      63.255080
     -30.959099      64.310370
     -31.961123      65.610615
     -32.919166      67.082138
     -33.855073      68.709566
     -34.766991      70.347063
     -35.564859      71.632469
     -36.088065      72.398723
     -36.627989      72.613928
     -37.274556      72.060499
     -38.048343      70.659947
     -38.914224      68.423147
     -39.927443      65.458653
     -40.914322      61.863523
     -41.837938      58.031274
     -42.621546      54.403189
     -43.378858      51.350487
     -44.058020      48.783185
     -44.748306      46.588394
     -45.330041      44.587674
     -45.742645      42.513584
     -46.044087      40.290641
     -46.243802      37.812338
     -46.275650      35.127195
     -46.053261      32.137724
     -45.585180      28.914752
     -45.040669      25.787091
     -44.463456      22.811299
     -43.906443      20.169640
     -43.280056      17.627608
     -42.582020      15.148089
     -41.936278      12.862973
     -41.354154      10.978269
     -40.744719       9.529905
     -40.231531       8.346578
     -39.855396       7.437246
     -39.509112       6.826514
