       8.660925      12.920918
       8.628163      12.957000
       8.591790      13.017358
       8.595568      13.114004
       8.593841      13.230645
       8.577799      13.330424
       8.576702      13.408074
       8.597834      13.444892
       8.632713      13.508500
       8.691311      13.592359
       8.815089      13.691695
       9.022183      13.774080
       9.142803      13.816574
       8.900085      13.771100
       8.454649      13.785880
       8.177521      13.899901
       7.920847      14.012724
       7.602164      14.078126
       7.265734      14.107980
       6.919702      14.076078
       6.560251      13.975892
       6.201231      13.870531
       5.730704      13.728678
       5.136371      13.518805
       4.526059      13.195249
       3.927144      12.792218
       3.384593      12.349197
       2.879216      12.008690
       2.268389      11.782147
       1.489069      11.671101
       0.521792      11.602081
      -0.578464      11.536842
      -1.690286      11.462828
      -2.776642      11.394201
      -3.765523      11.317303
      -4.689965      11.268517
      -5.527244      11.261749
      -6.279354      11.321593
      -6.862814      11.458390
      -7.246690      11.651494
      -7.455284      11.878780
      -7.549587      12.126172
      -7.558639      12.348762
      -7.590436      12.521075
      -7.549803      12.668573
      -7.484991      12.795290
      -7.394676      12.921836
      -7.188815      13.035879
      -6.949267      13.089670
      -6.784276      13.117306
      -6.658334      13.162650
      -6.566364      13.238469
      -6.473006      13.300191
      -6.329672      13.339327
      -6.137679      13.375754
      -5.922693      13.452320
      -5.687118      13.564393
      -5.484442      13.702160
      -5.274633      13.838267
      -5.092860      13.973242
      -4.946488      14.092284
      -4.839525      14.193265
      -4.708259      14.256418
      -4.562060      14.296616
      -4.432793      14.330917
      -4.284179      14.364825
      -4.188179      14.390002
      -4.105884      14.405532
      -4.018608      14.425636
      -3.935903      14.459129
      -3.848596      14.493606
      -3.741614      14.550077
      -3.604477      14.647758
      -3.430376      14.765010
      -3.277686      14.865787
      -3.205441      14.948982
      -3.143530      15.022412
      -3.092960      15.115719
      -3.106433      15.249816
      -3.081497      15.484763
      -2.997097      15.929956
      -2.890987      16.696925
      -2.756940      17.681623
      -2.598830      18.751586
      -2.397103      19.740488
      -2.182719      20.580483
      -1.986464      21.206920
      -1.766638      21.630606
      -1.599538      21.924531
      -1.505003      22.211775
      -1.521948      22.560196
      -1.758410      22.952653
      -2.236857      23.381342
      -2.819384      23.782532
      -3.394538      24.123116
      -3.864690      24.384152
      -4.218914      24.572468
      -4.446738      24.637878
      -4.575825      24.550133
      -4.579224      24.302386
      -4.447524      23.846644
      -4.276856      23.188027
      -4.081917      22.388794
      -3.894970      21.560014
      -3.684280      20.770495
      -3.485953      20.027750
      -3.329626      19.318189
      -3.266469      18.656228
      -3.223978      18.058508
      -3.217600      17.542648
      -3.265686      17.110473
      -3.362695      16.734742
      -3.483127      16.395774
      -3.589566      16.078151
      -3.709369      15.775952
      -3.796226      15.534953
      -3.881696      15.397849
      -3.991289      15.329358
      -4.055470      15.321371
      -4.109670      15.340391
      -4.128081      15.372063
      -4.094086      15.400092
      -4.103812      15.412874
      -4.089172      15.435643
      -4.073976      15.482017
      -4.045523      15.547433
      -4.021634      15.600372
      -3.978345      15.653330
      -3.909400      15.732795
      -3.827285      15.829723
      -3.778035      15.932410
      -3.752655      16.020660
      -3.744839      16.086509
      -3.718420      16.114527
      -3.680605      16.153422
      -3.665155      16.187108
      -3.665687      16.234171
      -3.681456      16.299362
      -3.693269      16.363537
      -3.734076      16.413855
      -3.745736      16.449247
      -3.802361      16.441833
      -3.861060      16.411948
      -3.898577      16.401282
      -3.938986      16.439849
      -3.951773      16.504473
      -3.939823      16.570693
      -3.916646      16.645923
      -3.903640      16.731724
      -3.892615      16.814514
      -3.896808      16.887190
      -3.896394      16.940058
      -3.904082      16.994424
      -3.898782      17.083044
      -3.876603      17.173459
      -3.882593      17.201522
      -3.855716      17.199436
      -3.872036      17.208370
      -3.894364      17.234072
      -3.886749      17.235025
      -3.877835      17.193389
      -3.876267      17.149719
      -3.887083      17.112993
      -3.885502      17.099411
      -3.870565      17.103029
      -3.852603      17.093869
      -3.834316      17.091585
      -3.813378      17.117761
      -3.811212      17.148676
      -3.799933      17.154296
      -3.803365      17.159343
      -3.784427      17.193672
      -3.744957      17.256070
      -3.665257      17.340460
      -3.612862      17.389274
      -3.577989      17.401043
      -3.529984      17.406092
      -3.520420      17.424942
      -3.531932      17.441274
      -3.532401      17.432652
      -3.563925      17.389513
      -3.574230      17.338707
      -3.585925      17.309029
      -3.577630      17.300494
      -3.577911      17.293992
      -3.568313      17.306927
      -3.537775      17.331179
      -3.491276      17.351232
      -3.439853      17.383270
      -3.382560      17.405095
      -3.328339      17.429433
      -3.271762      17.462012
      -3.190661      17.528934
      -3.166099      17.590512
      -3.158521      17.653026
      -3.179013      17.695340
      -3.212085      17.708583
      -3.238142      17.712042
      -3.273973      17.714475
      -3.352816      17.704965
      -3.444095      17.714779
      -3.555450      17.761830
      -3.671266      17.812672
      -3.773821      17.839199
      -3.831544      17.844232
      -3.864695      17.858007
      -3.890620      17.858611
      -3.867268      17.833177
      -3.854504      17.783665
      -3.886285      17.756898
      -3.906913      17.753318
      -3.925444      17.763440
      -3.982843      17.744477
      -4.006154      17.704317
      -4.033865      17.680738
      -4.062899      17.711090
      -4.063614      17.757593
      -4.035452      17.775674
      -4.047199      17.738656
      -4.044030      17.701207
      -4.039367      17.708491
      -4.027497      17.740276
      -4.009644      17.776855
      -3.953694      17.830090
      -3.899222      17.893906
      -3.857597      17.934067
      -3.850867      17.945496
      -3.871732      17.940897
      -3.907231      17.922222
      -3.941425      17.921843
      -3.940520      17.963399
      -3.994959      18.009838
      -4.039845      18.064286
      -4.129926      18.160624
      -4.282468      18.322186
      -4.445730      18.495985
      -4.548409      18.640321
      -4.651422      18.699291
      -4.705278      18.689050
      -4.748869      18.669384
      -4.814389      18.713247
      -4.896226      18.780224
      -4.939186      18.838158
      -4.947527      18.867240
      -4.951400      18.871049
      -4.967906      18.861318
      -5.009866      18.871627
      -5.059518      18.890291
      -5.101476      18.893502
      -5.198544      18.862136
      -5.255357      18.824566
      -5.303635      18.799670
      -5.327026      18.797971
      -5.330158      18.812404
      -5.326042      18.818979
      -5.357581      18.788404
      -5.379886      18.761686
      -5.412457      18.772344
      -5.448027      18.803743
      -5.495200      18.829637
      -5.494383      18.834979
      -5.511060      18.839279
      -5.557163      18.843846
      -5.606199      18.833303
      -5.676961      18.799521
      -5.738803      18.747294
      -5.770523      18.701756
      -5.784492      18.679209
      -5.768463      18.680516
      -5.710956      18.711677
      -5.652537      18.756721
      -5.568441      18.787781
      -5.459189      18.814523
      -5.405175      18.826663
      -5.352466      18.845503
      -5.301893      18.879102
      -5.262451      18.926715
      -5.214743      18.951530
      -5.178118      18.964757
      -5.153258      18.991146
      -5.136452      19.013969
      -5.146169      19.006463
      -5.173765      18.988249
      -5.196662      18.960438
      -5.195428      18.943204
      -5.199951      18.933023
      -5.224131      18.936417
      -5.211071      18.965265
      -5.203480      18.987956
      -5.180585      18.979991
      -5.107326      18.973471
      -5.111437      18.979605
      -5.106930      18.997597
      -5.092649      19.007900
      -5.067785      19.011112
      -5.062102      19.011990
      -5.034509      19.023387
      -5.013415      19.048174
      -5.021917      19.083166
      -5.057682      19.094751
      -5.117383      19.098558
      -5.138408      19.103796
      -5.146672      19.083340
      -5.197740      19.036343
      -5.203347      19.033097
      -5.211593      19.047497
      -5.219824      19.062548
      -5.199597      19.072844
      -5.225386      19.047279
      -5.268628      19.011720
      -5.316127      18.995369
      -5.370105      18.993998
      -5.414275      18.982992
      -5.428621      18.973084
      -5.419990      18.984277
      -5.423453      19.001519
      -5.427984      18.999517
      -5.432537      18.972167
      -5.452129      18.931935
      -5.469163      18.915530
      -5.465814      18.942896
      -5.496381      18.972672
      -5.511033      18.982719
      -5.517646      18.970697
      -5.534392      18.965956
      -5.557866      18.969701
      -5.555252      18.967591
      -5.589415      18.939879
      -5.581578      18.918236
      -5.570738      18.936151
      -5.535854      18.969382
      -5.480061      18.995358
      -5.418024      19.022611
      -5.376771      19.060826
      -5.327722      19.099494
      -5.296773      19.119087
      -5.286829      19.124949
      -5.274749      19.120662
      -5.264502      19.110727
      -5.257268      19.119650
      -5.251874      19.158466
      -5.316695      19.167353
      -5.345918      19.157125
      -5.383491      19.140447
      -5.407233      19.130448
      -5.412567      19.132043
      -5.403181      19.124356
      -5.416303      19.097147
      -5.435362      19.066893
      -5.459588      19.054009
      -5.453322      19.047112
      -5.417531      19.045030
      -5.373433      19.077924
      -5.348020      19.130048
      -5.322539      19.165167
      -5.313894      19.154561
      -5.338901      19.107636
      -5.377689      19.069880
      -5.411136      19.073148
      -5.454134      19.102354
      -5.539563      19.095806
      -5.569859      19.073061
      -5.614147      19.060016
      -5.640881      19.062605
      -5.662047      19.055628
      -5.682032      19.025466
      -5.717929      18.988799
      -5.760063      18.975904
      -5.803295      18.992229
      -5.853756      19.000461
      -5.868219      18.987418
      -5.892266      18.998582
      -5.919310      19.028356
      -5.936660      19.032042
      -5.946573      19.002560
      -5.966560      18.972980
      -6.015630      18.972017
      -6.046486      19.005355
      -6.041906      19.063408
      -6.074932      19.082666
      -6.057550      19.103948
      -6.067261      19.135936
      -6.068595      19.165788
      -6.062671      19.171980
      -6.032690      19.154779
      -6.014472      19.116418
      -5.953374      19.079135
      -5.888715      19.071574
      -5.810371      19.095562
      -5.731966      19.127678
      -5.656366      19.170777
      -5.587065      19.224640
      -5.513675      19.256375
      -5.346466      19.239895
      -5.245440      19.220214
      -5.249441      19.234245
      -5.280569      19.272466
      -5.278874      19.295558
      -5.300275      19.286762
      -5.353080      19.255383
      -5.361811      19.235409
      -5.354395      19.248289
      -5.331438      19.274589
      -5.294662      19.287959
      -5.308977      19.242135
      -5.328568      19.165692
      -5.357408      19.122288
      -5.357413      19.125914
      -5.352091      19.159008
      -5.325454      19.193033
      -5.297313      19.225140
      -5.274611      19.256578
      -5.276168      19.273436
      -5.306035      19.274104
      -5.356350      19.278933
      -5.389570      19.299912
      -5.394687      19.325517
      -5.440091      19.322453
      -5.444309      19.321116
      -5.445761      19.311470
      -5.447380      19.296086
      -5.438422      19.284889
      -5.479211      19.253794
      -5.509524      19.208605
      -5.549756      19.179504
      -5.591277      19.179935
      -5.634080      19.185160
      -5.652071      19.183308
      -5.676741      19.193097
      -5.713996      19.195374
      -5.739955      19.155700
      -5.766787      19.105006
      -5.796976      19.059919
      -5.808186      19.035674
      -5.781991      19.045792
      -5.791113      19.046957
      -5.795096      19.031203
      -5.774791      19.013923
      -5.764839      19.019016
      -5.743406      19.041231
      -5.705463      19.067341
      -5.716245      19.052753
      -5.693332      19.026703
      -5.689648      19.013405
      -5.671999      19.043236
      -5.637183      19.076608
      -5.572389      19.108763
      -5.524932      19.153318
      -5.502827      19.190376
      -5.493907      19.192890
      -5.517754      19.180761
      -5.540356      19.170266
      -5.551694      19.132881
      -5.537491      19.109524
      -5.554357      19.101605
      -5.577034      19.096350
      -5.577097      19.074372
      -5.578257      19.057636
      -5.579609      19.052114
      -5.546527      19.057023
      -5.555475      19.043852
      -5.563025      19.030018
      -5.580883      19.033535
      -5.587434      19.047713
      -5.588356      19.055883
      -5.573707      19.058666
      -5.586263      19.086572
      -5.601805      19.120642
      -5.606822      19.119191
      -5.604913      19.081181
      -5.599923      19.058565
      -5.580044      19.086262
      -5.614980      19.114556
      -5.598315      19.135236
      -5.584779      19.156239
      -5.552994      19.188852
      -5.535704      19.216867
      -5.511279      19.210554
      -5.527175      19.171357
      -5.553565      19.147677
      -5.584785      19.153507
      -5.607305      19.156524
      -5.603592      19.149164
      -5.590757      19.144785
      -5.587991      19.152002
      -5.603947      19.158571
      -5.620463      19.140826
      -5.650578      19.099222
      -5.652774      19.053815
      -5.630648      19.040450
      -5.660956      19.016758
      -5.668226      18.992285
      -5.668846      18.957197
      -5.668176      18.940305
      -5.667966      18.948185
      -5.642192      18.958364
      -5.656763      18.941300
      -5.649563      18.909281
      -5.664131      18.897069
      -5.681574      18.912151
      -5.683099      18.938639
      -5.651527      18.970387
      -5.617639      18.990654
      -5.592427      18.999274
      -5.571377      18.994436
      -5.563476      18.976055
      -5.560376      18.959055
      -5.546428      18.967796
      -5.561665      18.974664
      -5.573602      18.974609
      -5.551568      18.972608
      -5.520027      18.984102
      -5.501745      18.997294
      -5.453332      19.005459
      -5.472972      18.978750
      -5.488427      18.945060
      -5.517146      18.940973
      -5.538935      18.948367
      -5.525181      18.958864
      -5.487981      18.981906
      -5.455197      19.015701
      -5.439359      19.041082
      -5.434623      19.040684
      -5.438679      19.025612
      -5.447710      19.015147
      -5.448934      19.025029
      -5.488444      19.023363
      -5.465381      19.035167
      -5.459983      19.061847
      -5.443622      19.087533
      -5.426090      19.107239
      -5.424500      19.094932
      -5.458895      19.061360
      -5.494767      19.056822
      -5.522821      19.091905
      -5.531420      19.121385
      -5.513492      19.136778
      -5.496570      19.156450
      -5.494924      19.183307
      -5.505858      19.193967
      -5.526094      19.179149
      -5.541990      19.157952
      -5.532424      19.155086
      -5.508313      19.170299
      -5.532663      19.170274
      -5.523936      19.175377
      -5.528963      19.184298
      -5.519498      19.195190
      -5.508925      19.194329
      -5.505248      19.168579
      -5.544015      19.134396
      -5.571399      19.105502
      -5.625997      19.088074
      -5.655036      19.078812
      -5.650620      19.073082
      -5.651235      19.082964
      -5.622969      19.075163
      -5.412354      18.947407
      -5.067062      18.520082
      -4.851588      17.858491
      -4.729789      16.964240
      -4.698378      15.811521
      -4.710140      14.428593
      -4.770857      12.827685
      -4.867344      11.015415
      -4.966490       8.944513
      -5.104440       6.639762
      -5.325163       4.286292
      -5.677437       2.076097
      -6.225452       0.170602
      -6.851569      -1.331332
      -7.502999      -2.473523
      -8.163969      -3.232110
      -8.697700      -3.722169
      -9.234316      -4.065435
      -9.739359      -4.378214
     -10.191043      -4.667720
     -10.527217      -4.845822
     -10.745326      -4.800038
     -10.734969      -4.641216
     -10.520388      -4.368470
     -10.166905      -3.945812
      -9.866721      -3.421387
      -9.668242      -2.909629
      -9.559726      -2.327321
      -9.442950      -1.867476
      -9.389570      -1.556743
      -9.258246      -1.369356
      -9.215518      -1.219053
      -9.089778      -0.991380
      -8.947398      -0.583070
      -8.741763      -0.114832
      -8.395278       0.396814
      -7.842315       0.873605
      -7.133708       1.410180
      -6.349064       2.091771
      -5.422311       2.930559
      -4.334164       3.909384
      -2.983814       4.978313
      -1.603984       6.111191
      -0.318058       7.211985
       0.716447       8.269994
       1.482936       9.161020
       1.909981       9.764094
       2.144363      10.068955
       2.269769      10.147485
       2.268828      10.105131
       2.156571      10.033168
       2.012014       9.945424
       1.824284       9.828902
       1.664400       9.702046
       1.552180       9.582697
       1.527386       9.491993
       1.580812       9.405881
       1.669958       9.339420
       1.773519       9.331732
       1.848606       9.407839
       1.873837       9.537245
       1.834891       9.635695
       1.781202       9.634970
       1.735457       9.542964
       1.757372       9.461765
       1.775793       9.489678
       1.813861       9.559897
       1.835713       9.566398
       1.802394       9.509918
       1.721041       9.445185
       1.698140       9.407529
       1.710045       9.444323
       1.719558       9.530691
       1.730832       9.630296
       1.744499       9.680824
       1.732290       9.686732
       1.689837       9.623099
       1.625438       9.514641
       1.534102       9.417794
       1.456423       9.379481
       1.418360       9.344334
