      -3.330627       1.079594
      -3.340179       1.061984
      -3.329326       1.086223
      -3.298131       1.122501
      -3.288895       1.139974
      -3.276469       1.138997
      -3.273747       1.145606
      -3.294599       1.140253
      -3.319574       1.109889
      -3.341765       1.073812
      -3.363102       1.068727
      -3.367612       1.035371
      -3.409507       1.003453
      -3.401581       1.013147
      -3.412154       1.036774
      -3.378605       1.031415
      -3.356910       1.028297
      -3.393887       1.018357
      -3.399781       0.990401
      -3.402775       0.987824
      -3.408430       1.002821
      -3.418008       1.000874
      -3.416767       0.991458
      -3.424732       0.992318
      -3.434930       0.985754
      -3.447644       0.969626
      -3.468865       0.963383
      -3.482717       0.953593
      -3.480016       0.947097
      -3.496789       0.928745
      -3.504692       0.932373
      -3.459393       0.971604
      -3.448142       1.010363
      -3.427067       1.009000
      -3.425879       0.993492
      -3.483244       0.970128
      -3.482785       0.957243
      -3.481635       0.978401
      -3.467636       1.013031
      -3.463780       1.035470
      -3.451428       1.043223
      -3.458879       1.055001
      -3.471152       1.055994
      -3.480817       1.039892
      -3.496537       1.030604
      -3.511721       1.032371
      -3.512309       1.044538
      -3.527949       1.030814
      -3.533048       1.035950
      -3.515445       1.074555
      -3.510235       1.099703
      -3.511194       1.069210
      -3.508958       1.032471
      -3.550197       1.017014
      -3.534557       1.009353
      -3.542819       1.003938
      -3.543658       0.981788
      -3.572717       0.956703
      -3.591596       0.952212
      -3.606953       0.951337
      -3.602785       0.928650
      -3.625637       0.894061
      -3.666742       0.874356
      -3.706273       0.849520
      -3.732371       0.823341
      -3.787331       0.777726
      -3.771614       0.768553
      -3.754541       0.806056
      -3.720352       0.824697
      -3.691789       0.825902
      -3.685406       0.804059
      -3.723485       0.777443
      -3.727673       0.763912
      -3.728717       0.784336
      -3.722717       0.797024
      -3.723071       0.787934
      -3.719730       0.792525
      -3.729829       0.791386
      -3.732262       0.766242
      -3.735809       0.756292
      -3.750267       0.772745
      -3.749756       0.780521
      -3.735562       0.782470
      -3.738209       0.781716
      -3.748474       0.796076
      -3.704476       0.833796
      -3.695774       0.869240
      -3.674098       0.868762
      -3.669745       0.860738
      -3.724692       0.849988
      -3.730823       0.837158
      -3.725399       0.842820
      -3.708222       0.878704
      -3.700382       0.913774
      -3.678217       0.930274
      -3.669461       0.955592
      -3.673200       0.969626
      -3.682753       0.956310
      -3.705810       0.944973
      -3.727389       0.952304
      -3.735700       0.955210
      -3.743471       0.948640
      -3.786068       0.934504
      -3.768383       0.928314
      -3.770887       0.950606
      -3.720988       0.968479
      -3.684742       0.992251
      -3.681864       0.986629
      -3.725735       0.938610
      -3.747259       0.895045
      -3.774563       0.894312
      -3.772449       0.902653
      -3.768041       0.905988
      -3.763244       0.915083
      -3.780484       0.917109
      -3.812707       0.894113
      -3.843248       0.865473
      -3.869123       0.848658
      -3.883823       0.847740
      -3.876502       0.864700
      -3.904507       0.852287
      -3.898923       0.846458
      -3.899209       0.863392
      -3.896607       0.872495
      -3.888063       0.867719
      -3.884410       0.844693
      -3.940077       0.817307
      -3.945805       0.794103
      -3.974353       0.797123
      -3.972368       0.799769
      -3.964043       0.810775
      -3.937430       0.831640
      -3.935164       0.852034
      -3.943885       0.845699
      -3.942903       0.841344
      -3.942946       0.847066
      -3.942920       0.868228
      -3.919360       0.880322
      -3.881124       0.880316
      -3.902307       0.873846
      -3.894755       0.900009
      -3.865223       0.945406
      -3.843593       0.977073
      -3.827922       0.981362
      -3.831810       0.957485
      -3.891214       0.927462
      -3.903886       0.907544
      -3.908152       0.925076
      -3.899136       0.957109
      -3.890832       0.977820
      -3.876667       1.004413
      -3.867669       1.035924
      -3.861610       1.032237
      -3.867141       0.999977
      -3.906762       0.980000
      -3.916132       0.967079
      -3.892613       0.974024
      -3.860511       0.991269
      -3.886689       0.987651
      -3.847683       0.978313
      -3.843364       0.993788
      -3.831384       1.005216
      -3.813848       0.999987
      -3.816167       0.976638
      -3.836229       0.957381
      -3.844487       0.960464
      -3.854688       0.968796
      -3.859742       0.952865
      -3.873379       0.929899
      -3.878790       0.934719
      -3.874559       0.947794
      -3.839411       0.956793
      -3.717159       1.087911
      -3.422198       1.457791
      -2.865321       2.248833
      -2.082521       3.491866
      -1.153265       5.202963
      -0.111063       7.241133
       1.133857       9.593257
       2.478907      12.219359
       3.983245      15.051442
       5.439673      18.048688
       6.884847      21.098137
       8.274226      24.164177
       9.621092      27.175609
      10.862701      30.064139
      11.902993      32.736826
      12.717382      35.102782
      13.312547      37.270027
      13.814817      39.423313
      14.186617      41.531431
      14.397504      43.486495
      14.528705      45.234790
      14.491842      46.710655
      14.397485      47.928976
      14.282023      48.821128
      14.209173      49.412918
      14.086213      49.826382
      13.904147      50.218654
      13.745682      50.610276
      13.540611      50.974869
      13.279848      51.259665
      12.829882      51.623048
      12.034325      52.196337
      10.942027      53.224851
       9.570170      55.197429
       7.811060      58.712967
       5.942824      63.885094
       4.164747      70.026407
       2.789656      76.559842
       1.839859      82.786002
       1.157316      88.607572
       0.709227      93.573664
       0.577137      97.949920
       0.671780     101.779518
       0.963802     105.093057
       1.291975     107.759534
       1.596248     109.832987
       1.857407     111.374927
       2.130345     112.522545
       2.319178     113.358176
       2.378078     113.821361
       2.409415     113.862743
       2.468356     113.594024
       2.543914     113.253731
       2.420935     113.085590
       2.134328     113.090817
       1.808185     113.217323
       1.404810     113.293432
       1.013988     113.359944
       0.589396     113.458629
       0.245653     113.570457
       0.050594     113.715167
       0.018158     113.953880
       0.038340     114.205853
       0.016768     114.366883
      -0.002737     114.395714
       0.036202     114.324141
       0.100674     114.238366
       0.177615     114.146228
       0.286690     114.016818
       0.436818     113.896762
       0.568374     113.837652
       0.649788     113.803410
       0.669093     113.739229
       0.666094     113.639961
       0.665539     113.544773
       0.631409     113.453150
       0.617521     113.414761
       0.586705     113.399072
       0.624381     113.298396
       0.610910     113.138056
       0.601044     113.009471
       0.578219     112.960512
       0.538594     112.947175
       0.543351     112.881304
       0.514318     112.763502
       0.492766     112.625281
       0.438173     112.490624
       0.353182     112.386976
       0.260423     112.362040
       0.104191     112.387461
      -0.013727     112.441403
      -0.077189     112.473984
      -0.114885     112.453303
      -0.179928     112.401275
      -0.318936     112.336705
      -0.623113     112.228928
      -1.232322     111.867847
      -2.427588     111.032905
      -4.186288     109.540944
      -6.134992     107.548788
      -8.176172     105.282034
     -10.205147     102.893020
     -12.115189     100.499372
     -13.910023      98.164086
     -15.504858      95.889688
     -16.994676      93.710905
     -18.325821      91.713269
     -19.407863      90.045008
     -20.376641      88.745375
     -21.146377      87.825416
     -21.705630      87.214927
     -22.095831      86.976758
     -22.516821      87.053198
     -23.055319      87.306822
     -23.705582      87.591949
     -24.346760      87.793787
     -25.053850      87.862951
     -25.671292      87.843154
     -26.164513      87.781450
     -26.578759      87.763829
     -26.886383      87.816809
     -27.167741      87.920254
     -27.449439      87.967921
     -27.657708      87.835859
     -27.793833      87.485930
     -27.842768      86.911995
     -27.873326      86.236810
     -27.863021      85.508713
     -27.806381      84.710044
     -27.703204      83.687825
     -27.442289      82.153229
     -26.971945      79.890638
     -26.360557      76.899217
     -25.686038      73.348543
     -25.104749      69.582893
     -24.744540      65.895868
     -24.639862      62.405596
     -24.626350      59.028047
     -24.513186      55.659783
     -24.154356      52.058126
     -23.609860      48.042081
     -22.893218      43.649355
     -22.119358      39.252285
     -21.337421      35.112634
     -20.617282      31.379604
     -19.964770      28.136227
     -19.386754      25.400817
     -18.750815      23.144579
     -18.066805      21.244278
     -17.286225      19.472446
     -16.444526      17.677710
     -15.501579      15.766974
     -14.617180      13.917048
     -13.720409      12.246666
     -12.831741      10.838923
     -11.902333       9.622816
     -10.981180       8.601520
     -10.020476       7.697372
      -9.037363       6.787621
      -8.030926       5.836079
      -6.871074       4.790241
      -5.558812       3.648329
      -3.999636       2.421881
      -2.249046       1.107343
      -0.620299       0.088023
       0.884954      -0.459457
       2.355188      -0.602690
       3.718951      -0.541740
       5.153239      -0.446154
       6.645394      -0.368672
       8.043233      -0.215263
       9.183525       0.077002
      10.104413       0.433315
      10.882992       0.697118
      11.555571       0.791801
      12.106120       0.681766
      12.497102       0.466587
      12.840703       0.279872
      13.183433       0.139803
      13.551746       0.097045
      14.030401       0.087738
      14.537020       0.146459
      15.020062       0.222612
      15.418037       0.278068
      15.672321       0.258258
      15.764292       0.223582
      15.681201       0.165743
      15.479963       0.035751
      15.234145      -0.106513
      15.023260      -0.292078
      14.732423      -0.442448
      14.499702      -0.587678
      14.259455      -0.694971
      14.045478      -0.797649
      13.882432      -0.879564
      13.737191      -0.981432
      13.624730      -1.051047
      13.532517      -1.041199
      13.507461      -0.989986
      13.525002      -0.950710
      13.550364      -0.911771
      13.553264      -0.861379
      13.526216      -0.840579
      13.480532      -0.862141
      13.404877      -0.868633
      13.334841      -0.864724
      13.298642      -0.880094
      13.274887      -0.886799
      13.195176      -0.888419
      13.135407      -0.865063
      13.121813      -0.828894
      13.099687      -0.809760
      13.066913      -0.808070
      13.017199      -0.833342
      12.933473      -0.873019
      12.844925      -0.897859
      12.758353      -0.876432
      12.712045      -0.845045
      12.648709      -0.805586
      12.592903      -0.769852
      12.521686      -0.745797
      12.453329      -0.757946
      12.387750      -0.780332
      12.330457      -0.798057
      12.270869      -0.796162
      12.252163      -0.772844
      12.253532      -0.739463
      12.198382      -0.714554
      12.190917      -0.661639
      12.175305      -0.611889
      12.164702      -0.564935
      12.152838      -0.541829
      12.122433      -0.547290
      12.047097      -0.554626
      12.025741      -0.565347
      11.974439      -0.550350
      11.940826      -0.519155
      11.910409      -0.494878
      11.899968      -0.450981
      11.898182      -0.414400
      11.879911      -0.386518
      11.864609      -0.352304
      11.835681      -0.311309
      11.812849      -0.282252
      11.816930      -0.279691
      11.808190      -0.270468
      11.718459      -0.271681
      11.692872      -0.256951
      11.650905      -0.205126
      11.639863      -0.201858
      11.640251      -0.242773
      11.600692      -0.307238
      11.529846      -0.372203
      11.464672      -0.411071
      11.401187      -0.432012
      11.364383      -0.444488
      11.340313      -0.438334
      11.351660      -0.400923
      11.338680      -0.352256
      11.340850      -0.360702
      11.357863      -0.390274
      11.362453      -0.396752
      11.358322      -0.383579
      11.386292      -0.364407
      11.367613      -0.376219
      11.366764      -0.369528
      11.363662      -0.341429
      11.354848      -0.335478
      11.348396      -0.341827
      11.333122      -0.376312
      11.263111      -0.444481
      11.227973      -0.493182
      11.175889      -0.488552
      11.139741      -0.455476
      11.110655      -0.438452
      11.109957      -0.428990
      11.103190      -0.409824
      11.089253      -0.406813
      11.076254      -0.430493
      11.036743      -0.457312
      10.989258      -0.485448
      10.956472      -0.496744
      10.916663      -0.513500
      10.868923      -0.534054
      10.879170      -0.517370
      10.850558      -0.480920
      10.851273      -0.464724
      10.841343      -0.464369
      10.792346      -0.485099
      10.739226      -0.506360
      10.700712      -0.512268
      10.667895      -0.494676
      10.642507      -0.476213
      10.633956      -0.461643
      10.617681      -0.428879
      10.578541      -0.403934
      10.541773      -0.412759
      10.498352      -0.421982
      10.442146      -0.415210
      10.391262      -0.403014
      10.378256      -0.393254
      10.358319      -0.387727
      10.270992      -0.369833
      10.242683      -0.327071
      10.210620      -0.293931
      10.214332      -0.272421
      10.233794      -0.263864
      10.213903      -0.269337
      10.187307      -0.278860
      10.164068      -0.266943
      10.140850      -0.237283
      10.121826      -0.223374
      10.103457      -0.203267
      10.118548      -0.172861
      10.144075      -0.140088
      10.166184      -0.126711
      10.170187      -0.135880
      10.145591      -0.143308
      10.115770      -0.149989
      10.125623      -0.138933
      10.119980      -0.146505
      10.090362      -0.142005
      10.096687      -0.125436
      10.090002      -0.111279
      10.091645      -0.125086
      10.082044      -0.156671
      10.000601      -0.199631
       9.957556      -0.236278
       9.912393      -0.234242
       9.898347      -0.212024
       9.889813      -0.201304
       9.901660      -0.178150
       9.903347      -0.146325
       9.902097      -0.140073
       9.891243      -0.156451
       9.871246      -0.175380
       9.848291      -0.175989
       9.839557      -0.167582
       9.850974      -0.146500
       9.821469      -0.161267
       9.811056      -0.162292
       9.811159      -0.138278
       9.807626      -0.127518
       9.814662      -0.132796
       9.821193      -0.142693
       9.776572      -0.158713
       9.788554      -0.163518
       9.772448      -0.145028
       9.777313      -0.117155
       9.781812      -0.098330
       9.805218      -0.061466
       9.811439      -0.016642
       9.806883       0.000752
       9.802060      -0.013879
       9.788165      -0.025820
       9.763451      -0.037032
       9.758588      -0.041496
       9.759195      -0.022193
       9.759348      -0.016117
       9.743612      -0.003828
       9.793578       0.035391
       9.806020       0.086928
       9.844837       0.099528
       9.868568       0.092143
       9.814814       0.068333
       9.783823       0.036219
       9.763309       0.013697
       9.743133       0.017673
       9.728119       0.038409
       9.744678       0.045666
       9.748379       0.055559
       9.749444       0.048779
       9.739479       0.027009
       9.719698       0.021763
       9.713513       0.030516
       9.730830       0.031783
       9.752436       0.047103
       9.706599       0.036549
       9.703948       0.021779
       9.708406       0.032262
       9.724304       0.042121
       9.736208       0.048149
       9.731149       0.033207
       9.675951       0.001641
       9.673450      -0.015732
       9.675775       0.009621
       9.694031       0.057794
       9.705239       0.098507
       9.745623       0.138617
       9.764447       0.167839
       9.773164       0.170702
       9.766559       0.161393
       9.744815       0.158693
       9.732222       0.156439
       9.738141       0.159597
       9.731946       0.147536
       9.665682       0.146664
       9.674919       0.155462
       9.652623       0.185074
       9.666676       0.202042
       9.687254       0.204624
       9.654058       0.195035
       9.629312       0.173041
       9.623903       0.169436
       9.620800       0.198395
       9.643126       0.239395
       9.679467       0.277856
       9.731893       0.321599
       9.750397       0.331167
       9.747653       0.310487
       9.723018       0.280065
       9.695656       0.263811
       9.679874       0.261647
       9.678662       0.276876
       9.636969       0.269348
       9.610771       0.280146
       9.592461       0.311835
       9.557911       0.340342
       9.549170       0.328046
       9.514401       0.308662
       9.429525       0.276370
       9.391655       0.255205
       9.389612       0.267788
       9.402613       0.312850
       9.410765       0.363528
       9.442640       0.385934
       9.451723       0.394566
       9.442145       0.378026
       9.430819       0.348387
       9.412720       0.320825
       9.395659       0.314174
       9.404324       0.307862
       9.352801       0.272621
       9.334477       0.260841
       9.318576       0.268397
       9.328439       0.274313
       9.344226       0.277603
       9.348264       0.264011
       9.303742       0.239291
       9.297295       0.220437
       9.276795       0.220191
       9.266753       0.233053
       9.259597       0.237114
       9.260945       0.253239
       9.231164       0.267097
       9.208486       0.256464
       9.180995       0.231465
       9.168865       0.217214
       9.174668       0.211791
       9.193658       0.228863
       9.178901       0.215364
       9.182163       0.212208
       9.197047       0.245924
       9.202974       0.273055
       9.211969       0.284813
       9.215686       0.280067
       9.156961       0.252323
       9.149284       0.229337
       9.119466       0.246045
       9.107865       0.277515
       9.089676       0.302275
       9.091984       0.329441
       9.078554       0.348951
       9.048173       0.347722
       9.005434       0.331391
       8.951829       0.321769
       8.900918       0.317806
       8.873859       0.310266
       8.860071       0.341484
       8.823665       0.360130
       8.838895       0.391412
       8.849268       0.451320
       8.847374       0.499167
       8.844019       0.493015
       8.819582       0.436389
       8.756732       0.375732
       8.730756       0.355851
       8.704286       0.378365
       8.672810       0.396369
       8.647157       0.378767
       8.640189       0.367439
       8.644048       0.370743
       8.650348       0.382918
       8.650425       0.388871
       8.649567       0.394313
       8.631914       0.389305
       8.623091       0.392629
       8.598996       0.377137
       8.535475       0.365025
       8.517075       0.374274
       8.486235       0.387011
       8.473392       0.376939
       8.446558       0.364381
       8.382465       0.324630
       8.332365       0.305960
       8.292431       0.317062
       8.238169       0.356177
       8.022400       0.462889
       7.261146       0.812199
       5.726804       1.439848
       3.696503       2.197497
       1.610467       2.815148
      -0.297589       3.107817
      -2.070763       3.173956
      -3.564415       3.192975
      -4.809815       3.218714
      -5.938679       3.313844
      -7.018985       3.404828
      -7.952585       3.464684
      -8.712941       3.503061
      -9.254575       3.560480
      -9.574077       3.622642
      -9.707293       3.644399
      -9.772214       3.611704
      -9.789477       3.545634
      -9.829328       3.465725
      -9.874009       3.399173
      -9.927288       3.317817
      -9.956744       3.209086
      -9.995527       3.066983
     -10.002093       2.936438
      -9.986540       2.851846
      -9.972570       2.832684
      -9.936086       2.869557
      -9.899336       2.906001
