       1.314620      14.381832
       1.323781      14.367654
       1.312320      14.361802
       1.314269      14.386140
       1.327013      14.418062
       1.297091      14.450974
       1.332221      14.491020
       1.351493      14.520063
       1.383002      14.541356
       1.404721      14.552947
       1.378416      14.522382
       1.359932      14.471663
       1.332840      14.444942
       1.297943      14.447402
       1.260758      14.449289
       1.240245      14.430741
       1.198009      14.427559
       1.148577      14.433069
       1.088794      14.440509
       0.992151      14.447658
       0.790619      14.465102
       0.457089      14.487925
      -0.037620      14.415061
      -0.679751      14.288847
      -1.439570      14.185657
      -2.375677      14.174449
      -3.408300      14.314634
      -4.598224      14.579138
      -6.123997      14.944512
      -7.767077      15.444288
      -9.381906      16.106514
     -11.007750      16.947926
     -12.673859      18.071398
     -14.437100      19.757223
     -16.160812      22.031495
     -17.707912      24.703661
     -18.954616      27.566881
     -19.996523      30.479432
     -20.796431      33.331751
     -21.402661      36.069652
     -21.750285      38.648479
     -21.987762      41.261196
     -22.127319      43.978288
     -22.174522      46.647543
     -22.129551      49.245895
     -22.056440      51.855311
     -21.867233      54.387812
     -21.554372      56.854194
     -21.148925      59.369748
     -20.612022      62.266763
     -20.009437      65.467566
     -19.500905      68.533470
     -19.055222      71.351694
     -18.709157      73.836844
     -18.444126      75.829923
     -18.185368      77.350934
     -18.050870      78.302984
     -17.960695      78.689880
     -17.907190      78.526096
     -17.981880      77.967300
     -18.091755      77.118667
     -18.157274      76.401542
     -18.191487      76.110951
     -18.221990      76.184277
     -18.192664      76.380870
     -18.157269      76.551352
     -18.126326      76.576331
     -18.077341      76.510363
     -18.071087      76.402207
     -18.114920      76.280291
     -18.108579      76.191524
     -18.105815      76.135168
     -18.038781      76.100231
     -17.925316      76.108581
     -17.795249      76.124837
     -17.648033      76.148685
     -17.496737      76.160590
     -17.369637      76.241872
     -17.242432      76.421800
     -17.099529      76.766950
     -16.860924      77.331832
     -16.561516      78.191884
     -16.261310      79.344150
     -15.954301      80.746606
     -15.697113      82.286836
     -15.468736      83.851749
     -15.250592      85.509354
     -14.989719      87.342327
     -14.560858      89.486314
     -13.932228      91.809904
     -13.184059      94.268112
     -12.393123      96.702404
     -11.627131      99.028840
     -10.788066     101.256660
      -9.893313     103.377897
      -9.254452     105.442695
      -8.813385     107.482441
      -8.479869     109.476637
      -8.336039     111.476954
      -8.214305     113.501410
      -8.059757     115.526041
      -7.869609     117.570954
      -7.628479     119.579062
      -7.348275     121.445548
      -7.043462     123.162185
      -6.810944     124.717695
      -6.592493     126.154986
      -6.434252     127.556149
      -6.390462     128.900165
      -6.256125     129.950924
      -5.849047     130.742211
      -5.172381     131.385844
      -4.498120     131.935747
      -4.063113     132.210975
      -3.762454     132.359736
      -3.680457     132.588278
      -3.569720     133.046499
      -3.354407     133.940901
      -3.230670     135.181958
      -3.139606     136.461356
      -3.050017     137.584465
      -3.130029     138.446703
      -3.277847     139.126648
      -3.425348     139.723333
      -3.583968     140.409669
      -3.570066     141.089536
      -3.314549     141.665472
      -2.976741     142.153846
      -2.656958     142.719427
      -2.216015     143.569513
      -1.673843     144.750420
      -1.160266     146.171129
      -0.915939     147.626128
      -0.790489     148.908955
      -0.789030     150.079789
      -0.906564     151.530611
      -1.318298     153.845643
      -1.830875     157.033852
      -2.268074     160.533308
      -2.537286     163.690490
      -2.750778     166.052421
      -2.801457     167.791119
      -2.756695     169.339616
      -2.713761     170.914185
      -2.771631     172.570061
      -3.020858     174.152615
      -3.455431     175.711487
      -4.043350     177.127601
      -4.740666     177.889221
      -5.209400     177.826293
      -5.286032     177.045575
      -5.456123     175.580308
      -5.666598     172.928432
      -6.357127     168.651162
      -7.558043     162.655954
      -8.598659     155.345492
      -8.912279     147.787478
      -8.885957     141.132511
      -8.978458     135.573589
      -9.683827     131.238987
     -10.395808     127.984073
     -10.800270     125.634245
     -11.019486     124.029824
     -11.234092     122.986613
     -11.514524     122.268279
     -11.669991     121.775951
     -11.665985     121.319527
     -11.616394     120.786168
     -11.329631     120.106913
     -10.846952     119.248842
     -10.547620     118.179967
     -10.342245     116.865326
     -10.114067     115.107540
      -9.878285     112.652383
      -9.839320     109.341865
      -9.938541     105.316966
     -10.095642     101.015858
     -10.235769      96.960282
     -10.450556      93.414597
     -10.732385      90.484199
     -11.094910      88.034278
     -11.418936      86.116288
     -11.813698      84.552890
     -12.242414      83.211623
     -12.564544      82.000116
     -12.794588      80.846777
     -13.002193      79.686662
     -13.146770      78.525989
     -13.232557      77.392258
     -13.323379      76.258905
     -13.478558      75.134854
     -13.632285      73.978339
     -13.847635      72.767517
     -14.137404      71.414437
     -14.427049      69.871099
     -14.704209      68.256989
     -14.960410      66.558594
     -15.240120      64.862080
     -15.447050      63.164535
     -15.656385      61.455626
     -15.882360      59.710468
     -16.041370      57.932278
     -16.139561      56.144738
     -16.221344      54.358655
     -16.391424      52.671063
     -16.533497      51.122561
     -16.693683      49.683129
     -16.926735      48.325469
     -17.114446      47.042496
     -17.172782      45.790904
     -17.235891      44.565745
     -17.311980      43.300388
     -17.446514      42.034458
     -17.558267      40.844439
     -17.718469      39.785596
     -17.963722      38.738672
     -18.298934      37.552851
     -18.747111      36.092007
     -19.234291      34.270931
     -19.780098      32.159260
     -20.267642      29.864732
     -20.724190      27.561279
     -21.156672      25.426921
     -21.559336      23.616167
     -21.888127      22.155344
     -22.204162      21.001264
     -22.446702      20.009357
     -22.657106      19.029759
     -22.774855      18.038062
     -22.867772      17.027981
     -22.960182      15.965095
     -23.083123      14.831510
     -23.192947      13.554585
     -23.256851      11.956879
     -23.284138       9.936965
     -23.384166       7.411916
     -23.557477       4.580164
     -23.872190       1.665675
     -24.320821      -1.125993
     -24.893889      -3.753939
     -25.534904      -6.071303
     -26.280173      -8.097301
     -27.057839     -10.007572
     -27.783184     -11.886880
     -28.447618     -14.036516
     -29.041755     -16.566230
     -29.615331     -19.122805
     -30.315677     -21.153743
     -31.084299     -22.608252
     -31.914760     -23.632989
     -32.790464     -24.523696
     -33.552738     -25.034289
     -33.924929     -25.132167
     -34.121357     -25.108101
     -34.205201     -25.028028
     -34.320291     -24.993152
     -34.484400     -25.076314
     -34.670106     -25.179841
     -34.661861     -25.193589
     -34.656407     -25.091873
     -34.644215     -25.085297
     -34.714880     -25.080736
     -34.845146     -25.088279
     -34.951014     -25.079357
     -34.998494     -24.987372
     -34.987609     -24.951751
     -34.979807     -24.881506
     -34.927720     -24.792919
     -34.887866     -24.643371
     -34.844954     -24.468176
     -34.766110     -24.234514
     -34.425773     -23.639621
     -33.800643     -22.694753
     -33.005295     -21.556874
     -32.165140     -20.326670
     -31.178950     -19.108112
     -30.088604     -17.762817
     -28.972159     -16.302032
     -27.923351     -14.686681
     -26.809929     -12.970419
     -25.764632     -11.459282
     -24.981670     -10.276224
     -24.467005      -9.324355
     -24.103525      -8.561519
     -23.777604      -7.921535
     -23.423117      -7.282942
     -22.913819      -6.417850
     -22.235298      -5.094955
     -21.428515      -3.311312
     -20.678425      -1.265422
     -20.072775       0.921824
     -19.624717       3.285921
     -19.389010       6.093907
     -19.179474       9.238807
     -18.960151      12.493024
     -18.775090      15.647765
     -18.628012      18.658917
     -18.479431      21.428024
     -18.439671      24.040430
     -18.451527      26.428432
     -18.559726      28.467111
     -18.786058      30.100625
     -19.029208      31.324158
     -18.975158      32.142239
     -18.784969      32.665960
     -18.744633      32.958906
     -19.116410      32.832252
     -19.875719      31.989774
     -20.619696      30.453789
     -20.898047      28.483652
     -21.138368      26.370781
     -21.476055      24.278983
     -21.710465      22.262973
     -21.768096      20.400975
     -21.806899      18.862419
     -21.969684      17.374953
     -22.448749      15.856955
     -23.020161      14.417587
     -23.612470      13.187404
     -24.165214      12.175635
     -24.747426      11.431048
     -25.201718      10.932349
     -25.581663      10.498722
     -25.891740      10.262686
     -26.424995      10.295616
     -27.007595      10.416357
     -27.511327      10.519192
     -27.865771      10.540318
     -28.002865      10.589148
     -28.034785      10.698439
     -27.985673      10.893104
     -27.884371      11.079680
     -27.767129      11.183666
     -27.633284      11.210915
     -27.537118      11.178507
     -27.530364      11.113216
     -27.546793      11.118813
     -27.555361      11.192889
     -27.604635      11.263096
     -27.545309      11.291761
     -27.446762      11.226920
     -27.389544      11.218588
     -27.323243      11.338138
     -27.275431      11.562288
     -27.277495      11.792000
     -27.233937      11.991578
     -27.121852      12.113840
     -27.065571      12.112138
     -26.965677      12.041018
     -26.836171      11.909196
     -26.730526      11.715998
     -26.604195      11.562706
     -26.499738      11.509673
     -26.471824      11.536686
     -26.490053      11.577707
     -26.526425      11.602781
     -26.547747      11.578185
     -26.580384      11.531016
     -26.618735      11.497520
     -26.694655      11.543167
     -26.751467      11.607951
     -26.825906      11.638579
     -26.915195      11.637911
     -26.931124      11.665044
     -26.966765      11.692328
     -26.954472      11.728970
     -26.889885      11.784770
     -26.879695      11.852701
     -26.855182      11.931399
     -26.806665      12.027310
     -26.793245      12.094326
     -26.784070      12.146689
     -26.754775      12.209815
     -26.753002      12.279491
     -26.761228      12.328663
     -26.787375      12.372900
     -26.800256      12.433295
     -26.812202      12.523244
     -26.807940      12.635327
     -26.811697      12.761110
     -26.809776      12.884882
     -26.765638      13.013832
     -26.762549      13.141436
     -26.750336      13.341773
     -26.678775      13.599776
     -26.631169      13.845575
     -26.650757      14.027883
     -26.613183      14.146933
     -26.622776      14.152179
     -26.599812      14.117042
     -26.568938      14.113211
     -26.579303      14.117534
     -26.557320      14.161003
     -26.556526      14.250691
     -26.596691      14.381609
     -26.581095      14.589769
     -26.534963      14.877006
     -26.467492      15.189526
     -26.403722      15.500802
     -26.290390      15.804884
     -26.135563      16.123308
     -26.054220      16.417134
     -25.982690      16.689009
     -25.893938      16.962269
     -25.793148      17.256341
     -25.671445      17.598888
     -25.507518      18.036753
     -25.339557      18.544329
     -25.183258      19.026662
     -25.016104      19.441039
     -24.911056      19.758829
     -24.853481      19.980392
     -24.833388      20.153631
     -24.807062      20.320528
     -24.774163      20.532165
     -24.708120      20.887624
     -24.587183      21.621593
     -24.324772      23.314118
     -24.010003      25.964846
     -23.630232      28.896800
     -23.211181      31.602767
     -22.826601      33.771105
     -22.605566      35.224224
     -22.515004      36.111223
     -22.365420      36.671826
     -22.179984      37.218720
     -21.956558      38.135162
     -21.762952      39.596684
     -21.597041      41.475988
     -21.465870      43.577136
     -21.324647      45.842967
     -21.233729      48.154133
     -21.087277      50.477485
     -20.978422      52.595201
     -20.948483      54.402150
     -20.968880      55.916127
     -21.076735      57.064716
     -21.131250      57.750008
     -21.185129      57.987444
     -21.276361      57.923370
     -21.355074      57.642615
     -21.446138      57.084756
     -21.450624      56.215587
     -21.394307      55.104499
     -21.359523      53.856167
     -21.390013      52.517620
     -21.344338      51.131313
     -20.897931      49.492554
     -19.775228      47.311080
     -18.174355      44.492933
     -16.580967      41.503634
     -15.415906      38.768627
     -14.472474      36.449884
     -13.658201      34.511682
     -13.002264      32.852044
     -12.432293      31.391875
     -11.812016      29.993965
     -11.053760      28.459510
     -10.148168      26.548956
      -9.240369      24.116124
      -8.420093      21.345214
      -7.694388      18.471041
      -7.214369      15.639039
      -6.903791      13.070018
      -6.680399      10.809642
      -6.492176       8.846570
      -6.297868       7.127018
      -5.899854       5.541827
      -5.522362       4.095194
      -5.215826       2.797524
      -4.963943       1.734760
      -4.806445       0.917915
      -4.700088       0.357292
      -4.659204       0.017599
      -4.611940      -0.225300
      -4.567654      -0.451816
      -4.540282      -0.673041
      -4.518053      -0.866222
      -4.549655      -1.019667
      -4.610628      -1.134672
      -4.745645      -1.210642
      -4.854653      -1.254469
      -4.953765      -1.278976
      -5.050050      -1.294458
      -5.132059      -1.327813
      -5.211741      -1.370604
      -5.314326      -1.383293
      -5.416124      -1.383307
      -5.498234      -1.374124
      -5.585334      -1.362518
      -5.674329      -1.323834
      -5.755696      -1.281873
      -5.871597      -1.247452
      -5.993153      -1.234543
      -6.096116      -1.186905
      -6.209028      -1.123294
      -6.304356      -1.072995
      -6.347659      -1.045883
      -6.440996      -1.017190
      -6.543164      -0.979405
      -6.634398      -0.939177
      -6.718489      -0.913468
      -6.796268      -0.903491
      -6.866899      -0.869728
      -6.934105      -0.782493
      -7.013053      -0.683244
      -7.065822      -0.614740
      -7.095882      -0.616500
      -7.154599      -0.618406
      -7.191263      -0.590706
      -7.237962      -0.524657
      -7.318138      -0.467381
      -7.388248      -0.424974
      -7.429650      -0.377110
      -7.448976      -0.321035
      -7.461030      -0.276864
      -7.460220      -0.236717
      -7.514253      -0.207750
