       6.086374       5.328854
       6.085289       5.425607
       6.069735       5.532685
       6.047050       5.658747
       6.027475       5.770519
       5.987810       5.896751
       5.956753       6.071839
       5.937611       6.338045
       5.925083       6.622690
       5.921473       6.831796
       5.901734       6.897034
       5.869010       6.832680
       5.809718       6.675203
       5.763366       6.462901
       5.590078       6.202795
       5.343309       5.900879
       5.126501       5.555829
       4.940216       5.148534
       4.843178       4.694784
       4.858926       4.215769
       5.140609       3.729210
       6.276433       3.171324
       8.438583       2.380945
      10.550742       1.364186
      12.419284       0.194411
      14.514165      -1.088422
      17.090470      -2.435868
      20.154170      -3.822781
      23.030606      -5.126509
      25.556212      -6.277117
      27.861479      -7.331191
      30.142571      -8.283962
      32.448583      -9.211923
      34.334187      -9.998457
      35.772524     -10.686173
      36.941342     -11.327839
      38.068776     -12.029411
      39.230151     -12.881417
      40.366906     -13.965459
      41.350240     -15.262639
      42.134343     -16.756267
      42.578824     -18.458067
      42.647934     -20.317897
      42.656522     -22.070975
      42.686057     -23.728395
      42.854494     -25.250127
      43.138503     -26.843277
      43.541000     -28.799842
      43.853180     -30.950374
      44.068886     -33.070030
      44.232839     -35.070788
      44.432492     -36.821194
      44.722490     -38.379031
      45.175272     -39.755953
      45.656277     -41.140708
      46.016270     -42.278184
      46.240713     -42.999199
      46.330340     -43.218635
      46.316677     -43.357128
      46.291906     -43.523719
      46.219124     -43.684180
      46.075026     -43.815184
      45.850238     -43.990046
      45.600320     -44.283479
      45.356109     -44.540881
      45.066999     -44.691605
      44.700556     -44.742467
      43.751037     -44.793189
      41.191643     -44.519661
      36.708390     -43.458664
      31.282339     -41.754728
      25.832805     -39.696630
      20.741338     -37.862511
      15.982816     -36.195163
      11.227199     -34.526382
       6.890259     -32.848071
       3.897431     -31.234218
       2.075026     -29.628984
       0.596646     -28.057176
      -0.893576     -26.522124
      -2.587815     -25.041649
      -4.306527     -23.670548
      -5.705720     -22.534889
      -6.781606     -21.591941
      -7.947427     -20.692353
      -9.229244     -19.816708
     -10.644521     -18.888369
     -12.153846     -17.849198
     -13.625142     -16.713616
     -15.048239     -15.467591
     -16.474420     -14.154372
     -17.848109     -12.820961
     -19.041785     -11.463708
     -20.099644     -10.137806
     -21.080650      -8.821129
     -22.104139      -7.430746
     -23.262174      -5.958873
     -24.656164      -4.436677
     -26.324486      -2.850618
     -27.923610      -1.232305
     -29.015668       0.294257
     -29.875415       1.645187
     -30.752069       2.864475
     -31.481113       3.937982
     -32.103548       4.790004
     -32.723994       5.374222
     -33.332304       5.634263
     -33.960589       5.527789
     -34.685775       4.967108
     -35.559368       3.655788
     -36.379268       1.865709
     -36.949130       0.041705
     -37.310376      -1.700910
     -37.566033      -3.314837
     -37.815742      -4.828225
     -38.165766      -6.241068
     -38.606177      -7.463613
     -39.061528      -8.477594
     -39.457074      -9.273879
     -39.834540      -9.946351
     -40.273899     -10.545119
     -40.684062     -11.099514
     -41.083910     -11.671702
     -41.487849     -12.316146
     -41.868873     -12.995078
     -42.231556     -13.593050
     -42.563092     -14.076789
     -42.826333     -14.285090
     -43.030901     -14.246280
     -43.236635     -13.915030
     -43.498001     -13.238880
     -43.766691     -12.125152
     -44.027926     -10.572686
     -44.283430      -8.624970
     -44.548740      -6.412316
     -44.817474      -3.950244
     -45.085534      -1.561579
     -45.330046       0.441076
     -45.526075       1.866342
     -45.523428       2.749416
     -45.389136       3.224119
     -45.376848       3.661000
     -45.427177       4.252973
     -45.471769       5.024108
     -45.548976       5.927135
     -45.539869       6.924632
     -45.354768       8.040932
     -45.135114       9.245601
     -45.004242      10.380874
     -44.953107      11.343369
     -44.892792      12.040956
     -44.906576      12.415135
     -44.923600      12.520935
     -44.942523      12.452440
     -44.931799      12.337623
     -44.910894      12.195938
     -44.902142      12.086547
     -44.908247      11.994244
     -44.918024      11.832670
     -44.928443      11.684049
     -44.942960      11.556086
     -44.925635      11.466091
     -44.862965      11.373578
     -44.820170      11.322803
     -44.793544      11.311636
     -44.768355      11.257893
     -44.722335      11.157967
     -44.685072      11.017844
     -44.735099      10.803049
     -44.803156      10.608819
     -44.852440      10.462368
     -44.908174      10.308918
     -44.950139       9.974606
     -44.978198       9.416276
     -44.981603       8.705570
     -44.954816       7.946404
     -44.905459       7.125187
     -44.869464       6.275681
     -44.811141       5.237085
     -44.699920       4.206521
     -44.610682       3.196890
     -44.525096       2.228572
     -44.388084       1.244615
     -44.123848       0.409241
     -43.738098      -0.198537
     -43.260118      -0.514436
     -42.756513      -0.615553
     -42.368699      -0.648347
     -42.132483      -0.691494
     -41.962778      -0.797504
     -41.766263      -0.918979
     -41.386900      -0.962905
     -40.669693      -0.888973
     -39.588889      -0.711056
     -38.420257      -0.498919
     -37.169569      -0.252114
     -35.721780       0.056354
     -34.095525       0.426157
     -32.354921       0.911324
     -30.627535       1.468269
     -28.848978       2.082348
     -27.078605       2.701462
     -25.364387       3.331980
     -23.592168       3.936750
     -21.891894       4.475485
     -20.280693       4.961094
     -18.666335       5.361363
     -17.096211       5.722790
     -15.630542       6.035485
     -14.289795       6.290842
     -13.033797       6.500915
     -11.873369       6.678197
     -10.850287       6.849892
      -9.919889       7.040832
      -9.015016       7.226741
      -8.049340       7.392186
      -7.004515       7.533505
      -5.885355       7.632491
      -4.798542       7.698238
      -3.721069       7.718286
      -2.639730       7.685634
      -1.507856       7.606474
      -0.296392       7.517445
       0.989381       7.428186
       2.214719       7.340106
       3.346730       7.256723
       4.355533       7.185009
       5.342350       7.088457
       6.319521       6.990832
       7.379469       6.861638
       8.507120       6.690511
       9.732511       6.476010
      10.960722       6.188669
      12.155742       5.850070
      13.300175       5.478540
      14.482960       5.071689
      15.633050       4.637715
      16.703764       4.178265
      17.558475       3.684890
      18.339910       3.212449
      19.064110       2.770524
      19.732027       2.381477
      20.345528       2.061165
      20.838627       1.832251
      21.046269       1.757041
      21.231953       1.712649
      21.501011       1.698789
      21.700156       1.737273
      21.845169       1.807822
      21.997940       1.883254
      22.177215       1.953946
      22.391619       2.033061
      22.608643       2.105405
      22.821871       2.195476
      23.021324       2.304992
      23.211256       2.449546
      23.364835       2.615674
      23.487033       2.803799
      23.650967       2.994188
      23.891674       3.259895
      24.065750       3.735564
      24.170581       4.365426
      24.326373       5.097869
      24.472630       5.920009
      24.646637       6.749196
      24.830119       7.494199
      25.019776       8.158751
      25.205943       8.708992
      25.410866       9.194022
      25.591838       9.590545
      25.805630       9.908113
      26.067191      10.143311
      26.396123      10.301317
      26.711548      10.382951
      27.037383      10.414441
      27.361862      10.382145
      27.682134      10.311033
      27.967144      10.194653
      28.208494      10.054726
      28.420953       9.923483
      28.633724       9.784080
      28.834829       9.641201
      29.000580       9.499259
      29.149564       9.366216
      29.291351       9.178420
      29.373157       8.984235
      29.430359       8.735780
      29.520622       8.438070
      29.627207       8.092038
      29.720772       7.622045
      29.798094       7.076806
      29.861966       6.444896
      29.914915       5.812543
      29.938785       5.152035
      29.905898       4.508073
      29.843414       3.846038
      29.776422       3.204868
      29.727040       2.558712
      29.689333       1.856292
      29.664404       1.041084
      29.653393       0.140109
      29.636605      -0.856639
      29.596520      -1.993173
      29.532026      -3.202711
      29.445440      -4.493681
      29.368925      -5.841641
      29.229351      -7.226305
      29.079635      -8.705136
      28.862565     -10.494383
      28.482654     -12.702117
      27.954513     -15.504056
      27.221992     -18.995655
      26.424891     -22.808295
      25.568117     -26.538062
      24.713536     -30.013826
      23.994412     -33.186397
      23.362411     -36.125061
      22.815107     -38.802282
      22.305829     -41.295496
      21.790946     -43.780111
      21.215425     -46.395308
      20.608263     -49.039155
      19.968729     -51.552694
      19.360909     -53.789907
      18.755851     -55.808763
      18.162556     -57.544843
      17.548870     -59.013174
      16.868694     -60.265723
      16.102246     -61.315073
      15.330845     -62.202320
      14.546122     -62.995205
      13.777304     -63.679895
      12.971604     -64.207440
      12.095380     -64.460010
      11.334351     -64.200563
      10.915291     -63.402112
      10.489474     -62.094392
      10.040757     -60.492255
       9.567730     -58.789698
       8.993150     -56.880135
       8.280835     -54.830063
       6.568099     -51.858517
       3.894980     -47.674740
       1.334330     -42.899038
      -0.653523     -38.138072
      -2.124814     -33.532462
      -3.207849     -29.474732
      -4.071098     -25.941986
      -4.740300     -22.974925
      -5.391260     -20.461265
      -6.118592     -18.234824
      -6.885017     -16.274298
      -7.776286     -14.407690
      -8.739339     -12.671198
      -9.618920     -11.076183
     -10.329490      -9.535925
     -10.783395      -8.126166
     -11.044610      -6.758867
     -11.132787      -5.362745
     -11.208651      -3.744389
     -11.404267      -1.709802
     -11.898030       0.766235
     -12.813402       3.549213
     -14.120795       6.296755
     -15.657121       8.821248
     -16.945934      10.940704
     -17.589795      12.583801
     -17.832999      13.925421
     -18.063905      15.127363
     -18.384285      16.304573
     -18.825205      17.517341
     -19.361242      18.787366
     -20.075593      20.159722
     -20.886114      21.543162
     -21.647032      22.703988
     -22.237328      23.573578
     -22.711551      24.090010
     -22.936509      24.333923
     -22.927171      24.405656
     -22.813407      24.482213
     -22.669156      24.592251
     -22.418276      24.707838
     -22.087151      24.901104
     -21.684312      25.190153
     -21.158632      25.605067
     -20.493436      26.128846
     -19.799575      26.719494
     -19.004680      27.388655
     -18.152271      28.160653
     -17.338715      29.104139
     -16.602413      30.455353
     -15.812888      32.422525
     -14.898362      34.787774
     -13.722320      37.225801
     -12.564878      39.393563
     -11.602356      41.110303
     -10.773450      42.392018
