       7.323410      15.198542
       7.281364      15.233386
       7.230897      15.273169
       7.236454      15.259432
       7.295871      15.208239
       7.337841      15.155556
       7.320226      15.110703
       7.318010      15.078068
       7.289863      15.035289
       7.226151      14.978537
       7.161596      14.866048
       7.069433      14.695599
       6.772490      14.383471
       6.378253      13.858273
       5.968437      13.234557
       5.580524      12.539910
       5.171053      11.753325
       4.655863      10.906203
       4.269642      10.100110
       3.877754       9.364231
       3.538278       8.769780
       3.156743       8.381034
       2.781136       8.260212
       2.444768       8.351257
       2.241650       8.579838
       2.092942       8.867000
       1.966680       9.144272
       1.853371       9.404923
       1.752823       9.689773
       1.726408      10.053046
       1.744949      10.638212
       1.743390      12.133792
       1.463819      15.354694
       0.765006      19.440962
       0.049603      23.120546
      -0.495428      25.993225
      -0.962720      27.918144
      -1.320167      29.022590
      -1.503204      29.646100
      -1.536180      30.384701
      -1.563191      31.352931
      -1.714157      32.423686
      -1.964696      33.410174
      -2.168348      34.237551
      -2.271386      34.702211
      -2.420692      34.795422
      -2.592332      34.411770
      -2.708584      33.618963
      -2.735799      32.680922
      -2.748928      32.144359
      -2.637095      32.656510
      -2.300745      35.212922
      -2.084016      40.135724
      -2.300286      45.720147
      -2.697999      50.843938
      -3.179647      55.563231
      -3.951922      59.754244
      -4.836412      62.866781
      -5.519330      64.662534
      -5.841022      65.555944
      -5.997595      66.123541
      -6.118635      66.665488
      -6.296866      66.970489
      -6.374282      67.027647
      -6.396139      66.955544
      -6.468011      66.776077
      -6.517511      66.590316
      -6.580446      66.270869
      -6.596172      65.771436
      -6.512113      65.094755
      -6.469902      63.960043
      -6.634055      62.197522
      -6.932394      59.687596
      -7.286421      56.459526
      -7.697297      52.489522
      -8.351546      47.489852
      -9.089100      41.690192
      -9.632638      35.347282
      -9.847766      28.822140
      -9.974323      22.370474
      -9.898383      16.224793
      -9.724416      10.689486
      -9.435137       5.921617
      -9.238483       2.343895
      -9.012064       0.055116
      -8.672961      -1.342891
      -8.358542      -2.284023
      -8.179603      -2.917433
      -8.107497      -3.206365
      -8.146899      -3.412799
      -8.210895      -3.960644
      -8.181062      -5.443672
      -8.125008      -7.970763
      -8.056648     -10.560168
      -7.830197     -12.783977
      -7.505930     -14.548861
      -7.355965     -15.910842
      -7.376853     -16.893247
      -7.411903     -17.427702
      -7.420840     -17.718180
      -7.404157     -17.771416
      -7.380713     -17.687424
      -7.380467     -17.566773
      -7.407136     -17.521326
      -7.406548     -17.532521
      -7.381537     -17.571257
      -7.404456     -17.621889
      -7.424972     -17.665275
      -7.407559     -17.631430
      -7.411049     -17.431488
      -7.454401     -16.839904
      -7.615239     -15.074934
      -7.899714     -11.916758
      -8.151101      -8.190338
      -8.231298      -4.820516
      -8.217800      -3.039978
      -8.248794      -2.810490
      -8.283162      -2.898459
      -8.343068      -2.729913
      -8.433440      -2.124775
      -8.506980      -1.159669
      -8.487508      -0.203363
      -8.293367       0.203958
      -8.074228       0.380280
      -7.964633       0.671451
      -7.954872       1.223572
      -7.890663       1.724678
      -7.754930       1.625968
      -7.585442       0.710319
      -7.319025      -0.662691
      -6.988030      -2.126635
      -6.686577      -3.288850
      -6.512897      -3.811962
      -6.519358      -3.531972
      -6.665811      -2.427923
      -6.885934      -0.343400
      -7.019239       2.668663
      -7.105297       5.632561
      -7.060254       7.878912
      -6.923811       9.353345
      -6.810726      10.460995
      -6.732754      11.798073
      -6.723346      13.898966
      -6.755704      17.465147
      -6.935559      22.396888
      -7.036699      27.643064
      -6.959255      32.206145
      -6.865563      35.638599
      -6.837191      37.990331
      -6.858979      39.850476
      -6.906573      41.781878
      -6.860428      43.914772
      -6.695994      46.150747
      -6.422482      48.575941
      -6.011187      51.033357
      -5.458783      53.238552
      -4.966002      55.192062
      -4.729457      56.907742
      -4.732964      58.186524
      -4.780030      58.765272
      -4.857367      59.017526
      -4.976792      59.323723
      -5.142073      59.659717
      -5.323709      59.849034
      -5.633094      59.764707
      -6.083719      59.467403
      -7.017940      59.101567
      -8.398720      58.570976
      -9.752398      57.773584
     -10.618182      56.927467
     -11.454199      56.055169
     -12.561086      55.152225
     -13.553061      54.102510
     -13.925735      52.909557
     -13.855571      51.568800
     -13.530929      50.163003
     -13.071480      48.996817
     -12.627084      47.935815
     -12.228559      46.979909
     -11.851755      45.826341
     -11.555935      44.450988
     -11.382873      42.624621
     -11.344665      40.337069
     -11.319312      37.495711
     -11.283534      34.222954
     -11.168108      30.824295
     -11.162025      27.467186
     -11.198568      24.362968
     -11.175637      21.568997
     -11.117134      18.933289
     -11.000856      16.572539
     -10.671393      14.559895
     -10.438812      13.074048
     -10.309014      12.091277
     -10.222890      11.439670
     -10.107455      10.995002
      -9.970232      10.501284
      -9.795759       9.748575
      -9.551805       8.330420
      -9.271146       6.351817
      -8.948364       4.159683
      -8.495236       1.949936
      -7.998667      -0.194377
      -7.474264      -2.398816
      -7.021614      -4.645833
      -6.716668      -6.731808
      -6.683037      -8.225957
      -6.799266      -8.731625
      -7.155958      -8.069703
      -7.544076      -6.634542
      -7.767802      -5.128553
      -7.886793      -3.931073
      -8.025081      -3.196949
      -8.161355      -2.812333
      -8.247830      -2.687928
      -8.323403      -2.651101
      -8.415514      -2.536856
      -8.533576      -2.332729
      -8.583394      -2.031034
      -8.673595      -1.649268
      -8.727148      -1.232594
      -8.783774      -0.765488
      -8.905181      -0.234471
      -9.069984       0.356117
      -9.254711       1.023594
      -9.384520       1.646533
      -9.435812       2.179605
      -9.457127       2.565441
      -9.401012       2.862734
      -9.308623       3.147786
      -9.213611       3.383678
      -9.145932       3.522854
      -9.103157       3.485451
      -9.094751       3.253638
      -9.060441       2.956142
      -9.004936       2.738931
      -8.981344       2.713316
      -8.959236       2.840395
      -8.825626       3.117620
      -8.358739       3.642460
      -7.931802       4.607852
      -7.772173       5.934114
      -7.763291       7.146398
      -7.648847       8.073765
      -7.398110       9.080461
      -7.058193      10.767793
      -6.731080      13.147993
      -6.585981      15.853432
      -6.402353      18.634610
      -6.107222      21.630127
      -5.790773      25.261932
      -5.472508      29.310189
      -4.899759      33.499541
      -3.753442      37.842541
      -2.297737      42.163325
      -1.268853      46.135462
      -0.837526      49.249163
      -0.911280      51.217220
      -1.305264      52.147063
      -1.705974      52.462823
      -1.835234      52.710094
      -1.387751      53.161170
      -0.556970      53.700261
      -0.101967      53.924918
       0.008896      53.874167
       0.027035      53.507029
       0.022304      53.080636
      -0.064952      52.719783
      -0.202594      52.297256
      -0.320113      51.788022
      -0.393836      51.132887
      -0.515166      50.240972
      -0.815033      48.750269
      -1.719314      45.866587
      -3.020850      40.946689
      -4.049541      34.859612
      -4.448605      29.113421
      -4.807463      23.792668
      -5.301722      18.972454
      -5.780149      14.684857
      -6.123067      10.992611
      -6.061488       8.318605
      -5.885608       6.664837
      -5.762805       5.822028
      -5.725009       5.503117
      -5.803138       5.446124
      -5.795455       5.544438
      -5.717746       5.659347
      -5.704756       5.775062
      -5.727070       5.856104
      -5.731935       5.932625
      -5.690218       6.029412
      -5.669515       6.185140
      -5.672717       6.443796
      -5.611960       6.802591
      -5.557935       7.266537
      -5.565916       7.727556
      -5.610455       8.147246
      -5.582284       8.490655
      -5.545187       8.744517
      -5.495926       8.913418
      -5.451478       9.044457
      -5.449049       9.173549
      -5.434891       9.247866
      -5.384935       9.337917
      -5.367214       9.408582
      -5.365817       9.462058
      -5.400816       9.502061
      -5.348653       9.538563
      -5.325160       9.581363
      -5.299545       9.599217
      -5.240267       9.491065
      -5.175717       8.975833
      -5.179961       8.170172
      -5.080394       7.376743
      -4.835726       6.529959
      -4.475121       5.313147
      -4.157382       3.461972
      -3.933411       1.292701
      -3.657670      -0.775645
      -3.238933      -2.862218
      -2.827241      -4.958936
      -2.459514      -6.879113
      -2.041048      -8.524372
      -1.574381      -9.939126
      -1.011513     -11.344671
      -0.400339     -12.609243
       0.086382     -13.026730
       0.387217     -11.310639
       0.354529      -7.193907
       0.387904      -1.862378
       0.562811       3.726796
       0.896001       9.354436
       1.242125      14.741305
       1.352582      20.367692
       1.779011      26.384085
       1.904339      32.330040
       2.163144      37.909692
       2.216494      42.706952
       2.225072      46.493730
       2.433427      49.788672
       2.667954      52.762482
       2.793069      55.229806
       2.903454      57.183568
       2.750313      58.368740
       2.579889      58.821769
       2.308714      58.905436
       1.998453      58.852907
       1.671201      58.758292
       1.498677      58.616443
       1.342538      58.342580
       1.158561      57.962489
       1.040351      57.513889
       0.928408      57.029974
       0.876634      56.554666
       0.839673      56.081742
       0.815802      55.573732
       0.741154      55.011157
       0.769327      54.460293
       0.726810      53.953050
       0.695193      53.430400
       0.639055      52.755143
       0.636023      51.888159
       0.611381      50.857207
       0.577107      49.673036
       0.424586      48.158091
       0.150584      46.121420
      -0.213187      43.505048
      -0.589062      40.485670
      -0.888697      37.516829
      -1.220521      34.660013
      -1.490820      31.847512
      -1.769459      29.125984
      -2.098064      26.387803
      -2.559680      23.558946
      -2.987292      20.848698
      -3.340530      18.208793
      -3.752733      15.674276
      -4.028035      13.298305
      -4.249795      11.033315
      -4.325932       8.824111
      -4.351765       6.770028
      -4.337426       4.966411
      -4.289152       3.389484
      -4.151146       2.059274
      -4.001547       0.868548
      -3.996943      -0.256319
      -3.997951      -1.275949
      -3.962307      -2.202511
      -3.876992      -3.053324
      -3.800315      -3.884153
      -3.787571      -4.626389
      -3.774149      -5.343658
      -3.704726      -6.005243
      -3.541147      -6.861589
      -3.400479      -8.234802
      -3.206049     -10.253849
      -2.920967     -12.951515
      -2.527026     -15.834706
      -2.123458     -18.751152
      -1.755575     -21.635492
      -1.414241     -24.675274
      -1.105369     -27.711912
      -0.622003     -30.585733
       0.248343     -33.332171
       1.525326     -36.183275
       2.825599     -39.348692
       3.726681     -42.585740
       4.327347     -45.625081
       4.698760     -48.427676
       4.934764     -51.011476
       5.175746     -53.409058
       5.385283     -55.632244
       5.703697     -57.717651
       6.027743     -59.733549
       6.318498     -61.612896
       6.603935     -63.292027
       6.844778     -64.698884
       6.977912     -65.824717
       7.049154     -66.719915
       7.072476     -67.338929
       7.065471     -67.652411
       7.142317     -67.642881
       7.301614     -67.646155
       7.555459     -67.813771
       7.715006     -68.034906
       7.827693     -68.151008
       7.979695     -68.152597
       8.115039     -68.113391
       8.291385     -68.002888
       8.480920     -67.734616
       8.708239     -67.241880
       8.892883     -66.574297
       9.024989     -65.613787
       9.143017     -64.333072
       9.177122     -62.061729
       9.242993     -58.128783
       9.247533     -52.571280
       9.200048     -46.262167
       9.080792     -39.965735
       8.712799     -33.487984
       8.173296     -26.798044
       7.279258     -19.845843
       6.361185     -13.713558
       5.656984      -9.153141
       5.078908      -6.140308
       4.368197      -4.075516
       3.872465      -2.914075
       3.592788      -2.142014
       3.410143      -1.961263
       3.183372      -2.120728
       2.957837      -2.705766
       2.809498      -3.483041
       2.766043      -4.291738
       2.773018      -5.067038
       2.724363      -5.737831
       2.614206      -6.364206
       2.529428      -6.936510
       2.476398      -7.645463
       2.543596      -8.472990
       2.698044      -9.574732
       2.798899     -10.979679
       2.973549     -12.706538
       3.228989     -14.909497
       3.654964     -17.690910
       4.037992     -20.823805
       4.312105     -24.017514
       4.549886     -27.069753
       4.897250     -29.884075
       5.372615     -32.591710
       5.843023     -35.177903
       6.282494     -37.576750
       6.851393     -39.739410
       7.705738     -41.522309
       8.794859     -43.000739
      10.043776     -44.198141
      11.166218     -45.291063
      12.193561     -46.385268
      13.294723     -47.371064
      14.532162     -48.171808
      15.778729     -48.481521
      16.807498     -48.387795
      17.659997     -48.012721
      18.458043     -47.577250
      19.064952     -47.057427
      19.689363     -46.258616
      20.290537     -44.918330
      20.843217     -43.063307
      21.318527     -40.771355
      21.688093     -38.338494
      22.060799     -35.636214
      22.633763     -32.654334
      23.229428     -29.392804
      23.790213     -26.016699
      24.205396     -22.644881
      24.349842     -19.177623
      24.186136     -15.411591
      24.095513     -11.301822
      24.161700      -7.005840
      24.454914      -2.452923
      24.983943       2.113956
      25.833871       6.859543
      26.749860      11.451526
      27.553503      15.829583
      28.144357      20.112793
      28.597892      24.414088
      28.792413      28.738291
      28.725189      33.296875
      28.514142      38.024349
      28.101909      42.921409
      27.765726      47.807783
      27.678841      52.593554
      27.692783      57.325267
      27.581980      61.961470
      27.166330      66.072639
      26.670088      69.329458
      26.177246      71.628282
      25.682745      72.989254
      25.245314      73.821476
      24.822039      74.385979
      24.366645      74.895505
      23.827146      75.357252
      23.244514      75.773980
      22.414167      76.131166
      20.768370      76.591519
      17.907525      77.065346
      14.348055      77.536458
      11.060065      77.941747
       8.211545      78.345556
       5.584222      78.758762
       3.009076      79.243639
       0.860043      79.930645
      -0.786949      80.711043
      -2.038098      81.490876
      -3.186176      82.251040
      -4.281118      82.907165
      -5.233846      83.353662
      -6.221520      83.764303
      -7.572582      84.442383
      -9.166046      85.322009
     -10.512574      85.766155
     -11.378271      85.519437
     -11.949528      84.973489
     -12.479675      84.575805
     -13.051518      84.319073
     -13.481107      83.966278
     -13.598792      83.432977
     -13.495481      83.000381
     -13.315101      82.542422
     -13.169820      81.982116
     -13.088413      81.335476
     -12.976823      80.576843
     -12.765761      79.642279
     -12.655165      78.328056
     -12.676002      76.222118
     -12.965290      72.438643
     -13.365431      65.481850
     -13.306826      57.058621
     -12.873718      49.907183
     -12.355278      43.663329
     -12.002160      38.638578
     -11.794872      34.161119
     -11.579683      30.003116
     -11.289551      26.449747
     -10.995821      23.739535
     -10.783550      21.605471
     -10.704656      19.778394
     -10.721391      17.916703
     -10.732662      16.110540
     -10.547616      14.520222
     -10.218291      13.183695
      -9.826297      11.873657
      -9.480703      10.261373
      -9.171659       7.857856
      -8.971609       4.898217
      -8.795550       1.946587
      -8.652767      -0.712888
      -8.502566      -3.036810
      -8.354316      -5.129789
      -8.306720      -6.842199
      -8.292312      -8.012687
      -8.299205      -8.536595
      -8.381014      -8.485862
      -8.455962      -8.235090
      -8.534414      -7.914413
      -8.614666      -7.608526
      -8.737981      -7.270116
      -8.874629      -6.941159
      -8.935631      -6.606542
      -8.928112      -6.357008
      -8.925567      -6.322539
      -8.910398      -6.450907
      -8.871876      -6.664325
      -8.829930      -6.958881
      -8.739481      -7.281010
      -8.636660      -7.639472
      -8.595344      -7.932607
      -8.497344      -8.335366
      -8.290847      -9.208771
      -7.952560     -11.107946
      -7.573949     -13.532337
      -7.145264     -15.651035
      -6.802538     -17.308203
      -6.671687     -18.218830
      -6.645134     -18.676105
      -6.512898     -19.442972
      -6.240694     -21.157643
      -5.868533     -23.874043
      -5.479747     -26.694609
      -4.937154     -29.227546
      -4.447310     -31.647228
      -4.190649     -34.030973
      -4.083387     -36.432992
      -4.093830     -38.656700
      -3.993808     -40.876228
      -3.711386     -43.502382
      -3.337500     -46.726071
      -3.031324     -50.243032
      -2.825126     -53.297847
      -2.572768     -55.693486
      -2.323521     -57.612603
      -2.180605     -59.723359
      -2.476357     -62.728355
      -3.451146     -65.835306
      -5.006955     -68.012258
      -6.391426     -69.572178
      -7.525664     -70.862179
      -8.753228     -72.159966
     -10.147522     -73.250650
     -11.692036     -74.034714
     -13.020323     -74.525390
     -14.370739     -74.688994
     -15.937818     -74.756332
     -17.886836     -74.949423
     -19.856113     -75.165521
     -21.478731     -75.593741
     -22.759618     -76.201933
     -23.965627     -76.760981
     -25.192450     -77.086863
     -26.177418     -77.288857
     -27.039217     -77.527201
     -27.890908     -77.759512
     -28.479154     -78.079264
     -28.598977     -78.447645
     -28.362899     -78.881465
     -27.916230     -79.372267
     -27.512738     -79.940116
     -27.272762     -80.325978
     -27.134915     -80.394078
     -27.099495     -80.134519
     -26.995793     -79.505238
     -26.725978     -78.288005
     -26.493300     -75.562661
     -26.262479     -70.612353
     -26.093025     -64.102330
     -25.690261     -57.693871
     -25.371473     -53.015940
     -25.132585     -50.058513
     -25.130091     -48.540019
     -25.134936     -48.443213
     -25.106386     -48.838143
     -24.949745     -49.308497
     -24.843391     -49.578183
     -24.786903     -49.730077
     -24.803954     -49.659572
     -24.746971     -49.396822
     -24.637654     -49.172913
     -24.436292     -49.125533
     -24.183362     -49.314189
     -23.829995     -49.617991
     -23.380079     -50.292180
     -22.828301     -51.466084
     -22.123540     -52.863707
     -21.411957     -54.058384
     -20.744056     -54.617223
     -20.031037     -54.596348
     -19.495301     -54.184866
     -19.248515     -53.506884
     -19.185292     -52.601831
     -19.729715     -51.335323
     -20.880436     -49.424298
     -21.834948     -47.673190
     -22.332696     -46.628372
     -22.603710     -46.117816
     -22.885772     -45.198221
     -23.101082     -43.524564
     -23.261254     -42.486521
     -23.369908     -42.077020
     -23.431940     -42.239128
     -23.455528     -42.590111
     -23.488055     -42.988538
     -23.733068     -43.356224
     -24.629424     -43.480190
     -26.439923     -42.781211
