       6.744219      17.268436
       6.804598      17.286393
       6.823527      17.289992
       6.771890      17.257184
       6.785728      17.231536
       6.786303      17.235513
       6.792162      17.265339
       6.812350      17.278421
       6.855444      17.274752
       6.884230      17.264454
       6.857025      17.246110
       6.711854      17.097217
       6.239075      16.583507
       5.652972      15.816781
       5.168492      14.898202
       4.816185      14.007107
       4.520768      13.122129
       4.255379      12.333765
       4.004325      11.585924
       3.796865      10.842517
       3.518639      10.104402
       3.218380       9.342203
       2.895672       8.506418
       2.640895       7.711382
       2.418226       6.989776
       2.272300       6.398252
       2.152501       5.938695
       2.123161       5.601242
       2.139627       5.343752
       2.172200       5.124226
       2.168495       4.962342
       2.183760       4.860710
       2.231109       4.793039
       2.271812       4.718648
       2.283594       4.628264
       2.295752       4.487765
       2.385614       4.300602
       2.450453       4.025634
       2.428967       3.718255
       2.381767       3.436572
       2.364131       3.197776
       2.432440       3.030554
       2.506330       2.950624
       2.561913       2.927478
       2.596942       2.964692
       2.613402       3.037772
       2.637652       3.078252
       2.627149       3.108884
       2.629190       3.124706
       2.626235       3.175663
       2.578887       3.220706
       2.611730       3.263336
       2.671283       3.272998
       2.765791       3.291814
       2.806352       3.311829
       2.759807       3.373177
       2.655806       3.463070
       2.581300       3.556102
       2.561335       3.610323
       2.553978       3.615445
       2.532419       3.610513
       2.477915       3.644480
       2.497860       3.664029
       2.553773       3.660414
       2.553580       3.610356
       2.502504       3.517414
       2.516517       3.403447
       2.560245       3.236477
       2.547895       3.004722
       2.537100       2.809039
       2.582099       2.770214
       2.574098       2.902629
       2.583936       3.032487
       2.638214       3.131989
       2.708914       3.155260
       2.749532       3.211475
       2.789126       3.282270
       2.829858       3.337163
       2.892073       3.346798
       2.911998       3.305341
       2.937128       3.250059
       2.940165       3.270741
       2.953468       3.432990
       2.992738       3.660341
       3.037917       3.936181
       3.080447       4.228276
       3.081376       4.438893
       3.081923       4.465588
       3.069629       4.403222
       3.059230       4.298013
       3.053666       4.238281
       3.012568       4.180417
       2.965885       4.180437
       2.918545       4.175421
       2.867343       4.139750
       2.759125       3.940802
       2.667584       3.522506
       2.665463       3.021663
       2.684544       2.582134
       2.746604       2.349063
       2.761204       2.215404
       2.711728       2.121167
       2.580153       2.001400
       2.409789       1.826952
       2.182687       1.456571
       1.892739       0.892108
       1.648224       0.319416
       1.579853       0.001012
       1.547561       0.174776
       1.504466       0.744166
       1.477465       1.520297
       1.446698       2.372093
       1.413608       3.277388
       1.299529       4.257390
       0.973562       5.451940
       0.211200       6.998824
      -1.116078       8.936554
      -2.907242      11.426123
      -4.782892      14.463907
      -6.655585      17.777029
      -8.426510      20.835630
     -10.376494      23.259175
     -12.405128      24.876370
     -13.633370      25.628628
     -14.204251      25.808163
     -14.693461      25.799260
     -15.222441      25.661126
     -15.924218      25.250674
     -16.624553      24.611222
     -17.436100      23.600267
     -18.018371      22.406083
     -18.416468      21.173647
     -18.643761      19.972191
     -18.651997      19.000342
     -18.673636      18.122584
     -19.026798      16.972717
     -19.564849      15.618605
     -20.381994      14.106086
     -21.406269      12.441797
     -22.299920      10.942512
     -22.960143       9.700056
     -23.211275       8.931249
     -23.053072       8.498174
     -22.825436       8.402450
     -22.729405       8.516954
     -22.635706       8.820526
     -22.443533       9.348833
     -21.908546      10.183503
     -21.115152      11.618345
     -20.255015      13.796012
     -19.567593      16.129229
     -19.019818      18.203383
     -18.510115      19.919593
     -17.983772      21.426654
     -17.165803      23.443142
     -16.183261      26.061556
     -15.509141      28.578969
     -15.007543      30.077861
     -14.491425      30.856624
     -13.924070      31.462467
     -13.293716      32.020087
     -12.551114      32.438126
     -11.575104      32.729499
     -10.197534      33.027014
      -8.455213      33.271208
      -6.799828      33.471618
      -5.581003      33.534254
      -4.450231      33.368397
      -3.411337      32.926000
      -2.456970      32.108118
      -1.505540      30.956729
      -0.723599      29.128473
      -0.080588      26.662244
       0.565245      24.059132
       1.208976      21.636232
       1.866571      19.492166
       2.636206      17.487482
       3.323709      15.807870
       3.943201      14.611243
       4.481766      13.832504
       5.058045      13.301582
       5.517939      12.897178
       5.665077      12.506089
       5.817639      12.017944
       6.155711      11.378731
       6.731827      10.630635
       7.448234       9.793596
       8.380506       8.891004
       9.658611       7.898487
      11.100198       6.877918
      12.288493       5.896815
      13.252226       4.870036
      14.013381       3.721472
      14.562929       2.325060
      14.879248       0.955280
      15.131502      -0.304625
      15.327080      -1.444909
      15.557351      -2.618620
      15.849172      -4.030595
      16.199905      -5.488402
      16.518869      -6.821661
      16.752726      -7.680258
      16.954653      -8.108399
      17.089767      -8.041029
      17.158521      -7.596434
      17.212929      -6.968958
      17.329767      -6.404338
      17.534078      -5.969040
      17.788121      -5.720743
      18.023204      -5.608774
      18.243928      -5.566574
      18.408137      -5.460438
      18.542515      -5.250658
      18.644554      -4.910092
      18.726198      -4.526189
      18.752606      -4.147758
      18.776052      -3.879060
      18.772740      -3.720425
      18.816222      -3.628988
      18.862675      -3.515237
      18.899477      -3.412597
      18.927590      -3.296247
      18.680988      -3.144100
      17.761364      -2.799909
      16.261260      -2.312581
      14.799336      -1.764227
      13.583266      -1.197251
      12.297654      -0.678826
      11.144455      -0.244176
      10.053770       0.092672
       9.165351       0.351348
       8.683949       0.551297
       8.468014       0.700175
       8.383204       0.747852
       8.285321       0.693422
       8.135829       0.575835
       7.950836       0.399163
       7.816150       0.004812
       7.764021      -1.089460
       7.667886      -3.527015
       7.339175      -6.639374
       7.015153      -9.897008
       6.768960     -13.408743
       6.455916     -16.999108
       6.017398     -20.850145
       5.478214     -24.714512
       4.953858     -28.614775
       4.398213     -32.508835
       3.936671     -36.222041
       3.485963     -39.728565
       3.247200     -42.859322
       3.102951     -45.652173
       2.987968     -48.008437
       2.946812     -50.192834
       3.046833     -52.621885
       3.051052     -55.585068
       2.869886     -58.651564
       2.688238     -61.560227
       2.537878     -64.341606
       2.288478     -67.062156
       1.882797     -69.549146
       1.483402     -71.621847
       1.170001     -73.375208
       0.893275     -74.936595
       0.644122     -76.447227
       0.433632     -77.947328
       0.265946     -79.535079
       0.065733     -81.100163
      -0.183591     -82.678526
      -0.370344     -84.023251
      -0.548453     -85.225889
      -0.641215     -86.197750
      -0.721619     -87.053995
      -0.801380     -87.774466
      -0.779948     -88.586356
      -0.547600     -89.673242
      -0.355250     -91.068033
      -0.128296     -92.545054
       0.180344     -94.175838
       0.594886     -96.004313
       1.000611     -98.087102
       1.091214    -100.409070
       0.996447    -102.937539
       0.924477    -105.627738
       0.938703    -108.134710
       0.990276    -110.428973
       1.128064    -112.657716
       1.188745    -114.836819
       1.316202    -116.933140
       1.571341    -119.017998
       1.944390    -120.925662
       2.206798    -122.642299
       2.392825    -124.198217
       2.540425    -125.845428
       2.635514    -127.469131
       2.638674    -128.892841
       2.430383    -130.145186
       2.064378    -131.310347
       1.802292    -132.510469
       1.740649    -133.800358
       1.856109    -135.085760
       2.143402    -136.269436
       2.353149    -137.294782
       2.528397    -138.304830
       2.502817    -139.434865
       2.256081    -140.931216
       1.832355    -142.452737
       1.454310    -143.793004
       1.269262    -144.831115
       1.241413    -145.671224
       1.302623    -146.512383
       1.400151    -147.427835
       1.454756    -148.334593
       1.524561    -149.154886
       1.599751    -149.732046
       1.579539    -150.080032
       1.635414    -150.282618
       1.946998    -150.444474
       2.358756    -150.610642
       2.855105    -150.699691
       3.248878    -150.824876
       3.736253    -151.035826
       4.437882    -151.353728
       5.222533    -151.682519
       6.080363    -151.890594
       6.852186    -152.033945
       7.637526    -152.124402
       8.420314    -152.256280
       9.121094    -152.388284
       9.576531    -152.405983
       9.611624    -152.387992
       9.044868    -152.469717
       7.404439    -152.759992
       5.179000    -153.249133
       3.069103    -153.808623
       1.359969    -154.257393
      -0.313903    -154.412915
      -1.893906    -154.303923
      -3.420966    -154.195300
      -5.092741    -154.042605
      -6.973907    -153.901800
      -8.951163    -153.681146
     -10.640286    -153.597906
     -12.192428    -153.715184
     -13.813355    -153.994132
     -15.257450    -154.435111
     -16.394773    -154.845180
     -17.057642    -155.097221
     -17.585602    -155.074305
     -18.296646    -154.882841
     -18.964857    -154.631053
     -19.389700    -154.441532
     -19.517904    -154.355990
     -19.514188    -154.251856
     -19.542849    -154.015765
     -19.425040    -153.705373
     -19.179504    -153.340552
     -18.863805    -153.020202
     -18.490816    -152.778954
     -18.141432    -152.681405
     -17.704202    -152.721038
     -17.262296    -152.856452
     -16.926370    -153.085403
     -16.604876    -153.324932
     -16.264907    -153.566151
     -15.884505    -153.861021
     -15.361477    -154.255547
     -14.789958    -154.809627
     -14.219565    -155.516615
     -13.565709    -156.487650
     -13.047903    -157.528132
     -12.667173    -158.364531
     -12.500237    -158.664121
     -12.414484    -158.112373
     -12.088276    -156.607094
     -11.519850    -153.970362
     -10.837339    -150.197378
     -10.180469    -145.487541
      -9.530756    -140.176862
      -8.622298    -134.927751
      -7.660452    -130.081092
      -6.884180    -125.671993
      -6.293865    -120.790257
      -5.671600    -115.347030
      -5.028128    -109.567639
      -4.473572    -104.001781
      -3.944619     -98.493917
      -3.402453     -92.886571
      -2.810152     -87.563321
      -2.217504     -82.582357
      -1.576692     -77.916695
      -1.078116     -73.645866
      -0.691272     -69.639550
      -0.423364     -65.745140
      -0.056081     -61.940454
       0.078853     -58.176892
       0.339735     -54.472188
       0.707903     -50.523981
       1.097232     -46.454320
       1.405763     -42.040224
       1.704655     -36.931327
       2.146797     -31.221289
       2.535358     -25.286371
       2.791112     -19.506158
       3.176245     -13.997190
       3.492851      -8.614575
       3.629423      -3.166423
       3.746627       2.166126
       4.041938       7.552956
       4.294916      12.696141
       4.265706      17.622569
       4.074661      22.321670
       3.776222      26.913782
       3.628658      31.209435
       3.472162      34.858570
       3.410958      38.084086
       3.262996      41.280357
       3.191652      44.841439
       3.287487      48.664319
       3.766546      52.401658
       4.302094      55.816612
       4.740482      58.863486
       5.079675      61.802879
       5.391267      64.717438
       5.739367      67.555921
       6.142840      70.145088
       6.348236      72.496480
       6.639422      74.609072
       6.908206      76.416001
       7.151209      77.972832
       7.391786      79.243998
       7.644568      80.561602
       7.858683      81.894612
       8.042130      83.331970
       8.320459      84.853073
       8.611919      86.536527
       8.754620      88.336521
       8.644834      89.914101
       8.561848      90.947287
       8.743165      91.544420
       8.798393      91.981600
       8.793167      92.238945
       8.877560      92.351035
       9.114182      92.458861
       9.444907      92.851649
       9.728130      93.485937
       9.939082      94.136827
       9.926976      94.667932
       9.817556      95.042322
       9.749570      95.387743
       9.759416      95.869987
       9.916503      96.442388
      10.135154      96.954318
      10.368071      97.346163
      10.488666      97.675090
      10.550865      98.130495
      10.617459      98.797947
      10.688225      99.552233
      10.791372     100.281573
      10.832543     100.960527
      10.739686     101.767716
      10.646717     102.636520
      10.611645     103.605312
      10.618825     104.576717
      10.617481     105.610282
      10.625853     106.668287
      10.589346     107.785140
      10.499012     108.903149
      10.394143     110.039324
      10.267502     111.197937
      10.127092     112.324903
       9.986495     113.325042
       9.880677     114.169047
       9.784020     114.929336
       9.617340     115.649292
       9.432111     116.435441
       9.301667     117.182635
       9.282910     118.046719
       9.259408     119.142405
       9.188467     120.505529
       9.088542     122.097924
       9.082760     123.420812
       9.223514     124.257278
       9.345552     124.529029
       9.463482     124.606518
       9.538336     124.635281
       9.607517     124.648347
       9.743441     124.443409
      10.138794     124.021868
      10.533769     123.382499
      10.997276     122.540865
      11.644479     121.477555
      12.590128     120.128313
      13.752221     118.437379
      14.783497     116.390960
      15.685977     113.989278
      16.490650     111.087168
      17.346605     107.413218
      18.451278     103.181935
      20.048291      98.470671
      22.152935      93.412683
      24.962611      88.130466
      27.959679      82.740511
      30.676880      77.362261
      33.142980      72.032047
      35.107879      66.990262
      36.801183      62.209363
      38.320008      57.730872
      39.705778      53.650132
      41.043791      49.790537
      42.240814      46.128672
      43.267501      42.518650
      44.024313      39.192388
      44.374713      36.152112
      44.255920      33.411401
      43.527434      30.889736
      42.583608      28.688366
      41.003147      26.752432
      39.415520      24.864390
      38.006058      23.086676
      36.886706      21.517993
      35.564070      20.057247
      34.397848      18.670122
      32.659247      17.332532
      30.904830      15.893337
      28.919189      14.528213
      26.587154      13.038521
      23.521387      11.331268
      20.040762       9.419934
      16.507686       7.399154
      13.144156       5.517622
      10.165524       3.883005
       7.549608       2.648681
       5.310101       1.776020
       3.442565       1.122693
       2.061091       0.553358
       1.312911       0.257587
       0.921448       0.295045
       0.532383       0.754803
       0.417133       1.618287
       0.501781       2.805531
       0.654881       4.018188
       0.766368       5.053948
       0.866735       5.835406
       0.897057       6.303480
       1.041667       6.613973
       1.613723       6.932378
       2.430039       7.274480
       3.409325       7.657844
       4.418071       8.051937
       5.588535       8.909965
       6.917908      10.798787
       8.167549      14.197572
       9.088689      18.580233
       9.861663      22.688759
      10.521203      26.081375
      10.886390      28.551998
      11.092052      30.285389
      11.218040      31.285360
      11.223547      31.854397
      11.062035      32.024876
      10.698366      31.962393
      10.563442      31.880768
      10.738531      31.993118
      10.917689      32.242056
      11.007579      32.799314
      10.997662      33.675893
      10.904093      34.966938
      10.680483      36.689909
      10.612395      38.743050
      10.656896      40.956350
      10.822602      43.151603
      10.908918      45.099813
      11.019669      46.799548
      11.095660      48.073084
      11.160625      49.063382
      11.305424      49.712368
      11.429138      50.147295
      11.490283      50.502305
      11.385901      50.753549
      11.279225      50.922418
      11.137187      51.008066
      10.941950      50.810318
      10.809187      50.244081
      10.647640      49.382625
      10.577125      48.218333
      10.415843      46.766384
      10.480349      45.323324
      10.522990      43.927498
      10.645526      42.544266
      10.790666      41.059236
      10.944886      39.410925
      11.130006      37.749107
      11.404843      36.299015
      11.576457      34.989885
      11.680415      34.065909
      11.792042      33.397282
      11.898668      32.875868
      12.001744      32.449089
      12.143263      32.113969
      12.331018      31.970592
      12.498635      32.169679
      12.628233      32.655077
      12.746112      33.214633
      12.957548      33.707961
      13.167820      34.059685
      13.345783      34.361146
      13.608188      34.855955
      14.247698      36.206224
      15.421959      39.178329
      16.462037      42.631692
      16.973234      45.486855
      17.271045      47.462745
      17.618769      48.813600
      17.989849      49.755052
      18.621955      50.529868
      19.748809      51.341083
      21.176474      52.198091
      22.364026      52.956879
      23.274929      53.520367
      23.975477      53.938833
      24.649175      54.334855
      25.070301      54.533989
      25.240362      54.609083
      25.349033      54.497250
      25.472237      54.315767
      25.719772      54.225014
      26.181753      54.244034
      26.941887      54.564850
      28.107570      55.362650
      29.266230      56.760540
      30.339742      58.882025
      31.080411      61.114090
      31.522184      63.090534
