       9.089061      14.390980
       9.156679      14.454882
       9.249327      14.476663
       9.312600      14.446824
       9.358129      14.408876
       9.387883      14.374656
       9.416622      14.344251
       9.412324      14.326630
       9.394875      14.318713
       9.358771      14.329750
       9.326508      14.326819
       9.289637      14.330628
       9.280279      14.309045
       9.305081      14.303706
       9.340037      14.309641
       9.416308      14.344650
       9.472522      14.388022
       9.551696      14.469465
       9.836395      14.718418
      10.300336      15.366949
      10.811094      16.178523
      11.412221      16.821385
      11.931646      17.153080
      12.382999      17.226314
      12.812592      17.181422
      13.300220      17.121377
      13.889104      17.106009
      14.565330      17.248551
      15.245054      17.582886
      15.770167      18.065089
      16.187296      18.656358
      16.483286      19.267871
      16.687204      19.811705
      16.841464      20.188564
      17.033706      20.356810
      17.242483      20.377778
      17.446835      20.294622
      17.561711      20.194584
      17.598763      20.153189
      17.589697      20.166846
      17.601552      20.209635
      17.662920      20.241124
      17.780232      20.221144
      17.901413      20.152766
      18.030234      20.039350
      18.142273      19.915824
      18.186902      19.826496
      18.200979      19.782679
      18.221372      19.783271
      18.290990      19.806900
      18.398626      19.826618
      18.508192      19.855527
      18.626574      19.898131
      18.672284      19.934453
      18.686322      19.975725
      18.718342      20.022520
      18.723569      20.084634
      18.768363      20.140771
      18.815924      20.172751
      18.825943      20.177214
      18.785252      20.187617
      18.716769      20.178590
      18.619764      20.064587
      18.488910      19.805112
      18.463668      19.465366
      18.426813      19.217214
      18.402328      19.107707
      18.376391      19.138815
      18.372499      19.247142
      18.391939      19.361497
      18.411879      19.467297
      18.469089      19.542993
      18.528618      19.582103
      18.560420      19.574801
      18.545215      19.529049
      18.512444      19.475412
      18.479108      19.443609
      18.477305      19.414693
      18.439149      19.344950
      18.379131      19.176372
      18.265555      18.817181
      18.185974      18.263178
      18.144754      17.644955
      18.182544      17.143181
      18.249802      16.783890
      18.344186      16.574246
      18.443488      16.474602
      18.544372      16.456955
      18.634740      16.493401
      18.725756      16.519606
      18.819458      16.459020
      18.911529      16.304600
      18.988759      16.021906
      19.050431      15.612993
      19.141841      15.103563
      19.264883      14.600940
      19.499676      14.009093
      19.754731      13.241664
      19.982119      12.289118
      20.221158      11.225180
      20.517682      10.208287
      20.896581       9.325963
      21.343956       8.599803
      21.808242       8.039528
      22.254077       7.659370
      22.642486       7.445337
      22.940632       7.339007
      23.157610       7.230339
      23.293969       7.091979
      23.373116       6.950299
      23.430988       6.805543
      23.414950       6.657775
      23.364536       6.516427
      23.342420       6.406539
      23.379566       6.350442
      23.448864       6.323228
      23.439861       6.282889
      23.410391       6.202193
      23.410549       6.113109
      23.429586       6.042965
      23.461915       6.007014
      23.502590       5.991127
      23.525901       5.985623
      23.525539       5.963206
      23.490406       5.924985
      23.459100       5.860518
      23.418981       5.802034
      23.395852       5.758575
      23.380290       5.752439
      23.383993       5.756568
      23.399976       5.763682
      23.388627       5.757076
      23.381648       5.718520
      23.398246       5.647391
      23.422226       5.566149
      23.440500       5.498541
      23.461210       5.441199
      23.479300       5.376596
      23.482499       5.321159
      23.476454       5.304872
      23.473958       5.341031
      23.499409       5.373389
      23.496873       5.404392
      23.499979       5.441660
      23.490241       5.462898
      23.512486       5.448480
      23.538199       5.413420
      23.553717       5.363624
      23.581135       5.279122
      23.593190       5.151922
      23.597885       4.990039
      23.598616       4.802995
      23.559121       4.602753
      23.552743       4.431960
      23.552389       4.345254
      23.558703       4.347403
      23.566919       4.384478
      23.569918       4.410615
      23.570644       4.427019
      23.557559       4.453144
      23.549244       4.459512
      23.562948       4.468376
      23.558662       4.470969
      23.533068       4.478417
      23.527385       4.475058
      23.508848       4.465492
      23.485904       4.442959
      23.460297       4.419013
      23.443895       4.406483
      23.439869       4.368653
      23.458981       4.304581
      23.494134       4.258414
      23.532733       4.216176
      23.542087       4.191142
      23.551682       4.181102
      23.537305       4.179390
      23.571526       4.181095
      23.599995       4.181870
      23.616669       4.188420
      23.621672       4.177007
      23.621793       4.150179
      23.581092       4.126148
      23.550599       4.122720
      23.517647       4.127658
      23.513195       4.127663
      23.535797       4.092760
      23.561285       4.044415
      23.594764       3.950266
      23.602261       3.849451
      23.578826       3.761262
      23.560065       3.706459
      23.569401       3.686126
      23.616400       3.680691
      23.660135       3.694502
      23.700477       3.716734
      23.735839       3.729657
      23.747182       3.741217
      23.738651       3.759843
      23.726487       3.806416
      23.724590       3.863575
      23.744540       3.899439
      23.776273       3.910999
      23.797644       3.889268
      23.798657       3.863493
      23.785040       3.856419
      23.768762       3.848102
      23.749939       3.822937
      23.731455       3.743178
      23.685850       3.607822
      23.636945       3.421778
      23.562895       3.215090
      23.452133       2.990341
      23.316733       2.735167
      23.204563       2.459173
      23.138005       2.208553
      23.114934       2.018019
      23.089993       1.884552
      23.057747       1.785662
      23.016652       1.719643
      22.959929       1.657602
      22.872590       1.544401
      22.810333       1.332409
      22.776992       0.932721
      22.702488      -0.022771
      22.586201      -1.761778
      22.486641      -4.225736
      22.294898      -7.196068
      21.945508     -10.284855
      21.478059     -13.159457
      21.014276     -15.680657
      20.687233     -17.893099
      20.484887     -19.874051
      20.358345     -21.761728
      20.281943     -23.622988
      20.240162     -25.476159
      20.180859     -27.209096
      20.069415     -28.671084
      19.939311     -29.856781
      19.790237     -30.798245
      19.767492     -31.562322
      19.842309     -32.201631
      19.953403     -32.765220
      20.098496     -33.321036
      20.198883     -33.897832
      20.158138     -34.534561
      19.797074     -35.189815
      19.133063     -35.773422
      18.337964     -36.221058
      17.536346     -36.448806
      16.731350     -36.339008
      15.983701     -35.905084
      15.296096     -35.301679
      14.563737     -34.798169
      13.571064     -34.534925
      12.540380     -34.582439
      11.672557     -34.860287
      10.924019     -35.121843
      10.127465     -35.131006
       9.144570     -34.710106
       8.080988     -33.789693
       7.308756     -32.606026
       6.832278     -31.376029
       6.504572     -30.115116
       6.315074     -28.927528
       6.289490     -27.970058
       6.366877     -27.301032
       6.392571     -26.909435
       6.304351     -26.759384
       6.149145     -26.826011
       6.006027     -26.987463
       5.884600     -27.131823
       5.789825     -27.200825
       5.756858     -27.267303
       5.763776     -27.453101
       5.867613     -28.007547
       6.079456     -29.387901
       6.329054     -31.795207
       6.567759     -34.893723
       6.839241     -38.145869
       7.176707     -41.186145
       7.583028     -43.898564
       8.031082     -46.308906
       8.520928     -48.386605
       8.943084     -50.164625
       9.274338     -51.741516
       9.591776     -53.353042
       9.833023     -55.077436
       9.919430     -56.814385
       9.796688     -58.393282
       9.562088     -59.656443
       9.341324     -60.437453
       9.179771     -60.825301
       9.071838     -60.972852
       8.982358     -61.053362
       8.983589     -61.036217
       9.015062     -60.833757
       9.058845     -60.370858
       9.226539     -59.860132
       9.431470     -59.378330
       9.586805     -58.971040
       9.697849     -58.485726
       9.784975     -57.940384
       9.901150     -57.461239
      10.071342     -57.176200
      10.340651     -57.152386
      10.748004     -57.480822
      11.115740     -57.477816
      11.381100     -56.721810
      11.664780     -55.534259
      11.990882     -54.157443
      12.364772     -52.734355
      12.809559     -51.244521
      13.260965     -49.646259
      13.649380     -47.957958
      14.000802     -46.127695
      14.293723     -44.097503
      14.539269     -41.989375
      14.792958     -39.874773
      15.014853     -37.467562
      15.209995     -34.485206
      15.573623     -31.105961
      16.471466     -27.659291
      18.247316     -23.845420
      19.283629     -20.354537
      20.102312     -17.440403
      20.911713     -14.943716
      21.768040     -12.642860
      22.639116     -10.577688
      23.316877      -8.876997
      23.778034      -7.509519
      24.098029      -6.352372
      24.443808      -5.308127
      24.782607      -4.240799
      25.126473      -3.101082
      25.402451      -1.863503
      25.848396      -0.750787
      26.258693       0.199402
      26.630005       1.044202
      26.960339       1.843800
      27.108211       2.795132
      27.108942       3.957260
      27.042325       5.331124
      26.944197       6.916366
      26.809385       8.654402
      26.591802      10.517885
      26.393021      12.423881
      26.201652      14.289530
      26.018866      16.064832
      25.719250      17.857159
      25.111707      19.849716
      24.284969      22.078192
      23.260812      24.526501
      22.218446      27.031815
      21.248851      29.536900
      20.476021      32.073687
      19.984928      34.629926
      19.826854      37.137233
      19.887901      39.555035
      20.064943      41.835073
      20.228973      44.008581
      20.264020      46.034950
      20.092832      47.992297
      19.803098      49.901913
      19.385562      51.701703
      18.880537      53.509992
      18.296883      55.438969
      17.760475      57.460394
      17.313119      59.407089
      16.958079      61.220002
      16.652879      62.848455
      16.472558      64.323076
      16.359857      65.576125
      16.387060      66.563184
      16.554657      67.265170
      16.857412      67.670275
      17.217990      67.817447
      17.546162      67.773486
      17.725099      67.860359
      17.574368      68.141396
      17.315155      68.403117
      16.988648      68.562656
      16.708190      68.560518
      16.412532      68.471999
      16.098416      68.362017
      15.906078      68.255323
      15.777673      68.077186
      15.641034      67.877927
      15.473880      67.774006
      15.312128      67.870559
      15.149554      68.125310
      15.010751      68.408163
      14.959628      68.677174
      14.968681      68.866968
      15.043127      68.912133
      15.169582      68.843129
      15.322430      68.736804
      15.459363      68.678311
      15.622117      68.653851
      15.798611      68.633981
      15.995593      68.611561
      16.220144      68.593809
      16.446222      68.562743
      16.726952      68.508947
      17.107883      68.427990
      17.498801      68.318401
      17.793235      68.222892
      18.038304      68.151353
      18.253114      68.148929
      18.445256      68.261705
      18.600732      68.437655
      18.678559      68.606796
      18.777871      68.719222
      18.916723      68.819893
      18.997561      68.978830
      19.053664      69.211126
      19.145100      69.590207
      19.204853      70.107500
      19.259339      70.645172
      19.233940      71.025123
      19.090232      71.272680
      18.967701      71.416186
      18.824768      71.580047
      18.623037      71.885336
      18.246160      72.347705
      17.787165      72.901041
      17.468009      73.475243
      17.180287      74.022708
      16.855996      74.516108
      16.559922      74.997342
      16.282566      75.513930
      16.044471      76.091178
      15.774846      76.802586
      15.454945      77.575246
      15.141600      78.261442
      14.845860      78.742088
      14.606293      78.999151
      14.458960      79.075935
      14.358952      79.078709
      14.290329      79.144531
      14.254414      79.411876
      14.309730      79.962677
      14.259736      80.724346
      14.073860      81.614915
      13.869072      82.401763
      13.649222      82.983275
      13.417765      83.322149
      13.225955      83.438271
      13.100428      83.419494
      13.056653      83.315019
      13.015570      83.182354
      13.005612      83.039772
      13.089283      82.940154
      13.242212      82.836729
      13.406046      82.713409
      13.605088      82.573138
      13.770740      82.417470
      13.876459      82.268739
      13.969651      82.190356
      14.092012      82.201644
      14.318898      82.200012
      14.509138      82.042566
      14.713808      81.755905
      14.861147      81.464697
      14.936288      81.190902
      14.883361      80.819757
      14.775952      80.323399
      14.680957      79.835710
      14.633547      79.453399
      14.644796      79.134074
      14.723172      78.821228
      14.764273      78.505784
      14.749565      78.202565
      14.676123      77.871267
      14.562057      77.516127
      14.465598      77.169267
      14.369255      76.831952
      14.303678      76.430247
      14.263661      76.000230
      14.235908      75.564419
      14.198199      75.108612
      14.180205      74.600635
      14.198210      74.063006
      14.198155      73.527568
      14.198325      73.059759
      14.206711      72.654402
      14.176249      72.292097
      14.157269      71.979955
      14.153781      71.703707
      14.167396      71.461891
      14.180001      71.255967
      14.232516      71.041350
      14.327699      70.816489
      14.538312      70.555934
      14.743072      70.273897
      14.962058      69.991106
      15.221075      69.707505
      15.461086      69.417229
      15.652157      69.111970
      15.790427      68.809334
      15.884069      68.565264
      15.988307      68.393626
      16.091876      68.256537
      16.196530      68.094711
      16.272188      67.927877
      16.308487      67.785304
      16.324526      67.666642
      16.304019      67.566801
      16.284355      67.495213
      16.260327      67.446026
      16.244930      67.399938
      16.256280      67.327014
      16.267973      67.235916
      16.313208      67.117968
      16.387241      66.980859
      16.454804      66.865947
      16.490200      66.781551
      16.505517      66.690594
      16.506655      66.583190
      16.509924      66.474364
      16.531156      66.364911
      16.518761      66.228841
      16.514469      66.095793
      16.491316      65.993533
      16.474997      65.921887
      16.469117      65.846273
      16.453384      65.730122
      16.433876      65.588365
      16.444196      65.422201
      16.426221      65.230849
      16.415017      65.001156
      16.412856      64.644606
      16.429433      64.104554
      16.428656      63.500870
      16.267246      62.970648
      16.176184      62.510382
      16.199976      62.113952
      16.235533      61.720552
      16.302030      61.289938
      16.442736      60.885722
      16.647347      60.510765
      16.864247      60.162497
      17.095829      59.786961
      17.262478      59.371749
      17.365872      58.863122
      17.453947      58.146803
      17.479077      57.106628
      17.447884      55.773312
      17.368825      54.277159
      17.400846      52.946349
      17.427713      51.945899
      17.472413      51.166799
      17.722555      50.395460
      18.004534      49.483690
      18.293559      48.700150
      18.578047      48.223209
      18.878060      48.009131
      19.182555      47.870643
      19.600103      47.615853
      19.980653      47.216747
      20.127110      46.865365
      20.202640      46.548435
      20.208306      46.216807
      20.182582      45.755351
      20.018869      45.194885
      19.782024      44.518680
      19.650652      43.685584
      20.016284      42.441365
      20.202233      40.777903
      20.178255      38.973237
      19.989771      37.188458
      19.678001      35.480537
      19.427252      33.931489
      19.191734      32.615614
      18.966451      31.619524
      18.780549      30.930159
      18.732340      30.552324
      18.857708      30.179190
      18.928771      29.616329
      18.911794      28.813480
      18.834858      27.838693
      18.819318      26.723552
      18.894363      25.475384
      19.030827      24.025563
      19.190696      22.446195
      19.390214      20.796587
      19.596914      19.123790
      19.758762      17.456135
      19.912697      15.834775
      20.024773      14.284112
      20.104114      12.901896
      20.159149      11.667570
      20.222055      10.477485
      20.250669       9.405690
      20.290820       8.422809
      20.401254       7.535846
      20.576022       6.737690
      20.822139       6.049740
      21.200232       5.458976
      21.651962       4.997832
      22.100914       4.676931
      22.504127       4.459492
      22.857652       4.315654
      23.198620       4.262174
      23.628501       4.256381
      24.061973       4.280314
      24.369894       4.317712
      24.584679       4.312810
      24.744827       4.128718
      24.769950       3.421253
      24.646331       2.086307
      24.352326       0.261853
      23.967371      -1.995185
      23.560602      -4.910741
      22.836758      -7.906837
      22.234457     -10.660641
      21.702312     -12.970158
      21.174084     -14.709019
      20.742346     -15.983999
      20.417644     -16.957287
      20.198741     -17.697662
      20.033177     -18.308334
      19.932679     -18.805856
      19.832285     -19.185729
      19.695693     -19.409849
      19.598351     -19.490526
      19.530928     -19.455275
      19.510517     -19.355026
      19.491111     -19.205739
      19.418817     -18.935798
      19.214789     -18.329745
      19.011665     -17.385163
      18.811855     -16.415122
      18.566319     -15.650926
      18.295386     -15.086678
      18.170378     -14.742397
      18.107050     -14.529001
      18.100952     -14.271512
      18.144182     -13.863174
      18.235193     -13.284196
      18.383449     -12.618455
      18.545166     -11.933707
      18.707577     -11.281815
      18.819137     -10.711968
      18.892935     -10.241342
      18.935135      -9.855354
      18.950954      -9.538239
      18.982553      -9.196678
      18.991508      -8.838340
      19.001167      -8.456931
      19.040627      -8.050405
      19.095888      -7.599499
      19.169324      -7.079218
      19.259344      -6.476580
      19.356211      -5.762606
      19.500945      -5.007307
      19.679456      -4.276928
      19.828090      -3.615686
      19.968814      -3.087029
      20.092853      -2.681137
      20.247208      -2.353392
      20.452501      -1.984251
      20.702509      -1.548925
      20.941287      -1.079428
      21.237830      -0.614088
      21.544508      -0.149720
      21.849286       0.278057
      22.122887       0.654584
      22.437073       0.991308
      22.724337       1.277661
      22.994458       1.467858
      23.208359       1.597549
      23.364432       1.697883
      23.468953       1.761198
      23.543122       1.798665
      23.572822       1.802614
      23.622910       1.792599
      23.668025       1.771864
      23.796279       1.747730
      23.927133       1.725355
      24.008259       1.719750
      24.018700       1.740487
      24.027403       1.789592
      24.016883       1.820554
      24.034388       1.850904
      24.043932       1.862646
      24.080697       1.869209
      24.130469       1.844507
      24.197744       1.825311
      24.217940       1.811872
      24.214804       1.821944
      24.250584       1.841155
      24.311007       1.906597
      24.380582       1.988003
      24.443949       2.091630
      24.518725       2.186074
      24.571494       2.223296
      24.588067       2.196926
      24.569333       2.182668
      24.551452       2.206147
      24.524240       2.300743
      24.545942       2.471089
      24.631610       2.717414
      24.762538       3.036408
      24.852621       3.405763
      24.998973       3.828901
      25.170399       4.280348
      25.342408       4.646678
      25.562356       4.957843
      25.778338       5.205645
      25.967527       5.398991
      26.108842       5.470810
      26.220738       5.386250
      26.378297       5.180215
      26.537885       4.871962
      26.741141       4.498010
      26.983208       4.067835
      27.134283       3.703668
      27.204334       3.482587
      27.238909       3.407079
      27.278236       3.400025
      27.328013       3.421548
      27.337926       3.465138
      27.318440       3.508366
      27.273964       3.536935
      27.227380       3.559819
      27.182837       3.604471
      27.066596       3.691834
      26.938781       3.815818
      26.813360       3.902875
      26.684824       3.899002
      26.566293       3.843218
      26.450585       3.782213
      26.398765       3.760592
      26.355484       3.743900
      26.325472       3.708094
      26.319107       3.627835
      26.326114       3.530232
      26.318561       3.395707
      26.277140       3.285566
      26.240407       3.213446
      26.245769       3.183860
      26.261821       3.171037
      26.284414       3.142069
      26.288513       3.094853
      26.261430       3.037326
      26.179213       2.972238
      26.071654       2.919883
      25.972627       2.877720
      25.849081       2.825005
      25.734650       2.769631
      25.634864       2.700175
      25.545959       2.635154
      25.438456       2.554574
      25.330693       2.474996
      25.225711       2.401391
      25.120226       2.344674
      25.038791       2.289508
      24.986719       2.227289
      24.953839       2.150777
      24.932255       2.067761
      24.905393       1.990862
      24.878813       1.956935
      24.863076       1.957742
      24.831229       1.964719
      24.801091       1.920786
      24.800627       1.816955
      24.819390       1.656616
      24.835938       1.479806
      24.847162       1.303988
      24.814693       1.126253
      24.751845       0.886457
      24.674092       0.584182
      24.599510       0.262806
      24.528124      -0.013327
      24.431777      -0.264371
      24.292526      -0.523243
      24.126574      -0.840943
      23.915349      -1.203843
      23.668746      -1.582309
      23.360549      -1.935036
      23.064117      -2.278009
      22.863525      -2.559842
      22.767271      -2.736427
      22.668707      -2.778558
      22.595550      -2.745128
      22.511577      -2.705574
      22.357364      -2.686907
      22.173121      -2.697879
      22.004006      -2.751220
      21.887355      -2.822295
      21.793398      -2.898142
      21.714246      -2.977446
      21.620605      -3.083956
