      13.668270      26.811049
      14.100221      27.353976
      14.612243      27.837362
      15.099762      28.301909
      15.475977      28.691996
      15.658689      28.936895
      15.660700      29.013913
      15.633226      28.965695
      15.571978      28.868610
      15.579607      28.742747
      15.598112      28.625623
      15.615435      28.467410
      15.560746      28.244189
      15.405586      27.932239
      15.083087      27.535495
      14.591980      26.988850
      14.106815      26.244683
      13.630795      25.230257
      13.112862      23.999871
      12.463588      22.636935
      11.591787      21.158141
      10.587755      19.665334
       9.524165      18.245815
       8.758404      17.000677
       8.210640      16.035001
       7.854383      15.306870
       7.670190      14.686080
       7.654490      14.100329
       7.770303      13.411384
       7.937368      12.480059
       8.104874      11.223935
       8.244463       9.720746
       8.361525       8.041142
       8.457018       6.394015
       8.495995       4.932200
       8.570129       3.668419
       8.642968       2.656197
       8.687933       1.888559
       8.698145       1.346225
       8.713530       1.059772
       8.768746       1.103946
       8.829820       1.303466
       8.873149       1.411261
       8.901880       1.303747
       8.897542       0.965315
       8.952188       0.477898
       9.002884      -0.077039
       9.007352      -0.619551
       9.027623      -1.087754
       9.054143      -1.369717
       9.012658      -1.464339
       8.946340      -1.462173
       8.902521      -1.441480
       8.869335      -1.401781
       8.885372      -1.206961
       8.940245      -0.891644
       9.033768      -0.596511
       9.121625      -0.417138
       9.237106      -0.361826
       9.290590      -0.283787
       9.284993      -0.129164
       9.249788       0.062019
       9.207740       0.234998
       9.146867       0.380716
       9.099766       0.498737
       9.091716       0.582341
       9.090679       0.642996
       9.152200       0.696799
       9.283656       0.760043
       9.501477       0.898413
       9.818794       1.132119
      10.219963       1.456589
      10.613615       1.780587
      10.922480       2.027601
      11.132570       2.107548
      11.261826       2.021452
      11.301756       1.839179
      11.281941       1.638693
      11.232192       1.483683
      11.191106       1.383619
      11.157478       1.330823
      11.091915       1.330247
      11.037104       1.387875
      11.010739       1.445476
      10.981096       1.480025
      10.971217       1.425508
      10.938143       1.344685
      10.921166       1.235660
      10.938534       1.172767
      10.980604       1.199562
      11.038515       1.299816
      11.111434       1.444909
      11.222037       1.651220
      11.368593       1.913422
      11.619359       2.262381
      12.016192       2.987251
      12.416884       4.207166
      12.715333       5.623357
      12.907067       6.896135
      12.973233       7.938708
      12.895396       8.842756
      12.789385       9.587942
      12.754760      10.358437
      12.750725      11.150019
      12.771339      11.937463
      12.822338      12.635532
      12.788437      13.268766
      12.742712      13.976598
      12.584347      14.830458
      12.409957      15.691025
      12.229122      16.451067
      12.081960      17.059420
      11.996623      17.561134
      11.940710      17.915723
      12.075149      18.216973
      12.155479      18.620286
      12.189051      19.257391
      12.217686      20.062884
      12.318413      20.927547
      12.451565      21.763999
      12.637307      22.558776
      12.784334      23.183156
      12.916279      23.562164
      13.029721      23.806538
      13.109480      24.051254
      13.178217      24.359969
      13.186683      24.695851
      13.127392      25.093678
      13.016614      25.794029
      12.933596      26.794384
      12.762713      27.913615
      12.538520      28.987498
      12.407200      29.801270
      12.397940      30.253610
      12.373316      30.529090
      12.327010      30.861036
      12.186546      31.345988
      11.972980      32.382081
      11.724366      34.280208
      11.252089      36.886761
      10.638074      39.871349
       9.985383      43.015446
       9.476738      45.869025
       9.179949      48.150242
       9.218014      49.855164
       9.446276      51.032803
       9.698764      51.901433
       9.889624      52.581052
       9.870954      53.061805
       9.723216      53.230563
       9.532064      53.008373
       9.304525      52.513234
       9.070613      51.814978
       8.843359      51.140702
       8.702827      50.578759
       8.627254      50.110697
       8.593751      49.656716
       8.662052      49.334011
       8.738642      49.170616
       8.705687      49.138059
       8.683361      49.074957
       8.673823      48.992703
       8.662538      48.973799
       8.680735      49.082378
       8.702313      49.210453
       8.696621      49.286650
       8.604517      49.229410
       8.514379      49.131317
       8.459093      49.025546
       8.389066      49.006128
       8.280032      49.020475
       8.161389      49.029670
       8.087760      49.031491
       8.062547      49.055859
       8.090620      49.083947
       8.116244      49.093938
       8.129975      49.075535
       8.184995      49.033070
       8.303038      48.972692
       8.457960      48.928843
       8.605377      48.868790
       8.779210      48.777474
       8.927217      48.677429
       9.017586      48.604539
       9.072078      48.550515
       9.125400      48.477295
       9.177372      48.439731
       9.219043      48.410618
       9.204743      48.465842
       9.243518      48.646548
       9.264277      48.795202
       9.277093      48.788766
       9.348735      48.647383
       9.428210      48.449367
       9.540150      48.295501
       9.631898      48.233803
       9.632117      48.259239
       9.601738      48.287531
       9.566540      48.258365
       9.505588      48.183076
       9.481304      48.123344
       9.459147      48.112091
       9.438620      48.163337
       9.408440      48.218649
       9.383570      48.290790
       9.382380      48.342066
       9.377719      48.388358
       9.393828      48.383244
       9.429245      48.361887
       9.432279      48.334018
       9.445051      48.313987
       9.469502      48.262046
       9.497865      48.231457
       9.520059      48.198686
       9.548866      48.162380
       9.551741      48.130965
       9.548987      48.134972
       9.558668      48.141257
       9.571457      48.158626
       9.595800      48.187510
       9.601912      48.192450
       9.618666      48.182605
       9.618935      48.151326
       9.582093      48.114092
       9.569377      48.048026
       9.583249      47.942308
       9.640839      47.748741
       9.737272      47.427736
       9.902882      46.958761
      10.102200      46.395968
      10.289070      45.758489
      10.427574      45.105219
      10.481722      44.439685
      10.555955      43.663227
      10.716250      42.749296
      10.922575      41.845384
      11.121424      41.084755
      11.290696      40.573140
      11.448432      40.289407
      11.623444      40.169757
      11.752648      40.049971
      11.826892      39.846131
      11.855360      39.475552
      11.838411      38.932802
      11.807069      38.283894
      11.814712      37.597419
      11.890999      36.874029
      11.964267      35.966423
      11.975641      34.653252
      11.913181      32.936063
      11.839429      30.851206
      11.750921      28.518450
      11.673408      26.156839
      11.657407      23.867828
      11.657854      21.744508
      11.605475      19.597250
      11.472917      17.334386
      11.250045      14.913462
      11.074810      12.413697
      10.930014       9.909720
      10.879610       7.518570
      10.906843       5.358337
      10.937105       3.543261
      11.022905       2.032144
      11.120379       0.963397
      11.181501       0.369822
      11.169096       0.174489
      11.162052       0.195918
      11.164449       0.285843
      11.149030       0.239205
      11.165059       0.051540
      11.141877      -0.277330
      11.062274      -0.724189
      10.976469      -1.285640
      10.869331      -1.845450
      10.785566      -2.361574
      10.760760      -2.715179
      10.761277      -2.906073
      10.777960      -2.946074
      10.850330      -2.824016
      10.918321      -2.644792
      10.991292      -2.528577
      11.083823      -2.561817
      11.124743      -2.754623
      11.116408      -3.034131
      11.080811      -3.336091
      11.089678      -3.599125
      11.132760      -3.746412
      11.199145      -3.689622
      11.247971      -3.485028
      11.265090      -3.241295
      11.264432      -3.035874
      11.281254      -2.889008
      11.260433      -2.702655
      11.177778      -2.433633
      11.034786      -2.182220
      10.928169      -2.057409
      10.776390      -2.103550
      10.569822      -2.272518
      10.409741      -2.488466
      10.287435      -2.653538
      10.252360      -2.794843
      10.271803      -2.907351
      10.225899      -2.984930
      10.205302      -3.043968
      10.222682      -3.089814
      10.254607      -3.119692
      10.284831      -3.163172
      10.292812      -3.245675
      10.271611      -3.341985
      10.231978      -3.371729
      10.203589      -3.352566
      10.150607      -3.319117
      10.101079      -3.313808
      10.100740      -3.371301
      10.114649      -3.499951
      10.143801      -3.676511
      10.170952      -3.809373
      10.203278      -3.884429
      10.216059      -3.903724
      10.207025      -3.901933
      10.216971      -3.892072
      10.212479      -3.909681
      10.227693      -3.972186
      10.283683      -4.088606
      10.355448      -4.257336
      10.480939      -4.506482
      10.631496      -4.837730
      10.793478      -5.249170
      10.999025      -5.692722
      11.222742      -6.130012
      11.436930      -6.517028
      11.624304      -6.864361
      11.790492      -7.135918
      11.953870      -7.347701
      12.074332      -7.516179
      12.133124      -7.651228
      12.183178      -7.745968
      12.225910      -7.823759
      12.264080      -7.882817
      12.245456      -7.928161
      12.200882      -7.957958
      12.185550      -7.970528
      12.198526      -7.974769
      12.201244      -7.977439
      12.219126      -7.973743
      12.210148      -7.967855
      12.167575      -7.964215
      12.122463      -7.964500
      12.093283      -7.966237
      12.100512      -7.965398
      12.119897      -7.976736
      12.136318      -7.986107
      12.145778      -8.008983
      12.149842      -8.058242
      12.185265      -8.184760
      12.338314      -8.574898
      12.621975      -9.499387
      12.880991     -10.697053
      13.084922     -11.878652
      13.204519     -12.768872
      13.255752     -13.374093
      13.230244     -13.701268
      13.209166     -13.781770
      13.200009     -13.653378
      13.232097     -13.319126
      13.233627     -12.590865
      13.301288     -11.746257
      13.364769     -11.086107
      13.374369     -10.774250
      13.370248     -10.796772
      13.318704     -11.053675
      13.255402     -11.405380
      13.178267     -11.715720
      13.098891     -11.886653
      13.033756     -11.904993
      12.982459     -11.844570
      12.943417     -11.778213
      12.926469     -11.758181
      12.889701     -11.751742
      12.868945     -11.742388
      12.850869     -11.728031
      12.873357     -11.720690
      12.891697     -11.708676
      12.905620     -11.689114
      12.925111     -11.688021
      12.915483     -11.717098
      12.901298     -11.779869
      12.928046     -11.951731
      12.978258     -12.250021
      13.007786     -12.611755
      13.033612     -12.948013
      13.055168     -13.209468
      13.081940     -13.375374
      13.128051     -13.444147
      13.190555     -13.433060
      13.252562     -13.354881
      13.270588     -13.290433
      13.260911     -13.323974
      13.245580     -13.463113
      13.187619     -13.652593
      13.125765     -13.820553
      13.026341     -13.955537
      12.937358     -14.069196
      12.861847     -14.170888
      12.765786     -14.280760
      12.661070     -14.400448
      12.508585     -14.532369
      12.327835     -14.647028
      12.137090     -14.720033
      11.922367     -14.747619
      11.705474     -14.799043
      11.533030     -14.911266
      11.402481     -15.106963
      11.296076     -15.354390
      11.220655     -15.600029
      11.180530     -15.835641
      11.164427     -16.072834
      11.219406     -16.346422
      11.261989     -16.632180
      11.255080     -16.898023
      11.194149     -17.069278
      11.131687     -17.099932
      11.098104     -17.025148
      11.095902     -16.884934
      11.098993     -16.723758
      11.091096     -16.509458
      11.072079     -16.248498
      11.001874     -15.954653
      10.914792     -15.660665
      10.844314     -15.377222
      10.783589     -15.067717
      10.745830     -14.689334
      10.756160     -14.227516
      10.781713     -13.712127
      10.797916     -13.022627
      10.744340     -12.128614
      10.664795     -11.018602
      10.585272      -9.777588
      10.519051      -8.625966
      10.363363      -7.715163
      10.214966      -7.026788
      10.061457      -6.275260
       9.817233      -5.352391
       9.658656      -4.246457
       9.569221      -3.121390
       9.532750      -2.157062
       9.508911      -1.435873
       9.546849      -0.986622
       9.562010      -0.775137
       9.562631      -0.787796
       9.533004      -0.949788
       9.534182      -1.191118
       9.578195      -1.429978
       9.634421      -1.623794
       9.716454      -1.762295
       9.855242      -1.858081
      10.015186      -1.938301
      10.076298      -2.020873
      10.043265      -2.091347
      10.017936      -2.137123
      10.017438      -2.140079
      10.000368      -2.136556
       9.976653      -2.129724
       9.942188      -2.079994
       9.954777      -1.977554
       9.949898      -1.785152
       9.940874      -1.523351
       9.858099      -1.249429
       9.752556      -1.059447
       9.652544      -0.977538
       9.564720      -0.908921
       9.474473      -0.784237
       9.383475      -0.535277
       9.360312      -0.163428
       9.389459       0.355753
