       0.807461      33.939010
       0.219880      34.476128
      -0.445399      34.919985
      -1.287635      34.862808
      -2.325330      34.609733
      -3.278128      34.348792
      -4.235223      34.198683
      -5.069445      34.107114
      -5.559926      34.081668
      -5.751727      34.168635
      -5.816902      34.384761
      -5.853208      34.639905
      -5.900097      34.870434
      -5.869053      35.065956
      -5.746313      35.275908
      -5.553584      35.551427
      -5.266557      35.907722
      -4.850743      36.359959
      -4.329725      36.913072
      -3.763129      37.526337
      -3.426615      37.915455
      -3.252100      38.173848
      -3.088654      38.408282
      -2.810793      38.720421
      -2.277560      39.159312
      -0.908313      39.799365
       1.331671      40.622626
       3.501557      41.406542
       5.305983      41.905111
       6.650876      42.194415
       7.693807      42.538802
       8.779211      43.226294
      10.080336      44.299672
      11.307925      45.373982
      12.512653      46.245677
      13.803505      47.034914
      15.129566      47.960488
      16.337326      49.202045
      17.240158      50.819570
      17.842337      52.462279
      18.194678      53.541684
      18.409583      53.806644
      18.692533      53.437438
      18.967791      52.914366
      19.157364      52.544183
      19.075033      52.421062
      18.839271      52.603404
      18.582413      53.038195
      18.259547      53.602445
      17.949343      54.238240
      17.692754      54.943601
      17.438665      55.721730
      17.120015      56.550576
      16.776879      57.499638
      16.395000      58.609444
      16.033225      59.939758
      15.718421      61.410810
      15.453142      62.884615
      15.186617      64.374663
      14.954547      65.925015
      14.742856      67.525584
      14.540129      69.180178
      14.397462      70.870198
      14.318784      72.545973
      14.256408      74.188128
      14.186230      75.685301
      13.946374      77.021429
      13.493138      78.360219
      12.915757      79.741017
      12.451894      81.222545
      12.170789      82.792870
      12.045515      84.505864
      11.924618      86.348823
      11.676633      88.035667
      11.556667      89.357632
      11.558068      90.231556
      11.784584      90.762400
      12.215563      91.450436
      12.469729      92.687297
      12.421054      94.281974
      12.207446      95.998844
      11.940097      97.582778
      11.586367      98.748114
      11.253387      99.662759
      11.056856     100.432452
      10.941147     101.072705
      10.842379     101.648845
      10.745608     102.219652
      10.666425     102.822671
      10.553672     103.399083
      10.430151     103.912490
      10.271574     104.319518
      10.154754     104.697074
      10.097455     105.156237
      10.112663     105.733388
      10.079795     106.358205
       9.994709     106.985878
       9.855594     107.654486
       9.679336     108.414795
       9.490438     109.224276
       9.206413     109.896585
       8.829178     110.388136
       8.477784     110.734033
       8.125166     111.019976
       7.769935     111.288977
       7.454876     111.571433
       7.215995     111.920565
       6.975071     112.267211
       6.772720     112.533687
       6.522995     112.836415
       6.195020     113.299387
       5.842497     113.837108
       5.457063     114.361696
       5.077595     114.890616
       4.669707     115.431164
       4.233904     115.999532
       3.839003     116.560470
       3.511933     117.078967
       3.297002     117.529388
       3.205520     118.001724
       3.342788     118.616059
       3.503141     119.405598
       3.857192     120.403745
       4.189480     121.400591
       4.203394     122.062526
       4.024848     122.366624
       3.915114     122.414184
       3.930315     122.541554
       4.047170     122.751096
       4.165966     122.861127
       4.312541     122.701302
       4.631068     122.474158
       5.157184     122.420012
       5.547584     122.408792
       5.731401     122.296896
       5.765717     122.144493
       5.826742     121.999073
       6.033643     121.724010
       6.299312     121.176653
       6.458397     120.420172
       6.495265     119.708482
       6.463084     119.267522
       6.438743     119.051696
       6.373867     119.001221
       6.292384     119.004573
       6.281379     119.088269
       6.304685     119.246637
       6.347981     119.436129
       6.378930     119.665274
       6.396994     119.975016
       6.419456     120.349793
       6.554106     120.757405
       6.763777     121.217132
       7.060801     121.670340
       7.360698     122.036657
       7.618555     122.285113
       7.891740     122.521641
       8.222358     122.793634
       8.549082     123.041682
       8.878935     123.138706
       9.234014     123.087183
       9.557722     122.939510
       9.890179     122.742723
      10.205496     122.565461
      10.505595     122.445482
      10.704130     122.303075
      10.900780     122.102761
      11.079254     121.841492
      11.281049     121.573744
      11.471251     121.248547
      11.643349     120.801516
      11.898094     120.377342
      12.182452     120.005644
      12.447546     119.695018
      12.682672     119.500514
      12.843478     119.348333
      12.946469     119.216222
      13.001670     119.063731
      13.021767     118.907189
      12.979891     118.767084
      12.899982     118.656188
      12.845624     118.621354
      12.751332     118.654692
      12.630059     118.661667
      12.469715     118.579049
      12.179410     118.326561
      11.716388     117.847183
      11.306245     117.377470
      11.182652     117.133706
      11.174585     117.111917
      11.203862     117.128140
      11.232689     117.045318
      11.290100     116.940940
      11.366557     116.839079
      11.409792     116.706919
      11.450487     116.535311
      11.483833     116.362983
      11.508735     116.205043
      11.566798     116.061323
      11.659570     115.920130
      11.766749     115.793497
      11.841381     115.672256
      11.866491     115.563984
      11.887119     115.474440
      11.919337     115.441218
      11.895194     115.428871
      11.869827     115.402867
      11.834918     115.351586
      11.812406     115.241069
      11.802976     115.009894
      11.861495     114.650193
      11.927664     114.275182
      12.009407     114.027620
      12.097463     113.900123
      12.148932     113.764398
      12.142038     113.577685
      12.150615     113.368823
      12.136583     113.190230
      12.111604     112.997737
      12.034580     112.785397
      11.969820     112.558399
      11.931554     112.361272
      11.906308     112.167283
      11.901757     111.926442
      11.886047     111.473962
      11.811466     110.553391
      11.781894     109.346731
      11.760584     107.893879
      11.727003     106.112138
      11.674294     103.864570
      11.620565     101.386109
      11.583932      98.923443
      11.537746      96.731750
      11.589085      94.965600
      11.695110      93.580746
      11.842887      92.647790
      12.017513      92.061722
      12.163327      91.653528
      12.293357      91.222098
      12.331720      90.737367
      12.352627      90.279291
      12.317108      89.860130
      12.255092      89.473696
      12.205371      89.210066
      12.135755      89.133160
      12.098919      89.156668
      12.076877      89.212572
      12.099459      89.244114
      12.142410      89.223073
      12.216140      89.150568
      12.345327      88.993851
      12.433117      88.796316
      12.496458      88.532123
      12.500600      88.267192
      12.440845      88.080293
      12.391154      88.015102
      12.371562      88.061584
      12.389088      88.237719
      12.462169      88.492363
      12.524204      88.748503
      12.550790      88.913924
      12.605088      89.045364
      12.641683      89.190677
      12.689455      89.330141
      12.761983      89.410311
      12.780072      89.441290
      12.788979      89.459892
      12.999110      89.564833
      13.300519      89.825636
      13.540423      90.214984
      13.689261      90.486346
      13.562325      90.522133
      13.142292      90.460720
      12.550850      90.450122
      12.001305      90.612784
      11.688247      90.914862
      11.493341      91.280703
      11.437836      91.674491
      11.553745      92.089504
      11.734482      92.603571
      11.889534      93.334310
      12.087935      94.183075
      12.173481      94.799169
      12.079958      95.009546
      11.897358      94.991459
      11.803217      95.056737
      11.863070      95.300628
      12.091040      95.588678
      12.398376      95.719031
      12.676205      95.636753
      12.879243      95.420868
      12.973168      95.108503
      12.989387      94.819501
      13.000308      94.533131
      12.949264      94.239718
      12.872660      93.928839
      12.794344      93.628627
      12.720689      93.400677
      12.687775      93.354496
      12.689084      93.877782
      12.681497      95.066655
      12.554384      96.477805
      12.360476      97.579261
      12.119829      98.264937
      11.868558      98.660678
      11.612939      99.093545
      11.347464      99.854447
      11.086842     100.725097
      10.711429     101.400699
      10.317085     101.806649
       9.956732     102.164758
       9.650661     102.624951
       9.454205     103.096519
       9.332756     103.354185
       9.296161     103.458776
       9.392373     103.520703
       9.585458     103.582290
       9.831497     103.595841
      10.061014     103.582125
      10.303640     103.534458
      10.527194     103.491871
      10.688431     103.465945
      10.780088     103.446371
      10.834992     103.388737
      10.872634     103.324877
      10.890878     103.246971
      10.925327     103.128158
      10.971992     102.893068
      11.012043     102.535106
      11.008791     101.912552
      10.878212     100.580795
      10.536942      97.843338
      10.356057      94.338335
      10.435674      90.928112
      10.949096      87.868838
      11.528929      85.008916
      11.931935      82.502828
      12.140497      80.536428
      12.184955      78.962247
      12.193068      77.770664
      12.252090      76.849014
      12.316558      76.140448
      12.437425      75.736533
      12.567365      75.575653
      12.673220      75.411894
      12.692025      75.078464
      12.694865      74.668211
      12.687575      74.352504
      12.654684      74.064706
      12.602725      73.704242
      12.581409      73.186746
      12.577311      72.263372
      12.547822      70.855394
      12.606218      69.086981
      12.756115      66.949055
      12.977781      64.466645
      13.318140      61.629891
      13.671464      58.631723
      13.937631      55.401458
      14.069959      52.030198
      14.186711      48.530003
      14.205115      45.074683
      14.067816      41.879830
      13.864781      38.941445
      13.695825      36.439335
      13.492872      34.413024
      13.324294      32.803340
      13.268392      31.684880
      13.315435      30.883116
      13.363676      30.330729
      13.420636      29.886414
      13.440066      29.499668
      13.388261      29.118645
      13.306573      28.683803
      13.241768      28.124288
      13.166477      27.536736
      13.110965      26.967003
