       5.643533       9.709332
       5.623695       9.635664
       5.602340       9.536289
       5.604745       9.435204
       5.606902       9.352362
       5.613413       9.270531
       5.635428       9.209921
       5.670204       9.169886
       5.694279       9.141046
       5.721452       9.113398
       5.747740       9.105747
       5.782272       9.114951
       5.811838       9.114011
       5.803523       8.916020
       5.683215       8.185910
       5.470260       6.646513
       5.246243       4.630788
       5.045188       2.516792
       4.873806       0.611213
       4.725343      -1.068707
       4.624266      -2.582908
       4.635692      -3.977286
       4.738785      -5.287068
       4.922934      -6.540533
       5.088082      -7.686676
       5.254045      -8.640269
       5.418871      -9.299847
       5.557983      -9.634386
       5.655890      -9.682902
       5.666920      -9.508014
       5.642088      -9.245977
       5.557611      -8.978958
       5.484204      -8.768429
       5.400633      -8.642995
       5.333554      -8.585503
       5.324082      -8.551795
       5.357089      -8.499121
       5.411449      -8.405460
       5.461731      -8.324195
       5.485911      -8.268408
       5.510402      -8.249253
       5.518767      -8.257953
       5.533379      -8.274164
       5.536627      -8.285129
       5.477008      -8.252216
       5.377064      -8.178344
       5.237455      -8.068900
       5.041484      -7.909616
       4.883732      -7.712994
       4.719119      -7.492034
       4.520372      -7.236194
       4.277488      -6.929389
       3.995020      -6.591814
       3.694682      -6.266323
       3.385669      -5.991276
       3.128692      -5.786091
       2.914981      -5.655185
       2.707817      -5.563220
       2.539312      -5.491063
       2.383858      -5.445855
       2.216895      -5.431269
       2.086295      -5.459818
       2.007224      -5.517948
       1.960211      -5.592160
       1.924929      -5.667155
       1.864488      -5.731285
       1.746957      -5.902558
       1.500314      -6.610515
       1.010142      -8.211462
       0.445081     -10.597458
      -0.136688     -13.329454
      -0.568167     -15.908629
      -0.878345     -18.047501
      -1.060609     -19.550859
      -1.158443     -20.274772
      -1.242096     -20.213771
      -1.229557     -19.566009
      -1.127705     -18.631946
      -0.980220     -17.644829
      -0.794201     -16.818932
      -0.619213     -16.175618
      -0.465751     -15.573207
      -0.370563     -14.804907
      -0.290855     -13.721546
      -0.191528     -12.348426
      -0.077307     -10.868022
       0.186471      -9.462463
       0.776889      -8.311190
       1.666366      -7.515173
       2.597248      -7.095088
       3.559819      -6.957140
       4.458452      -6.964754
       5.553374      -7.013500
       7.236030      -7.043584
       9.021013      -7.056885
      10.335781      -7.040450
      10.938587      -7.020815
      10.910485      -7.048597
      10.705807      -7.122063
      10.458773      -7.185639
      10.230443      -7.188899
      10.114797      -7.139935
      10.029098      -7.066484
       9.829140      -7.040525
       9.491319      -7.051592
       9.058051      -7.077206
       8.656341      -7.051178
       8.312483      -6.953994
       8.029083      -6.811921
       7.777431      -6.667932
       7.464338      -6.546294
       7.106511      -6.485517
       6.693092      -6.473735
       6.291998      -6.478930
       5.937151      -6.477803
       5.678557      -6.465396
       5.510002      -6.463956
       5.421463      -6.503259
       5.375063      -6.581174
       5.380035      -6.688673
       5.379229      -6.788285
       5.359444      -6.871493
       5.376229      -6.880016
       5.329636      -6.629735
       5.171182      -5.987706
       4.979565      -5.037312
       4.745241      -3.963018
       4.461620      -2.824016
       4.127630      -1.603351
       3.731170      -0.296655
       3.118151       1.066233
       2.154671       2.486382
       1.409273       3.840464
       1.124769       5.061982
       1.219717       6.047590
       1.574491       6.718436
       2.250442       6.978694
       3.655165       6.719638
       5.371823       6.108991
       7.224468       5.378886
       9.186476       4.636784
      11.030107       3.960873
      12.503129       3.499305
      13.531891       3.312899
      14.220694       3.352994
      14.526882       3.449621
      14.991499       3.439544
      15.870791       3.261910
      16.939604       2.925945
      17.960590       2.578660
      18.849638       2.289771
      19.891046       2.015265
      21.184223       1.606752
      22.624481       0.897724
      23.977094      -0.128937
      25.052245      -1.268909
      25.822246      -2.443476
      26.371796      -3.484240
      26.920327      -4.340079
      27.456969      -4.968977
      28.047418      -5.558087
      28.615323      -6.135717
      29.062230      -6.740618
      29.282372      -7.243340
      29.454938      -7.545754
      29.738340      -7.569372
      30.240578      -7.404938
      30.802356      -7.057656
      31.360158      -6.534769
      31.663956      -5.872232
      31.628970      -5.169853
      31.414295      -4.566092
      31.372180      -4.118438
      31.449698      -3.749115
      31.407094      -3.348190
      31.456587      -2.869325
      31.487830      -2.353229
      31.619749      -1.903758
      31.758522      -1.558850
      31.948366      -1.284024
      32.269588      -1.046059
      32.502254      -0.775379
      32.606449      -0.465351
      32.645514      -0.144663
      32.644363       0.130374
      32.668403       0.304410
      32.704619       0.323967
      32.730823       0.253903
      32.742084       0.145609
      32.768088       0.063500
      32.795642       0.024042
      32.856294       0.001628
      32.948104      -0.036888
      32.994328      -0.080455
      32.999802      -0.103607
      32.982742      -0.104232
      32.966614      -0.088655
      32.956582      -0.086427
      32.934640      -0.074191
      32.901515      -0.077429
      32.830824      -0.098337
      32.762682      -0.151149
      32.673575      -0.193279
      32.559586      -0.250668
      32.559044      -0.324954
      32.648622      -0.393640
      32.693244      -0.435459
      32.682165      -0.448676
      32.675623      -0.430499
      32.714930      -0.409802
      32.725232      -0.400895
      32.734150      -0.389559
      32.731116      -0.385767
      32.713908      -0.377525
      32.711426      -0.351253
      32.700634      -0.332563
      32.695563      -0.316450
      32.708677      -0.321457
      32.765453      -0.324906
      32.826630      -0.346702
      32.870421      -0.344534
      32.893445      -0.368267
      32.931338      -0.359785
      32.964917      -0.360052
      32.993838      -0.337879
      33.033235      -0.337050
      33.062438      -0.341753
      33.087695      -0.371652
      33.106674      -0.380946
      33.125604      -0.409244
      33.133268      -0.401496
      33.163600      -0.366829
      33.173560      -0.324361
      33.190144      -0.290143
      33.255517      -0.257221
      33.338567      -0.247155
      33.462582      -0.232615
      33.591752      -0.218811
      33.583884      -0.224762
      33.564618      -0.240659
      33.541729      -0.238259
      33.533633      -0.231301
      33.529473      -0.212656
      33.511951      -0.168593
      33.463541      -0.138402
      33.448912      -0.120826
      33.422130      -0.110282
      33.377953      -0.091500
      33.311380      -0.068999
      33.286537      -0.035726
      33.256748      -0.000173
      33.232507       0.027108
      33.198340       0.048991
      33.177846       0.051048
      33.163630       0.070941
      33.147198       0.073630
      33.166359       0.084457
      33.183623       0.093060
      33.208399       0.108130
      33.275050       0.116090
      33.328700       0.104668
      33.359428       0.079653
      33.379893       0.057014
      33.392204       0.019479
      33.417982      -0.010494
      33.494777      -0.020552
      33.541844      -0.022314
      33.605665      -0.027070
      33.685114      -0.019587
      33.712816      -0.024008
      33.739957      -0.014840
      33.753928      -0.031550
      33.758358      -0.038416
      33.759866      -0.042442
      33.723185      -0.025988
      33.690587      -0.012302
      33.687158      -0.003712
      33.671179      -0.012556
      33.667543      -0.017067
      33.657863      -0.034606
      33.651833      -0.036570
      33.646687      -0.026805
      33.640359      -0.008975
      33.625069       0.003853
      33.614915       0.003836
      33.603112      -0.002291
      33.608853      -0.017021
      33.611775      -0.008272
      33.614927      -0.031209
      33.634870      -0.022906
      33.660603      -0.034281
      33.685803      -0.021917
      33.717274      -0.023797
      33.732710      -0.037244
      33.899777      -0.106263
      34.928300      -0.326132
      36.273985      -0.773479
      37.382931      -1.198885
      38.139465      -1.589799
      39.000179      -1.808407
      39.756939      -1.840823
      40.403215      -1.577493
      40.813684      -1.033781
      41.048220      -0.333765
      41.251968       0.406604
      41.410025       1.039388
      41.610702       1.620574
      41.730005       2.089063
      41.679964       2.471626
      41.677414       2.825082
      41.656286       3.083487
      41.683096       3.295151
      41.679036       3.346628
      41.644940       3.254126
      41.615705       3.071933
      41.559242       2.891097
      41.501415       2.753485
      41.416145       2.695806
      41.304919       2.697125
      41.233011       2.722305
      41.173065       2.761288
      41.143510       2.775606
      41.172016       2.794651
      41.116301       2.815832
      41.313156       2.878309
      41.386546       2.912848
      41.267631       2.896222
      41.113411       2.849048
      41.106116       2.814114
      40.981626       2.771156
      40.884145       2.742939
      40.753821       2.731018
      40.639786       2.716146
      40.530906       2.683425
      40.518428       2.646269
      40.539520       2.608836
      40.553571       2.598784
      40.562379       2.593926
      40.542218       2.600948
      40.534476       2.616816
      40.501494       2.628669
      40.493128       2.637080
      40.459588       2.626050
      40.400172       2.602745
      40.356097       2.583313
      40.297327       2.562344
      40.231514       2.550996
      40.162268       2.565586
      40.079788       2.591451
      39.936078       2.596346
      39.736892       2.603957
      39.421137       2.591082
      38.753534       2.508770
      37.799695       2.450668
      36.482060       2.532500
      34.808577       2.687322
      32.732168       2.884178
      30.020574       3.330660
      26.834658       3.994645
      23.034254       4.712208
      18.766044       5.194280
      14.387913       5.140022
      10.535440       4.109679
       7.232943       1.853532
       4.571540      -1.505028
       2.522479      -5.810432
       1.213914     -11.263850
       0.062798     -17.639100
      -1.109432     -24.115277
      -1.665058     -29.909543
      -1.884867     -34.461771
      -1.905993     -37.957133
      -1.963467     -40.523810
      -2.008278     -42.199004
      -1.859187     -43.029254
      -1.621687     -43.380087
      -1.408535     -43.498049
      -1.168859     -43.477776
      -0.794680     -43.308737
      -0.332776     -42.995799
       0.150103     -42.570314
       0.565942     -42.139705
       0.883875     -41.751007
       1.067177     -41.388469
       1.241519     -41.054763
       1.364828     -40.731829
       1.442634     -40.487766
       1.521345     -40.299831
       1.535194     -40.154096
       1.514686     -40.047380
       1.513652     -40.018405
       1.599452     -40.040864
       1.734097     -40.103138
       1.821838     -40.113445
       1.854768     -40.031978
       1.846794     -39.887800
       1.858631     -39.777567
       1.875023     -39.723154
       1.933221     -39.688861
       2.017467     -39.629406
       2.100360     -39.507293
       2.187107     -39.318610
       2.275714     -39.054490
       2.436724     -38.711514
       2.579030     -38.310081
       2.765437     -37.807748
       2.967057     -37.261155
       3.211415     -36.751413
       3.513612     -36.344035
       3.811141     -35.979411
       4.071835     -35.509205
       4.228779     -34.530301
       4.312592     -32.520790
       4.282428     -29.053184
       4.340964     -24.197875
       4.107891     -18.133926
       3.843283     -11.374561
       3.661372      -4.283550
       3.661642       2.663773
       3.673127       9.136469
       4.030171      14.738165
       4.478182      19.246696
       4.852758      22.467687
       5.227359      24.621539
       5.546629      26.110887
       5.817194      27.299289
       6.068361      28.492307
       6.310520      29.787753
       6.526875      31.058673
       6.677346      32.051874
       6.754142      32.579184
       6.756832      32.540318
       6.721820      32.082204
       6.597863      31.342139
       6.418402      30.477302
       6.279995      29.645377
       6.258229      28.928521
       6.308576      28.349091
       6.430387      27.852006
       6.659943      27.279892
       7.795759      26.412253
      10.535446      25.072239
      13.769766      23.401248
      16.601840      21.646338
      18.922237      20.046727
      20.421610      18.803701
      21.514066      18.031211
      22.066465      17.653239
      22.202098      17.557091
      22.029384      17.587216
      21.822701      17.650814
      21.462778      17.717636
      21.074209      17.744176
      20.240969      17.713964
      19.179994      17.648444
      17.824653      17.574660
      16.482356      17.522835
      14.772898      17.459003
      13.013055      17.309722
      11.627583      17.039835
      11.273010      16.673813
      11.324848      16.307933
      11.530822      15.983590
      12.083717      15.687710
      12.835809      15.466909
      13.658230      15.376479
      14.480969      15.472704
      15.141734      15.740632
      15.469095      16.095549
      15.529634      16.426383
      15.385179      16.644684
      15.136932      16.736501
      14.799477      16.686051
      14.455455      16.532622
      14.233387      16.325081
      13.983283      16.116812
      13.803748      15.894873
      13.548091      15.231472
      13.120959      13.068654
      12.329548       8.693368
      10.998196       2.367830
       9.409975      -5.274528
       7.996979     -13.154125
       6.792658     -20.471730
       5.829940     -26.584884
       5.159420     -31.302501
       4.647770     -34.877319
       4.202855     -37.187809
       3.815535     -38.503645
       3.487310     -38.986659
       3.365157     -38.888474
       3.474330     -38.504670
       3.742807     -37.930555
       4.082240     -37.152045
       4.381431     -36.049576
       4.527155     -34.604798
       4.522796     -32.861775
       4.363061     -31.092811
       4.033053     -29.317010
       3.630587     -27.316325
       3.272799     -24.966213
       2.998274     -22.360301
       2.744672     -19.623271
       2.508858     -16.939895
       2.323262     -14.536278
       2.215345     -12.385620
       2.230063     -10.423419
       2.412020      -8.465644
       2.702132      -6.413758
       3.073417      -4.253721
       3.394586      -1.910238
       3.653962       0.456497
       3.946988       2.679910
       4.300201       4.520687
       4.690479       5.856088
       5.023390       6.645801
       5.153363       6.863896
       5.176993       6.638373
       5.099298       6.146057
       4.965362       5.499480
       4.929746       4.796603
       5.007428       4.131275
       5.102950       3.551069
       5.234540       3.016388
       5.334041       2.470703
       5.391487       1.893522
       5.409588       1.256420
       5.374216       0.554763
       5.393012      -0.235044
       5.431118      -1.176034
       5.543144      -2.118130
       5.606125      -2.910028
       5.666601      -3.478333
       5.711574      -3.752876
       5.734936      -3.743964
       5.785142      -3.572466
       5.837218      -3.427301
       5.902293      -3.442273
       5.994433      -3.555731
       6.073972      -3.621702
       6.154750      -3.578414
       6.223193      -3.423947
       6.327793      -3.219568
       6.477974      -2.996402
       6.716569      -2.797116
       7.125273      -2.616816
       7.772721      -2.450213
       8.755904      -2.309852
      10.011511      -2.222947
      11.072606      -2.135128
      11.927764      -2.038510
      12.481915      -1.931958
      13.014500      -1.853765
      14.488450      -1.885482
      17.077884      -2.029200
      19.618589      -2.202113
      21.905108      -2.333801
      23.484298      -2.344441
      24.434322      -2.223268
      24.789771      -2.007193
      24.755840      -1.711732
      24.422233      -1.373347
      23.784681      -1.026480
      23.029244      -0.645979
      22.481452      -0.349305
      22.030870      -0.256934
      21.539549      -0.381920
      21.053183      -0.639163
      20.554947      -0.886862
      20.113205      -1.086867
      19.751049      -1.235911
      19.524405      -1.402338
      19.399213      -1.634145
      19.323404      -1.881618
      19.247157      -2.107474
      19.129604      -2.280403
      19.003298      -2.402799
      18.936874      -2.491352
      18.894275      -2.568251
      18.845256      -2.670592
      18.756630      -2.824570
      18.603489      -3.012286
      18.379884      -3.228052
      18.123061      -3.488331
      17.780021      -3.831282
      17.380772      -4.320384
      16.918886      -5.002562
      16.356633      -5.900828
      15.677361      -7.008924
      14.848625      -8.399268
      13.829003     -10.061915
      12.629380     -12.058029
      11.260742     -14.351643
       9.922621     -16.727886
       8.757282     -18.974561
       7.809042     -20.790353
       7.111572     -22.183898
       6.629244     -23.236311
       6.314088     -24.099681
       6.075023     -24.837637
       5.957054     -25.554850
       5.932625     -26.441320
       5.933537     -27.392852
       5.950195     -28.208528
       5.953237     -28.737856
       5.953091     -28.901946
       5.938301     -28.836622
       5.878354     -28.602717
       5.773186     -28.377647
       5.696041     -28.268513
       5.622034     -28.343075
       5.575171     -28.552945
       5.561226     -28.850955
       5.576448     -29.129818
       5.639497     -29.320830
       5.750715     -29.353302
       5.901548     -29.257317
       6.069466     -29.105742
       6.182160     -29.001833
       6.264682     -28.965301
       6.300353     -29.011717
       6.290313     -29.083834
       6.234016     -29.145256
       6.170831     -29.196413
       6.096594     -29.245124
       6.052151     -29.263479
       6.017585     -29.282309
       5.994946     -29.307634
       5.982421     -29.368320
       5.962945     -29.405085
       5.977792     -29.411448
       6.004913     -29.393006
       6.039985     -29.380178
       6.087443     -29.364947
       6.111947     -29.357321
       6.131773     -29.327212
       6.139182     -29.288339
       6.148455     -29.182075
       6.154822     -28.984950
       6.218614     -28.722127
       6.307414     -28.438703
       6.408937     -28.078188
       6.528156     -27.610519
       6.649773     -27.054368
       6.774842     -26.456197
       6.848525     -25.773715
       6.910125     -25.030733
       6.965193     -24.326135
       6.985338     -23.752129
       6.988147     -23.378937
       6.988172     -23.211642
       6.964279     -23.190657
       6.926437     -23.218284
       6.892609     -23.246719
       6.868079     -23.282535
       6.894982     -23.321853
       6.937211     -23.361367
       6.978596     -23.378665
       7.051303     -23.361571
       7.155060     -23.287412
       7.270404     -23.101961
       7.365244     -22.738665
       7.437643     -22.158115
       7.488683     -21.366330
       7.573501     -20.404676
       7.660067     -19.317363
       7.730874     -18.153200
       7.806904     -16.947604
       7.848460     -15.721323
       7.820485     -14.497876
       7.791497     -13.310277
       7.750507     -12.250839
       7.723368     -11.382898
       7.713198     -10.773881
       7.730263     -10.443085
       7.750170     -10.363444
       7.772820     -10.430215
       7.767791     -10.541835
       7.777757     -10.648621
       7.807433     -10.764974
       7.859094     -10.928327
       7.892113     -11.297270
       7.838779     -11.992256
       7.734269     -13.012909
       7.626881     -14.262451
       7.552073     -15.705350
       7.514809     -17.188846
       7.563943     -18.580989
       7.630464     -19.730997
       7.683981     -20.551591
       7.767236     -21.099903
       7.887881     -21.516279
       8.056960     -21.883156
       8.220147     -22.213533
       8.368278     -22.441333
       8.468205     -22.538743
       8.510655     -22.503981
       8.515973     -22.409424
       8.491726     -22.326605
       8.449974     -22.281296
       8.414566     -22.254901
       8.372509     -22.254415
       8.321249     -22.264787
       8.251308     -22.285583
       8.198659     -22.307315
       8.171107     -22.327064
       8.164020     -22.330481
       8.191231     -22.338917
       8.212774     -22.349025
       8.190286     -22.375246
       8.165142     -22.407088
       8.117132     -22.432180
       8.088197     -22.454638
       8.076875     -22.510448
       8.053043     -22.694114
       8.000184     -23.076920
       7.917261     -23.616028
       7.801282     -24.214775
       7.729305     -24.713397
       7.696671     -24.989373
       7.659833     -24.958871
       7.633629     -24.691963
       7.630784     -24.298838
       7.669071     -23.895567
       7.736885     -23.579433
       7.885393     -23.457223
       8.211523     -23.647356
       8.729736     -24.393953
       9.177116     -25.741816
       9.450975     -27.411952
       9.624579     -29.059372
       9.658123     -30.404607
       9.612754     -31.406339
       9.448020     -32.106377
       9.203427     -32.562750
       8.837714     -32.960735
       8.520785     -33.421693
       8.245803     -33.989013
       8.008931     -34.586631
       7.824858     -35.133087
       7.688207     -35.549696
       7.617062     -35.814712
       7.585003     -35.922997
       7.587666     -35.894355
       7.636017     -35.785414
       7.692935     -35.681540
       7.720489     -35.601821
       7.704779     -35.552022
       7.652531     -35.509912
       7.582050     -35.469091
       7.518044     -35.424406
       7.480556     -35.394555
       7.461511     -35.369073
       7.461395     -35.354103
       7.461669     -35.358004
       7.483409     -35.385249
       7.473509     -35.422998
       7.483287     -35.431787
