      -0.289150      -1.190978
      -0.302184      -1.196602
      -0.323477      -1.207341
      -0.359699      -1.216671
      -0.402300      -1.239784
      -0.437486      -1.265872
      -0.448322      -1.293698
      -0.454347      -1.330111
      -0.424029      -1.348816
      -0.417346      -1.353720
      -0.410454      -1.350619
      -0.425275      -1.335957
      -0.430991      -1.318930
      -0.452311      -1.332274
      -0.508052      -1.402927
      -0.605901      -1.563574
      -0.722773      -1.897681
      -0.851719      -2.482826
      -1.089692      -3.438166
      -1.476692      -4.825231
      -2.186693      -6.623251
      -3.433827      -8.777652
      -5.362031     -11.176046
      -7.568925     -13.599238
      -9.877308     -16.123009
     -12.090783     -18.660034
     -14.342185     -21.249288
     -16.653719     -23.802926
     -19.102745     -26.195052
     -21.193449     -28.384044
     -23.226386     -30.400233
     -25.371400     -32.182623
     -27.203197     -34.036272
     -28.356109     -35.684862
     -28.982466     -37.207510
     -29.213784     -38.659148
     -29.334593     -39.966979
     -29.401093     -41.122601
     -29.427969     -42.265483
     -29.365466     -43.490482
     -29.030162     -44.964676
     -28.232133     -46.803268
     -26.853504     -48.692850
     -24.941553     -50.781302
     -22.941888     -53.150805
     -21.131952     -55.796261
     -19.721942     -58.493186
     -18.764355     -61.003816
     -18.233542     -63.074350
     -18.137141     -64.671262
     -18.284798     -65.931509
     -18.528608     -67.141068
     -18.770342     -68.447933
     -18.949395     -69.893878
     -19.085221     -71.297519
     -19.269794     -72.703559
     -19.574594     -74.099191
     -20.007334     -75.450536
     -20.476106     -76.728021
     -20.903109     -77.965401
     -21.329259     -79.257433
     -21.939289     -80.714734
     -22.721192     -82.253876
     -23.551255     -83.723767
     -24.256723     -84.988001
     -24.908647     -86.089458
     -25.556297     -87.087343
     -26.180522     -88.024632
     -26.784143     -88.803164
     -27.440514     -89.365180
     -28.024105     -89.684558
     -28.625892     -89.894362
     -29.307486     -90.106051
     -30.062685     -90.219666
     -30.762776     -90.218306
     -31.383613     -90.132629
     -31.865235     -89.968665
     -32.222982     -89.766059
     -32.394080     -89.602912
     -32.403335     -89.443291
     -32.338363     -89.332881
     -32.318665     -89.231845
     -32.312337     -89.114412
     -32.380524     -88.924920
     -32.466962     -88.702857
     -32.658846     -88.462298
     -33.039465     -88.162445
     -33.702424     -87.651758
     -34.716340     -86.757648
     -35.901694     -85.545189
     -37.235493     -84.084993
     -38.434641     -82.677748
     -39.603899     -81.509294
     -40.441335     -80.698827
     -40.760194     -80.133227
     -40.572407     -79.810910
     -40.056843     -79.638291
     -39.053778     -79.714474
     -37.282874     -79.965052
     -35.057517     -80.382373
     -32.889079     -80.825858
     -30.725462     -81.164839
     -28.435708     -81.235577
     -26.064777     -81.136095
     -24.017111     -80.981681
     -22.720745     -80.906261
     -21.848283     -80.719348
     -20.995394     -80.373868
     -19.833645     -79.849742
     -18.565071     -79.227028
     -17.482368     -78.532260
     -16.752770     -77.833183
     -16.282095     -77.138328
     -15.944191     -76.528344
     -15.800468     -76.000381
     -15.659648     -75.474962
     -15.549411     -74.974917
     -15.455187     -74.432504
     -15.383477     -73.962738
     -15.322810     -73.602342
     -15.358520     -73.367665
     -15.393480     -73.350398
     -15.426539     -73.404637
     -15.517064     -73.507300
     -15.652704     -73.539740
     -15.790625     -73.601788
     -15.941838     -73.653851
     -16.044193     -73.726269
     -16.161008     -73.774941
     -16.286487     -73.846140
     -16.415218     -73.916688
     -16.504966     -73.970315
     -16.591168     -73.975196
     -16.644948     -73.980568
     -16.670277     -74.005368
     -16.727998     -74.088977
     -16.902445     -74.231302
     -17.198122     -74.490123
     -17.672124     -74.961580
     -18.281225     -75.715249
     -18.954099     -76.703474
     -19.650972     -77.761717
     -20.264224     -78.684901
     -20.768268     -79.370179
     -21.445288     -80.068026
     -22.411222     -81.073702
     -23.643886     -82.453976
     -24.765443     -83.811485
     -25.645924     -84.817685
     -26.178178     -85.309313
     -26.461289     -85.488790
     -26.628390     -85.586600
     -26.772884     -85.738703
     -26.932690     -85.963195
     -27.138827     -86.182674
     -27.299225     -86.261260
     -27.379301     -86.150510
     -27.388318     -85.810888
     -27.302939     -85.179086
     -27.268568     -84.164707
     -27.249120     -82.495396
     -27.218332     -79.687313
     -27.205891     -75.697710
     -27.336396     -70.432435
     -27.463378     -64.337356
     -27.669918     -57.605366
     -27.662210     -50.469015
     -27.751135     -43.093819
     -27.988369     -35.808964
     -28.431849     -29.056271
     -29.117515     -23.170000
     -30.182415     -18.026162
     -31.462532     -13.420825
     -32.674692      -8.975291
     -33.635669      -4.444341
     -34.276495       0.371341
     -34.708549       5.381343
     -34.938315      10.279831
     -34.988088      15.003931
     -35.150521      19.492858
     -35.176455      23.700045
     -34.894510      27.743619
     -34.280743      31.629684
     -33.526765      35.458954
     -32.569572      39.323338
     -31.459548      43.335781
     -30.147632      47.647473
     -28.877117      52.013723
     -27.768076      56.196616
     -26.795125      60.057687
     -25.948138      63.709663
     -25.098132      67.250788
     -24.087242      70.722817
     -23.057196      74.058499
     -22.044898      77.208041
     -20.900602      80.332355
     -19.665745      83.476418
     -18.574165      86.690514
     -17.467891      89.800991
     -16.376569      92.573730
     -15.140562      94.951447
     -13.377151      96.906039
     -11.139117      98.646719
      -8.670185     100.305635
      -6.288454     102.038242
      -4.228055     103.759464
      -2.414419     105.514841
      -0.862183     107.211584
       0.543767     108.908162
       1.798633     110.613871
       2.970780     112.374619
       4.135920     114.163830
       5.033129     115.895816
       5.593876     117.443409
       5.807893     118.759740
       5.873434     119.982272
       5.663814     121.225942
       5.504943     122.561352
       5.209804     123.796978
       4.790191     124.962295
       4.359811     126.071085
       3.945090     127.172522
       3.384107     128.252510
       2.495111     129.091629
       1.382564     129.471944
       0.241080     129.542361
      -0.878869     129.340095
      -2.049876     128.814721
      -3.092638     127.945867
      -4.103576     126.903016
      -4.914203     125.846759
      -5.368385     124.823841
      -5.429078     123.721471
      -5.447084     122.570774
      -5.423775     121.380599
      -5.241176     120.225959
      -4.943071     119.232561
      -4.550820     118.480024
      -4.053344     118.077250
      -3.603872     118.031643
      -3.190210     118.237853
      -2.783016     118.517268
      -2.371911     118.713715
      -1.862944     118.855588
      -1.021538     119.159162
       0.120868     119.739266
       1.295816     120.618329
       2.338686     121.942781
       3.275445     123.968480
       3.993847     126.699341
       4.696625     130.037360
       5.392850     133.724433
       6.101818     137.621456
       6.914470     141.458611
       7.933078     145.077210
       8.802596     148.382483
       9.527128     151.265894
      10.432726     153.745783
      11.170257     155.862445
      12.011738     157.559683
      12.807449     158.932734
      13.445720     160.044653
      13.761346     160.857592
      13.720058     161.460766
      13.491831     161.932859
      13.074134     162.414899
      12.646441     162.822967
      12.196054     163.135682
      11.727944     163.322250
      10.817229     163.328370
       9.508418     163.066129
       7.410770     162.631231
       4.808385     162.063533
       1.814776     161.531912
      -0.932426     161.384035
      -3.281988     161.815572
      -4.862039     162.796768
      -5.806342     163.834646
      -6.117233     165.303604
      -6.052895     166.777361
      -5.747660     168.493464
      -5.349561     170.003824
      -4.956456     171.440065
      -4.851815     172.521938
      -5.045147     173.515976
      -5.513593     174.137753
      -5.905020     174.544733
      -6.146293     174.758442
      -6.291998     174.922900
      -6.101287     174.927738
      -5.296114     175.103834
      -4.101200     175.117240
      -2.708372     174.969275
      -1.345309     174.556739
      -0.005871     174.165166
       1.287281     173.623044
       2.576155     173.093143
       3.751066     172.364337
       5.019548     171.641068
       6.329339     170.697251
       7.628039     169.579572
       8.839066     168.159087
       9.750211     166.779732
      10.537025     165.458660
      11.384286     164.389241
      12.065291     163.289533
      12.604682     162.397579
      12.830238     161.578073
      12.919738     160.991811
      12.926284     160.554145
      12.924418     160.387636
      12.900530     160.358076
      12.874729     160.481212
      12.783462     160.621269
      12.725262     160.845187
      12.712465     160.987819
      12.778996     161.150626
      12.816073     161.235138
      12.902071     161.326013
      12.904032     161.344926
      12.893553     161.370620
      12.762668     161.320010
      12.577605     161.313880
      12.257780     161.281037
      11.806218     161.320748
      11.096826     161.389611
      10.165400     161.637028
       9.111115     161.956746
       7.936410     162.442157
       6.700680     162.888304
       5.210056     163.367381
       3.544404     163.705683
       1.767721     164.124280
      -0.077222     164.616588
      -1.968227     165.186744
      -3.957585     165.749149
      -5.883138     166.518773
      -7.839524     167.565015
      -9.654525     168.649278
     -11.133104     169.602148
     -12.406291     170.542468
     -13.398971     171.517428
     -14.222607     172.471716
     -14.632458     173.482774
     -14.708757     174.459346
     -14.563111     175.087903
     -14.649798     175.437143
     -14.922770     175.460456
     -15.567561     175.220791
     -16.734719     174.899975
     -18.710137     174.586153
     -20.604785     174.120442
     -22.407848     173.653644
     -24.275214     173.203456
     -26.384660     172.561008
     -28.567691     171.697235
     -30.870078     170.781414
     -32.895092     169.937205
     -34.446921     169.404933
     -35.738911     169.139876
     -36.830930     169.022880
     -37.783562     168.877091
     -38.596813     168.742960
     -39.319460     168.668434
     -40.231847     168.518818
     -41.228824     168.582231
     -42.003174     168.751664
     -42.464504     168.901046
     -42.855703     168.829920
     -43.165717     168.373496
     -43.675491     167.559109
     -44.416663     165.761758
     -45.457460     163.370684
     -46.421642     160.284026
     -47.334821     156.819259
     -48.127366     152.975197
     -48.873740     149.027185
     -49.522386     145.382610
     -50.019079     142.372927
     -50.272261     140.159630
     -50.502363     138.287645
     -50.522884     136.298160
     -50.432844     134.485975
     -50.193514     132.425364
     -50.057362     130.225006
     -50.182955     127.850640
     -50.430518     125.428598
     -50.517274     122.782842
     -50.522194     120.170948
     -50.479399     117.588342
     -50.519906     115.355792
     -50.582280     112.800823
     -50.741542     110.347162
     -50.940000     108.340560
     -51.172078     106.767030
     -51.422424     105.691374
     -51.643015     105.028158
     -51.774461     104.885915
     -51.764509     105.029692
     -51.648854     105.210675
     -51.580331     105.281306
     -51.566882     105.329915
     -51.721068     105.527819
     -52.069370     105.950953
     -52.547087     106.570622
     -52.965141     107.318137
     -53.265368     108.218921
     -53.554269     109.290837
     -53.855297     110.403892
     -54.142017     111.731880
     -54.359675     113.245969
     -54.409391     114.446091
     -54.455601     115.310748
     -54.382819     115.805096
     -54.231809     116.122250
     -54.136087     116.430059
     -54.083956     116.600346
     -54.132167     116.623388
     -54.259975     116.489985
     -54.497323     116.242733
     -54.725875     116.032424
     -54.826566     116.052221
     -54.842235     116.324224
     -54.773692     116.595139
     -54.714947     116.734546
     -54.711877     116.726551
     -54.663020     116.775539
     -54.622435     116.820301
     -54.581869     116.799572
     -54.533644     116.661078
     -54.573117     116.610060
     -54.639473     116.540148
     -54.702270     116.504877
     -54.761438     116.561713
     -54.771614     116.752041
     -54.728177     117.066494
     -54.636209     117.489084
     -54.545811     117.843122
     -54.476350     118.057881
     -54.433706     118.063359
     -54.441647     118.030234
     -54.435527     118.050760
     -54.436120     118.059726
     -54.494574     118.085964
     -54.525251     118.035072
     -54.565744     117.930510
     -54.590937     117.720473
     -54.570096     117.345686
     -54.439685     116.917811
     -53.947615     116.234340
     -52.610627     115.212724
     -49.299725     114.278611
     -44.336852     113.622631
     -38.593604     113.345354
     -32.328056     113.619941
     -24.995989     114.034099
     -17.340426     114.429733
     -10.638161     114.754804
      -4.764464     115.007340
       0.152378     114.975293
       4.003861     114.534023
       6.909502     114.147171
       9.334915     113.959272
      11.807913     113.742202
      13.593424     113.463302
      14.900232     113.075740
      15.828532     112.524060
      16.785563     111.789669
      17.861429     111.065088
      18.989044     110.479127
      20.044562     109.833823
      21.027293     109.080159
      21.486078     108.293904
      21.674627     107.415540
      21.791543     106.594324
      21.861613     105.825817
      21.769346     105.092970
      21.528309     104.637294
      21.083260     104.402214
      20.552543     104.237939
      20.063516     104.102098
      19.679632     103.946994
      19.525059     103.778144
      19.533816     103.631550
      19.587681     103.554585
      19.651684     103.472336
      19.783010     103.523199
      20.072582     103.598677
      20.457234     103.655903
      21.078700     103.477417
      21.601502     102.999078
      21.935078     102.235253
      21.906281     101.162278
      21.627764      99.377807
      21.011357      97.224300
      20.263626      95.038397
      19.425192      93.091255
      18.678748      91.525351
      18.081512      90.092646
      18.024234      88.350664
      18.434110      86.463633
      18.701517      84.362728
      18.291175      82.155609
      17.146534      79.939053
      15.340103      77.818297
      12.703248      75.844864
       9.581413      74.166495
       6.360575      72.630792
       3.715428      71.063255
       1.849470      69.457081
       0.663568      67.773579
      -0.355695      66.135514
      -1.296160      64.493946
      -2.370719      62.857547
      -3.310033      61.364241
      -3.940355      60.220091
      -4.349798      59.401139
      -4.715542      58.687292
      -5.123910      57.972159
      -5.440447      57.379689
      -5.634601      56.978300
      -5.818216      56.760448
      -5.989094      56.714996
      -6.084090      56.646614
      -6.147018      56.537132
      -6.166306      56.487226
      -6.103957      56.526811
      -5.923993      56.604067
      -5.716459      56.729616
      -5.608073      56.936306
      -5.609726      57.235261
      -5.804065      57.558661
      -6.041328      58.017616
      -6.260585      58.686180
      -6.436054      59.501446
      -6.552944      60.477125
      -6.747534      61.645147
      -6.995390      63.016372
      -7.314227      64.566039
      -7.725955      66.178085
      -8.113414      67.795654
      -8.642301      69.294672
      -9.100783      70.808252
      -9.456447      72.397640
      -9.702613      74.483731
      -9.836236      76.863527
      -9.737244      79.355093
      -9.486872      81.322260
      -9.080936      82.649296
      -8.699755      83.571732
      -8.272160      84.531004
      -7.763096      85.877915
      -7.291135      87.506893
      -6.906235      89.175678
      -6.615633      90.790609
      -6.319871      92.453227
      -5.956123      94.554035
      -5.664895      97.291308
