       7.995549      15.001394
       8.156903      15.034418
       8.292476      15.061150
       8.401629      15.055057
       8.468634      15.034389
       8.526588      14.980261
       8.606173      14.917432
       8.710807      14.856297
       8.788009      14.803530
       8.841520      14.738959
       8.816967      14.682716
       8.756521      14.631527
       8.682467      14.594550
       8.629536      14.576573
       8.589381      14.585792
       8.525450      14.632299
       8.428880      14.709497
       8.291595      14.795069
       8.143402      14.883323
       7.964480      14.973545
       7.704161      15.071931
       7.299328      15.185608
       6.701721      15.306252
       6.004010      15.413191
       5.184927      15.484610
       4.292180      15.471550
       3.305363      15.380135
       2.148372      15.247555
       1.002612      15.080293
      -0.026557      14.919756
      -0.946598      14.804059
      -1.840931      14.733251
      -2.741060      14.728024
      -3.708987      14.809696
      -4.580077      14.988911
      -5.332292      15.244011
      -5.807694      15.506550
      -5.990706      15.692194
      -5.969647      15.740910
      -5.845392      15.666310
      -5.717879      15.566602
      -5.504301      15.484185
      -5.309011      15.452027
      -5.207758      15.501318
      -5.315474      15.659938
      -6.007092      15.977826
      -7.856450      16.349998
     -11.096957      16.632895
     -15.607781      16.759658
     -20.697970      16.719094
     -25.369027      16.492603
     -29.063811      16.041573
     -32.354612      15.510303
     -35.098133      14.916413
     -37.839603      14.484451
     -40.754987      14.371950
     -43.988303      14.764774
     -46.623495      15.588031
     -48.893833      16.529407
     -51.293897      17.228704
     -53.432625      17.337117
     -54.903297      16.726078
     -55.814091      15.815052
     -56.351137      15.084484
     -56.873379      14.763138
     -57.545596      14.892410
     -58.390557      15.467145
     -59.138204      16.099630
     -59.931638      16.612227
     -60.741153      16.861657
     -61.479794      16.846707
     -62.031839      16.533744
     -62.319836      16.186883
     -62.462147      15.774123
     -62.821032      15.381856
     -63.158105      15.144887
     -63.000485      15.274680
     -62.148228      15.609504
     -61.054596      16.488544
     -60.273101      18.188584
     -59.603497      20.263877
     -58.897058      22.022560
     -58.090636      23.294554
     -57.243907      24.594925
     -56.262676      26.797563
     -55.045195      29.695508
     -53.766428      33.188199
     -52.571392      36.779567
     -51.309318      40.099777
     -50.172590      43.173960
     -49.076758      46.005638
     -47.953892      48.459980
     -46.903950      50.502465
     -45.920160      52.315145
     -44.913507      53.856346
     -43.969603      55.190221
     -43.008831      56.126679
     -42.034342      56.737188
     -40.451382      56.963540
     -38.233264      56.896819
     -35.898853      56.656726
     -33.371629      56.291396
     -30.390063      55.651269
     -27.508313      54.829519
     -24.751646      53.766623
     -21.906349      52.293750
     -19.081698      49.982851
     -16.166075      46.551203
     -13.400855      42.246399
     -10.947113      37.529979
      -8.916033      32.847253
      -7.498375      28.448354
      -6.439257      24.351996
      -5.377813      20.520149
      -4.368343      17.037430
      -3.600268      14.053178
      -2.989934      11.451991
      -2.715311       9.240745
      -2.368871       7.429412
      -2.116041       6.015767
      -1.959289       5.113973
      -2.072233       4.723190
      -2.418582       4.681537
      -2.611759       4.711077
      -2.709816       4.609094
      -2.772346       4.373926
      -2.874604       4.050051
      -2.946969       3.703710
      -3.031162       3.332874
      -3.124866       2.965999
      -3.182266       2.484612
      -3.187820       1.917355
      -3.158434       1.268816
      -3.111399       0.639221
      -3.072677       0.169914
      -3.014854      -0.130883
      -2.943566      -0.313075
      -2.822793      -0.451792
      -2.677646      -0.590409
      -2.516987      -0.672375
      -2.303286      -0.698871
      -2.072966      -0.692053
      -1.856395      -0.647461
      -1.667222      -0.559885
      -1.529756      -0.403809
      -1.428604      -0.208549
      -1.314804      -0.029979
      -1.164162       0.085022
      -0.972621       0.161638
      -0.771122       0.167934
      -0.411709       0.120115
       0.314547       0.047138
       1.283021      -0.022203
       2.401862      -0.042837
       3.278809      -0.011615
       4.113354       0.079065
       4.839437       0.187660
       5.462516       0.270025
       5.909155       0.329079
       6.103216       0.407472
       6.373474       0.527661
       6.644526       0.707328
       6.958582       0.995735
       7.378056       1.378478
       7.840721       1.882128
       8.339594       2.545363
       8.789678       3.434619
       9.128468       4.558420
       9.446998       6.025867
       9.700531       7.855565
       9.902170      10.039167
       9.999179      12.481737
      10.029170      15.111748
       9.993902      17.768295
      10.043264      20.233342
      10.082291      22.311949
      10.014093      23.855334
       9.757731      24.836846
       9.310071      25.290103
       8.750525      25.267994
       8.206071      24.922087
       7.771220      24.452310
       7.498375      24.007672
       7.375482      23.694637
       7.326635      23.533706
       7.331656      23.519470
       7.414122      23.646282
       7.495513      23.888461
       7.617187      24.205678
       7.777272      24.613721
       7.960821      25.102090
       8.109362      25.637796
       8.162896      26.181450
       8.069014      26.667390
       7.874269      27.038141
       7.603963      27.301812
       7.294470      27.458718
       6.949472      27.532877
       6.579938      27.538468
       6.104272      27.459051
       5.467350      27.275883
       4.643311      26.964103
       3.813090      26.546006
       3.003666      26.050193
       2.269420      25.520739
       1.605492      25.011291
       0.999095      24.534722
       0.485612      24.071321
      -0.006070      23.607305
      -0.428780      23.144336
      -0.735362      22.678117
      -0.936977      22.202935
      -1.031272      21.689439
      -1.048778      21.161335
      -1.001987      20.653203
      -0.941093      20.156648
      -0.889498      19.657723
      -0.813581      19.113009
      -0.703708      18.479423
      -0.590574      17.712665
      -0.456452      16.852245
      -0.306908      15.900190
      -0.197865      14.891484
      -0.062091      13.866910
       0.059065      12.815300
       0.177805      11.756703
       0.341009      10.734419
       0.528187       9.728373
       0.689180       8.732774
       0.867518       7.712212
       1.094542       6.693488
       1.348949       5.668948
       1.613229       4.566638
       1.814238       3.397377
       1.942541       2.167395
       2.014374       0.997095
       2.060575      -0.136927
       1.997630      -1.098936
       1.919261      -1.762826
       1.815900      -1.995440
       1.731220      -1.864618
       1.645781      -1.536670
       1.541387      -1.169108
       1.451011      -0.866005
       1.359537      -0.626796
       1.269068      -0.409430
       1.201469      -0.201241
       1.161984       0.012750
       1.147867       0.230070
       1.178364       0.422230
       1.311034       0.630515
       1.512497       0.839140
       1.789586       1.081537
       2.106187       1.391308
       2.513417       1.780458
       2.925849       2.186207
       3.376583       2.532804
       3.820347       2.740453
       4.196730       2.784149
       4.554537       2.696502
       4.891546       2.539448
       5.132378       2.365665
       5.330643       2.209977
       5.517611       2.065684
       5.694550       1.938208
       5.872228       1.798566
       6.083740       1.644272
       6.314413       1.444603
       6.556116       1.211361
       6.795551       0.980436
       7.069098       0.791161
       7.404612       0.609639
       7.907166       0.429400
       8.523946       0.212795
       9.072168       0.008812
       9.524226      -0.165167
       9.747575      -0.252891
       9.747344      -0.222379
       9.591362      -0.080012
       9.420077       0.124568
       9.168415       0.353352
       8.670036       0.627878
       7.791128       0.999948
       6.862745       1.447160
       6.031712       1.879452
       5.495489       2.169057
       5.154967       2.254957
       4.990416       2.167129
       4.866529       1.966642
       4.745867       1.747096
       4.602895       1.589407
       4.476273       1.550009
       4.351730       1.607707
       4.311932       1.692782
       4.318348       1.740538
       4.322988       1.715229
       4.333300       1.596312
       4.325714       1.400032
       4.287140       1.208565
       4.277215       1.054009
       4.270545       0.942040
       4.310016       0.869571
       4.408484       0.837883
       4.531713       0.829639
       4.669188       0.834854
       4.814158       0.866895
       4.979471       0.933848
       5.112726       1.042864
       5.248742       1.172913
       5.390833       1.307660
       5.476914       1.444952
       5.548418       1.558498
       5.550404       1.677210
       5.533664       1.802718
       5.518706       1.935732
       5.518900       2.076907
       5.487823       2.263118
       5.533137       2.485520
       5.566247       2.736439
       5.583524       3.021212
       5.585369       3.316855
       5.621620       3.609023
       5.708566       3.942547
       5.794413       4.283417
       5.988052       4.620524
       6.195379       4.875382
       6.412789       5.044312
       6.596765       5.138304
       6.766611       5.196725
       6.895707       5.220567
       6.950065       5.198760
       7.041040       5.099298
       7.222838       4.932075
       7.513118       4.632368
       7.870411       4.067433
       8.219903       3.226379
       8.492939       2.331462
       8.707398       1.629773
       8.892368       1.182850
       9.019395       0.940805
       9.023270       0.896734
       8.940438       1.072050
       8.821170       1.393279
       8.573636       1.810084
       8.351995       2.244390
       8.205083       2.674062
       8.060817       3.092335
       7.886676       3.420144
       7.827532       3.581311
       7.810996       3.544280
       7.873791       3.349217
       8.085430       2.995238
       8.380424       2.470533
       8.707589       1.760640
       8.849834       0.880690
       8.791469      -0.147569
       8.601014      -1.213017
       8.347183      -2.240861
       8.163287      -3.192848
       8.035518      -4.026879
       7.935306      -4.725016
       7.810516      -5.266874
       7.677202      -5.746241
       7.760179      -6.298602
       7.838128      -7.145535
       7.925565      -8.472610
       7.908278     -10.028756
       7.635666     -11.451640
       7.071020     -12.421431
       6.243958     -12.750479
       5.339805     -12.670428
       4.655106     -12.502217
       4.393896     -12.685676
       4.435261     -13.272960
       4.461375     -13.766945
       4.405574     -13.838489
       4.161333     -13.444224
       3.810607     -12.634577
       3.204737     -11.701513
       2.604681     -10.915986
       2.244078     -10.377555
       2.146380     -10.231418
       1.863020     -11.006775
       1.525715     -13.181739
       1.244593     -16.876207
       1.118801     -21.612176
       1.095236     -27.197753
       1.066800     -33.036269
       1.274937     -38.726340
       1.232548     -44.412054
       1.060442     -50.444181
       1.002258     -56.866661
       0.504329     -63.352939
       0.063384     -69.561711
      -0.257654     -75.074107
      -0.347971     -79.972595
      -0.305909     -84.273922
      -0.071289     -88.196881
       0.473304     -91.961249
       1.345515     -96.168112
       2.139688    -100.639924
       2.618207    -104.919127
       2.908095    -108.468096
       3.125060    -111.152204
       3.487393    -113.449245
       3.854428    -115.662737
       4.221494    -118.006833
       4.553836    -120.429429
       4.832369    -122.822834
       4.951495    -125.137080
       5.004825    -127.194243
       5.052864    -128.901613
       5.143611    -130.289886
       5.244785    -131.451336
       5.413722    -132.310544
       5.616995    -132.751950
       5.941577    -132.867168
       6.651463    -132.897787
       8.082085    -133.040661
       9.720033    -133.005895
      11.408392    -132.636062
      12.990461    -132.031187
      14.258067    -131.248478
      15.260608    -130.383335
      16.076358    -129.679378
      16.778071    -129.189051
      17.587612    -128.886663
      18.547612    -128.562563
      19.475554    -128.100379
      20.368195    -127.667268
      21.010437    -127.321205
      21.509561    -127.118386
      21.709841    -127.024742
      21.823823    -127.122786
      21.671332    -127.392526
      21.248564    -127.858344
      20.766388    -128.366359
      20.347380    -128.931746
      20.031932    -129.604871
      19.823301    -130.369638
      19.665784    -131.213945
      19.567445    -132.142685
      19.423952    -133.177474
      19.245468    -134.348794
      19.054463    -135.674139
      18.952438    -137.253857
      18.922053    -139.072628
      19.146385    -141.205104
      19.885404    -143.709142
      20.667074    -146.116477
      21.187480    -148.049242
      21.498373    -149.603645
      21.595567    -151.045171
      21.727054    -152.762683
      21.793143    -154.547862
      21.819685    -155.958643
      21.782944    -157.008090
      21.760956    -157.953490
      21.650046    -158.979566
      21.466934    -160.309817
      21.166466    -161.749167
      20.863208    -162.984920
      20.646415    -163.821338
      20.576537    -164.296821
      20.659288    -164.534233
      20.860063    -164.667917
      21.082833    -164.704131
      21.272534    -164.611925
      21.359358    -164.436645
      21.385173    -164.204460
      21.282476    -163.850616
      21.087406    -163.508235
      20.858038    -163.241118
      20.615077    -163.061117
      20.410417    -162.978139
      20.272454    -162.978431
      20.153735    -162.997043
      20.009579    -162.974011
      19.871789    -162.898931
      19.782649    -162.828358
      19.758790    -162.786054
      19.763038    -162.780692
      19.603110    -162.814934
      19.212493    -163.005650
      18.582499    -163.385410
      17.726530    -164.095799
      16.662647    -165.078355
      15.373132    -166.257796
      13.812982    -167.513628
      11.963395    -168.907458
      10.046351    -170.334393
       8.165794    -171.606894
       6.380305    -172.573927
       4.898386    -173.223700
       3.784951    -173.617061
       2.996216    -173.819326
       2.558542    -173.890356
       2.274622    -173.869315
       2.174482    -173.822027
       2.132787    -173.714590
       2.201417    -173.597924
       2.208435    -173.435777
       2.284477    -173.268657
       2.352230    -173.121061
       2.521353    -173.012381
       3.119375    -172.983588
       3.909749    -173.094523
       4.325542    -173.146260
       4.479145    -172.996547
       4.440406    -172.687018
       4.266880    -172.361850
       4.075107    -172.033224
       3.969355    -171.612800
       3.875602    -170.935848
       3.895680    -169.686971
       3.677075    -167.243597
       3.475318    -162.950707
       3.128779    -157.036776
       3.218209    -150.493462
       3.266842    -143.714514
       3.192672    -136.481114
       3.150190    -128.691294
       2.903866    -120.297143
       2.600233    -111.639208
       2.366232    -102.980223
       2.572162     -94.728801
       3.284672     -86.863502
       3.899554     -79.689115
       4.441825     -73.246113
       5.188415     -67.640482
       6.562172     -62.652110
       8.791586     -58.106086
      11.966427     -53.937570
      15.577976     -50.316149
      19.298210     -47.114963
      22.480934     -44.229347
      24.970477     -41.524160
      26.670824     -38.961485
      27.320290     -36.225745
      26.692797     -33.151079
      25.158706     -29.791571
      23.133359     -26.134096
      21.341086     -22.177562
      19.985345     -18.098502
      18.414355     -13.999422
      16.126517     -10.088103
      14.715068      -6.658377
      16.132844      -4.094332
      18.071215      -2.287629
      19.932860      -1.048883
      21.385404      -0.212164
      22.752095       0.303998
      24.721402       0.600926
      26.747140       0.746646
      28.188755       0.869492
      29.106762       1.004115
      29.463165       1.033504
      29.676245       0.850979
      29.699132       0.564272
      29.431073       0.353611
      28.869567       0.403379
      28.205102       0.664217
      27.735950       1.054571
      27.281862       1.549478
      26.697061       2.130640
      25.916205       2.746836
      24.870376       3.364317
      23.842463       3.919839
      23.639434       4.507254
      24.107841       5.221928
      24.682987       6.026727
      25.289285       6.844012
      25.746302       7.638305
      25.927022       8.308529
      25.868325       8.875270
      25.670938       9.314376
      25.458261       9.611992
      25.168185       9.763078
      24.698802       9.775379
      23.951546       9.650702
      22.939270       9.373579
      21.728302       9.020002
      20.176888       8.646236
      18.545711       8.280814
      17.066671       7.833855
      15.663531       7.273314
      14.478306       6.536414
      13.354422       5.656989
      12.286356       4.651170
      11.230258       3.614206
       9.972536       2.631714
       8.673564       1.736887
       7.535937       0.935791
       6.703849       0.329459
       6.172283      -0.024441
       5.836904      -0.172972
       5.584822      -0.227966
       5.338607      -0.305089
       5.031675      -0.476188
       4.687932      -0.711125
       4.425274      -0.997022
       4.233391      -1.278764
       4.033923      -1.483273
       3.853920      -1.597985
       3.630960      -1.601503
       3.355646      -1.477108
       3.060267      -1.216992
       2.772479      -0.728772
       2.661887      -0.008941
       2.494858       0.936917
       2.304860       2.012016
       2.141451       3.012682
       1.979756       3.834614
       1.881893       4.406461
       1.673068       4.702002
       1.311060       4.856868
       0.952332       4.939756
       0.642331       4.966476
       0.527869       4.890648
       0.581966       4.700175
       0.747297       4.455239
       0.990836       4.121477
       1.215043       3.644825
       1.334376       3.029808
       1.278040       2.305986
       1.134853       1.594331
       1.028946       1.024906
       1.061784       0.643443
       1.172000       0.491507
       1.294070       0.622992
       1.468634       1.019841
       1.866149       1.553704
       2.332193       2.125992
       2.706332       2.641947
       2.938893       3.112339
       3.045875       3.505839
       3.013011       3.789838
       2.916048       3.927002
       2.826254       3.902157
       2.777331       3.804220
       2.803928       3.705100
       2.895038       3.609440
       3.015794       3.528491
       3.130809       3.470148
       3.211183       3.442690
       3.248585       3.440871
       3.246572       3.454284
       3.271933       3.453834
       3.288708       3.452723
       3.321039       3.455490
       3.369177       3.450038
       3.382829       3.433797
       3.397453       3.408097
       3.414823       3.370416
       3.444142       3.305803
       3.481129       3.217158
       3.534824       3.107337
       3.553164       2.985033
       3.528768       2.872776
       3.459005       2.775198
       3.353690       2.705445
       3.255162       2.656679
       3.187394       2.623027
       3.163498       2.588435
       3.140500       2.544931
       3.128919       2.506691
       3.106793       2.480241
       3.095206       2.475681
       3.099800       2.490356
       3.130352       2.512792
       3.162556       2.505362
       3.175896       2.498997
       3.192773       2.480394
       3.210366       2.446538
       3.219568       2.421775
       3.258415       2.420592
       3.281896       2.426830
       3.304963       2.428995
       3.319453       2.416296
       3.346476       2.396241
       3.371329       2.356473
       3.407564       2.328407
       3.428804       2.302452
       3.427338       2.307610
       3.440828       2.323157
       3.450155       2.335069
       3.434322       2.322789
       3.415276       2.313222
       3.403113       2.296601
       3.371706       2.274766
       3.345347       2.266635
       3.317015       2.286843
       3.287489       2.302787
       3.256981       2.299422
       3.238469       2.279717
       3.227391       2.255797
       3.218010       2.209642
       3.214903       2.172559
       3.210417       2.146011
       3.188150       2.149901
       3.190203       2.158598
       3.192484       2.167645
       3.184337       2.152453
       3.165741       2.144734
       3.164351       2.129688
       3.157622       2.115568
       3.157875       2.117875
       3.155496       2.144349
       3.153736       2.164214
       3.148758       2.168203
       3.149875       2.156968
       3.142122       2.146630
       3.125439       2.131774
       3.088644       2.132194
       3.051085       2.150507
       3.015067       2.191685
       3.017249       2.242768
       3.039673       2.295958
       3.043050       2.327674
       3.044268       2.347969
       3.050178       2.355020
       3.043421       2.362753
       3.062468       2.376419
       3.084506       2.401347
       3.115601       2.427249
       3.125019       2.440298
       3.141296       2.439514
       3.151843       2.431878
       3.147281       2.415527
       3.149944       2.403503
       3.149887       2.396065
       3.147090       2.409682
       3.174212       2.436019
       3.199758       2.451902
       3.223720       2.459905
       3.248406       2.466218
       3.257674       2.460739
       3.262223       2.431350
       3.275889       2.405043
       3.281835       2.399536
       3.288463       2.405768
       3.293507       2.398363
       3.305687       2.374861
       3.304036       2.331946
       3.299479       2.279810
       3.289746       2.230885
       3.287372       2.203685
       3.296630       2.197756
       3.322439       2.215041
       3.348595       2.212137
       3.355834       2.205804
       3.371017       2.184669
       3.374496       2.163125
       3.390295       2.147639
       3.407838       2.149886
       3.424528       2.167868
       3.433870       2.180492
       3.445301       2.179218
       3.479538       2.167759
       3.524701       2.149342
       3.565594       2.123281
       3.621496       2.107821
       3.662462       2.107406
       3.710195       2.125335
       3.763375       2.150318
       3.823964       2.152824
       3.856889       2.143806
       3.885956       2.131897
       3.872710       2.119276
       3.857712       2.104633
       3.835388       2.113629
       3.827662       2.131240
       3.817542       2.143439
       3.841804       2.131447
       3.868840       2.108739
       3.911589       2.086417
       3.977228       2.067121
       4.056834       2.063142
       4.170538       2.142524
       4.392671       2.549422
       4.604337       3.603163
       4.930809       5.237964
       5.281917       7.465768
       5.562745       9.997051
       5.755241      12.509996
       5.832144      14.636220
       5.866695      16.044881
       5.806927      16.627408
       5.686372      16.525721
       5.593661      16.026147
       5.544343      15.264619
       5.503320      14.376629
       5.494095      13.409360
       5.438478      12.407164
       5.396443      11.322893
       5.288634      10.225234
       5.162911       9.118668
       5.011702       8.078702
       4.865948       7.156784
       4.697143       6.400336
       4.472901       5.822119
       4.276131       5.439119
       4.047831       5.239632
       3.885004       5.184514
       3.763848       5.247331
       3.694632       5.370340
       3.659342       5.493032
       3.646713       5.585578
       3.653317       5.657367
       3.661586       5.726026
       3.676801       5.770045
       3.726556       5.775937
       3.761337       5.722086
       3.817318       5.649974
       3.896208       5.570625
       3.980750       5.478928
       4.048655       5.355254
