      12.584123      24.428351
      12.577402      24.408808
      12.572831      24.391695
      12.577935      24.392914
      12.587160      24.412842
      12.598495      24.421859
      12.592550      24.415395
      12.600144      24.404163
      12.624092      24.402222
      12.605506      24.374717
      12.614772      24.389232
      12.594519      24.402298
      12.613751      24.377947
      12.625213      24.368658
      12.607351      24.347338
      12.597489      24.338416
      12.570783      24.350541
      12.549020      24.353278
      12.541783      24.341393
      12.531764      24.346306
      12.531052      24.366288
      12.530351      24.373352
      12.527702      24.389650
      12.525300      24.412679
      12.555229      24.454426
      12.542492      24.449008
      12.546325      24.466036
      12.522487      24.515350
      12.551508      24.561572
      12.568364      24.589961
      12.567900      24.587899
      12.585235      24.552579
      12.577082      24.548467
      12.562479      24.553040
      12.537724      24.556005
      12.527371      24.579674
      12.534904      24.612621
      12.558617      24.623205
      12.563132      24.601414
      12.553774      24.575497
      12.560454      24.565066
      12.600011      24.579105
      12.573012      24.554325
      12.577305      24.546354
      12.549845      24.565987
      12.584425      24.568277
      12.579101      24.567983
      12.558320      24.550568
      12.556926      24.530674
      12.540786      24.543520
      12.520836      24.549827
      12.490202      24.544849
      12.472885      24.549786
      12.464662      24.565821
      12.454988      24.562492
      12.441471      24.538518
      12.423089      24.509725
      12.403509      24.499929
      12.403044      24.505575
      12.385017      24.483738
      12.361558      24.457592
      12.334202      24.476100
      12.328024      24.478342
      12.341333      24.478966
      12.330162      24.473679
      12.318307      24.436440
      12.311300      24.430461
      12.295477      24.428584
      12.287029      24.405479
      12.283089      24.395624
      12.284726      24.407951
      12.283581      24.415647
      12.279046      24.404857
      12.277177      24.384827
      12.267284      24.372427
      12.281020      24.375110
      12.310157      24.386983
      12.285574      24.365396
      12.300211      24.393990
      12.284084      24.426811
      12.310813      24.421925
      12.324001      24.409316
      12.349998      24.347646
      12.414622      24.299994
      12.497120      24.268261
      12.496456      24.258816
      12.531475      24.257017
      12.597116      24.268040
      12.751649      24.332191
      13.393128      24.518553
      15.116257      25.092192
      17.266049      26.000083
      19.194467      27.345955
      20.976270      29.165631
      22.506164      31.411004
      23.905594      33.976295
      25.078087      36.694678
      26.139213      39.305581
      27.213725      41.373753
      27.986074      42.798619
      28.477233      43.710345
      28.836857      44.284887
      29.313878      44.579932
      29.828312      44.626453
      30.243437      44.482432
      30.569236      44.218715
      30.746226      43.828643
      30.804624      43.335004
      30.884233      42.830864
      30.920591      42.396952
      31.055830      42.052779
      31.113475      41.819001
      31.205863      41.821725
      31.106991      42.033535
      30.993643      42.378666
      30.813797      42.758728
      30.726766      43.041732
      30.721754      43.190984
      30.679199      43.177452
      30.602167      43.023897
      30.540033      42.803233
      30.503404      42.617952
      30.483837      42.500208
      30.427076      42.445362
      30.368138      42.406594
      30.328345      42.371958
      30.248325      42.361763
      30.247021      42.330338
      30.173685      42.229167
      30.091854      42.170839
      29.923432      42.170008
      29.744358      42.302959
      29.640728      42.334161
      29.424950      42.142809
      28.858988      41.361634
      27.260670      39.269620
      24.284855      35.312605
      21.535505      31.454970
      20.002942      28.341492
      18.852570      25.930618
      17.945824      24.189164
      17.163846      23.098175
      16.527578      22.605767
      16.073426      22.482761
      15.694556      22.546529
      15.426374      22.551900
      15.190302      22.481636
      15.157649      22.493342
      15.267805      22.675390
      15.486566      23.001547
      15.708858      23.442921
      15.908191      23.900499
      16.065394      24.351245
      16.186271      24.674303
      16.192197      24.787047
      16.106421      24.642808
      15.982680      24.313040
      15.842475      23.916073
      15.715832      23.499812
      15.624138      23.167640
      15.586045      22.988697
      15.648039      23.027503
      15.712839      23.171635
      15.734645      23.389657
      15.768952      23.606958
      15.753486      23.765000
      15.774449      23.826221
      15.782153      23.791940
      15.752888      23.699273
      15.748588      23.639031
      15.731569      23.612866
      15.715531      23.593737
      15.706805      23.573175
      15.703121      23.557127
      15.701910      23.530248
      15.720111      23.486955
      15.721352      23.459445
      15.731174      23.445221
      15.731073      23.444760
      15.725353      23.429329
      15.768868      23.439534
      15.773720      23.472998
      15.812308      23.517953
      15.838197      23.531132
      15.853595      23.507869
      15.861156      23.511896
      15.845290      23.552952
      15.841176      23.603912
      15.837436      23.666767
      15.842323      23.738304
      15.844117      23.794116
      15.852232      23.811664
      15.855661      23.802144
      15.882674      23.798876
      15.867823      23.754155
      15.858979      23.731863
      15.823004      23.751777
      15.825463      23.766105
      15.830169      23.783302
      15.799765      23.785888
      15.781477      23.754837
      15.768880      23.750143
      15.744281      23.751886
      15.731872      23.747119
      15.725236      23.765163
      15.737606      23.800114
      15.739976      23.826398
      15.730980      23.825276
      15.727874      23.815397
      15.757940      23.793829
      15.741552      23.750898
      15.749812      23.773927
      15.743619      23.810180
      15.844723      23.882446
      15.862696      23.924986
      15.837571      23.900781
      15.807444      23.864562
      15.767368      23.824346
      15.740816      23.776052
      15.712303      23.756605
      15.728792      23.776604
      15.715888      23.807902
      15.645571      23.819778
      15.516627      23.782789
      15.385904      23.709387
      15.175813      23.597846
      14.894240      23.492495
      14.651137      23.392199
      14.869115      23.249104
      15.220829      23.070203
      15.256059      23.013116
      15.054268      23.045338
      14.885451      23.069598
      14.854322      23.006093
      14.853660      22.887642
      14.809471      22.850241
      14.792030      22.900176
      14.804354      22.951170
      14.823923      22.963659
      14.826432      22.957183
      14.781925      22.892125
      14.767307      22.848640
      14.739705      22.842822
      14.746631      22.836175
      14.757043      22.840816
      14.739999      22.844441
      14.741459      22.845952
      14.736159      22.879203
      14.719911      22.901876
      14.715110      22.905499
      14.716389      22.922406
      14.713640      22.938925
      14.702694      22.942823
      14.699563      22.932995
      14.716982      22.920898
      14.679820      22.883385
      14.687402      22.896385
      14.661322      22.923164
      14.691178      22.920471
      14.696914      22.928220
      14.671665      22.909120
      14.671405      22.904775
      14.647905      22.916891
      14.635625      22.912275
      14.620165      22.905317
      14.626252      22.910691
      14.626041      22.910356
      14.615780      22.894090
      14.608364      22.866308
      14.633717      22.845563
      14.600108      22.799507
      14.605589      22.790150
      14.576965      22.816402
      14.607833      22.814898
      14.616770      22.820462
      14.594256      22.793321
      14.596341      22.773106
      14.576112      22.777628
      14.566006      22.775289
      14.549609      22.779802
      14.553886      22.794130
      14.553612      22.804830
      14.544969      22.785261
      14.526384      22.742301
      14.516112      22.702179
      14.539568      22.680670
      14.488967      22.625776
      14.476215      22.611064
      14.440272      22.608783
      14.453219      22.587131
      14.457853      22.565473
      14.430487      22.519358
      14.422195      22.486991
      14.402768      22.478525
      14.393830      22.470026
      14.385445      22.470135
      14.375611      22.482144
      14.369198      22.482358
      14.358121      22.467420
      14.341199      22.434358
      14.339997      22.391024
      14.330960      22.359582
      14.306309      22.335498
      14.304611      22.349690
      14.289005      22.356017
      14.319026      22.357513
      14.316637      22.357821
      14.305126      22.343724
      14.308274      22.343522
      14.310345      22.355101
      14.312402      22.361554
      14.303703      22.367253
      14.303721      22.372914
      14.315178      22.375603
      14.309994      22.378689
      14.313697      22.375554
      14.337337      22.375845
      14.306228      22.348911
      14.317861      22.370440
      14.308177      22.393510
      14.339786      22.401308
      14.343669      22.422402
      14.333049      22.409522
      14.338157      22.399072
      14.322431      22.409432
      14.313153      22.407589
      14.299193      22.397245
      14.296902      22.395886
      14.288826      22.402671
      14.284208      22.387024
      14.268139      22.358965
      14.260356      22.332467
      14.288914      22.333720
      14.252879      22.301506
      14.260148      22.312524
      14.224070      22.347633
      14.254124      22.364099
      14.259625      22.377169
      14.241757      22.364045
      14.237915      22.344729
      14.227776      22.361155
      14.215383      22.368895
      14.208892      22.370578
      14.206358      22.385766
      14.210266      22.406807
      14.206406      22.416149
      14.196452      22.405490
      14.183170      22.387454
      14.183612      22.390713
      14.214713      22.402122
      14.180558      22.374668
      14.188832      22.387196
      14.172630      22.411438
      14.206132      22.416848
      14.212317      22.428712
      14.193024      22.398894
      14.203352      22.388265
      14.195415      22.404305
      14.189400      22.399290
      14.171545      22.402105
      14.175843      22.413551
      14.176291      22.431587
      14.174328      22.435866
      14.168309      22.418782
      14.156120      22.402899
      14.149058      22.407882
      14.169373      22.418915
      14.130858      22.379291
      14.137546      22.384013
      14.109056      22.412482
      14.137710      22.410770
      14.141644      22.417922
      14.124580      22.395468
      14.130616      22.382599
      14.121481      22.402253
      14.112521      22.401151
      14.100906      22.394914
      14.098710      22.405335
      14.099850      22.422781
      14.093857      22.429188
      14.091037      22.408842
      14.088186      22.388265
      14.089175      22.384489
      14.106044      22.402282
      14.078249      22.371678
      14.088159      22.372176
      14.060711      22.417465
      14.070152      22.418306
      14.081009      22.418592
      14.072587      22.408713
      14.071181      22.376593
      14.058283      22.379920
      14.038177      22.364271
      14.023544      22.331838
      14.010575      22.323703
      14.012800      22.325311
      14.009347      22.323217
      14.000825      22.301560
      13.989749      22.273311
      13.980519      22.259143
      13.998087      22.261934
      13.985439      22.250078
      13.974276      22.245949
      13.962984      22.280490
      13.953524      22.298349
      13.963692      22.318962
      13.945580      22.311694
      13.937820      22.285682
      13.935390      22.277180
      13.917996      22.270715
      13.901849      22.260231
      13.884872      22.257264
      13.883121      22.267155
      13.872046      22.269428
      13.865628      22.275813
      13.869206      22.274207
      13.883988      22.291753
      13.879843      22.279533
      13.886285      22.265992
      13.880558      22.291030
      13.881253      22.296171
      13.893886      22.300914
      13.882276      22.305620
      13.886187      22.284201
      13.884772      22.286792
      13.873951      22.297082
      13.862724      22.280871
      13.857604      22.265528
      13.860693      22.266961
      13.860284      22.277874
      13.860139      22.269872
      13.846469      22.250359
      13.845782      22.249976
      13.869913      22.252987
      13.845290      22.224707
      13.847228      22.237935
      13.832179      22.261800
      13.885062      22.248761
      13.924674      22.211110
      13.987102      22.113544
      14.033253      22.051557
      14.012096      22.069472
      13.985562      22.081133
      13.965161      22.083686
      13.959513      22.092492
      13.963266      22.102363
      13.964962      22.098874
      13.955242      22.082277
      13.975394      22.061994
      14.043219      22.081714
      14.020569      22.158309
      14.032650      22.216559
      14.020667      22.277921
      14.043543      22.284419
      14.043039      22.260253
      14.017597      22.251826
      14.024065      22.246384
      14.043393      22.285585
      14.035910      22.315101
      14.020582      22.301164
      14.005458      22.281466
      14.016285      22.280172
      14.009682      22.299952
      14.004388      22.307403
      14.001952      22.306946
      14.005671      22.309280
      14.030666      22.315944
      13.998290      22.277389
      14.021089      22.304765
      14.004404      22.352602
      14.033193      22.351342
      14.037236      22.348865
      14.016924      22.318168
      14.027069      22.300683
      14.022321      22.326287
      14.021192      22.337094
      14.011495      22.334745
      14.009127      22.335185
      14.007319      22.341052
      14.001037      22.333679
      13.995840      22.310868
      13.987127      22.295690
      14.007071      22.300559
      14.010963      22.284550
      13.995254      22.256987
      13.989369      22.273435
      13.981113      22.287108
      14.020483      22.289645
      14.027866      22.296589
      14.022041      22.288880
      14.027283      22.285250
      14.012380      22.285699
      14.004407      22.281962
      13.992130      22.284157
      13.994743      22.294995
      13.997490      22.307298
      13.992339      22.312597
      13.988835      22.297524
      14.007824      22.289293
      14.003895      22.276684
      14.007571      22.269576
      14.002241      22.304726
      14.002960      22.318273
      14.038351      22.322185
      14.042163      22.320988
      14.043560      22.304760
      14.040762      22.314720
      14.033279      22.327125
      14.023027      22.320738
      14.016396      22.321068
      14.013475      22.334910
      14.014967      22.336321
      14.011472      22.327059
      14.017728      22.322430
      14.042296      22.336902
      14.029175      22.304945
      14.044570      22.308758
      14.017170      22.343024
      14.044375      22.350642
      14.053580      22.358654
      14.041273      22.346798
      14.043427      22.320854
      14.029086      22.320522
      14.024853      22.313569
      14.007720      22.299452
      14.008437      22.310905
      14.010434      22.334111
      14.005953      22.336171
      13.996841      22.322450
      13.991031      22.308231
      14.004478      22.321583
      14.006212      22.302376
      14.005668      22.292385
      13.989131      22.323353
      14.009958      22.335981
      14.019478      22.342572
      14.003095      22.328820
      14.003707      22.296581
      14.002511      22.309741
      13.996119      22.329344
      13.988507      22.326117
      13.986198      22.337441
      13.993346      22.349015
      13.990836      22.359587
      13.989088      22.347213
      13.986286      22.332001
      13.983822      22.330129
      14.001800      22.346448
      13.981809      22.313999
      13.991338      22.316131
      13.969664      22.355519
      13.996454      22.362880
      14.000954      22.364106
      13.987124      22.338857
      13.995214      22.315613
      13.989232      22.340156
      13.981658      22.345161
      13.969505      22.342313
      13.969453      22.352794
      13.973447      22.367712
      13.974057      22.375671
      13.967212      22.357651
      13.961725      22.344056
      13.961782      22.351007
      13.990530      22.363999
      13.955608      22.327960
      13.979170      22.352707
      13.957299      22.385353
      13.991151      22.379559
      13.984670      22.384411
      13.972820      22.349802
      13.983580      22.338602
      13.977159      22.367807
      13.968758      22.358960
      13.958634      22.354584
      13.960428      22.362095
      13.958879      22.379617
      13.955830      22.384595
      13.954716      22.369395
      13.947003      22.359205
      13.945466      22.361036
      13.968538      22.368842
      13.934416      22.323008
      13.947349      22.329094
      13.923919      22.364740
      13.947867      22.371957
      13.956069      22.377827
      13.939884      22.353081
      13.948360      22.331974
      13.940273      22.351138
      13.931864      22.357061
      13.927857      22.355456
      13.929064      22.374726
      13.927386      22.399458
      13.925701      22.404575
      13.932107      22.394212
      13.927426      22.382735
      13.929694      22.377266
      13.957938      22.388413
      13.942295      22.377422
      13.958501      22.398142
      13.940556      22.426570
      13.978290      22.423838
      14.000126      22.438115
      13.985535      22.426567
      14.000496      22.426740
      13.999470      22.446144
      14.000856      22.448261
      13.992015      22.443339
      13.992364      22.456542
      13.994244      22.481799
      14.000805      22.490680
      14.005943      22.480662
      14.002154      22.470710
      14.010093      22.477003
      14.040415      22.482950
      14.008422      22.457698
      14.016396      22.482387
      14.003883      22.509248
      14.038295      22.511347
      14.046704      22.524252
      14.032072      22.499182
      14.037577      22.482982
      14.025574      22.493113
      14.016127      22.482134
      14.004433      22.471082
      14.005142      22.474696
      14.004287      22.488827
      14.008576      22.493276
      14.004379      22.473914
      13.994317      22.455042
      13.991920      22.454604
      14.015041      22.475057
      13.995265      22.447899
      14.005671      22.445408
      13.984393      22.480162
      14.014079      22.483416
      14.019479      22.484456
      14.009301      22.468003
      14.009025      22.442299
      14.006407      22.464141
      13.996717      22.473234
      13.990537      22.463192
      13.987305      22.463558
      13.991571      22.479655
      13.988088      22.493395
      13.990208      22.488431
      13.988949      22.469681
      13.983907      22.464268
      13.988172      22.480184
      14.007653      22.474569
      13.983009      22.441117
      13.994015      22.471573
      13.980093      22.485595
      14.009904      22.475099
      14.008440      22.474725
      14.000757      22.437826
      14.011014      22.446595
      14.002948      22.467264
      13.994454      22.457876
      13.982529      22.455486
      13.991937      22.464251
      13.988258      22.480031
      13.988118      22.478137
      13.989666      22.455122
      13.985370      22.437447
      13.982190      22.438579
      14.006026      22.455046
      13.979226      22.424804
      13.997039      22.435553
      13.971043      22.479810
      13.997484      22.476772
      14.005208      22.474960
      13.993694      22.452939
      14.001345      22.435446
      13.995559      22.462162
      13.984898      22.470023
      13.969846      22.461064
      13.964625      22.469967
      13.968575      22.488082
      13.963884      22.504627
      13.966660      22.494619
      13.963987      22.479487
      13.956707      22.475684
      13.968423      22.487387
      13.985698      22.478227
      13.960914      22.451200
      13.967154      22.481464
      13.954109      22.504153
      13.979528      22.507480
      13.979322      22.512549
      13.971939      22.477399
      13.967486      22.476668
      13.956613      22.490670
      13.950316      22.485704
      13.945254      22.490542
      13.946714      22.504348
      13.941775      22.512789
      13.941281      22.506210
      13.935382      22.488684
      13.931459      22.476481
      13.942900      22.476796
      13.954106      22.464523
      13.950972      22.446471
      13.955394      22.470567
      13.960006      22.480398
      13.986541      22.485354
      13.986020      22.489284
      13.995763      22.462670
      14.006303      22.469316
      14.003963      22.476857
      14.030263      22.439448
      14.132626      22.375700
      14.138447      22.360121
      14.153766      22.361823
      14.143635      22.358336
      14.158380      22.348772
      14.167454      22.357649
      14.190253      22.364402
      14.166808      22.331314
      14.182537      22.360058
      14.200925      22.373332
      14.418231      22.248431
      14.926733      21.908554
      15.604006      21.473566
      16.671353      20.954017
      17.666874      20.418645
      18.300276      20.047130
      18.623788      19.936771
      18.702610      20.000516
      18.636235      20.148729
      18.557960      20.214883
      18.468057      20.225146
      18.455856      20.238110
      18.473257      20.282538
      18.490958      20.306545
      18.459222      20.295301
      18.424147      20.304214
      18.379624      20.267979
      18.340815      20.219881
      18.280273      20.194708
      18.248110      20.172208
      18.252889      20.194247
      18.252909      20.252723
      18.245339      20.301798
      18.249850      20.352888
      18.237064      20.398524
      18.247583      20.432385
      18.251090      20.434639
      18.230642      20.423953
      18.207503      20.419755
      18.207612      20.435112
      18.170812      20.401293
      18.159687      20.425044
      18.109905      20.473665
      18.117709      20.505360
      18.123501      20.541068
      18.104943      20.561023
      18.087006      20.582691
      18.062114      20.631730
      18.015399      20.669340
      17.975019      20.692090
      17.960046      20.713099
      17.952986      20.748716
      17.944283      20.763722
      17.938544      20.767054
      17.935993      20.773613
      17.937649      20.805322
      17.945475      20.811403
      17.933399      20.803486
      17.924628      20.856673
      17.921836      20.892282
      17.940115      20.916067
      17.938673      20.942256
      17.936328      20.940821
      17.930430      20.974235
      17.923342      21.003209
      17.907588      21.003136
      17.898118      21.017329
      17.899261      21.047816
      17.898661      21.076448
      17.894675      21.082316
      17.886817      21.078253
      17.881115      21.070236
      17.900205      21.088581
      17.880981      21.063351
      17.880154      21.068782
      17.857415      21.097518
      17.876613      21.111752
      17.898574      21.124705
      17.881325      21.113133
      17.879751      21.097700
