       2.812561       6.664512
       2.816715       6.799593
       2.886103       6.885875
       2.923370       6.912378
       2.945447       6.889338
       2.910553       6.814088
       2.879752       6.656601
       2.884681       6.425311
       2.862740       6.137576
       2.787273       5.850938
       2.621920       5.581033
       2.348946       5.332758
       1.980422       5.119189
       1.500691       4.938181
       0.903264       4.828080
       0.249563       4.848804
      -0.265949       5.082571
      -0.602945       5.480969
      -0.856713       5.905414
      -1.061721       6.279255
      -1.253071       6.543376
      -1.411481       6.680886
      -1.559833       6.721928
      -1.675176       6.724166
      -1.757514       6.735358
      -1.774467       6.823666
      -1.733543       7.108953
      -1.591528       7.590849
      -1.315179       8.050663
      -1.107192       8.544422
      -1.107560       9.444148
      -1.159733      10.926886
      -1.294050      12.780941
      -1.254355      14.517149
      -0.775559      15.588051
       0.214848      15.901101
       0.990470      15.510250
       1.195160      14.696702
       0.844820      14.002384
       0.428800      13.591638
       0.178433      13.346815
       0.332752      13.360705
       0.885042      13.521803
       1.695241      13.771217
       2.396808      14.069277
       2.868729      14.446271
       3.157250      14.970388
       3.424485      15.749074
       4.063289      16.837468
       4.723272      18.268284
       5.061448      20.027872
       5.168207      21.956138
       5.082890      23.913919
       5.173416      25.438733
       5.191082      26.988425
       5.103049      28.613721
       5.187437      30.244495
       5.504118      31.495235
       5.942637      32.322371
       6.142330      33.791060
       6.263565      36.005017
       6.339812      38.741766
       5.933297      42.794573
       5.170173      48.404566
       4.175267      54.799352
       3.331550      60.566892
       2.008643      65.964231
       0.850223      70.911085
      -0.355113      75.821924
      -1.292932      80.904818
      -2.107788      85.881354
      -2.774140      90.390692
      -3.161454      93.977905
      -3.401918      97.141886
      -3.879236     100.322975
      -4.816810     103.702258
      -6.355032     106.919036
      -8.052122     109.507858
      -9.124695     111.295039
      -9.689966     112.355793
     -10.013502     113.056574
     -10.170425     113.795580
     -10.445733     114.636214
     -10.906078     115.587200
     -11.325876     116.616054
     -11.656385     117.875130
     -11.923417     119.290156
     -12.183747     120.604389
     -12.374398     121.606325
     -12.479856     122.318947
     -12.425366     123.033056
     -12.268732     123.854311
     -12.018244     124.801508
     -11.717805     126.003660
     -11.487787     127.137309
     -11.402439     128.054422
     -11.424041     128.758875
     -11.469399     129.366702
     -11.643563     129.685702
     -11.888614     129.611748
     -12.107663     129.135576
     -12.242384     128.162957
     -12.384437     127.231156
     -12.425677     126.645875
     -12.467333     126.260742
     -12.396113     126.000241
     -12.279941     125.767317
     -12.152521     125.364855
     -12.066019     124.701152
     -11.861923     123.629392
     -11.321051     121.800305
     -10.885936     119.575603
     -10.511973     117.751878
     -10.256780     116.618482
     -10.080136     115.942841
      -9.988567     115.494402
      -9.864350     115.013596
      -9.587223     114.337226
      -9.172291     113.666782
      -8.915647     113.054195
      -8.658163     112.470594
      -8.359731     111.899447
      -7.333308     111.358637
      -6.039409     110.546173
      -5.282392     109.639435
      -4.657994     108.986981
      -4.304651     108.733901
      -4.050274     108.806028
      -3.802888     108.788251
      -3.621470     108.474313
      -3.634053     107.845241
      -3.903806     106.987461
      -4.331591     106.051785
      -4.880641     105.084033
      -5.418718     104.237191
      -5.848305     103.467499
      -6.082053     102.835008
      -6.215726     102.282511
      -6.366134     101.779110
      -6.548769     101.346048
      -6.702496     100.951434
      -6.839520     100.589334
      -7.031525     100.205998
      -7.245341      99.834144
      -7.367103      99.494803
      -7.477168      99.253400
      -7.585606      99.161417
      -7.685213      99.263182
      -7.842860      99.490743
      -7.977115      99.788780
      -8.081971     100.091372
      -8.190439     100.363346
      -8.227259     100.552139
      -8.179381     100.631269
      -7.886086     100.425127
      -7.530908      99.808820
      -7.183865      98.911125
      -6.699575      97.672740
      -6.132871      96.094304
      -5.625868      94.206671
      -5.246637      92.263366
      -5.050792      90.674002
      -5.001823      89.696040
      -5.067034      89.283592
      -5.202321      89.199419
      -5.386945      89.146225
      -5.475807      89.090399
      -5.554489      89.026820
      -5.670719      89.075235
      -5.800084      89.154463
      -5.947069      89.267525
      -6.056734      89.297745
      -6.231204      89.287273
      -6.390583      89.353222
      -6.527096      89.506646
      -6.627822      89.772675
      -6.738162      90.148890
      -6.874479      90.658197
      -6.944252      91.221719
      -6.982696      91.571357
      -7.016496      91.793604
      -7.062868      92.044800
      -7.062816      92.386909
      -7.023711      92.788876
      -7.014658      93.198761
      -6.985324      93.566632
      -6.933839      93.878967
      -6.902218      94.147619
      -6.882827      94.482044
      -6.831848      94.854734
      -6.813877      95.150721
      -6.676029      95.043711
      -6.187348      93.685357
      -5.312352      90.136145
      -4.599536      86.066406
      -4.014591      83.058937
      -3.663801      81.572115
      -3.549190      81.190426
      -3.641920      81.556874
      -3.652238      82.206287
      -3.574607      82.756228
      -3.482141      83.077812
      -3.409646      83.259280
      -3.374989      83.394742
      -3.376611      83.497886
      -3.465405      83.616873
      -3.576571      83.749120
      -3.735303      83.933221
      -3.896959      84.201066
      -4.046724      84.514004
      -4.115685      84.822270
      -4.144078      85.038641
      -4.162852      85.168789
      -4.177699      85.184497
      -4.166268      85.111175
      -4.152404      85.021185
      -4.160949      84.991955
      -4.165945      85.006167
      -4.171982      85.069308
      -4.190141      85.153024
      -4.203180      85.248503
      -4.207576      85.337221
      -4.237374      85.413477
      -4.279586      85.484205
      -4.329257      85.536194
      -4.368565      85.580218
      -4.354943      85.653472
      -4.371270      85.732078
      -4.380480      85.807517
      -4.412433      85.850910
      -4.427110      85.875040
      -4.435987      85.909204
      -4.474018      85.956356
      -4.486861      86.017661
      -4.512885      86.084319
      -4.536578      86.144847
      -4.572074      86.181916
      -4.596249      86.207678
      -4.628109      86.223502
      -4.641463      86.232818
      -4.632875      86.254635
      -4.598148      86.293433
      -4.569786      86.337214
      -4.562459      86.340323
      -4.594831      86.318272
      -4.615117      86.333047
      -4.606627      86.361568
      -4.592428      86.394255
      -4.590378      86.387349
      -4.592662      86.381559
      -4.605602      86.402765
      -4.610140      86.413120
      -4.621688      86.388174
      -4.634639      86.380005
      -4.659803      86.390457
      -4.677935      86.405116
      -4.681013      86.388466
      -4.664992      86.363452
      -4.630946      86.372379
      -4.641463      86.346695
      -4.647593      86.305731
      -4.669256      86.309296
      -4.639839      86.341877
      -4.631602      86.368639
      -4.644400      86.355409
      -4.650086      86.339235
      -4.687133      86.372690
      -4.709432      86.428254
      -4.738667      86.459378
      -4.753040      86.483974
      -4.750760      86.511970
      -4.750584      86.528445
      -4.740503      86.526551
      -4.738380      86.510804
      -4.708422      86.534643
      -4.724381      86.536479
      -4.739977      86.541530
      -4.776107      86.566184
      -4.764902      86.612637
      -4.748807      86.662052
      -4.757611      86.673641
      -4.771998      86.668308
      -4.800635      86.672611
      -4.817039      86.695575
      -4.832142      86.692253
      -4.837439      86.680538
      -4.864513      86.692185
      -4.887994      86.728011
      -4.891394      86.730041
      -4.873304      86.701841
      -4.830715      86.696236
      -4.838792      86.672126
      -4.837546      86.647578
      -4.869465      86.648443
      -4.856586      86.671562
      -4.834810      86.685356
      -4.844302      86.661576
      -4.840074      86.632492
      -4.866538      86.644926
      -4.897103      86.681033
      -4.926284      86.684919
      -4.943473      86.685784
      -4.979693      86.714022
      -5.004827      86.755278
      -5.038256      86.757949
      -5.057789      86.745651
      -5.041466      86.763855
      -5.070304      86.767624
      -5.104083      86.758406
      -5.155657      86.744359
      -5.168147      86.765507
      -5.155666      86.804159
      -5.159059      86.813941
      -5.166497      86.790248
      -5.183661      86.774997
      -5.204280      86.763282
      -5.233935      86.765866
      -5.259527      86.768023
      -5.290661      86.777426
      -5.316878      86.800982
      -5.335641      86.819420
      -5.306424      86.820158
      -5.275213      86.814757
      -5.282698      86.800837
      -5.289755      86.788121
      -5.328109      86.852020
      -5.366933      87.239601
      -5.432667      88.133177
      -5.411901      89.396071
      -5.286972      90.686106
      -5.134067      91.917905
      -5.110676      92.925893
      -5.177229      93.597590
      -5.056294      94.023561
      -4.800143      94.407518
      -4.628512      94.876182
      -4.519677      95.536941
      -4.458153      96.222481
      -4.590837      96.675991
      -4.865505      96.931393
      -5.146231      97.046261
      -5.324315      96.982489
      -5.330047      96.688328
      -5.385491      96.328053
      -5.557845      96.112372
      -5.872101      96.175475
      -6.144088      96.458775
      -6.281689      96.821022
      -6.260700      97.121953
      -6.134744      97.296223
      -6.027361      97.337896
      -6.022443      97.283789
      -6.081501      97.236229
      -6.153985      97.240115
      -6.171893      97.257814
      -6.146948      97.275853
      -6.075606      97.304101
      -6.017003      97.303858
      -6.041984      97.261971
      -6.092978      97.196654
      -6.152081      97.193429
      -6.192137      97.271637
      -6.176335      97.331038
      -6.161826      97.317682
      -6.147866      97.279564
      -6.166411      97.247158
      -6.179576      97.232829
      -6.175632      97.235792
      -6.122515      97.280331
      -6.130352      97.294232
      -6.140040      97.277038
      -6.186999      97.269820
      -6.191274      97.291036
      -6.147428      97.306248
      -6.150078      97.299332
      -6.162212      97.271035
      -6.193537      97.274522
      -6.215614      97.310590
      -6.198146      97.304995
      -6.185501      97.279845
      -6.193710      97.291444
      -6.212535      97.308278
      -6.230817      97.295796
      -6.245756      97.284498
      -6.230566      97.314291
      -6.231417      97.336983
      -6.257552      97.343628
      -6.283460      97.346251
      -6.283660      97.360880
      -6.264123      97.374178
      -6.272012      97.373246
      -6.301706      97.360258
      -6.338519      97.383902
      -6.366480      97.427120
      -6.372717      97.429432
      -6.366965      97.400028
      -6.368595      97.388303
      -6.365798      97.391421
      -6.370714      97.378025
      -6.369554      97.363852
      -6.365883      97.381794
      -6.354320      97.420301
      -6.372789      97.407031
      -6.383478      97.387001
      -6.406735      97.400066
      -6.367146      97.409130
      -6.359175      97.403563
      -6.376697      97.363823
      -6.412835      97.346707
      -6.446946      97.372226
      -6.464345      97.385486
      -6.477268      97.362104
      -6.491326      97.348446
      -6.516719      97.368787
      -6.552805      97.375606
      -6.580804      97.362250
      -6.601999      97.354022
      -6.604515      97.380298
      -6.635929      97.390537
      -6.664622      97.370089
      -6.701538      97.352808
      -6.703086      97.364921
      -6.682675      97.385913
      -6.695204      97.384874
      -6.718284      97.371196
      -6.762833      97.385418
      -6.795212      97.427878
      -6.806359      97.441662
      -6.799764      97.423963
      -6.805577      97.411403
      -6.826007      97.423079
      -6.848167      97.437252
      -6.832174      97.437446
      -6.798164      97.451298
      -6.803339      97.438233
      -6.795835      97.412811
      -6.818256      97.401164
      -6.813204      97.407614
      -6.792614      97.418610
      -6.788056      97.411995
      -6.791340      97.393509
      -6.817974      97.399095
      -6.825373      97.413996
      -6.828471      97.383368
      -6.821947      97.331272
      -6.825236      97.308113
      -6.822773      97.296010
      -6.816253      97.244117
      -6.799240      97.206941
      -6.761571      97.191428
      -6.765990      97.155797
      -6.780311      97.119865
      -6.777945      97.133668
      -6.752516      97.144898
      -6.740907      97.143072
      -6.750001      97.103526
      -6.757699      97.067700
      -6.775476      97.060638
      -6.773494      97.059026
      -6.763998      97.035663
      -6.764944      97.005054
      -6.775753      96.991882
      -6.768620      96.981148
      -6.767875      96.959583
      -6.769486      96.957494
      -6.735664      96.986763
      -6.738694      96.980536
      -6.731983      96.938251
      -6.748189      96.928916
      -6.713332      96.918580
      -6.672815      96.891147
      -6.661003      96.839061
      -6.657152      96.784701
      -6.664132      96.762436
      -6.676443      96.768245
      -6.661734      96.773909
      -6.649505      96.750410
      -6.647563      96.733284
      -6.634715      96.735344
      -6.631514      96.725610
      -6.610493      96.708038
      -6.589668      96.723930
      -6.565026      96.759172
      -6.560858      96.732673
      -6.564293      96.694710
      -6.541803      96.651055
      -6.455041      96.491405
      -6.364929      96.256276
      -6.292659      95.990684
      -6.214952      95.696038
      -6.123496      95.309011
      -5.838933      94.386672
      -5.369050      92.432293
      -4.984871      90.116222
      -4.693958      88.111301
      -4.578731      86.640817
      -4.682605      85.628157
      -4.967724      84.964998
      -5.204805      84.346029
      -5.369951      83.640333
      -5.525622      82.787954
      -5.638773      81.871308
      -5.706013      80.991691
      -5.743162      80.139721
      -5.772462      79.337127
      -5.796685      78.671894
      -5.816270      78.028305
      -5.863793      77.218546
      -5.896105      76.239540
      -5.911822      75.244497
      -5.943869      74.297489
      -6.013248      73.336269
      -6.089054      72.344674
      -6.148957      71.275444
      -6.161432      70.219066
      -6.189948      69.185506
      -6.242433      68.237381
      -6.281215      67.303263
      -6.325392      66.416444
      -6.344992      65.636080
      -6.361150      65.017461
      -6.369581      64.584919
      -6.368122      64.309613
      -6.322979      64.172368
      -6.242246      64.121243
      -6.103249      64.134677
      -5.958408      64.204657
      -5.866091      64.343524
      -5.827157      64.505909
      -5.810320      64.628267
      -5.775680      64.722722
      -5.778185      64.804160
      -5.752690      64.936324
      -5.752913      65.134884
      -5.712262      65.367982
      -5.651113      65.549791
      -5.607667      65.610566
      -5.600983      65.532917
      -5.524225      65.332201
      -5.185029      65.048857
      -4.805448      64.744851
      -4.533404      64.295066
      -4.697224      63.770473
      -5.432708      63.257921
      -6.489965      62.681519
      -7.558999      61.940124
      -8.407645      60.883536
      -9.193548      59.506119
      -9.906769      57.890177
     -10.127295      56.112609
      -9.705676      54.193735
      -8.998841      52.148782
      -8.205409      50.258924
      -7.503341      48.640676
      -7.000223      47.289626
      -6.732140      46.036349
      -6.597558      44.549046
      -6.542239      42.642276
      -6.491684      40.567161
      -6.306751      39.574412
      -5.912941      41.496315
      -5.619671      44.807357
      -4.991584      47.340528
      -4.657067      49.233305
      -4.537756      51.116699
      -4.484608      52.706679
      -4.602006      53.080680
      -5.033963      51.390572
      -5.511581      47.317200
      -5.705781      41.900259
      -5.629940      35.895557
      -5.449600      29.530860
      -5.355953      22.818495
      -5.257750      16.192475
      -5.130384       9.884156
      -5.071033       4.229889
      -5.089524      -0.702762
      -5.202386      -4.505474
      -5.296831      -7.213932
      -5.307620      -9.265440
      -5.235716     -11.127665
      -4.984889     -13.074011
      -4.365344     -15.548861
      -3.615610     -18.520263
      -3.231060     -21.477804
      -3.242991     -24.161506
      -3.542792     -26.575184
      -4.023054     -28.822446
      -4.462488     -30.849161
      -4.729746     -32.570946
      -4.996882     -33.820229
      -5.293755     -34.914635
      -5.519320     -36.027442
      -5.694895     -37.296162
      -5.782320     -38.792036
      -5.777825     -40.523829
      -5.564993     -42.306461
      -5.286517     -43.916837
      -5.003588     -45.411187
      -4.653185     -46.890229
      -4.347271     -48.411031
      -4.052739     -49.959537
      -3.831555     -51.564414
      -3.669589     -53.118565
      -3.673995     -54.497770
      -3.708041     -55.777639
      -3.856548     -57.102494
      -4.097008     -58.520964
      -4.094051     -59.840156
      -3.704532     -61.162937
      -3.189402     -62.567486
      -2.742975     -63.848463
      -2.535436     -64.861876
      -2.501683     -65.702937
