      13.416874      -5.544521
      13.421852      -5.553354
      13.415088      -5.523724
      13.410426      -5.522219
      13.398326      -5.507389
      13.394523      -5.468235
      13.398457      -5.420142
      13.400939      -5.417850
      13.405655      -5.438886
      13.397639      -5.468586
      13.407616      -5.460822
      13.387275      -5.462955
      13.345201      -5.437814
      13.287403      -5.350263
      13.270021      -5.260572
      13.235562      -5.060478
      13.217292      -4.219687
      13.028851      -2.460789
      12.642239      -0.099672
      12.146954       2.448233
      11.588199       4.698754
      10.906989       6.331212
      10.233782       7.457908
       9.592629       8.497254
       8.578067       9.788586
       7.028234      11.001616
       5.317254      11.800146
       3.469915      12.146031
       1.633950      12.159190
      -0.128988      12.031350
      -1.454417      11.844726
      -2.412677      11.673926
      -3.198142      11.493859
      -3.311398      11.612447
      -2.810092      11.926780
      -2.374705      12.139856
      -2.064175      12.263564
      -1.718614      12.429265
      -1.411180      12.588295
      -1.158889      12.709854
      -1.002554      12.690602
      -0.890024      12.544554
      -0.765470      12.377601
      -0.734783      12.324501
      -0.865661      12.250252
      -1.034246      12.213781
      -1.277648      12.335711
      -1.651825      12.543091
      -1.740037      12.713946
      -1.686352      13.041119
      -1.651984      13.613065
      -1.528592      14.190492
      -1.462162      14.655644
      -1.376779      14.958061
      -1.276512      15.130626
      -1.178175      15.264652
      -0.791505      15.485432
      -0.728287      15.392278
      -0.432956      14.848843
      -0.069146      14.500215
      -0.068295      14.759489
      -0.024539      15.454911
      -0.115396      15.888982
      -0.138901      15.848732
      -0.106654      15.522990
      -0.064879      15.223953
       0.049942      15.006862
       0.230635      14.823070
       0.316837      14.750598
       0.309142      14.772469
       0.287374      14.823937
       0.212481      14.703618
       0.106062      14.508451
       0.075790      14.346445
       0.142371      14.295478
       0.228533      14.298325
       0.284961      14.311522
       0.338798      14.275838
       0.372694      14.273267
       0.385556      14.287283
       0.406889      14.307697
       0.368112      14.284516
       0.352100      14.197117
       0.307864      14.079938
       0.259318      13.957478
       0.234496      13.895474
       0.224907      13.887749
       0.222438      13.874806
       0.229939      13.836917
       0.208118      13.766193
       0.194812      13.699845
       0.197482      13.654303
       0.191752      13.620149
       0.190516      13.586516
       0.202677      13.589642
       0.180954      13.576566
       0.142319      13.476871
       0.089021      13.270641
      -0.028019      12.915228
      -0.131421      12.367614
      -0.181477      11.693215
      -0.231996      10.937977
      -0.265245      10.286113
      -0.280731       9.685071
      -0.182425       8.950048
      -0.001453       7.954840
       0.286810       6.733906
       0.649645       5.429388
       1.045939       4.258979
       1.251769       3.331691
       1.331913       2.612379
       1.342221       2.102149
       1.286126       1.813588
       1.083546       1.807910
       0.881801       1.924955
       0.713974       1.755079
       0.456940       1.377447
       0.148613       0.999182
      -0.129946       0.753906
      -0.281136       0.618196
      -0.341281       0.558968
      -0.251846       0.478853
      -0.162665       0.379176
      -0.109780       0.322765
      -0.132138       0.330658
      -0.164649       0.341054
      -0.169509       0.383125
      -0.119000       0.425581
      -0.042746       0.519389
       0.005459       0.614347
       0.042798       0.670511
       0.065805       0.664094
       0.079251       0.644207
       0.115835       0.660187
       0.135437       0.669434
       0.171658       0.681910
       0.195414       0.688824
       0.212401       0.666973
       0.200661       0.643802
       0.209498       0.667744
       0.231455       0.740489
       0.219081       0.851767
       0.156981       1.025273
       0.139917       1.152922
       0.166909       1.236354
       0.160658       1.258431
       0.136038       1.215103
       0.109236       1.120738
       0.058823       1.036967
       0.060312       0.955153
       0.179367       0.923720
       0.305263       0.901227
       0.393078       0.911121
       0.429000       0.912205
       0.476703       0.885561
       0.497928       0.880941
       0.538128       0.933274
       0.539352       0.973128
       0.508139       0.950346
       0.457240       0.905975
       0.452146       0.866074
       0.444672       0.870272
       0.451359       0.868289
       0.438861       0.844508
       0.386096       0.800059
       0.295424       0.790559
       0.207649       0.896421
       0.109729       1.114562
       0.079239       1.257949
       0.049151       1.295556
      -0.043937       1.312251
      -0.106023       1.351367
      -0.110931       1.400824
      -0.089822       1.412762
      -0.065753       1.375220
      -0.087448       1.388321
      -0.073976       1.379917
      -0.048020       1.360146
      -0.049559       1.340892
      -0.037655       1.313862
      -0.053293       1.296751
      -0.064298       1.292397
      -0.060664       1.274506
      -0.023190       1.260694
      -0.006194       1.258329
       0.007015       1.282813
       0.002561       1.311940
       0.018550       1.347428
       0.045511       1.412529
       0.064661       1.451087
       0.061612       1.425506
       0.051281       1.402250
       0.054864       1.394768
       0.065474       1.426431
       0.069795       1.462135
       0.053196       1.475553
       0.016411       1.500806
      -0.007029       1.516832
      -0.019192       1.538822
      -0.018509       1.561366
      -0.027630       1.599433
      -0.037690       1.648280
      -0.059323       1.671639
      -0.077427       1.700733
      -0.095256       1.770654
      -0.100158       1.789350
      -0.105294       1.802351
      -0.149381       1.804611
      -0.219953       1.834611
      -0.264928       1.887330
      -0.390535       2.007012
      -0.705427       2.493095
      -1.107919       3.269297
      -1.318222       3.919400
      -1.387538       4.224496
      -1.434966       4.260602
      -1.498037       4.237995
      -1.549973       4.303329
      -1.623230       4.424967
      -1.701375       4.490954
      -1.742307       4.617545
      -1.700930       4.783454
      -1.618741       4.919118
      -1.550870       5.054613
      -1.493703       5.191726
      -1.510803       5.257540
      -1.550262       5.252436
      -1.534920       5.227802
      -1.555873       5.260479
      -1.602268       5.315738
      -1.646800       5.353310
      -1.717238       5.339714
      -1.764905       5.317853
      -1.792020       5.301040
      -1.799154       5.294687
      -1.774924       5.311722
      -1.727427       5.258091
      -1.701748       5.189249
      -1.669852       5.181542
      -1.677000       5.210746
      -1.697963       5.242120
      -1.747355       5.239915
      -1.758183       5.222599
      -1.733912       5.183989
      -1.746196       5.167219
      -1.742265       5.175024
      -1.728902       5.196854
      -1.719714       5.196161
      -1.692180       5.155144
      -1.688185       5.105259
      -1.719789       5.101510
      -1.724661       5.123491
      -1.777528       5.109232
      -1.820905       5.112254
      -1.832994       5.103873
      -1.857432       5.107731
      -1.849180       5.108819
      -1.836601       5.115797
      -1.854191       5.148315
      -1.839517       5.194748
      -1.870762       5.216028
      -1.881000       5.226177
      -1.892056       5.285129
      -1.789079       5.464264
      -1.549640       5.852988
      -1.281311       6.434358
      -1.217095       6.969573
      -1.199162       7.155034
      -1.262309       7.022485
      -1.355773       6.850005
      -1.422192       6.787047
      -1.455111       6.811623
      -1.493511       6.910674
      -1.600046       7.007239
      -1.724832       7.040458
      -1.812177       7.061546
      -1.894050       7.074032
      -1.950232       7.097741
      -1.916489       7.150059
      -1.869974       7.230957
      -1.791224       7.344562
      -1.692084       7.480368
      -1.579277       7.558865
      -1.420431       7.559329
      -1.304722       7.570686
      -1.278531       7.647494
      -1.174812       7.879844
      -0.884613       8.373597
      -0.419053       9.365174
       0.339927      11.262255
       0.828997      13.854750
       0.864903      16.401277
       0.976161      18.454755
       1.162123      19.891117
       1.551369      20.754277
       1.836320      21.111982
       1.701521      21.358294
       1.546846      21.565126
       1.486388      21.625795
       1.542959      21.494412
       1.587461      21.395992
       1.652904      21.365407
       1.740861      21.387439
       1.911355      21.327768
       2.245515      20.935255
       2.589434      20.056080
       3.612084      18.606935
       3.589244      16.984454
       2.598257      14.847746
       1.455654      12.096376
       1.408526       9.259681
       1.860080       6.834733
       2.082096       4.635648
       2.628047       2.490504
       3.234276      -0.265323
       3.843789      -3.771557
       4.427358      -8.233047
       5.001456     -13.453637
       5.631256     -18.917712
       6.213681     -24.272241
       6.751459     -29.535639
       7.065547     -34.573004
       7.270102     -39.258198
       7.293685     -43.242808
       6.834640     -45.965529
       6.002956     -47.292769
       5.197336     -46.622077
       4.727100     -43.937124
       4.559027     -39.926721
       4.698251     -35.559055
       4.697583     -31.763474
       4.311699     -28.465895
       3.549297     -25.570659
       2.601082     -22.893160
       2.124834     -20.714214
       2.030524     -18.980666
       2.000070     -17.715997
       1.993971     -16.799442
       1.992075     -16.055551
       1.897386     -15.239023
       1.723542     -14.286322
       1.554296     -13.221456
       1.467609     -11.948013
       1.252434     -10.540216
       1.216034      -9.182859
       1.418405      -8.235168
       1.832838      -7.276165
       1.888143      -5.871115
       1.420040      -3.751418
       0.570385      -0.957010
      -0.245611       2.206152
      -1.081082       4.611518
      -1.904669       5.575455
      -2.616685       5.432955
      -2.906448       4.959761
      -2.837713       4.950625
      -2.625635       5.419803
      -2.187620       6.383478
      -1.712998       7.689018
      -1.179125       8.979238
      -0.734238       9.870106
      -0.350650      10.415945
      -0.000177      10.956841
       0.217904      11.769096
       0.329376      12.771753
       0.166899      13.727929
      -0.172674      14.428860
      -0.635942      14.742033
      -1.140007      14.663699
      -1.680672      14.230040
      -2.261412      13.564808
      -2.820986      12.921505
      -3.275302      12.530514
      -3.569197      12.326436
      -3.646224      12.123481
      -3.578615      11.713471
      -3.421114      11.086667
      -3.279762      10.473943
      -3.205659      10.117969
      -3.159217      10.136404
      -3.109812      10.365693
      -3.059285      10.583833
      -3.014000      10.806227
      -2.949413      11.140379
      -2.907246      11.588974
      -3.002168      12.024343
      -3.188041      12.399377
      -3.464215      12.557342
      -3.667429      12.535565
      -3.941610      12.354157
      -4.379309      12.390970
      -4.582826      12.720378
      -4.579215      13.313159
      -4.522187      14.155751
      -4.260321      14.863176
      -3.944494      15.158503
      -3.739702      14.982565
      -3.646306      14.562131
      -3.687350      14.115370
      -3.706863      13.781147
      -3.701291      13.575357
      -3.669467      13.443925
      -3.616593      13.416680
      -3.632042      13.373916
      -3.622935      13.283761
      -3.613677      13.182801
      -3.610012      13.083098
      -3.713956      13.080708
      -3.762657      13.032326
      -3.814146      12.949048
      -3.895071      12.833910
      -3.963071      12.797159
      -3.974692      12.867657
      -3.917526      12.951583
      -3.920894      13.004373
      -3.960861      13.077146
      -3.998939      13.147448
      -4.016462      13.145110
      -3.996580      13.082178
      -3.971101      13.072023
      -3.912567      13.110443
      -3.852490      13.174100
      -3.821392      13.205538
      -3.780690      13.212776
      -3.769699      13.231416
      -3.725907      13.256773
      -3.689073      13.276350
      -3.676138      13.303873
      -3.666831      13.317916
      -3.677502      13.304462
      -3.665567      13.317040
      -3.679404      13.322105
      -3.693652      13.267936
      -3.703916      13.216615
      -3.710341      13.201031
      -3.697347      13.203120
      -3.702972      13.216074
      -3.711974      13.192162
      -3.722539      13.162073
      -3.727100      13.145275
      -3.728942      13.135262
      -3.734096      13.139182
      -3.732740      13.147937
      -3.731235      13.151967
      -3.724149      13.174950
      -3.679924      13.245485
      -3.660994      13.290781
      -3.646513      13.289144
      -3.629408      13.299729
      -3.569586      13.283859
      -3.515536      13.290465
      -3.411164      13.298809
      -3.317248      13.250108
      -3.262592      13.152938
      -3.214670      13.088861
      -3.212521      13.092280
      -3.205672      13.144723
      -3.189816      13.164348
      -3.188273      13.169256
      -3.195769      13.216592
      -3.206400      13.350461
      -3.209931      13.493951
      -3.178142      13.547660
      -3.150886      13.513062
      -3.133103      13.502402
      -3.137684      13.556958
      -3.161935      13.606677
      -3.181641      13.615000
      -3.203030      13.618961
      -3.195509      13.538659
      -3.162280      13.332634
      -3.123806      13.068469
      -3.142000      12.876162
      -3.136458      12.815553
      -3.112998      12.872251
      -3.064053      13.013792
      -3.022349      13.142559
      -3.017395      13.169904
      -3.034755      13.172060
      -3.090455      13.132057
      -3.153028      13.081889
      -3.201388      13.082849
      -3.222460      13.061808
      -3.232772      13.058053
      -3.229329      13.107231
      -3.218527      13.126174
      -3.216721      13.102354
      -3.211826      13.074111
      -3.221756      13.077470
      -3.218616      13.089470
      -3.210586      13.109662
      -3.205154      13.142365
      -3.197830      13.124055
      -3.173648      13.100138
      -3.149566      13.094542
      -3.141833      13.109955
