      16.678301      -6.522013
      16.695045      -6.535992
      16.702636      -6.556682
      16.720976      -6.566283
      16.714562      -6.575918
      16.703779      -6.575695
      16.691471      -6.568082
      16.684791      -6.564202
      16.690982      -6.553474
      16.692630      -6.545732
      16.681149      -6.520026
      16.708487      -6.526187
      16.755992      -6.591246
      16.804702      -6.671285
      16.856793      -6.724567
      16.882928      -6.750632
      16.898417      -6.777206
      16.925409      -6.808031
      16.939374      -6.835857
      16.969677      -6.867820
      16.989156      -6.916319
      17.021425      -6.963513
      17.034243      -6.998299
      17.054516      -7.030367
      17.081445      -7.063161
      17.116777      -7.143153
      17.152408      -7.258548
      17.365522      -7.544824
      17.757308      -8.051475
      18.341352      -8.944231
      19.187859     -10.229695
      20.267352     -11.887768
      21.485670     -13.975797
      22.809170     -16.615967
      24.121343     -20.021992
      25.272880     -24.185677
      25.819329     -28.887033
      25.307297     -33.570500
      23.888262     -37.768751
      22.125570     -41.305647
      20.465500     -44.421394
      19.170320     -47.222556
      18.662425     -49.637886
      18.738051     -51.780464
      19.046947     -54.195760
      19.350787     -57.094271
      19.466035     -59.738318
      19.447534     -61.338256
      19.469863     -61.740820
      19.481628     -61.440122
      19.539778     -60.920003
      19.580632     -60.198876
      19.541364     -59.520947
      19.446315     -59.160017
      19.361548     -59.159104
      19.269888     -59.323053
      19.230648     -59.463731
      19.263217     -59.522569
      19.332714     -59.442419
      19.456125     -59.254262
      19.526936     -59.127382
      19.542878     -59.096628
      19.485995     -59.202244
      19.460256     -59.421485
      19.399672     -59.689568
      19.310503     -59.952095
      19.206198     -60.106675
      19.129742     -60.128561
      19.114862     -60.059819
      19.158988     -59.934071
      19.182554     -59.741985
      19.190811     -59.531909
      19.169976     -59.324884
      19.123711     -59.094627
      19.122832     -58.765971
      19.135470     -58.443946
      19.134476     -58.307502
      19.100866     -58.297759
      19.059781     -58.339364
      19.077352     -58.372280
      19.115392     -58.309115
      19.134660     -58.094808
      19.137449     -57.681549
      19.137038     -57.070200
      19.128454     -56.432220
      19.201337     -55.795299
      19.341229     -55.050858
      19.613078     -53.276389
      19.712551     -49.804826
      19.636037     -44.635632
      19.685471     -39.040033
      20.155372     -33.622582
      20.622421     -28.910706
      20.886347     -24.838908
      20.860648     -21.287753
      20.721687     -18.193990
      20.550814     -15.660021
      20.348671     -13.875288
      20.011276     -13.114070
      19.698612     -13.039154
      19.714053     -13.225382
      19.973727     -13.616012
      20.286273     -14.229946
      20.315400     -14.947262
      20.401065     -15.652495
      20.641847     -16.331464
      21.041650     -17.034274
      21.384163     -17.971467
      21.583373     -19.028427
      21.728759     -20.024189
      21.865727     -20.797743
      21.905377     -21.269736
      21.807681     -21.467869
      21.654592     -21.381069
      21.467167     -21.103011
      21.308257     -20.767338
      21.234379     -20.489246
      21.177300     -20.288368
      21.168453     -20.163666
      21.172919     -20.125994
      21.177049     -20.129460
      21.150013     -20.113575
      21.167753     -20.185873
      21.176328     -20.329362
      21.128455     -20.531235
      21.130114     -20.738621
      21.127396     -20.952463
      21.079693     -21.100933
      21.063390     -21.170718
      21.055230     -21.154841
      21.031633     -21.057698
      20.963892     -20.910241
      20.866589     -20.753221
      20.776369     -20.558607
      20.698667     -20.376090
      20.647226     -20.234714
      20.603000     -20.167591
      20.584478     -20.108119
      20.656537     -20.142661
      20.702849     -20.239642
      20.706086     -20.328672
      20.740185     -20.372367
      20.766971     -20.368653
      20.783672     -20.356264
      20.799795     -20.340374
      20.778735     -20.310090
      20.780765     -20.282467
      20.782458     -20.280294
      20.779014     -20.278891
      20.776950     -20.267975
      20.794496     -20.256130
      20.812491     -20.280682
      20.819546     -20.324706
      20.818307     -20.343270
      20.838964     -20.330135
      20.885320     -20.379859
      20.870605     -20.408003
      20.869172     -20.418305
      20.900313     -20.392023
      20.916987     -20.372532
      20.938844     -20.390668
      20.938227     -20.436125
      20.945799     -20.486055
      20.959676     -20.564363
      20.974300     -20.662241
      20.982023     -20.735514
      20.981494     -20.775568
      21.002651     -20.783932
      21.006845     -20.777666
      20.992405     -20.760975
      20.970857     -20.714382
      20.980702     -20.642026
      21.006541     -20.638658
      20.960118     -20.632621
      20.929540     -20.606439
      20.934558     -20.541525
      20.942378     -20.487308
      20.943133     -20.490808
      20.933783     -20.515355
      20.940593     -20.539859
      20.951142     -20.578905
      20.967008     -20.619247
      20.956409     -20.649176
      20.948687     -20.651252
      20.948774     -20.633913
      20.944570     -20.617076
      20.949449     -20.604783
      20.938997     -20.568069
      20.953981     -20.582730
      20.952619     -20.602828
      20.941870     -20.605232
      20.956322     -20.580396
      20.958843     -20.523724
      20.963554     -20.486388
      20.949979     -20.479365
      20.939201     -20.468976
      20.937921     -20.485215
      20.935595     -20.516657
      20.921776     -20.548497
      20.919661     -20.550690
      20.926369     -20.539592
      20.936600     -20.529873
      20.931906     -20.540233
      20.924688     -20.518070
      20.982062     -20.559688
      21.003850     -20.649608
      20.988068     -20.730504
      21.003452     -20.783351
      21.038440     -20.832453
      21.069765     -20.890786
      21.088088     -20.970007
      21.077692     -21.011908
      21.066491     -21.012090
      21.014898     -20.994518
      20.919625     -20.845985
      20.861591     -20.691546
      20.818562     -20.579971
      20.788624     -20.522825
      20.772739     -20.521198
      20.763605     -20.562313
      20.790897     -20.593464
      20.849657     -20.716509
      20.874051     -20.839727
      20.877165     -20.947553
      20.916414     -20.988959
      20.903713     -20.987888
      20.879744     -20.980051
      20.872060     -20.966221
      20.842539     -20.912701
      20.813827     -20.857273
      20.782608     -20.820138
      20.738579     -20.797342
      20.691906     -20.754760
      20.672723     -20.720664
      20.683107     -20.724195
      20.690708     -20.779434
      20.702445     -20.841381
      20.722078     -20.873422
      20.777873     -20.968241
      20.769523     -21.044980
      20.750078     -21.059808
      20.750821     -21.021778
      20.741887     -20.946474
      20.724465     -20.904153
      20.712354     -20.884181
      20.705292     -20.871875
      20.721254     -20.900017
      20.723010     -20.944697
      20.709092     -20.972549
      20.693647     -20.955880
      20.687032     -20.935881
      20.690402     -20.933271
      20.676366     -20.946280
      20.675404     -20.940714
      20.667531     -20.898885
      20.705700     -20.910729
      20.665656     -20.931505
      20.638755     -20.916235
      20.663422     -20.908094
      20.688132     -20.901117
      20.703210     -20.931345
      20.718068     -20.978587
      20.714207     -21.000181
      20.731454     -21.008807
      20.721322     -21.029083
      20.703325     -21.022769
      20.679649     -20.986151
      20.664519     -20.936071
      20.647340     -20.903898
      20.622086     -20.864439
      20.596421     -20.825289
      20.583796     -20.749444
      20.614244     -20.750263
      20.591261     -20.796048
      20.563124     -20.820534
      20.583631     -20.816746
      20.582521     -20.808324
      20.594998     -20.808554
      20.586171     -20.839943
      20.588475     -20.847015
      20.592543     -20.849463
      20.587468     -20.856729
      20.573387     -20.853581
      20.555875     -20.841638
      20.560846     -20.815634
      20.562366     -20.791892
      20.555979     -20.790090
      20.570019     -20.786807
      20.604851     -20.790030
      20.619305     -20.847185
      20.599836     -20.852977
      20.599290     -20.826797
      20.600135     -20.782853
      20.585413     -20.742139
      20.577630     -20.740476
      20.561021     -20.746363
      20.546615     -20.734978
      20.515003     -20.721230
      20.490718     -20.699932
      20.470549     -20.661984
      20.459104     -20.626343
      20.473060     -20.621625
      20.482408     -20.642743
      20.486366     -20.693904
      20.503084     -20.734803
      20.566842     -20.866967
      20.598804     -21.040761
      20.592458     -21.202503
      20.618009     -21.305212
      20.646369     -21.372462
      20.641152     -21.387072
      20.649589     -21.394180
      20.626520     -21.366889
      20.619439     -21.347971
      20.611136     -21.359215
      20.600538     -21.372622
      20.592419     -21.367197
      20.595477     -21.359280
      20.604414     -21.357663
      20.598024     -21.379420
      20.593991     -21.404239
      20.618074     -21.400553
      20.668784     -21.477816
      20.652025     -21.528722
      20.638459     -21.531933
      20.641536     -21.492472
      20.622011     -21.441774
      20.611114     -21.418954
      20.634306     -21.438158
      20.685400     -21.326799
      20.683277     -21.112330
      20.594219     -20.974805
      20.474197     -20.910258
      20.417115     -20.853176
      20.434513     -20.858982
      20.450543     -20.923418
      20.429682     -20.999154
      20.415891     -21.011223
      20.429282     -20.982382
      20.456668     -21.032099
      20.425967     -21.094376
      20.444620     -21.147443
      20.487138     -21.193505
      20.488766     -21.234001
      20.503419     -21.298725
      20.493399     -21.317143
      20.481567     -21.309792
      20.477764     -21.309352
      20.455886     -21.325619
      20.444909     -21.324203
      20.436553     -21.323251
      20.449319     -21.341244
      20.458215     -21.374640
      20.454766     -21.386475
      20.448613     -21.354889
      20.488838     -21.366301
      20.478396     -21.394911
      20.455456     -21.405563
      20.494259     -21.408657
      20.500986     -21.413808
      20.497518     -21.417647
      20.503322     -21.412027
      20.478352     -21.368722
      20.473483     -21.324140
      20.446852     -21.299225
      20.427395     -21.275567
      20.410621     -21.245354
      20.395418     -21.214512
      20.386596     -21.189741
      20.372867     -21.176637
      20.361814     -21.130417
      20.372027     -21.116696
      20.363278     -21.140707
      20.338005     -21.143611
      20.340658     -21.122746
      20.344282     -21.093215
      20.331761     -21.071506
      20.320873     -21.070064
      20.299378     -21.059097
      20.283124     -21.047994
      20.265798     -21.028901
      20.248444     -21.025901
      20.238221     -21.023313
      20.231502     -21.002811
      20.226963     -20.986054
      20.232357     -20.970908
      20.224490     -20.952490
      20.250022     -21.002422
      20.232335     -21.036572
      20.244773     -21.031999
      20.265208     -21.000560
      20.259246     -20.968882
      20.260783     -20.976926
      20.255547     -20.987499
      20.253534     -20.997886
      20.260158     -21.018499
      20.267370     -21.068976
      20.262663     -21.095347
      20.268660     -21.095330
      20.267799     -21.085788
      20.261461     -21.077073
      20.265777     -21.031460
      20.308666     -21.072810
      20.312664     -21.143123
      20.298973     -21.198576
      20.321416     -21.199185
      20.324172     -21.194020
      20.317047     -21.211763
      20.336733     -21.234069
      20.338140     -21.261593
      20.344884     -21.298524
      20.359789     -21.349253
      20.356884     -21.389916
      20.348305     -21.399244
      20.348429     -21.391443
      20.351946     -21.384563
      20.354712     -21.386853
      20.429165     -21.391477
      20.556555     -21.472915
      20.601283     -21.525956
      20.585352     -21.557323
      20.611806     -21.536423
      20.633126     -21.504716
      20.620221     -21.506215
      20.607670     -21.519657
      20.587419     -21.520016
      20.587895     -21.525842
      20.573465     -21.542145
      20.563034     -21.533504
      20.550508     -21.517767
      20.557196     -21.500921
      20.547788     -21.511089
      20.537411     -21.512293
      20.541467     -21.485016
      20.573795     -21.528351
      20.546870     -21.563040
      20.525502     -21.563843
      20.536763     -21.539036
      20.531808     -21.506846
      20.525278     -21.518044
      20.521694     -21.517282
      20.504898     -21.512174
      20.509690     -21.515344
      20.499402     -21.535398
      20.485016     -21.535041
      20.470719     -21.515922
      20.467409     -21.503182
      20.459701     -21.504763
      20.447277     -21.501462
      20.422761     -21.471652
      20.451381     -21.478221
      20.448892     -21.523363
      20.412692     -21.520035
      20.425488     -21.496081
      20.424573     -21.470154
      20.423431     -21.468607
      20.442675     -21.495430
      20.426061     -21.512206
      20.444860     -21.524725
      20.440334     -21.564332
      20.428653     -21.581596
      20.413161     -21.562192
      20.400137     -21.522719
      20.396917     -21.497207
      20.372148     -21.481769
      20.353116     -21.447758
      20.353618     -21.397585
      20.367515     -21.427650
      20.327916     -21.452171
      20.318658     -21.450699
      20.328384     -21.430623
      20.314364     -21.404273
      20.310059     -21.418072
      20.297330     -21.434081
      20.289589     -21.445626
      20.287079     -21.458002
      20.271929     -21.465855
      20.259149     -21.454332
      20.239945     -21.439003
      20.225733     -21.398450
      20.200275     -21.368989
      20.196690     -21.335099
      20.175568     -21.304165
      20.194445     -21.332890
      20.184885     -21.348609
      20.197206     -21.350574
      20.195744     -21.330607
      20.188218     -21.286830
      20.192344     -21.269712
      20.177548     -21.252637
      20.169651     -21.231783
      20.172244     -21.234455
      20.172369     -21.260199
      20.160462     -21.263891
      20.159197     -21.246255
