       6.939757      33.657956
       6.926889      33.687685
       6.914601      33.721828
       6.908716      33.767797
       6.898818      33.823886
       6.867153      33.872041
       6.806870      33.916570
       6.747441      33.953462
       6.653783      33.983551
       6.554636      34.014342
       6.440732      34.053138
       6.337898      34.098616
       6.227550      34.159193
       6.121452      34.206032
       5.960732      34.242090
       5.772201      34.253720
       5.631365      34.224100
       5.659702      34.075332
       5.530682      33.790285
       5.255869      33.562306
       4.973000      33.518229
       4.749639      33.625428
       4.574091      33.774289
       4.369462      33.883117
       4.187581      34.013856
       4.072629      34.182585
       4.001919      34.329067
       3.986523      34.422961
       3.946163      34.450471
       3.944594      34.403870
       3.921448      34.368456
       3.875167      34.409055
       3.734754      34.504578
       3.391444      35.006574
       2.624036      36.877164
       1.423507      40.603871
       0.080465      45.815670
      -1.336966      51.166590
      -2.894274      55.616313
      -4.589992      58.880000
      -6.237294      61.069191
      -7.736221      62.653149
      -9.041844      64.008667
     -10.221099      65.200478
     -11.172946      66.258265
     -12.090228      67.177602
     -12.972852      67.993408
     -13.773542      68.754144
     -14.453619      69.476976
     -14.690994      70.242909
     -14.584312      70.947629
     -14.402119      71.336482
     -14.306307      71.123492
     -14.086993      69.583670
     -13.287907      65.508117
     -11.868955      58.358360
     -10.016218      47.852861
      -8.576796      35.877652
      -7.475463      24.782862
      -6.677907      16.957989
      -7.043638      14.074250
      -8.630927      16.552356
     -10.461016      23.144790
     -11.280682      31.369693
     -11.251496      38.657579
     -10.972498      43.833131
     -10.925552      46.965430
     -11.027031      48.537945
     -11.209988      49.114493
     -11.395942      49.135878
     -11.627293      48.815232
     -11.863344      48.422702
     -12.091741      48.057250
     -12.114050      47.591607
     -11.976016      47.052837
     -11.881241      46.490860
     -11.775428      45.940020
     -11.722800      45.442724
     -11.646476      44.989962
     -11.629762      44.604513
     -11.622410      44.300896
     -11.619718      44.099932
     -11.653766      43.921562
     -11.702880      43.701403
     -11.706903      43.360227
     -11.670646      42.860453
     -11.619194      42.221551
     -11.575677      41.515364
     -11.559123      40.774444
     -11.545676      40.036131
     -11.577746      39.310338
     -11.640968      38.613929
     -11.697072      37.934166
     -11.684189      37.228273
     -11.653374      36.518949
     -11.607754      35.840908
     -11.572352      35.129408
     -11.557498      34.347393
     -11.513969      33.485262
     -11.478182      32.607129
     -11.416430      31.771789
     -11.343494      30.960948
     -11.254935      30.159527
     -11.114272      29.361034
     -10.986621      28.549197
     -10.942367      27.750020
     -11.018811      26.923054
     -11.200436      26.065595
     -11.326200      25.276134
     -11.301705      24.622887
     -11.253310      24.121324
     -11.205935      23.618767
     -11.230175      23.030426
     -11.234503      22.147041
     -11.060637      19.834617
     -11.141305      15.334851
     -11.420443       9.149653
     -11.949952       2.406718
     -12.471426      -3.790673
     -12.894505      -9.096022
     -13.146284     -13.638100
     -13.629187     -17.969182
     -13.976912     -22.042906
     -14.296766     -25.830462
     -14.384966     -28.834720
     -14.455399     -31.084593
     -14.567378     -32.744524
     -14.567555     -33.979129
     -14.419928     -34.954859
     -14.232939     -35.827265
     -14.096178     -36.645668
     -14.015891     -37.616665
     -14.007274     -38.923355
     -13.973410     -40.478263
     -13.900751     -42.081168
     -13.856025     -43.664806
     -13.807357     -45.176360
     -13.709077     -46.665344
     -13.456674     -48.134350
     -12.946177     -49.528345
     -12.295280     -50.809298
     -11.847349     -51.984309
     -11.779160     -53.017956
     -11.957408     -53.908147
     -12.229526     -54.689005
     -12.414470     -55.510605
     -12.566681     -56.412583
     -12.774865     -57.496093
     -12.925460     -58.723910
     -12.849215     -60.032970
     -12.689631     -61.295150
     -12.502113     -62.479297
     -12.226561     -63.507640
     -11.881954     -64.363152
     -11.532837     -64.987847
     -11.326250     -65.523752
     -11.280875     -66.022413
     -11.280540     -66.566749
     -11.233994     -67.157514
     -11.218388     -67.765744
     -11.243795     -68.401092
     -11.240039     -69.155008
     -11.203296     -69.995929
     -11.103735     -70.873870
     -11.015285     -71.753929
     -10.977246     -72.564935
     -10.959622     -73.314180
     -10.904198     -74.028424
     -10.796035     -74.758143
     -10.699664     -75.525495
     -10.585694     -76.393809
     -10.521328     -77.315939
     -10.463509     -78.263428
     -10.349852     -79.190687
     -10.276216     -80.129506
     -10.179697     -81.028745
     -10.089531     -81.929184
     -10.013826     -82.787216
      -9.965117     -83.621711
      -9.918733     -84.364272
      -9.847777     -85.046247
      -9.790200     -85.682468
      -9.789410     -86.341100
      -9.767788     -86.955378
      -9.811544     -87.577883
      -9.852121     -88.203448
      -9.861008     -88.854260
      -9.860014     -89.509939
      -9.888985     -90.183433
      -9.896879     -90.825425
      -9.890005     -91.466542
      -9.868795     -92.091165
      -9.859807     -92.692270
      -9.839286     -93.263777
      -9.835607     -93.803178
      -9.831964     -94.311038
      -9.822511     -94.808213
      -9.788914     -95.308146
      -9.762295     -95.792430
      -9.744191     -96.267729
      -9.687262     -96.694419
      -9.646175     -97.016604
      -9.589697     -97.188397
      -9.554674     -97.319586
      -9.550363     -97.548429
      -9.507325     -97.893414
      -9.404348     -98.316587
      -9.184555     -98.837396
      -8.914533     -99.393865
      -8.667438    -100.033982
      -8.458362    -100.660343
      -8.301593    -101.198220
      -8.212187    -101.575630
      -8.167135    -101.872142
      -8.101672    -102.191093
      -8.088873    -102.697311
      -8.143914    -103.536877
      -8.235487    -104.796031
      -8.395705    -106.475842
      -8.603590    -108.591678
      -8.728206    -111.122605
      -8.816075    -114.201744
      -8.810453    -117.721736
      -8.729438    -121.754619
      -8.613152    -126.393427
      -8.581153    -131.080610
      -8.541853    -135.372742
      -8.405466    -138.878405
      -8.285247    -141.589537
      -8.390859    -143.437411
      -8.869135    -144.504334
      -9.486870    -145.382241
     -10.052076    -146.461074
     -10.386229    -147.832318
     -10.540552    -149.346952
     -10.495481    -151.104135
     -10.280659    -152.956837
      -9.949791    -154.694797
      -9.568291    -156.302996
      -9.174880    -157.698429
      -8.818304    -158.861307
      -8.564227    -159.898515
      -8.445146    -161.076352
      -8.297232    -162.612804
      -8.001043    -164.712874
      -7.569107    -167.264929
      -7.105918    -169.938934
      -6.729325    -172.294241
      -6.366196    -174.242801
      -5.863506    -175.691379
      -5.309469    -176.877270
      -4.900651    -177.926775
      -4.559826    -178.909623
      -4.122636    -179.817634
      -3.716613     179.370244
      -3.380870     178.679031
      -3.083406     178.278482
      -2.886226     178.126923
      -2.775773     178.064268
      -2.610753     177.819008
      -2.655432     177.355278
      -2.622733     176.866973
      -2.486565     176.535588
      -2.304365     176.351914
      -2.027744     176.326697
      -1.754427     176.451134
      -1.544779     176.594241
      -1.408977     176.557444
      -1.355993     176.221455
      -1.519783     175.423329
      -1.689309     174.254244
      -1.761368     172.984560
      -1.831236     171.870281
      -1.941941     170.893825
      -1.982055     169.919370
      -2.001328     168.918726
      -2.088933     167.924649
      -2.142438     167.017104
      -2.083052     166.184940
      -1.912094     165.410828
      -1.689417     164.708522
      -1.550541     164.059313
      -1.414540     163.377542
      -1.258211     162.554859
      -0.961752     161.459125
      -0.590830     160.285658
      -0.241788     159.241486
       0.083921     158.316533
       0.359838     157.547327
       0.555038     156.926094
       0.713664     156.418739
       0.914993     155.993186
       1.100171     155.662403
       1.280962     155.535237
       1.453146     155.629861
       1.530498     155.915143
       1.496941     156.350575
       1.535881     156.847507
       1.529042     157.329363
       1.497391     157.703334
       1.423160     157.961106
       1.224084     158.161964
       0.850693     158.412936
       0.474945     158.700957
       0.135610     158.935211
      -0.178069     159.044961
      -0.455310     159.072539
      -0.629891     159.094522
      -0.704986     159.157838
      -0.667927     159.363504
      -0.576445     159.871053
      -0.659461     160.668032
      -0.654905     161.474842
      -0.631295     162.095103
      -0.661325     162.494001
      -0.747559     162.735852
      -0.845685     162.879969
      -0.881052     162.885982
      -0.778362     162.576872
      -0.293573     161.686278
       1.667425     159.723429
       4.072878     156.494567
       6.038419     153.045779
       7.357367     150.257313
       8.057457     148.219928
       8.556962     146.817103
       9.027789     145.998316
       9.368485     145.593852
       9.515818     145.502404
       9.629436     145.512293
       9.642777     145.588082
       9.605135     145.738863
       9.521126     146.019366
       9.521210     146.553542
       9.575467     147.159271
       9.767832     147.615345
       9.890979     147.834523
      10.074885     147.928808
      10.218371     148.180052
      10.247939     148.588032
      10.380133     149.004017
      10.502719     149.550296
      10.586966     150.452294
      10.351614     152.224602
       9.999320     154.762581
       9.563792     157.671258
       8.893594     160.784387
       8.260646     163.655189
       7.741495     165.999344
       7.261620     167.915479
       6.787636     169.507009
       6.573069     170.679785
       6.445003     171.613461
       6.336497     172.400143
       6.282654     173.065886
       6.266751     173.522329
       6.321761     173.747753
       6.372430     173.872385
       6.357588     173.984543
       6.321033     174.165555
       6.328518     174.379205
       6.399399     174.562859
       6.413197     174.721159
       6.360030     174.939123
       6.270999     175.147489
       6.160181     175.341401
       6.106263     175.517458
       6.023983     175.700102
       5.893344     175.951968
       5.720452     176.307346
       5.531220     176.730141
       5.407999     177.231424
       5.343445     177.762647
       5.320958     178.229562
       5.293610     178.609051
       5.235237     178.830143
       5.196161     178.883278
       5.208769     178.866007
       5.202655     178.817592
       5.197337     178.737762
       5.178869     178.636542
       5.175937     178.535321
       5.172789     178.464506
       5.183177     178.457143
       5.167098     178.494911
       5.118000     178.576470
       5.065100     178.693369
       5.005742     178.803274
       4.934410     178.903542
       4.871766     178.989958
       4.857437     179.059375
       4.866393     179.122963
       4.880718     179.192399
       4.882830     179.245476
       4.869330     179.293192
       4.823944     179.343239
       4.806633     179.405214
       4.811950     179.407215
       4.846091     179.387982
       4.841133     179.383163
       4.824033     179.398861
       4.787207     179.423107
       4.742892     179.456796
       4.715592     179.494020
       4.702144     179.555452
       4.670781     179.621643
       4.661374     179.684726
       4.668890     179.718959
       4.676176     179.726244
       4.675811     179.767995
       4.692698     179.836285
       4.691328     179.896862
       4.686484     179.971699
       4.674075    -179.971835
       4.674622    -179.951552
       4.647248    -179.914075
       4.643756    -179.896823
       4.622745    -179.879337
       4.600199    -179.845377
       4.542967    -179.795427
       4.475964    -179.742311
       4.415291    -179.685639
       4.346432    -179.638507
       4.267644    -179.576473
       4.231566    -179.512185
       4.193896    -179.454542
       4.160965    -179.390216
       4.130190    -179.307821
       4.078803    -179.249634
       4.021196    -179.200831
       3.979667    -179.184977
       3.957222    -179.169532
       3.917894    -179.128442
       3.888048    -179.070876
       3.866218    -179.030563
       3.824955    -178.985626
       3.791353    -178.950675
       3.756423    -178.932412
       3.715860    -178.918482
       3.697291    -178.890214
       3.693880    -178.856040
       3.679356    -178.822857
       3.675718    -178.777376
       3.675751    -178.765428
       3.661027    -178.789188
       3.635022    -178.825616
       3.588034    -178.862782
       3.557700    -178.887630
       3.535645    -178.902007
       3.516893    -178.900200
       3.502525    -178.895052
       3.494202    -178.895635
       3.457929    -178.883473
       3.453852    -178.830395
       3.474226    -178.786779
       3.517265    -178.778037
       3.541295    -178.748486
       3.545082    -178.716547
       3.545632    -178.686122
       3.519126    -178.654396
       3.470994    -178.625293
       3.415618    -178.599920
       3.399083    -178.588321
       3.404220    -178.613442
       3.398709    -178.653930
       3.388017    -178.665742
       3.386238    -178.635123
       3.381491    -178.618629
       3.395955    -178.614918
       3.418298    -178.600580
       3.423277    -178.584921
       3.417251    -178.567378
       3.414877    -178.544064
       3.382321    -178.521547
       3.342513    -178.485721
       3.312112    -178.460562
       3.297130    -178.461728
       3.283162    -178.471811
       3.248878    -178.489452
       3.224291    -178.502313
       3.217918    -178.494445
       3.217747    -178.481894
       3.221450    -178.450634
       3.229810    -178.422755
       3.212623    -178.428525
       3.179095    -178.423221
       3.170397    -178.396663
       3.127479    -178.185888
       2.973714    -177.396738
       2.774719    -175.892654
       2.567004    -173.571832
       2.588086    -170.404936
       2.778668    -166.575309
       2.829063    -162.431569
       2.743159    -158.225960
       2.636359    -154.331715
       2.470347    -150.873359
       2.320955    -147.595878
       2.220602    -144.565008
       2.148208    -141.992748
       2.031744    -139.862807
       1.872229    -138.078424
       1.652768    -136.498104
       1.462955    -134.986696
       1.266806    -133.459589
       1.103617    -131.861697
       1.078525    -130.160835
       1.130348    -128.488698
       1.140861    -126.907377
       1.092414    -125.412638
       0.914353    -124.020635
       0.809776    -122.713678
       0.755665    -121.413977
       0.722782    -120.045112
       0.659538    -118.572220
       0.666415    -117.046794
       0.736228    -115.541457
       0.763906    -114.192147
       0.529546    -113.066949
       0.122947    -112.263617
      -0.054953    -111.637964
      -0.020594    -111.033683
       0.157646    -110.250895
       0.403794    -109.117567
       0.566247    -107.515187
       0.589341    -105.525293
       0.495799    -103.234070
       0.282491    -100.834312
       0.020308     -98.476082
      -0.287217     -96.395381
      -0.601851     -94.697045
      -0.835187     -93.330522
      -0.952920     -92.281541
      -0.994681     -91.414183
      -0.966153     -90.552460
      -0.880863     -89.595160
      -0.830962     -88.512180
      -0.786032     -87.281002
      -0.703831     -85.960504
      -0.588964     -84.553541
      -0.553963     -83.106070
      -0.609007     -81.605531
      -0.842384     -80.048307
      -1.259218     -78.435896
      -1.658766     -76.774333
      -1.916916     -75.063179
      -1.974373     -73.474762
      -1.977793     -72.122810
      -2.063705     -71.086647
      -2.073673     -70.246076
      -2.071641     -69.556879
      -2.065228     -68.907660
      -2.039094     -68.258713
      -2.028497     -67.560938
      -2.111095     -66.762298
      -2.273493     -65.789897
      -2.567586     -64.628306
      -2.869296     -63.245497
      -3.207648     -61.687976
      -3.555549     -60.099263
      -3.875460     -58.686564
      -4.176917     -57.500105
      -4.437170     -56.578587
      -4.694314     -56.049496
      -4.808029     -55.794449
      -4.770679     -55.537129
      -4.751100     -55.172133
      -4.818050     -54.740092
      -4.857812     -54.249003
      -4.820250     -53.677958
      -4.785017     -53.035796
      -4.813039     -52.355730
      -4.901255     -51.660234
      -4.999227     -50.998216
      -5.038889     -50.373865
      -4.892872     -49.740131
      -4.573765     -49.018717
      -4.358867     -48.211431
      -4.374591     -47.334666
      -4.504747     -46.454126
      -4.705766     -45.609689
      -4.892067     -44.793471
      -5.002136     -43.950131
      -5.034273     -43.037536
      -4.927826     -41.954968
      -4.775673     -40.690500
      -4.701168     -39.310234
      -4.699282     -37.838216
      -4.726459     -36.404277
      -4.758191     -35.050654
      -4.852050     -33.879305
      -4.908670     -32.856513
      -4.849142     -31.886376
      -4.780683     -30.878961
      -4.755868     -29.817959
      -4.799736     -28.656523
      -4.914317     -27.384772
      -5.048855     -25.979016
      -5.119056     -24.502806
      -5.178456     -22.947573
      -5.171345     -21.428743
      -5.122298     -20.064948
      -4.906408     -18.935383
      -4.426035     -18.085870
      -3.743766     -17.442591
      -2.987139     -17.075661
      -2.387775     -16.881693
      -1.724311     -16.761020
      -0.987720     -16.464643
      -0.310460     -15.779921
       0.390869     -14.508640
       0.950095     -12.652811
       1.147701     -10.351685
       1.193809      -7.820964
