       5.413806      14.243097
       5.388882      13.782951
       5.335100      13.346993
       5.289975      12.916732
       5.273367      12.500191
       5.300695      12.108229
       5.333224      11.740103
       5.361650      11.369323
       5.425352      10.988182
       5.496839      10.636603
       5.586213      10.377899
       5.715777      10.289260
       5.835276      10.211688
       5.849435       9.926784
       5.806560       9.334694
       5.740252       8.568803
       5.693960       7.743076
       5.677696       6.954791
       5.633606       6.210774
       5.588683       5.505020
       5.608072       4.882451
       5.660517       4.424826
       5.734488       4.093492
       5.736938       3.813571
       5.693140       3.482024
       5.505496       3.057092
       5.386047       2.512899
       5.331697       2.015366
       5.322949       1.585599
       5.390541       1.253250
       5.495282       0.963122
       5.540355       0.577015
       5.442052      -0.055441
       5.120875      -1.030298
       4.459671      -2.515032
       3.944885      -4.409788
       3.394416      -6.453733
       3.100170      -8.300422
       2.885443      -9.745469
       2.718196     -10.744228
       2.620330     -11.320751
       2.544553     -11.466407
       2.418470     -11.235410
       2.291881     -10.821394
       2.189710     -10.384265
       2.154180     -10.001997
       2.135993      -9.700445
       2.152585      -9.483679
       2.170113      -9.323585
       2.199795      -9.170111
       2.229330      -8.985150
       2.244303      -8.764751
       2.241044      -8.494168
       2.247382      -8.212750
       2.227697      -7.925820
       2.220051      -7.658391
       2.225350      -7.411345
       2.229219      -7.218299
       2.231039      -7.071996
       2.246140      -7.009948
       2.254298      -7.011037
       2.248869      -7.040976
       2.218001      -7.051120
       2.173654      -7.050000
       2.129541      -7.028633
       2.103121      -7.023927
       2.066989      -7.024180
       2.058871      -7.020697
       2.045248      -7.006082
       2.014197      -6.974483
       1.983803      -6.935855
       1.949944      -6.897500
       1.930265      -6.859788
       1.917433      -6.811131
       1.908642      -6.748926
       1.915573      -6.709742
       1.906209      -6.697852
       1.887410      -6.694437
       1.866612      -6.692301
       1.849596      -6.661973
       1.870552      -6.615413
       1.876237      -6.571354
       1.892570      -6.548420
       1.890400      -6.540471
       1.873354      -6.541891
       1.851842      -6.538169
       1.844755      -6.519612
       1.833118      -6.488637
       1.843496      -6.457013
       1.844571      -6.420632
       1.847233      -6.376867
       1.869853      -6.364181
       1.868069      -6.378881
       1.868897      -6.390607
       1.870012      -6.385752
       1.877410      -6.365816
       1.894130      -6.342658
       1.885325      -6.328507
       1.887537      -6.329508
       1.887911      -6.332791
       1.870884      -6.347226
       1.861283      -6.348586
       1.861449      -6.338408
       1.857606      -6.317663
       1.863695      -6.305758
       1.870608      -6.291304
       1.871289      -6.293628
       1.892241      -6.314206
       1.882757      -6.333638
       1.881700      -6.330683
       1.877505      -6.319565
       1.890972      -6.299017
       1.897027      -6.286929
       1.880367      -6.287360
       1.886462      -6.284854
       1.885510      -6.293358
       1.864561      -6.299309
       1.861898      -6.296776
       1.849111      -6.283787
       1.847418      -6.263538
       1.847845      -6.244813
       1.844372      -6.226459
       1.867587      -6.231676
       1.868623      -6.250461
       1.867909      -6.254721
       1.874923      -6.238606
       1.888110      -6.210400
       1.926967      -6.177462
       1.947596      -6.159780
       1.988375      -6.165822
       2.044085      -6.175975
       2.084936      -6.189606
       2.108214      -6.198984
       2.141336      -6.216225
       2.179141      -6.227583
       2.238465      -6.231707
       2.274953      -6.227006
       2.328374      -6.255145
       2.350675      -6.296263
       2.372731      -6.341432
       2.393423      -6.375185
       2.445172      -6.392856
       2.525767      -6.428674
       2.682673      -6.634644
       2.909022      -7.164161
       3.161546      -8.272494
       3.452727     -10.162325
       3.751695     -12.995363
       3.953918     -16.757835
       3.942005     -21.241660
       3.932118     -25.934715
       3.987532     -30.399510
       4.176416     -34.339636
       4.297257     -37.641264
       4.319096     -40.243011
       4.156575     -42.350762
       3.783846     -43.976607
       3.076536     -45.142788
       2.312268     -46.369017
       1.392286     -47.714917
       0.440098     -49.125601
      -0.360751     -50.628820
      -0.988694     -52.283215
      -1.358531     -54.227146
      -1.763517     -56.278597
      -2.134288     -58.223175
      -2.361385     -60.015965
      -2.341153     -61.811121
      -2.297012     -63.644939
      -2.160437     -65.518351
      -1.911836     -67.400807
      -1.632653     -69.291505
      -1.261830     -71.202686
      -0.630008     -73.243102
       0.379787     -75.306613
       1.528829     -77.223709
       2.320179     -78.821879
       2.632525     -80.132872
       2.920791     -81.233619
       3.678655     -82.401258
       4.876442     -83.761282
       6.163141     -85.297918
       7.290416     -86.999567
       8.306676     -88.851297
       9.123414     -90.754668
       9.667609     -92.659476
      10.052420     -94.467056
      10.422610     -96.078907
      10.841520     -97.542057
      11.307490     -98.957422
      11.735094    -100.447790
      11.917063    -102.026002
      11.856715    -103.670134
      11.778593    -105.356298
      11.756702    -106.921561
      11.823243    -108.311000
      11.847774    -109.630994
      11.972410    -110.917541
      12.180400    -112.216581
      12.344854    -113.602115
      12.423149    -115.229160
      12.487516    -117.040917
      12.562100    -118.882623
      12.629366    -120.552147
      12.669133    -121.966988
      12.810472    -122.987827
      13.016098    -123.635822
      13.201030    -124.044308
      13.395473    -124.229895
      13.552261    -124.280670
      13.657889    -124.419697
      13.798382    -124.784605
      13.851269    -125.418243
      13.876237    -126.141532
      13.814885    -126.721567
      13.733214    -127.137697
      13.766499    -127.650376
      13.909867    -128.317332
      14.011150    -129.198396
      13.963171    -130.244522
      14.148230    -131.307044
      14.443433    -132.223477
      14.535971    -132.846594
      14.465221    -133.255245
      14.284797    -133.726920
      14.119535    -134.520247
      13.979139    -135.848293
      13.638491    -137.756880
      13.461038    -139.859417
      13.386867    -141.901057
      13.276802    -143.693823
      13.214494    -145.033750
      13.241793    -146.043146
      13.278570    -146.886500
      13.273286    -147.750322
      13.222506    -148.883359
      13.161836    -150.340291
      13.057676    -151.926653
      13.117383    -153.390336
      13.199860    -154.663858
      13.298495    -155.828960
      13.367304    -156.975509
      13.426448    -158.256918
      13.476610    -159.685573
      13.464575    -161.187394
      13.443960    -162.500490
      13.467547    -163.542875
      13.481471    -164.247862
      13.489438    -164.610002
      13.540441    -164.777569
      13.599912    -164.829112
      13.600092    -164.619969
      13.608870    -164.153694
      13.610453    -163.560050
      13.565047    -162.878580
      13.480575    -162.270539
      13.453288    -161.839410
      13.497933    -161.547591
      13.503170    -161.363276
      13.483609    -161.299523
      13.486476    -161.257092
      13.508244    -161.163215
      13.510746    -161.072078
      13.502504    -160.976026
      13.515468    -160.895778
      13.502823    -160.817075
      13.495991    -160.707714
      13.501642    -160.585997
      13.492675    -160.483310
      13.504241    -160.397953
      13.516073    -160.336599
      13.510706    -160.312896
      13.513957    -160.295965
      13.511804    -160.274526
      13.526407    -160.236019
      13.531802    -160.172946
      13.521529    -160.103627
      13.532373    -160.072299
      13.547581    -160.073406
      13.550791    -160.113020
      13.549258    -160.148603
      13.553518    -160.182116
      13.542308    -160.213823
      13.531779    -160.224712
      13.535288    -160.218631
      13.535332    -160.222799
      13.533863    -160.222031
      13.540128    -160.222799
      13.534603    -160.207810
      13.532216    -160.227384
      13.554674    -160.252067
      13.549529    -160.271019
      13.533795    -160.298597
      13.551463    -160.321435
      13.538619    -160.332451
      13.530982    -160.337191
      13.530684    -160.270291
      13.526238    -160.205760
      13.511073    -160.187051
      13.521006    -160.157394
      13.520863    -160.130748
      13.514490    -160.121481
      13.517005    -160.099848
      13.512946    -160.066344
      13.516138    -160.065567
      13.535248    -160.062808
      13.538658    -160.039718
      13.543919    -160.030626
      13.572463    -160.003426
      13.578939    -159.983561
      13.573764    -159.983415
      13.572953    -159.947512
      13.576864    -159.930027
      13.556303    -159.922197
      13.556995    -159.903537
      13.556229    -159.883244
      13.550431    -159.877950
      13.549723    -159.871898
      13.541266    -159.867070
      13.545274    -159.837229
      13.534992    -159.820044
      13.551353    -159.815809
      13.553411    -159.807902
      13.540240    -159.812040
      13.542730    -159.821239
      13.556354    -159.818801
      13.555368    -159.826485
      13.552834    -159.822599
      13.564113    -159.819879
      13.549576    -159.794963
      13.553900    -159.753659
      13.581285    -159.678404
      13.590338    -159.502415
      13.589479    -159.244040
      13.627313    -158.871526
      13.678066    -158.246806
      13.651039    -157.415128
      13.561659    -156.416961
      13.525579    -155.322732
      13.552244    -154.071893
      13.556687    -152.736406
      13.530681    -151.349298
      13.620450    -150.046334
      13.932203    -148.791017
      13.741323    -147.576460
      13.139113    -146.437546
      12.919195    -145.312222
      12.872417    -144.303127
      12.863201    -143.380273
      12.794271    -142.186835
      12.810402    -140.590924
      12.908744    -138.624606
      13.003472    -136.350907
      13.153844    -134.201966
      13.286942    -132.453486
      13.469267    -131.194818
      13.629620    -130.348549
      13.571420    -129.738264
      13.607852    -129.214998
      13.783409    -128.418038
      13.743832    -126.640124
      13.467104    -123.525267
      13.295542    -119.528704
      13.250924    -115.256272
      13.120275    -110.909634
      12.904262    -106.846919
      12.667759    -103.220364
      12.460768    -100.183733
      12.314257     -97.746528
      12.201768     -95.823846
      12.193347     -94.406090
      12.062235     -93.363278
      11.967649     -92.272099
      11.964460     -90.788880
      11.963476     -88.569230
      11.921757     -85.523789
      11.839999     -81.903247
      11.754394     -78.038937
      11.710282     -74.258725
      11.671359     -70.815328
      11.508735     -67.983975
      11.478897     -65.682878
      11.550755     -63.602620
      11.538443     -61.338931
      11.374322     -58.710402
      11.244842     -55.863385
      11.334309     -52.984870
      11.333088     -50.271552
      11.349342     -47.953504
      11.589305     -45.974456
      11.671125     -44.218030
      11.412675     -42.849044
      11.147339     -41.857522
      11.113353     -41.030167
      11.133325     -40.020632
      11.005684     -38.699475
      11.049024     -37.198058
      11.081568     -35.337869
      10.826861     -32.841383
      10.542797     -30.143775
      10.471763     -27.399912
      10.530732     -24.608716
      10.542016     -21.735228
      10.420428     -19.032008
      10.312341     -16.656727
      10.450755     -14.686213
      10.619441     -12.963315
      10.675588     -11.325934
      10.634466      -9.620836
      10.603192      -7.830437
      10.617197      -5.925604
      10.591151      -3.942381
      10.514930      -2.066148
      10.451529      -0.296265
      10.455831       1.345645
      10.428352       2.917013
      10.439650       4.445041
      10.657707       5.969606
      10.933645       7.341258
      11.082520       8.585052
      11.042999       9.774444
      10.978323      10.892925
      10.965345      11.908998
      10.924824      12.831068
      10.868369      13.723671
      10.780752      14.631937
      10.728057      15.562528
      10.716128      16.560972
      10.742953      17.674516
      10.745390      18.940842
      10.684764      20.348179
      10.569781      21.890031
      10.399288      23.430813
      10.173967      24.944218
       9.968899      26.392798
       9.787520      27.685271
       9.676809      28.792032
       9.600314      29.748588
       9.524188      30.642077
       9.394518      31.644231
       9.228334      32.865887
       9.164285      34.216967
       9.170664      35.589516
       9.266563      36.859829
       9.362991      37.904247
       9.467079      38.596303
       9.475982      38.821316
       9.430590      38.666253
       9.416767      38.466749
       9.464030      38.301894
       9.497152      38.166383
       9.523135      38.075469
       9.534012      37.975211
       9.559710      37.876992
       9.585630      37.777268
       9.591480      37.721451
       9.573933      37.746280
       9.532828      37.811641
       9.504452      37.884236
       9.465293      37.940857
       9.475611      37.944140
       9.486239      37.930868
       9.497926      37.915729
       9.494163      37.888879
       9.505240      37.885817
       9.499981      37.872387
       9.475853      37.854152
       9.473798      37.847099
       9.488050      37.829065
       9.475217      37.812449
       9.467298      37.803680
       9.480672      37.773987
       9.547555      37.573243
       9.745197      37.014377
      10.019867      36.113956
      10.335356      34.885641
      10.653504      33.340049
      10.918083      31.723049
      11.146702      30.214219
      11.326783      28.974257
      11.501082      28.169415
      11.609828      27.798149
      11.536781      27.680106
      11.370627      27.731469
      11.207738      27.780804
      10.991406      27.650301
      10.831920      27.274804
      10.786904      26.627154
      10.854041      25.697884
      10.938133      24.579591
      11.067399      23.342311
      11.182172      22.066584
      11.327741      20.736029
      11.435869      19.430480
      11.522442      18.121229
      11.579904      16.859366
