       5.270887      17.431076
       5.380870      17.015161
       5.703269      17.000211
       6.069561      17.386603
       6.336263      18.160775
       6.458681      19.390293
       6.362670      21.044628
       6.054393      23.043948
       5.654519      25.153264
       5.335175      27.058618
       5.127856      28.558943
       5.010260      29.625837
       4.661569      30.368954
       3.964214      30.811325
       3.484109      30.781478
       3.274558      30.414831
       3.273095      29.723842
       3.389757      29.244986
       3.671610      29.543719
       4.034862      30.522516
       4.303543      32.091131
       4.327584      34.160412
       3.899386      36.656628
       3.025057      39.891331
       2.081242      43.855143
       1.338108      48.512513
       0.721599      53.655120
       0.287081      58.896557
       0.020606      63.502429
       0.118143      67.517142
       0.212457      71.315704
      -0.051205      74.947101
      -0.403629      78.167827
      -1.053992      80.948541
      -1.652699      83.365542
      -1.859540      85.274663
      -1.998470      86.445847
      -2.292834      86.735500
      -2.617479      86.241871
      -2.836269      85.109922
      -3.015367      83.421563
      -3.129628      81.168793
      -3.174867      78.353511
      -3.082625      75.190574
      -2.979416      72.000078
      -2.997253      69.063046
      -3.041153      66.630789
      -2.950456      64.630783
      -2.943742      62.869646
      -3.010730      61.206494
      -3.245765      59.614493
      -3.987821      58.081170
      -4.233132      56.764441
      -3.834374      55.882041
      -3.387936      55.361208
      -3.274387      54.862624
      -3.307289      54.337794
      -3.596572      53.611305
      -3.753041      52.702896
      -3.421371      51.702941
      -2.743047      50.409982
      -1.691133      48.803595
      -0.412115      46.748617
       0.945025      44.400091
       2.391352      41.936594
       4.302518      39.561366
       6.460527      37.181182
       8.855404      34.639249
      11.480896      32.001771
      14.026445      29.382711
      16.900359      26.888924
      20.719887      24.819662
      25.527653      22.851086
      29.200961      20.680625
      31.927189      18.603817
      33.815255      16.528360
      35.105679      14.746972
      35.950536      13.290593
      36.215186      12.164330
      35.521379      11.064005
      34.912945       9.661610
      34.894911       8.429296
      35.163286       7.402037
      35.547046       6.157715
      36.099797       4.570089
      37.053369       2.544344
      38.435032       0.651589
      40.167877      -0.613012
      42.058418      -1.627162
      43.599610      -2.498755
      44.818800      -3.245376
      45.906128      -4.138671
      46.689056      -5.355357
      47.333796      -6.728582
      47.884354      -8.157709
      48.552156      -9.644546
      49.363862     -11.085174
      50.144925     -12.463434
      50.806369     -13.784394
      51.279399     -15.056553
      51.809164     -16.354934
      52.843171     -17.742359
      53.805440     -18.562007
      54.521297     -19.036199
      55.021420     -19.357156
      55.251322     -19.374530
      55.096723     -19.030810
      54.720561     -18.409276
      54.117479     -18.123548
      53.424431     -18.076357
      52.700744     -18.444963
      51.898675     -19.484633
      50.769922     -21.044385
      49.478303     -22.330415
      48.028054     -23.286474
      46.230086     -24.357164
      44.153796     -25.737131
      41.792457     -27.802357
      39.026479     -30.641358
      36.241479     -33.932717
      33.945091     -37.179669
      31.923284     -40.463160
      30.023501     -43.503494
      28.454568     -46.305166
      26.417047     -48.404483
      23.389084     -49.290764
      20.455461     -50.405990
      18.000782     -52.009580
      15.864608     -53.724566
      14.092539     -55.328092
      12.363271     -56.470795
      10.812222     -57.064954
       9.546911     -57.078787
       8.559653     -56.947191
       7.612438     -56.959368
       6.808699     -57.199149
       6.047673     -57.683297
       5.217262     -57.983286
       4.490059     -58.082404
       4.052772     -58.226463
       3.664851     -58.420229
       3.472268     -58.571433
       3.459860     -58.672600
       3.269279     -58.697036
       2.944178     -58.623835
       2.625350     -58.541135
       2.358177     -58.430545
       2.239124     -58.342269
       2.162487     -58.202795
       2.207907     -58.032313
       2.273083     -57.913904
       2.335389     -57.866324
       2.334654     -57.838392
       2.300224     -57.822359
       2.233177     -57.786446
       2.037907     -57.683783
       1.824752     -57.526906
       1.584840     -57.371122
       1.368481     -57.244004
       1.219650     -57.123336
       1.138381     -56.948711
       1.095380     -56.774378
       1.055152     -56.578820
       1.028262     -56.379245
       1.052730     -56.180014
       1.107194     -55.944254
       1.072874     -55.698334
       1.011188     -55.425622
       0.982272     -55.140485
       1.031262     -54.855193
       1.124021     -54.621595
       1.251033     -54.441457
       1.366072     -54.363517
       1.411584     -54.357305
       1.407127     -54.329532
       1.377022     -54.254817
       1.370228     -54.132084
       1.384367     -53.979656
       1.426483     -53.817859
       1.497325     -53.736033
       1.623316     -53.896606
       1.821351     -54.280311
       2.067907     -54.731121
       2.220169     -55.042529
       2.294798     -55.062506
       2.241467     -55.050470
       2.108605     -55.085338
       1.936473     -55.181041
       1.820718     -55.304186
       1.740044     -55.452097
       1.687152     -55.587909
       1.703732     -55.646543
       1.822251     -55.684511
       2.301613     -55.756934
       3.694804     -56.356859
       5.065652     -56.497941
       6.332548     -54.603109
       7.382976     -50.921276
       8.109860     -46.263342
       8.467539     -40.820606
       8.725010     -34.516748
       9.011886     -27.416166
       9.389821     -20.075724
       9.745060     -12.692325
      10.103543      -5.377999
      10.188875       1.567272
      10.052060       8.154085
       9.816922      14.810132
       9.611232      21.697407
       9.390751      28.690636
       9.302607      35.835580
       9.189443      42.959925
       9.684822      49.744293
      10.622531      56.524926
      11.220260      62.909547
      11.480141      68.602624
      11.631265      73.818183
      11.866788      78.827227
      12.160600      83.707301
      12.428285      88.414330
      12.712353      92.762940
      12.821263      96.773909
      12.836109     100.648774
      12.840689     104.436640
      12.947781     108.015790
      13.159197     111.299148
      13.455836     114.256415
      13.698160     116.895372
      13.896121     119.350237
      13.885112     121.724613
      13.729845     124.155203
      13.426882     126.852075
      12.960618     129.901305
      12.504724     133.170810
      12.071353     136.323951
      11.804972     139.179793
      11.923881     141.662266
      12.281755     144.090720
      12.534967     146.651100
      12.519821     149.504164
      12.217229     152.586586
      11.801761     155.674245
      11.679315     158.561327
      11.340829     161.183858
      10.513378     163.606191
       9.107590     165.864591
       7.253642     168.029016
       5.443066     169.944277
       4.105669     171.566930
       3.200808     172.813825
       2.634431     173.654635
       2.210664     174.265104
       1.950760     174.750806
       1.841787     174.941124
       1.925025     174.848025
       2.211456     174.661418
       2.667952     174.487478
       3.225961     174.496357
       3.213350     174.726968
       2.265081     175.023577
       0.677289     174.994998
      -1.225813     173.998162
      -3.570331     172.048300
      -6.435429     169.282148
      -9.610926     166.010282
     -12.090495     162.646230
     -13.809250     159.498354
     -14.875139     156.695278
     -15.585832     154.319067
     -16.139233     152.065272
     -16.749308     149.817558
     -17.307107     147.783408
     -17.752526     145.965006
     -18.241576     144.404270
     -18.914143     143.143513
     -19.480560     142.158343
     -19.752146     141.445420
     -19.714254     141.016166
     -19.671856     140.804477
     -19.788810     140.784845
     -19.919256     141.016807
     -19.892981     141.731265
     -19.677518     143.046712
     -19.368667     145.578174
     -19.017408     149.464035
     -18.604761     154.824431
     -17.728038     161.539440
     -16.181076     168.842082
     -14.488945     175.823762
     -13.021345    -177.879584
     -11.848631    -172.549837
     -11.055358    -168.118696
     -10.191374    -164.105979
      -9.282021    -160.349441
      -8.484664    -157.025964
      -7.830757    -153.883752
      -7.084062    -150.747844
      -6.386130    -147.827733
      -5.808520    -145.513371
      -5.170674    -143.964292
      -4.617502    -143.132342
      -4.218884    -142.696540
      -4.046725    -142.453476
      -3.987932    -142.173410
      -4.093471    -141.765643
      -4.518384    -141.215537
      -5.639542    -140.810247
      -6.267233    -140.304884
      -6.450299    -139.606813
      -6.719717    -138.930968
      -7.958568    -138.838811
      -9.083022    -139.269114
      -9.764117    -139.612923
     -10.071972    -139.726519
     -10.331240    -140.054193
     -10.586769    -140.729572
     -10.730245    -141.474737
     -10.712222    -141.794737
     -10.463643    -141.428974
     -10.309360    -140.846928
     -10.579704    -140.769992
     -10.936622    -141.248390
     -11.052312    -142.084517
     -11.162564    -143.138811
     -11.478795    -144.282941
     -12.184975    -145.545894
     -13.256564    -147.382257
     -14.267592    -150.117849
     -14.673137    -153.300151
     -14.613678    -156.255018
     -14.375074    -159.177616
     -13.973179    -162.066942
     -13.611951    -165.099240
     -13.305641    -168.258734
     -13.086727    -171.546997
     -12.805740    -174.953189
     -12.625032    -178.414751
     -12.742594     178.040255
     -12.995132     174.526548
     -13.163740     170.988945
     -13.079601     167.431408
     -12.817355     163.878515
     -12.465509     160.359359
     -12.150788     156.684797
     -11.966352     152.971282
     -11.908110     149.286326
     -11.848502     145.626433
     -11.697083     142.059960
     -11.535869     138.570499
     -11.472617     135.215054
     -11.517745     132.040318
     -11.433759     128.889354
     -11.122287     125.721690
     -10.613580     122.732630
     -10.152068     120.046171
      -9.786341     117.578716
      -9.463038     115.335121
      -9.028754     113.357117
      -8.429122     111.594096
      -7.512454     109.991064
      -6.367466     108.595972
      -5.130488     107.467394
      -4.047093     106.810850
      -3.241850     106.947245
      -2.720674     108.188642
      -2.438053     110.608100
      -2.271451     114.043561
      -2.334947     118.617886
      -2.704942     124.727671
      -3.297504     132.116078
      -4.025464     140.188510
      -4.831793     148.492038
      -5.712649     156.451708
      -6.776582     163.464891
      -7.664314     169.435241
      -8.551893     174.610516
      -9.249913     178.962584
      -9.651317    -177.446824
      -9.747476    -174.201768
      -9.646140    -171.444553
      -9.536180    -168.903922
      -9.489609    -166.664232
      -9.491530    -164.601939
      -9.546498    -162.527631
      -9.662652    -160.367373
      -9.902192    -158.160827
     -10.006234    -156.044330
     -10.012979    -154.067405
     -10.132359    -152.532975
     -10.475935    -151.629267
     -11.073539    -151.527843
     -11.766349    -152.542640
     -12.347678    -154.814464
     -12.593891    -157.942989
     -12.573194    -161.771694
     -12.427541    -165.833719
     -12.327754    -170.134808
     -12.397930    -174.537059
     -12.495495    -179.065125
     -12.587804     176.327241
     -12.463869     171.600716
     -12.100638     166.877435
     -11.621757     162.151979
     -11.080247     157.407512
     -10.642234     152.665338
     -10.407125     147.984256
     -10.386409     143.460910
     -10.443226     139.279362
     -10.501620     135.526029
     -10.426734     132.135691
     -10.287204     129.045837
     -10.067427     126.208481
      -9.741674     123.575100
      -9.365801     121.079989
      -9.027829     118.738320
      -8.738965     116.383024
      -8.532266     113.923271
      -8.254947     111.542961
      -7.708772     109.350695
      -6.961368     107.089051
      -6.047767     104.684008
      -5.005973     102.087949
      -4.041861      99.416392
      -3.162589      96.560170
      -2.344663      93.730809
      -1.664749      90.977100
      -1.107782      88.249434
      -0.651879      85.517359
      -0.205045      82.757549
       0.161062      79.975762
       0.350136      77.121736
       0.435606      74.312244
       0.601754      71.551347
       0.733899      68.777496
       0.863916      65.842217
       1.020838      62.798656
       1.146927      59.719157
       1.137575      56.541061
       1.229046      53.326941
       1.328673      50.135332
       1.341315      47.236345
       1.318653      44.808591
       1.363632      42.821330
       1.431203      41.103046
       1.517114      39.515249
       1.558426      37.985704
       1.559043      36.610914
       1.578320      35.392311
       1.589622      34.356852
       1.608890      33.360106
       1.532296      32.252450
       1.456646      30.875156
       1.300845      29.199720
       1.045726      27.331751
       0.597525      25.383815
       0.042348      23.301910
      -0.475270      21.201456
      -0.967835      19.122078
      -1.204548      17.127421
      -1.143569      15.239762
      -0.929484      13.517628
      -0.668689      11.946404
      -0.383937      10.599970
       0.022710       9.394007
       0.446569       8.268764
       0.880246       7.189360
       1.238602       6.208403
       1.450104       5.454357
       1.641621       4.973369
       1.768988       4.763715
       1.797003       4.828351
       1.795635       5.075274
       1.750813       5.391700
       1.720262       5.758755
       1.753451       6.170174
       1.758606       6.526649
       1.709561       6.779691
       1.792294       7.005368
       1.905865       7.344029
       1.900247       7.936548
       1.887300       8.762649
       1.889707       9.709258
       1.979964      10.564835
       1.926213      11.330984
       1.787560      11.888537
       1.594294      12.246427
       1.468017      12.680707
       1.404548      13.601375
       1.324029      14.870117
       1.074149      16.250302
       0.690540      17.583974
       0.331536      18.693622
       0.023264      19.412586
      -0.144969      19.550848
      -0.150395      19.071276
      -0.116099      18.149488
