       7.487736      11.444703
       7.443937      12.137827
       7.484917      12.900326
       7.652904      13.595155
       7.801253      14.124813
       7.878145      14.438748
       7.943901      14.514001
       7.983353      14.345349
       7.888802      14.033585
       7.637530      13.782026
       7.336551      13.703412
       6.955717      13.878658
       6.586070      14.275505
       6.319337      14.841134
       6.069996      15.508500
       5.680841      16.186368
       4.943532      16.761910
       3.662918      17.125370
       1.905079      17.406016
       0.002250      17.714484
      -1.795101      18.054547
      -3.640305      18.326112
      -5.788612      18.442567
      -8.441685      18.164864
     -11.685286      17.500408
     -15.174293      16.708180
     -18.356306      15.974035
     -21.188682      15.432546
     -23.973617      15.015087
     -26.490638      14.490248
     -28.646807      13.919424
     -30.222406      13.337347
     -31.281047      12.746484
     -32.001783      12.144592
     -32.495432      11.304743
     -32.848013      10.346113
     -33.156781       9.689815
     -33.443885       9.629734
     -33.594989      10.005782
     -33.581999      10.501493
     -33.430008      10.935185
     -33.212661      11.309541
     -33.018118      11.593151
     -32.885742      11.734142
     -32.825056      11.626927
     -32.789617      11.367651
     -32.735187      11.120993
     -32.757126      10.994482
     -32.865338      10.942790
     -32.787575      11.059418
     -32.583922      11.239510
     -32.400637      11.354540
     -32.066916      11.206133
     -31.709959      10.726129
     -31.283243       9.901601
     -30.672283       8.898721
     -29.707717       7.947444
     -28.458468       7.190310
     -27.262827       6.672974
     -26.344374       6.407329
     -25.725453       6.343076
     -25.322825       6.410780
     -25.103654       6.488759
     -24.890892       6.535161
     -24.142809       6.502794
     -22.228376       6.452931
     -18.657828       6.736534
     -14.818038       7.361633
     -11.703644       8.104940
      -9.180922       9.177193
      -6.737892      10.867898
      -3.986547      13.653904
      -1.317582      17.518771
       0.570525      21.600057
       2.507115      25.144033
       4.264466      27.806073
       5.493698      29.565731
       6.151333      30.450511
       6.501502      30.674046
       6.658102      30.485705
       6.599836      29.995753
       6.568516      29.128473
       7.101030      27.991660
       7.405936      26.835122
       7.294872      25.589126
       6.987862      24.321297
       6.651638      23.057223
       6.174295      21.987121
       5.312896      21.107220
       4.167829      20.357943
       2.999581      19.717176
       1.791940      19.103312
       0.562148      18.499961
      -0.907465      17.806417
      -2.618589      17.207422
      -4.421071      16.931920
      -6.074740      17.131740
      -7.512022      17.837160
      -8.904268      18.977338
     -10.430452      20.193017
     -12.450777      21.282148
     -15.199599      21.976057
     -18.175923      22.296472
     -21.243158      22.836447
     -24.358995      24.135300
     -27.339075      27.100328
     -29.709946      32.174572
     -30.835080      37.791173
     -31.404605      42.918553
     -32.163515      47.371764
     -33.364963      50.770169
     -35.124531      52.563237
     -37.263686      52.928470
     -39.535085      52.646535
     -41.806776      52.548938
     -44.046456      52.751796
     -46.259292      52.928801
     -48.056871      53.072029
     -49.410358      53.546973
     -50.454599      54.583370
     -51.220809      56.005336
     -51.730826      57.583981
     -52.123866      59.127164
     -52.560036      60.755797
     -52.858544      62.553862
     -52.931778      64.416025
     -52.771292      66.249085
     -52.400128      68.061707
     -51.833955      69.722508
     -51.120696      71.353346
     -50.341736      73.073844
     -49.091980      74.646748
     -47.196546      76.007788
     -44.355761      77.015431
     -40.900800      77.886266
     -37.366866      79.021211
     -33.892098      80.437791
     -30.103812      81.678882
     -25.771985      82.387056
     -21.042301      82.175629
     -16.845500      81.507575
     -13.312595      80.597616
     -10.467956      79.483678
      -8.220473      78.080775
      -6.256864      76.581995
      -4.397483      75.175187
      -2.986782      74.099759
      -2.396039      73.458759
      -2.353298      73.134392
      -2.335508      73.005200
      -2.111136      72.576116
      -1.593824      71.326690
      -0.886297      68.706185
      -0.093264      64.461482
       0.859842      58.911954
       1.851929      52.813869
       2.691948      46.556682
       3.498871      40.449425
       4.365831      34.772820
       5.200436      29.369719
       5.755766      24.563208
       6.042154      21.107162
       5.946107      19.604513
       5.683383      20.021423
       5.493506      21.484873
       5.404767      23.236597
       5.377509      25.065665
       5.428691      26.897933
       5.719515      28.855256
       5.965681      30.875432
       6.162287      32.856532
       6.315517      34.952007
       6.241623      37.621228
       5.623113      41.813692
       4.730726      47.871512
       3.345881      55.753519
       1.179064      65.040026
      -1.767149      74.875815
      -5.264970      84.794789
      -8.656791      94.320451
     -11.272157     102.772682
     -13.476585     109.988325
     -15.421427     116.042323
     -17.024060     121.175070
     -18.255217     125.570841
     -19.404523     129.316917
     -20.785646     132.562264
     -22.205019     135.470329
     -23.190686     138.127296
     -23.841809     140.590127
     -24.445319     142.985417
     -25.203757     145.539842
     -26.204819     148.737084
     -27.049191     152.228663
     -27.698274     155.408731
     -28.157993     158.243581
     -28.605714     160.912438
     -29.021536     163.365905
     -29.345825     165.376207
     -29.623416     166.811924
     -29.792775     167.668839
     -29.859979     168.221646
     -29.896703     168.884999
     -29.844449     170.150817
     -29.591643     172.749635
     -28.849279     176.311038
     -28.097905     179.420893
     -27.549345    -178.213845
     -27.030343    -175.906953
     -26.369062    -172.263894
     -25.802242    -167.570105
     -25.195216    -163.653635
     -24.435439    -160.605474
     -23.737099    -157.710901
     -23.303406    -155.122642
     -23.162011    -153.676609
     -23.108693    -153.421266
     -23.029659    -154.181536
     -22.888159    -155.509941
     -22.241524    -157.585464
     -19.898767    -160.445007
     -16.444784    -163.751902
     -12.743070    -167.124930
      -9.031273    -170.428522
      -5.538710    -173.746685
      -2.686753    -177.068986
      -0.521020     179.918835
       0.987634     177.276323
       2.054255     174.500262
       2.598802     171.195407
       2.943895     167.567269
       3.238025     163.367323
       3.578879     158.683802
       3.884411     153.520213
       4.220126     147.941737
       4.555020     141.512000
       4.953881     133.929846
       5.565503     125.710014
       6.090539     117.415947
       6.552832     109.421481
       7.249319     101.844661
       7.784093      94.636906
       8.210700      88.211219
       8.576264      82.578549
       8.955389      77.540426
       9.504841      72.907972
      10.210455      68.694844
      11.240311      64.804485
      12.470348      61.231173
      13.388866      57.679465
      13.716880      54.187955
      13.692101      50.599285
      13.591559      46.897786
      13.396904      43.106452
      13.066736      39.372732
      12.829201      35.742835
      12.661064      32.259198
      12.593370      29.195900
      12.583371      26.638299
      12.636906      24.665257
      12.700450      23.066135
      12.533197      21.469527
      12.156420      19.567328
      11.703414      17.428212
      11.195803      15.126084
      10.788972      12.624786
      10.604542       9.974980
      10.661493       7.169416
      10.661939       4.334022
      10.599457       1.460446
      10.322920      -1.169784
       9.775403      -3.154469
       8.937300      -4.238448
       7.860982      -4.326007
       6.548756      -3.671497
       5.115228      -2.359019
       3.826061      -0.442079
       2.924358       1.681318
       2.108835       4.017063
       1.622712       6.292854
       1.055637       8.504760
       0.365120      10.522410
      -0.605552      12.129923
      -2.124438      13.475023
      -3.758469      14.966192
      -4.789131      16.259798
      -5.535659      17.194929
      -6.273010      17.759324
      -6.973787      18.086691
      -7.642642      18.230984
      -8.041110      18.305282
      -8.144791      18.403783
      -8.175039      18.574802
      -8.127299      18.905955
      -7.356872      19.769635
      -6.123836      21.078226
      -4.807479      22.654838
      -3.636295      24.019380
      -2.777543      24.826687
      -1.903615      25.276018
      -1.043202      25.481577
      -0.020171      25.944383
       0.928038      26.827674
       1.971852      28.130197
       3.083747      29.603261
       4.051262      31.030116
       5.088402      32.499925
       6.208043      33.990159
       7.167649      35.621922
       7.901211      37.141444
       8.348257      38.232718
       8.507560      38.717876
       8.343607      38.598631
       7.854487      38.110168
       7.242981      37.239561
       6.643806      36.085367
       6.127844      34.657346
       5.731421      33.155006
       5.699640      31.960802
       5.850851      31.150456
       6.040899      30.267741
       6.344439      28.357486
       6.719105      24.918106
       7.078370      20.934424
       7.372823      17.151470
       7.491892      13.988542
       7.574903      11.250032
       7.582501       8.893418
       7.520518       6.829172
       7.548746       5.121606
       7.745144       3.845292
       8.037816       2.656208
       8.465974       1.593695
       8.884372       0.697122
       9.223666      -0.031378
       9.439592      -0.499470
       9.544704      -0.622040
       9.594423      -0.453967
       9.607107      -0.117558
       9.632105       0.173294
       9.600438       0.263260
       9.546310       0.174882
       9.451106      -0.003215
       9.318038      -0.147183
       9.154654      -0.281954
       8.828601      -0.623060
       8.377103      -1.223014
       8.057435      -1.998071
       7.778240      -2.691985
       7.560155      -3.215393
       7.286779      -3.567539
       7.053278      -3.783874
       6.899941      -3.744567
       6.794894      -3.366455
       6.735441      -2.724907
       6.722378      -1.991634
       6.691649      -1.213014
       6.658124      -0.423497
       6.577458       0.349926
       6.512260       1.095241
       6.453839       1.816802
       6.372086       2.491172
       6.244135       3.151807
       6.063860       3.825144
       5.884850       4.511054
       5.791580       5.096724
       5.608695       5.455865
       5.282989       5.584529
       4.629131       5.513256
       3.305860       5.302485
       1.092402       5.008613
      -1.322188       4.735750
      -2.938750       4.472894
      -4.104729       4.225001
      -5.221031       4.067520
      -6.624590       4.115670
      -8.106133       4.320830
      -9.686967       4.592377
     -11.230558       4.776364
     -12.590603       4.823891
     -13.858331       4.729690
     -15.192257       4.512314
     -16.458494       4.190483
     -17.539211       3.816907
     -18.377587       3.456333
     -19.064797       3.151819
     -19.692823       2.933080
     -20.218965       2.792303
     -20.679528       2.597612
     -21.142144       1.896606
     -21.808475       0.416729
     -22.633253      -1.742023
     -23.539460      -4.828443
     -24.613581      -8.458563
     -25.754243     -11.974192
     -26.941644     -14.994825
     -28.051076     -17.665850
