      -6.114442      -7.823908
      -6.079433      -7.753549
      -6.019182      -7.690763
      -5.941705      -7.650310
      -5.758787      -7.636410
      -5.517202      -7.629349
      -5.093112      -7.608831
      -4.128188      -7.556028
      -2.263752      -7.517691
       0.187041      -7.403954
       2.037811      -7.258264
       3.329518      -7.208292
       4.458893      -7.255096
       5.322986      -7.343573
       6.024163      -7.354737
       6.558642      -7.201699
       7.052155      -6.961688
       7.366600      -6.789436
       7.604968      -6.748833
       7.857675      -6.615549
       7.990266      -6.263866
       7.870142      -5.747556
       7.712265      -5.172374
       7.690930      -4.522173
       7.730704      -3.800659
       7.756668      -2.926668
       7.909318      -1.440268
       8.199019       0.547127
       8.404527       2.666385
       8.254130       4.233843
       7.938803       5.315375
       7.591221       6.312426
       6.857134       7.146965
       5.557904       7.584196
       3.944979       7.514342
       2.432681       7.161550
       0.466599       6.587816
      -1.482123       6.028399
      -3.374101       5.198966
      -5.054773       3.919705
      -6.892475       2.161588
      -8.792933       0.241641
     -10.925431      -1.766940
     -12.479347      -4.065945
     -12.542521      -7.610111
     -12.032184     -11.841904
     -11.692079     -15.595491
     -11.311048     -18.941879
     -10.719046     -22.215690
      -9.604049     -25.371405
      -8.649744     -28.024386
      -7.091818     -29.912103
      -4.528743     -31.225425
       0.136063     -32.049577
       5.501981     -32.833777
       9.613542     -34.004441
      13.339968     -35.527557
      16.754975     -37.551688
      19.909255     -39.987587
      22.942002     -42.493384
      25.487607     -44.615976
      27.535857     -46.189146
      29.586211     -47.474208
      31.603792     -48.609280
      33.406847     -49.632689
      34.981978     -50.293151
      36.220395     -50.623104
      37.254506     -50.691316
      38.020988     -50.592917
      38.418790     -50.467441
      38.560667     -50.467737
      38.590105     -50.455405
      38.730048     -50.538956
      38.870173     -50.599552
      38.977591     -50.258351
      39.118945     -49.007910
      39.386773     -45.618990
      39.674615     -39.888052
      39.492479     -33.250009
      38.936904     -26.930296
      38.308956     -21.163926
      37.816048     -15.745764
      37.404535     -10.686028
      37.145218      -6.071678
      37.040860      -2.369878
      36.978083       0.365575
      37.128163       2.344359
      37.164314       4.198654
      37.035894       6.205919
      36.886030       8.163735
      36.523944       9.927730
      36.114113      11.466546
      35.659926      13.091326
      35.189530      15.037480
      34.683086      16.926019
      34.221098      18.268848
      33.811187      19.670921
      33.380258      21.390365
      32.794098      23.804177
      31.916795      26.288979
      30.756710      28.740047
      29.433669      30.774253
      28.379840      32.308796
      27.723962      33.562384
      27.302669      34.840335
      27.136564      36.126705
      27.023925      37.137381
      26.656449      37.624456
      25.890849      37.791754
      24.900852      38.183043
      23.912175      39.118316
      22.847727      40.269994
      21.891059      41.024950
      21.063852      41.349103
      20.197426      41.530935
      19.155445      41.822998
      17.774923      42.370647
      15.851556      42.954908
      13.562698      43.615449
      11.168928      44.557930
       8.614728      45.408603
       6.003093      45.876679
       3.510344      45.791652
       1.262290      45.268799
      -0.927662      44.355227
      -3.202645      42.568163
      -5.049709      39.913367
      -5.632786      36.924559
      -5.821906      34.314632
      -5.961654      32.157801
      -5.677917      30.417685
      -5.667216      28.811904
      -5.733144      27.274231
      -5.869113      26.326713
      -6.295540      25.712723
      -6.595939      25.390449
      -6.958291      25.080348
      -6.833063      24.949014
      -6.401270      24.517693
      -6.034910      23.287183
      -5.543014      20.963236
      -4.886074      17.883622
      -4.171725      14.409211
      -3.396727      11.217633
      -2.622161       8.194176
      -1.850594       5.652796
      -1.052405       3.510074
      -0.374200       1.724747
       0.112804       0.205093
       0.376195      -1.127861
       0.740749      -2.622666
       1.598077      -4.565604
       2.826374      -7.004672
       4.191149      -9.974381
       5.191464     -12.916258
       6.201560     -15.661387
       7.258863     -18.093201
       8.257311     -20.482206
       9.137879     -22.807059
      10.075071     -25.194264
      11.062463     -27.577885
      12.070326     -30.116595
      13.007512     -32.758207
      13.817269     -35.508309
      14.553889     -38.531726
      15.166437     -41.776380
      15.685018     -45.212428
      15.891000     -48.760391
      15.547180     -52.316519
      14.774503     -55.708893
      13.575410     -59.059510
      12.334413     -62.460962
      11.077186     -65.974236
       9.981736     -69.549574
       8.961541     -73.077910
       8.071527     -76.565602
       7.385593     -79.764282
       6.763859     -82.478805
       5.952322     -84.890909
       4.842707     -87.253531
       3.357795     -89.816223
       1.673868     -92.815784
      -0.031886     -96.361528
      -1.328304    -100.170853
      -2.236882    -104.089033
      -2.943973    -107.570100
      -3.647254    -110.307120
      -4.395594    -112.189479
      -5.327643    -113.412245
      -6.501684    -114.150668
      -7.870473    -114.569081
      -9.367720    -114.749733
     -10.716523    -114.815876
     -11.595131    -114.856199
     -12.109625    -114.934261
     -12.532153    -115.427647
     -12.931706    -116.336153
     -12.934952    -117.509270
     -12.881541    -118.485406
     -12.897765    -119.269077
     -12.896603    -119.865296
     -12.907950    -120.210863
     -12.933384    -120.375011
     -12.891878    -120.486927
     -12.947117    -120.564678
     -13.145731    -120.650152
     -13.110465    -120.871778
     -13.126017    -121.336342
     -13.196046    -122.105850
     -13.216930    -123.062946
     -13.189511    -124.007375
     -13.137298    -124.896647
     -12.990377    -125.705711
     -12.923767    -126.553135
     -12.906034    -127.439173
     -12.765513    -128.419388
     -12.593644    -129.420935
     -12.348138    -130.413692
     -12.111183    -131.310959
     -11.860273    -132.164561
     -11.550429    -133.131672
     -11.056874    -134.332503
     -10.337980    -135.572161
      -9.509777    -136.671063
      -8.717074    -137.534127
      -7.526459    -138.345347
      -5.889423    -139.255640
      -4.360951    -140.184439
      -3.252566    -141.009278
      -2.489169    -141.814427
      -1.864884    -142.645347
      -0.928732    -143.628895
      -0.237746    -144.606633
       0.022899    -145.306005
      -0.038790    -145.904352
      -0.231153    -146.657278
      -0.009661    -147.555458
       0.494684    -148.584486
       0.944961    -149.623404
       0.823076    -150.573340
       1.160522    -151.641371
       2.355639    -152.918020
       3.480767    -154.226181
       4.749876    -155.377024
       6.251888    -156.434845
       8.113040    -157.445630
      10.388173    -158.237723
      12.888582    -158.882095
      15.509894    -159.407042
      18.123173    -159.838287
      20.628502    -160.235679
      23.603072    -160.456392
      26.960509    -160.325777
      30.371492    -159.921692
      33.549258    -159.585712
      36.478344    -159.383777
      39.140466    -159.425955
      41.349832    -159.808776
      43.299514    -160.284483
      45.227781    -160.589766
      47.118669    -160.459530
      49.029728    -159.986223
      51.207005    -159.282673
      53.813493    -158.309151
      56.241378    -157.226734
      58.225278    -156.167271
      59.672816    -155.487123
      60.450693    -155.402067
      61.239537    -155.600845
      61.804039    -155.873412
      62.002046    -156.323425
      62.113796    -157.003165
      62.235727    -157.693999
      62.546523    -158.210718
      62.651153    -158.832796
      62.178934    -160.078817
      60.957043    -161.937882
      58.811535    -164.834086
      55.905525    -169.190525
      52.494447    -173.711481
      48.888729    -177.844730
      44.771673     178.628557
      40.189037     176.037859
      35.388498     173.482735
      30.850050     170.270358
      26.824376     166.632156
      23.104040     163.064556
      19.678285     160.135518
      17.063123     157.873349
      15.768018     156.149145
      15.335624     154.904193
      15.356140     154.434732
      15.559403     154.571594
      15.909042     154.928167
      16.195178     155.177167
      16.461795     155.456611
      16.669806     155.895910
      17.184507     156.725275
      17.967714     158.305935
      18.908716     160.375222
      19.778916     162.379725
      20.366098     164.302708
      20.890424     166.219736
      21.279042     168.314318
      21.627631     171.143573
      21.770932     174.685489
      22.190188     179.485549
      23.103007    -173.504319
      24.330040    -164.000174
      24.915143    -154.024819
      24.793434    -145.282274
      24.260392    -137.644935
      23.621483    -130.445272
      22.917425    -123.206180
      22.206437    -116.422939
      21.371602    -110.608256
      20.373448    -105.200990
      19.329242     -99.823226
      18.417762     -94.212382
      17.465646     -88.864411
      16.425768     -83.634125
      15.409303     -78.666265
      14.434636     -73.934878
      14.059117     -69.734204
      13.934392     -65.930873
      14.161074     -62.301719
      14.558560     -58.811953
      14.898625     -55.465405
      15.097715     -52.102893
      15.222945     -48.874677
      15.307113     -45.823704
      15.434954     -42.988504
      15.451747     -40.346084
      15.449805     -37.960302
      15.474888     -35.767443
      15.531913     -33.431798
      15.675549     -30.789167
      16.114959     -27.999696
      17.088447     -25.086383
      18.001356     -22.075375
      18.809836     -18.845588
      19.284384     -15.551568
      19.392770     -12.395748
      19.305065      -9.245462
      19.189205      -5.978385
      19.011912      -2.701999
      18.883769       0.499519
      18.732429       3.322029
      18.756352       5.871038
      18.796146       8.318761
      18.820230      10.643936
      18.805626      12.903576
      18.757331      15.152993
      18.796614      17.324159
      19.023479      19.123774
      19.423216      20.629389
      19.916676      21.903772
      20.566017      23.059054
      21.480652      23.906820
      22.552005      24.627059
      23.585256      25.496893
      24.191330      26.501226
      24.682640      27.336484
      25.406662      27.974247
      26.125822      28.376059
      27.038649      28.244366
      28.285267      27.365830
      29.758536      25.863638
      31.334569      24.426199
      32.474981      23.286785
      33.284761      20.738028
      33.633607      15.567128
      33.551375       9.857135
      33.344342       5.036823
      32.991611       0.839499
      32.767413      -2.825487
      32.829211      -5.990584
      33.137387      -8.588226
      33.915082     -10.740415
      34.949169     -12.003444
      36.177777     -13.033009
      37.200246     -13.925975
      38.206609     -14.630062
      39.176445     -14.957408
      39.967159     -15.049685
      40.804067     -15.192082
      41.992392     -15.408971
      42.824264     -15.501724
      43.307076     -15.608458
      43.466595     -15.883351
      43.375847     -16.265606
      43.140164     -16.755859
      42.499173     -17.462637
      40.898585     -18.087190
      38.063225     -18.089103
      34.604453     -17.678910
      31.168814     -17.127755
      27.910866     -16.576297
      24.687264     -15.969139
      21.489992     -15.450800
      18.339769     -15.139108
      15.242640     -15.064728
      12.467941     -15.005182
      10.230099     -14.992518
       8.095546     -14.945808
       6.359148     -14.591209
       5.086557     -13.880269
       3.994051     -12.814661
       3.295326     -11.722313
       2.823117     -10.896981
       2.399865      -9.828867
       2.245934      -7.789979
       2.179103      -5.467078
       2.123723      -3.727159
       2.106133      -2.561950
       1.939342      -1.617323
       1.836918      -1.095839
       1.790569      -1.012447
       1.707946      -1.156570
       1.686629      -1.370159
       1.798499      -1.538845
       2.118076      -1.699107
       3.412166      -2.216141
       4.692873      -2.399383
       4.776795      -2.091012
       4.851535      -1.410792
       5.060328      -0.767095
       5.217752      -0.118527
       5.359854       0.447203
       5.593129       0.771136
       5.712791       0.965021
       5.816678       1.253044
       6.013189       1.625844
       6.314614       1.975813
       6.542868       2.287607
       6.785662       2.796761
       6.862340       3.757414
       6.936621       5.165621
       7.049911       6.506388
       7.229629       7.439314
       7.405411       8.015336
       7.585587       8.432366
       7.972392       8.980005
       8.327764       9.797089
       8.382859      10.525402
       8.306431      10.827331
       8.075118      10.801825
       7.659793      10.477055
       7.058138       9.626723
       6.254453       8.476668
       4.950887       6.965505
       3.041387       4.857128
       1.053473       2.144814
      -0.460591      -1.030975
      -1.384934      -4.499786
      -2.077916      -8.018816
      -2.674228     -11.464831
      -3.072883     -14.663316
      -3.444430     -17.508430
      -4.055807     -20.301127
      -4.720949     -23.342823
      -5.494153     -26.924533
      -6.052319     -31.220830
      -6.524851     -35.501878
      -6.998945     -39.314049
      -7.475079     -42.144509
      -7.964024     -44.188135
      -8.778975     -45.621919
      -9.809478     -46.424115
     -10.690213     -46.734318
     -11.443198     -46.432979
     -12.196638     -46.077328
     -12.973680     -46.230776
     -13.794895     -47.233557
     -14.617488     -49.156982
     -15.168879     -52.393639
     -15.409953     -56.342895
     -15.322856     -60.147523
     -14.916720     -63.188014
     -14.556086     -64.727399
     -14.437682     -64.534061
     -14.693485     -62.796553
     -15.142563     -59.716933
     -15.683061     -55.737064
     -16.217432     -51.297059
     -16.512443     -47.049218
     -16.634537     -43.757264
     -16.158529     -40.405002
     -15.222247     -36.199631
     -13.984911     -31.927437
     -12.511485     -28.166044
     -11.116046     -24.881234
      -9.931315     -21.590295
      -9.195568     -18.384374
      -8.585029     -15.120487
      -8.068425     -11.998426
      -7.745768      -9.556429
      -7.569348      -8.025172
      -7.632432      -6.987709
      -7.828918      -6.171490
      -8.089000      -5.460677
      -8.270433      -4.776471
      -8.485723      -4.264069
      -8.788659      -3.825078
      -9.393738      -3.337013
     -10.584594      -2.973231
     -12.609849      -2.966985
     -15.333416      -3.251699
     -18.167484      -3.749671
     -20.354520      -4.346034
     -21.557165      -4.863566
     -22.217876      -5.278390
     -22.950035      -5.812791
     -23.770277      -6.555015
     -24.597482      -7.501882
     -25.170023      -8.367803
     -25.577544      -8.893926
     -25.883697      -9.020800
     -25.858695      -8.844436
     -25.520348      -8.584283
     -25.069691      -8.485937
     -24.330363      -8.586806
     -22.995130      -8.607840
     -20.893460      -8.529963
     -17.717924      -8.274050
     -13.754079      -7.767781
      -9.827549      -6.819917
      -6.526590      -5.371860
      -3.952339      -3.464030
      -2.091796      -1.246675
      -0.289021       1.184997
       1.519690       3.465163
       3.200487       5.134880
       4.860717       6.296887
       6.407657       7.000207
       7.926422       7.626047
       9.331049       8.362531
      10.624512       9.290016
      11.718386      10.216221
      12.677812      11.021888
      13.635927      11.660427
      14.616704      12.114362
      15.636905      12.534944
      16.569030      12.857147
      17.455359      12.946543
      18.303747      12.910448
      19.154636      12.760520
      19.976131      12.509104
      20.858033      12.053807
      21.898087      11.678336
      23.193472      11.499810
      24.583227      11.419306
      26.305831      10.997133
      28.287127       9.638558
      31.001045       8.117108
      33.177462       6.562449
      34.904630       5.556227
      36.631505       4.891678
      38.153310       4.130205
      39.306062       3.339655
      39.750640       3.090153
      39.663915       3.206149
      39.304277       3.507259
      38.673337       3.771282
      38.007384       3.891297
      37.345430       4.059838
      36.617194       4.185240
      35.748494       4.310323
      34.585411       4.423805
      32.976700       4.599873
      31.072460       4.843208
      29.002797       5.311493
      26.668092       6.270534
      23.805134       7.850221
      20.277961       9.978296
      16.967612      12.610590
      14.749402      15.301112
      13.497775      17.533177
      12.677652      18.861339
      11.870832      19.355063
      10.921079      19.490761
      10.065140      19.572732
       9.197168      19.703484
       8.316311      19.822197
       7.438290      19.879214
       6.753275      19.965021
       6.404816      20.144524
       6.303880      20.323130
       6.368889      20.355858
       6.647147      20.250934
       6.831991      20.190087
       6.950977      20.155826
       7.145333      20.095859
       7.323108      19.905059
       7.424583      19.648282
       7.520656      19.498648
       7.631767      19.468871
       7.829482      19.472600
       8.030875      19.479387
       8.193058      19.498659
       8.405932      19.622378
       8.599026      19.942673
       8.842090      20.521436
       9.297212      21.804006
       9.766779      24.418360
       9.942442      27.595822
       9.852972      30.400998
       9.580540      32.275817
       9.186752      33.129225
       8.704499      33.469491
       8.226154      33.614643
       7.820245      33.778990
       7.543402      33.850670
       7.351681      33.688030
       7.262351      33.429972
       7.339640      33.294874
       7.453269      33.113491
       7.548355      32.697406
       7.564758      31.827108
       7.468293      30.425196
       6.989515      28.673336
       6.267507      26.744442
       5.392146      25.039745
       4.775312      23.419649
       4.532215      22.061958
       4.282825      20.756417
       4.143621      19.643129
       3.819081      18.657724
       3.452700      17.883305
       3.178128      17.383051
       2.961467      17.008701
       2.914974      16.776587
       2.868909      16.525241
       2.862605      16.208138
       2.869277      15.873667
       2.804654      15.562504
       2.684361      15.345196
       2.482976      15.106496
       2.237730      14.869392
       2.110503      14.752792
       2.233146      14.869993
       2.300122      14.923741
       2.198308      14.601196
       1.458882      13.757871
      -0.125868      12.343338
      -2.233178      10.428887
      -4.221316       8.723631
      -5.891257       7.697210
      -7.337812       7.588510
      -8.468385       8.115502
      -9.154065       8.821867
      -9.390905       9.645480
      -9.392477      10.559990
      -9.367705      11.688182
      -9.719714      12.981263
     -10.237113      14.089666
     -10.596236      14.570349
     -10.882880      14.552544
     -11.034557      14.488433
     -11.189829      14.545844
     -11.287637      14.657182
     -11.358093      14.714539
     -11.395234      14.650015
     -11.480466      14.360079
     -11.507317      14.093771
     -11.453426      13.892534
     -11.324744      13.769338
     -11.258374      13.748277
     -11.407636      13.735807
     -11.748403      13.652200
     -12.361908      13.329836
     -13.318019      12.608052
     -14.592865      11.321815
     -15.975066       9.377503
     -16.968389       7.212543
     -17.618501       5.515111
     -17.894604       4.691665
     -18.055670       4.431169
     -18.185995       4.475494
     -18.158917       4.606094
     -17.830033       4.660159
     -17.701062       4.660088
     -17.501164       4.804289
     -16.777261       5.752336
     -15.113062       8.611710
     -12.907837      13.641255
     -10.683510      20.051349
      -8.646843      26.992929
      -7.026466      33.180530
      -6.279692      37.326426
      -5.769980      39.505882
      -4.987757      40.918800
      -4.032631      42.206858
      -3.182843      43.127201
