       4.627034      11.853078
       4.562004      11.793959
       4.488487      11.760764
       4.415613      11.741055
       4.326909      11.724723
       4.166777      11.679993
       3.878045      11.584990
       3.326898      11.402624
       2.272029      11.071846
       0.670905      10.595322
      -1.207534      10.145301
      -2.798350       9.842475
      -3.851181       9.799896
      -4.467883       9.910968
      -4.830797       9.992294
      -5.090054       9.920577
      -5.384843       9.767324
      -5.703852       9.667339
      -5.834297       9.699259
      -5.719511       9.783326
      -5.405111       9.816772
      -4.990379       9.777319
      -4.534503       9.721012
      -4.086099       9.697840
      -3.725780       9.720351
      -3.372768       9.741287
      -2.877957       9.711991
      -2.113081       9.600846
      -0.798947       9.318008
       1.315312       8.663502
       4.267808       7.231027
       7.655972       4.743734
      10.855674       1.234646
      13.538743      -2.799928
      16.143132      -6.786632
      18.535052     -10.341171
      20.421362     -13.491859
      21.538380     -16.273280
      21.672082     -18.867480
      21.209621     -21.255748
      20.711994     -23.366627
      20.170042     -25.060215
      19.960058     -26.209288
      19.824852     -26.840630
      19.545379     -27.138409
      19.100146     -27.400844
      18.704882     -27.636019
      18.328104     -27.711890
      17.867989     -27.605138
      17.315803     -27.233058
      16.915916     -26.623541
      16.589683     -25.919088
      16.260061     -25.222221
      15.794116     -24.580402
      14.928607     -24.010438
      13.345997     -23.526200
      11.030078     -23.171321
       8.177240     -23.036911
       5.124086     -23.166469
       2.146548     -23.507838
      -0.503125     -23.820334
      -2.995141     -23.860812
      -5.703631     -23.495693
      -8.696166     -22.791238
     -11.824869     -21.831300
     -14.812773     -20.714265
     -17.550132     -19.513674
     -20.225587     -18.213744
     -22.836027     -16.809603
     -25.074922     -15.323960
     -26.674848     -13.748477
     -27.432155     -12.153503
     -27.525526     -10.570958
     -27.229012      -8.902919
     -26.803515      -7.049832
     -26.425454      -4.767325
     -25.979446      -1.624370
     -25.362388       2.443224
     -24.487332       6.897971
     -23.067449      11.837410
     -21.313748      17.827496
     -19.721361      24.634376
     -18.230456      31.392482
     -16.788549      37.144526
     -15.454109      41.890486
     -14.367288      45.696945
     -13.546759      49.074908
     -12.896152      52.056557
     -11.800311      54.791455
     -10.781085      57.656496
      -9.449806      60.861486
      -7.825450      64.372594
      -6.203734      67.618858
      -4.789553      70.181730
      -3.565533      72.224162
      -2.392515      74.253295
      -1.320297      76.579896
      -0.346839      79.107195
       0.485198      81.639812
       1.042424      84.264703
       1.228323      87.068974
       0.978523      90.062134
       0.523058      93.076237
       0.020552      96.185801
      -0.603836      99.060304
      -1.220998     101.336528
      -1.593971     103.040159
      -1.769740     104.544631
      -1.659440     105.660154
      -1.548566     106.090466
      -1.451854     105.687547
      -1.393005     104.633534
      -1.270971     102.742190
      -1.088057      99.448293
      -0.253929      94.475594
       0.793850      88.306747
       2.078926      81.252635
       3.303987      74.098545
       4.273599      67.247529
       4.823409      60.923869
       4.923412      55.394974
       4.900863      50.585185
       5.118809      46.504071
       5.477101      42.986483
       5.903322      39.947896
       6.352222      37.313966
       6.819496      34.927317
       7.228526      32.605985
       7.652872      30.333163
       8.172709      28.033100
       8.692410      25.631302
       9.162991      23.203154
       9.472806      20.735570
       9.470242      18.091165
       9.227357      15.322032
       8.769375      12.393013
       8.157243       9.523628
       7.564106       6.828146
       7.112494       4.280538
       6.664091       1.873577
       6.325884      -0.427772
       6.137715      -2.759020
       5.898241      -5.038694
       5.656984      -7.260574
       5.510992      -9.418179
       5.335683     -11.502207
       5.278913     -13.615873
       5.246736     -15.901538
       5.305746     -18.415527
       5.434319     -21.230771
       5.584898     -24.347066
       5.718097     -27.546130
       5.626275     -30.405307
       5.327843     -32.827210
       4.746120     -35.052677
       3.993827     -36.962645
       3.272586     -38.564273
       2.571736     -39.985996
       1.858508     -41.271726
       1.044608     -42.453542
       0.232244     -43.685016
      -0.354496     -44.944010
      -0.511541     -46.132528
      -0.449314     -47.262340
      -0.425220     -48.446181
      -0.595499     -49.727867
      -0.936322     -51.132319
      -1.381606     -52.616513
      -1.993329     -54.136796
      -2.777692     -55.659958
      -3.213606     -56.989666
      -3.442906     -58.014765
      -3.673771     -58.709275
      -3.864265     -59.223668
      -4.068243     -59.654612
      -4.244813     -60.013114
      -4.449884     -60.232098
      -4.679841     -60.276447
      -4.965971     -60.140014
      -5.255608     -59.934440
      -5.554389     -59.649143
      -5.874373     -59.194477
      -6.217190     -58.614170
      -6.476885     -57.930646
      -6.640320     -57.168428
      -6.738699     -56.245759
      -6.853182     -55.158092
      -6.929800     -53.916161
      -7.001370     -52.588872
      -7.083876     -51.297623
      -7.170905     -50.090240
      -7.255779     -48.946887
      -7.320869     -47.824098
      -7.380399     -46.681678
      -7.444198     -45.550657
      -7.581560     -44.452542
      -7.824267     -43.439940
      -8.111955     -42.506260
      -8.428699     -41.592576
      -8.723327     -40.640357
      -8.909990     -39.632432
      -9.030899     -38.520997
      -8.982548     -37.229947
      -8.617016     -35.671551
      -7.606431     -33.585581
      -5.808594     -30.875627
      -3.105665     -27.891423
       0.317696     -24.996168
       3.993495     -22.402530
       7.472620     -20.175209
      10.125111     -18.327110
      11.932872     -16.845322
      13.176109     -15.678873
      13.973706     -14.717973
      14.442357     -13.899611
      14.522709     -13.123778
      14.107283     -12.522715
      13.605183     -12.118505
      13.433822     -11.841931
      13.205902     -11.621893
      13.014744     -11.485673
      12.761309     -11.403797
      12.467677     -11.419551
      12.149378     -11.472798
      11.875040     -11.541379
      11.927697     -11.579810
      12.106746     -11.714175
      12.074155     -12.022251
      11.981435     -12.336065
      11.844694     -12.534719
      11.718081     -12.650524
      11.619701     -12.642882
      11.417464     -12.512598
      11.072324     -12.380177
      10.595682     -12.339070
      10.267930     -12.375425
      10.203844     -12.456871
      10.299532     -12.524399
      10.281363     -12.640140
      10.234284     -12.739750
      10.219797     -12.742553
      10.252876     -12.685145
      10.235741     -12.611133
      10.205354     -12.578521
      10.203241     -12.583324
      10.206680     -12.629343
      10.174995     -12.673594
      10.135822     -12.676632
      10.111536     -12.596586
      10.089927     -12.468030
      10.046361     -12.294980
       9.975945     -12.084054
       9.888699     -11.827364
       9.835512     -11.535556
       9.777199     -11.109668
       9.665443     -10.164749
       9.133600      -8.059066
       8.169298      -4.865462
       6.993312      -1.014095
       5.856911       3.021678
       5.005238       6.434189
       4.301299       8.799454
       3.629238       9.971135
       2.931012      10.176853
       2.211734       9.906977
       1.577958       9.643412
       1.088606       9.618605
       0.791889       9.807796
       0.669244      10.014255
       0.686797      10.162962
       0.780618      10.214750
       0.854066      10.205984
       0.879510      10.120867
       0.841216       9.948368
       0.751090       9.686564
       0.683945       9.386649
       0.654338       9.092253
       0.731443       8.871022
       0.881145       8.712598
       1.051705       8.667154
       1.215379       8.667884
       1.347687       8.664437
       1.441197       8.591264
       1.495677       8.477157
       1.537898       8.344713
       1.590213       8.264393
       1.591807       8.232021
       1.546185       8.247314
       1.485003       8.258629
       1.403009       8.263865
       1.300362       8.234633
       1.241191       8.221584
       1.203037       8.232549
       1.189354       8.261727
       1.195102       8.276045
       1.195429       8.297849
       1.242999       8.287481
       1.323659       8.274591
       1.420972       8.258712
       1.547427       8.243330
       1.669362       8.219065
       1.755249       8.189825
       1.786304       8.184676
       1.780739       8.179507
       1.759607       8.176246
       1.716834       8.176895
       1.669364       8.188634
       1.618150       8.207687
       1.554735       8.238663
       1.506624       8.264477
       1.447217       8.290631
       1.415734       8.275808
       1.418138       8.254783
       1.438252       8.243265
       1.489582       8.240977
       1.531888       8.225131
       1.556143       8.211331
       1.537278       8.213723
       1.516202       8.217436
       1.464191       8.190885
       1.407328       8.154478
       1.314410       8.018417
       1.104537       7.609839
       0.576559       6.479079
      -0.652522       4.325906
      -2.872352       1.197405
      -5.825354      -2.774720
      -8.891675      -7.251557
     -11.392969     -11.638526
     -13.419897     -15.619284
     -15.163772     -19.187711
     -16.829249     -22.292630
     -18.550671     -24.996297
     -20.356149     -27.394151
     -22.158821     -29.644842
     -23.841843     -31.763075
     -25.205576     -33.676488
     -26.089399     -35.365415
     -26.501005     -36.796999
     -26.581969     -38.036268
     -26.495524     -39.217645
     -26.413244     -40.436029
     -26.466100     -41.721389
     -26.480351     -42.998543
     -26.130679     -44.093443
     -25.288401     -44.810014
     -23.657726     -44.921813
     -20.994768     -44.540949
     -17.648772     -43.624167
     -14.033735     -42.261155
     -10.662491     -40.447079
      -7.956712     -38.152252
      -5.968639     -35.530989
      -4.228291     -32.988765
      -2.916191     -30.848337
      -1.879927     -29.287178
      -1.104659     -28.114496
      -0.196543     -27.371323
       0.961296     -27.022424
       1.881709     -26.872378
       2.456913     -26.857831
       2.590207     -26.911300
       2.200566     -26.881359
       1.834226     -26.656600
       1.699530     -26.418783
       1.826034     -26.505503
       2.123393     -26.851678
       2.319469     -27.120766
       1.782703     -26.875222
       0.932424     -26.241441
       0.358202     -25.569790
       0.024013     -25.047760
      -0.586930     -24.430990
      -1.160599     -23.680413
      -1.213130     -22.822641
      -1.059067     -21.789462
      -1.049137     -20.637811
      -1.267476     -19.487966
      -1.449751     -18.438845
      -1.720096     -17.643453
      -1.972956     -17.101817
      -2.214265     -16.752744
      -2.460621     -16.548141
      -2.659301     -16.455009
      -2.751894     -16.429231
      -2.877875     -16.479810
      -2.933785     -16.585016
      -3.014302     -16.701793
      -3.053089     -16.758477
      -3.050209     -16.737898
      -3.036571     -16.640308
      -3.027390     -16.530957
      -2.966810     -16.406871
      -2.942122     -16.255340
      -2.897297     -16.022393
      -2.935872     -15.661519
