       3.744175       0.882355
       3.634107       0.830860
       3.496879       0.796205
       3.287688       0.793547
       3.066399       0.783685
       2.872759       0.787344
       2.710271       0.804201
       2.664510       0.840576
       2.651533       0.888542
       2.642454       0.904546
       2.617894       0.879620
       2.629335       0.834871
       2.625129       0.775118
       2.581196       0.692570
       2.479166       0.595332
       2.294678       0.509640
       1.999965       0.442318
       1.629095       0.383047
       1.182446       0.321055
       0.845807       0.293427
       0.664162       0.351579
       0.576296       0.486129
       0.578114       0.641493
       0.692431       0.777066
       0.830908       0.876598
       0.982672       0.901429
       1.114665       0.842099
       1.183319       0.755466
       1.191155       0.694160
       1.150181       0.664516
       1.066609       0.650781
       0.977433       0.643287
       0.907956       0.598594
       0.823598       0.554897
       0.752428       0.546941
       0.712980       0.567038
       0.706736       0.612065
       0.696753       0.674227
       0.663890       0.709510
       0.639051       0.678838
       0.651080       0.620823
       0.673306       0.564281
       0.665645       0.524269
       0.634167       0.497079
       0.595839       0.482480
       0.555032       0.502545
       0.551762       0.504778
       0.554678       0.480043
       0.571414       0.453352
       0.573630       0.429647
       0.566428       0.405021
       0.517306       0.398459
       0.438800       0.401539
       0.335198       0.390118
       0.222845       0.356416
       0.080992       0.306300
      -0.174603       0.223898
      -0.755122      -0.059208
      -2.056774      -0.852958
      -4.184154      -2.144379
      -7.020453      -3.885842
     -10.353564      -5.936473
     -13.644269      -8.046926
     -16.890137      -9.974401
     -20.141227     -11.648874
     -23.220101     -13.129347
     -25.851306     -14.454033
     -27.844009     -15.636260
     -28.991667     -16.704093
     -29.425866     -17.735194
     -29.535326     -18.899425
     -29.679082     -20.383788
     -29.862643     -22.157248
     -30.016157     -24.357375
     -30.055528     -27.090740
     -29.869380     -30.315420
     -29.562953     -33.721944
     -29.353302     -36.984116
     -29.246511     -39.978866
     -29.131297     -42.593871
     -28.590606     -44.943529
     -27.672493     -47.237195
     -26.384502     -49.509106
     -24.570317     -51.711927
     -22.196682     -53.585247
     -19.640509     -55.173833
     -16.856449     -56.772770
     -13.827064     -58.425222
     -10.681619     -60.087771
      -7.481419     -61.625456
      -4.332885     -63.115402
      -1.410777     -64.493883
       1.042415     -65.704132
       2.802256     -66.382027
       4.284485     -66.450972
       6.023381     -66.358019
       7.865551     -66.456660
       9.705596     -66.853576
      11.951529     -67.618130
      14.514401     -68.699342
      16.915840     -70.088062
      19.066936     -71.700910
      20.638454     -73.482121
      21.301241     -75.346562
      20.974315     -77.205797
      20.242816     -79.087403
      19.641681     -81.044861
      19.332229     -83.132638
      19.115357     -85.350471
      18.616099     -87.426713
      18.259264     -89.196175
      18.034971     -90.815322
      17.855750     -92.635851
      17.401427     -94.817830
      16.430888     -97.307783
      15.010834    -100.307529
      13.298632    -103.676127
      11.408978    -107.164082
       9.491306    -110.688154
       7.830278    -114.282817
       6.991793    -117.678411
       7.013131    -120.963799
       7.975487    -124.362044
       9.555738    -127.601310
      11.210875    -129.828401
      12.560032    -130.430400
      13.702140    -129.793625
      14.850134    -128.675295
      16.072483    -127.661751
      17.095997    -127.013668
      17.545255    -126.614062
      17.632695    -126.292838
      17.601894    -125.923305
      17.404448    -125.469883
      17.211476    -125.007174
      17.073755    -124.553023
      17.012870    -124.016642
      16.925811    -123.231980
      16.916114    -122.189546
      17.003233    -120.903776
      17.115625    -119.366343
      17.316640    -117.423408
      17.772253    -114.798750
      18.414815    -111.441838
      19.110192    -107.055722
      19.235873    -101.477402
      18.848494     -94.725741
      18.052922     -86.733820
      17.150131     -77.804736
      16.477952     -67.997045
      16.207914     -57.413499
      16.500477     -46.532174
      17.568406     -35.125748
      18.852998     -23.464873
      20.057588     -11.936261
      21.331573      -0.726753
      22.215603       9.778097
      22.068687      19.190410
      21.253096      27.124752
      20.353114      33.301202
      19.571658      37.988300
      18.645762      41.507442
      17.591326      44.467570
      16.418847      47.365377
      15.114587      50.238622
      13.812298      53.099379
      12.617907      55.854409
      11.417146      58.477605
      10.184388      61.123993
       8.874761      63.824212
       7.479117      66.550692
       6.186588      69.102839
       5.265615      71.361326
       4.663807      73.209928
       4.247974      74.404149
       3.982549      74.710836
       3.927920      74.425928
       3.935639      73.967362
       3.825367      73.618229
       3.524845      73.310887
       3.145630      73.004311
       2.773476      72.651866
       2.432090      72.194150
       2.168751      71.581038
       2.043513      70.934481
       2.015744      70.272775
       1.978619      69.333912
       1.922937      68.104425
       1.885452      66.762701
       1.922353      65.413760
       1.990651      63.878134
       1.985273      62.126949
       2.021209      60.299232
       2.170575      58.343668
       2.325965      56.227535
       2.427625      54.003150
       2.500879      51.806527
       2.521294      49.690793
       2.499542      47.661072
       2.468361      45.780117
       2.377803      44.032633
       2.228582      42.344924
       2.033055      40.693998
       1.889693      39.029510
       1.796604      37.457777
       1.767434      35.848714
       1.745240      34.133497
       1.768667      32.414674
       1.871209      30.804651
       1.954280      29.184117
       2.021926      27.591147
       2.130586      26.071817
       2.239281      24.606528
       2.289123      23.051530
       2.102477      21.005604
       1.465498      18.274383
       0.315991      14.705364
      -1.167314       9.988416
      -2.606056       4.059823
      -3.410591      -3.049446
      -3.707833     -11.167544
      -3.768434     -19.451655
      -3.659045     -27.097134
      -3.477033     -33.624741
      -3.461533     -38.903138
      -3.862373     -42.955500
      -4.589502     -46.175178
      -5.538420     -48.829949
      -6.587226     -51.099616
      -7.393180     -52.981548
      -8.065464     -54.368816
      -8.435435     -55.173280
      -8.480030     -55.400312
      -8.132683     -55.190449
      -7.597316     -54.893962
      -7.069087     -54.580665
      -6.460181     -54.101709
      -5.929653     -53.412439
      -5.463306     -52.581912
      -5.066231     -51.651763
      -4.728912     -50.542025
      -4.484329     -49.248012
      -4.358528     -47.813884
      -4.204436     -46.298245
      -3.964909     -44.820291
      -3.656289     -43.324357
      -3.307609     -41.794278
      -3.073646     -40.136834
      -3.086731     -38.452442
      -3.275402     -36.929324
      -3.568778     -35.647402
      -3.876748     -34.519065
      -4.101131     -33.480655
      -4.179468     -32.511030
      -4.215161     -31.612520
      -4.245422     -30.797259
      -4.313280     -30.034555
      -4.469343     -29.301142
      -4.687311     -28.554603
      -4.920575     -27.793306
      -5.124251     -27.062096
      -5.306589     -26.377307
      -5.442035     -25.735767
      -5.537765     -25.142095
      -5.636635     -24.569697
      -5.761793     -24.047062
      -5.941970     -23.594737
      -6.186697     -23.242644
      -6.435095     -22.960437
      -6.645103     -22.796750
      -6.759028     -22.763691
      -6.844366     -22.856431
      -6.874273     -23.095141
      -6.878075     -23.525612
      -6.871751     -24.123842
      -6.807143     -24.880476
      -6.688424     -25.695572
      -6.524531     -26.507788
      -6.323971     -27.272405
      -6.154314     -28.024090
      -6.019584     -28.780171
      -5.895669     -29.565666
      -5.782014     -30.330151
      -5.708811     -31.056094
      -5.696210     -31.736126
      -5.728266     -32.362876
      -5.799423     -32.914642
      -5.915148     -33.397333
      -6.041503     -33.788354
      -6.132572     -34.049808
      -6.156021     -34.160169
      -6.131273     -34.144352
      -6.107043     -34.038797
      -6.089305     -33.890452
      -6.052065     -33.741176
      -5.984753     -33.561619
      -5.919449     -33.347244
      -5.889120     -33.104466
      -5.878320     -32.852435
      -5.891602     -32.587927
      -5.946450     -32.344296
      -6.041748     -32.118452
      -6.168153     -31.937202
      -6.288324     -31.780065
      -6.383326     -31.640766
      -6.423806     -31.521766
      -6.435780     -31.444595
      -6.436851     -31.369904
      -6.418102     -31.316448
      -6.375727     -31.261007
      -6.358635     -31.217714
      -6.375595     -31.195270
      -6.395338     -31.200722
      -6.407745     -31.212175
      -6.432695     -31.223824
      -6.473743     -31.205652
      -6.519550     -31.174151
      -6.531313     -31.124076
      -6.511170     -31.050871
      -6.470944     -31.017231
      -6.454774     -31.035272
      -6.443022     -31.061143
      -6.398056     -31.099416
      -6.308893     -31.135917
      -6.258284     -31.171704
      -6.253156     -31.203366
      -6.267705     -31.252056
      -6.272468     -31.321555
      -6.273371     -31.381520
      -6.279890     -31.416262
      -6.318066     -31.447517
      -6.383871     -31.458147
      -6.460615     -31.466165
      -6.514759     -31.489948
      -6.577113     -31.503220
      -6.572784     -31.521832
      -6.537027     -31.500847
      -6.528042     -31.462953
      -6.555865     -31.425923
      -6.586660     -31.403291
      -6.600980     -31.397645
      -6.601244     -31.394080
      -6.617285     -31.374555
      -6.636217     -31.365465
      -6.670398     -31.334295
      -6.719601     -31.316841
      -6.762536     -31.321608
      -6.791672     -31.318857
      -6.757363     -31.339436
      -6.707016     -31.360586
      -6.718691     -31.364280
      -6.758915     -31.362152
      -6.824140     -31.336536
      -6.878202     -31.319765
      -6.898796     -31.318187
      -6.901036     -31.322011
      -6.897447     -31.345481
      -6.895163     -31.325688
      -6.885760     -31.278099
      -6.878868     -31.266717
      -6.896149     -31.280030
      -6.911988     -31.283850
      -6.914850     -31.279435
      -6.948096     -31.243058
      -7.003648     -31.205627
      -7.083090     -31.172580
      -7.156653     -31.150260
      -7.231485     -31.119697
      -7.266926     -31.031350
      -7.252189     -30.881890
      -7.229146     -30.760787
      -7.257299     -30.682951
      -7.290129     -30.662792
      -7.315411     -30.703588
      -7.313045     -30.764556
      -7.211765     -30.743365
      -7.098839     -30.642424
      -7.137065     -30.510852
      -7.255344     -30.435022
      -7.343360     -30.459615
      -7.383247     -30.552146
      -7.426620     -30.594111
      -7.445059     -30.543074
      -7.405010     -30.515277
      -7.427845     -30.597820
      -7.546797     -30.706112
      -7.670029     -30.757011
      -7.744374     -30.807347
      -7.721231     -30.884814
      -7.680520     -30.954432
      -7.719549     -30.976415
      -7.739800     -30.970042
      -7.728027     -30.974448
      -7.743135     -31.004411
      -7.740910     -31.015885
      -7.707873     -31.002983
      -7.681546     -30.974508
      -7.659086     -30.978945
      -7.718181     -30.963410
      -7.751535     -30.925372
      -7.760516     -30.863319
      -7.771856     -30.830095
      -7.797972     -30.827639
      -7.790182     -30.855356
      -7.781624     -30.909106
      -7.817998     -30.942338
      -7.916844     -30.930608
      -8.026664     -30.907205
      -7.933737     -30.899888
      -7.836663     -30.911452
      -7.864331     -30.939149
      -7.945319     -30.936930
      -8.039198     -30.915185
      -8.086408     -30.871646
      -8.077105     -30.796882
      -8.015396     -30.715364
      -7.987838     -30.658746
      -7.979500     -30.653627
      -7.977894     -30.696903
      -8.017337     -30.742705
      -8.060590     -30.771366
      -8.081774     -30.771164
      -8.083987     -30.753689
      -8.085649     -30.717642
      -8.071967     -30.671005
      -8.030677     -30.632057
      -7.996583     -30.623290
      -7.974345     -30.601938
      -7.964378     -30.535907
      -7.962818     -30.445598
      -7.994900     -30.354959
      -8.039474     -30.224985
      -8.045753     -30.098000
      -8.053930     -29.939178
      -8.089634     -29.719687
      -8.162669     -29.443162
      -8.219861     -29.134323
      -8.249302     -28.776086
      -8.286740     -28.332127
      -8.377258     -27.796230
      -8.454952     -27.220595
      -8.510572     -26.603765
      -8.502854     -25.927580
      -8.430231     -25.183710
      -8.319915     -24.438390
      -8.252834     -23.687392
      -8.273208     -22.926525
      -8.345739     -22.179673
      -8.384020     -21.467793
      -8.424921     -20.805176
      -8.491138     -20.209787
      -8.647083     -19.583795
      -8.892125     -18.943348
      -9.124568     -18.331349
      -9.231906     -17.740177
      -9.229969     -17.138454
      -9.145822     -16.524242
      -9.023156     -15.932834
      -8.934785     -15.396166
      -8.870350     -14.949356
      -8.840753     -14.589759
      -8.860062     -14.326820
      -8.870169     -14.212184
      -8.852972     -14.247988
      -8.826403     -14.393769
      -8.786929     -14.601045
      -8.700438     -14.843311
      -8.604337     -15.174684
      -8.556536     -15.589206
      -8.577201     -16.100836
      -8.605212     -16.716697
      -8.627502     -17.406642
      -8.608438     -18.122464
      -8.542485     -18.856189
      -8.479831     -19.572493
      -8.444434     -20.269177
      -8.408952     -20.923345
      -8.384703     -21.505598
      -8.397146     -22.024197
      -8.438466     -22.510536
      -8.416991     -22.962807
      -8.351205     -23.387928
      -8.262627     -23.816317
      -8.196013     -24.258964
      -8.156406     -24.701099
      -8.132441     -25.090914
      -8.097721     -25.412801
      -8.061790     -25.696051
      -8.062240     -25.921339
      -8.086697     -26.075025
      -8.081393     -26.173836
      -8.074936     -26.200173
      -8.098968     -26.182812
      -8.140263     -26.161565
      -8.169995     -26.171170
