       2.866327      -0.535865
       2.929038      -0.477574
       2.975525      -0.497643
       3.062462      -0.579954
       3.139377      -0.682334
       3.198616      -0.758415
       3.241998      -0.801744
       3.283770      -0.836178
       3.285356      -0.856878
       3.255796      -0.863882
       3.221875      -0.891489
       3.168968      -0.942555
       3.154660      -0.982971
       3.163872      -1.012117
       3.126498      -1.082541
       3.066475      -1.206783
       3.021563      -1.350129
       3.036517      -1.453599
       3.155697      -1.407878
       3.499095      -1.188116
       4.188573      -0.718502
       5.760076       0.158489
       8.671832       1.397471
      11.960982       2.795554
      14.955269       4.189579
      17.433513       5.508688
      18.896146       6.696061
      20.494324       7.708137
      21.352468       8.547679
      21.843489       9.252903
      23.233615      10.028273
      25.238143      10.914333
      28.405864      12.121628
      32.037410      13.912910
      35.905499      16.410869
      39.874853      19.557786
      42.892077      23.251652
      44.168994      26.845470
      44.206777      29.761013
      43.217537      31.649627
      41.646139      32.584318
      39.671983      32.874321
      37.065816      33.121179
      33.964339      33.517770
      30.268734      34.004626
      25.746020      34.527785
      20.945464      34.909460
      17.350962      35.043829
      15.647721      35.041284
      14.920667      35.225890
      14.603936      35.779571
      14.166555      36.779768
      13.583602      38.392808
      12.316944      40.885695
      10.591787      44.204654
       9.117034      48.081763
       8.126501      51.880670
       7.749697      54.972243
       7.888261      57.230317
       8.258449      58.727844
       8.840710      60.018748
       9.783086      62.057396
      10.952219      65.182716
      11.664538      68.527500
      11.953931      71.773206
      11.865650      74.558836
      11.335984      76.633625
      10.651148      78.004219
      10.251390      78.858409
      10.178392      79.364277
      10.316133      79.612034
      10.494334      79.697503
      10.691971      79.683874
      10.853600      79.564800
      10.962909      79.290625
      11.058903      78.919359
      11.149566      78.524255
      11.171403      78.118849
      11.176607      77.720413
      11.212936      77.327523
      11.307824      76.899207
      11.426588      76.363773
      11.561616      75.656489
      11.737169      74.800647
      11.906099      73.873111
      11.978987      72.893731
      12.011254      71.817993
      12.129440      70.519147
      12.418344      68.963880
      12.693035      67.599046
      12.925713      66.452609
      13.098984      65.405872
      13.207166      64.290267
      13.194524      62.784362
      13.007191      60.791816
      12.809040      58.690299
      12.664815      56.667766
      12.663670      54.850074
      12.668119      53.175032
      12.543937      51.474200
      12.381809      49.735594
      12.067923      47.815103
      11.583008      45.543570
      10.970515      42.826610
      10.308153      39.990535
       9.587989      37.240343
       8.875946      34.723169
       8.315464      32.379810
       7.777974      30.088896
       7.322880      27.620620
       6.921904      24.906352
       6.651462      22.096370
       6.323605      19.257174
       5.944845      16.347875
       5.551305      13.463482
       5.286463      10.532199
       5.170289       7.614307
       5.185312       4.931278
       5.283454       2.552970
       5.421785       0.478974
       5.545746      -1.298222
       5.735848      -2.851277
       6.003133      -4.254770
       6.223368      -5.538887
       6.362266      -6.745051
       6.654542      -7.814226
       7.304606      -8.840491
       7.756199      -9.926293
       7.963596     -10.916827
       8.044942     -11.697446
       8.023798     -12.305291
       7.992675     -12.838508
       8.088801     -13.287263
       8.294730     -13.699669
       8.366774     -14.136667
       8.438089     -14.587262
       8.526346     -15.059036
       8.494305     -15.629248
       8.416451     -16.314742
       8.337198     -17.127804
       8.236841     -18.014635
       8.143584     -18.977749
       8.090593     -20.134413
       7.984954     -21.586919
       7.831093     -23.133395
       7.766498     -24.540611
       7.743875     -25.698895
       7.794373     -26.536124
       7.853028     -27.058494
       7.891885     -27.420576
       7.964064     -27.753838
       8.035425     -28.162044
       8.123018     -28.610199
       8.255165     -29.059044
       8.338272     -29.458301
       8.444438     -29.833997
       8.536144     -30.235167
       8.524299     -30.676955
       8.481239     -31.199102
       8.424168     -31.840307
       8.400109     -32.527199
       8.368732     -33.167207
       8.420337     -33.747240
       8.486121     -34.242472
       8.501234     -34.564971
       8.443318     -34.720038
       8.300504     -34.801610
       8.236832     -34.878754
       8.233692     -34.951939
       8.175432     -35.057257
       8.078710     -35.297298
       7.970850     -35.875862
       7.768255     -37.237737
       7.375968     -39.620083
       6.759439     -42.747999
       5.886019     -46.297881
       4.925852     -49.857685
       4.416143     -52.924993
       4.527849     -55.308470
       4.625485     -56.837408
       4.797436     -57.740221
       4.978515     -58.319572
       5.034111     -58.769638
       4.924309     -59.189756
       4.865542     -59.698428
       4.832181     -60.274315
       4.819944     -60.925457
       4.836424     -61.755333
       4.955667     -62.728486
       5.152802     -63.625467
       5.414122     -64.244941
       5.720409     -64.627505
       6.038610     -64.917785
       6.318748     -65.226653
       6.487119     -65.579496
       6.637287     -66.053080
       6.737093     -66.541313
       6.789134     -66.800008
       6.835786     -66.852561
       6.917071     -66.744191
       7.013531     -66.537525
       7.108998     -66.245889
       7.150561     -65.993985
       7.156779     -65.764471
       7.145757     -65.517491
       7.125334     -65.196787
       7.187573     -64.747537
       7.208573     -64.056941
       7.304507     -63.124348
       7.459012     -61.952349
       7.603619     -60.541301
       7.785682     -58.899923
       7.938074     -57.166073
       8.117467     -55.411405
       8.307574     -53.620620
       8.529966     -51.732744
       8.723832     -49.611478
       8.589448     -47.175559
       8.239611     -44.371158
       8.089202     -41.163638
       7.968501     -37.755277
       7.808040     -34.347327
       7.774611     -31.065388
       7.934715     -28.092492
       8.239899     -25.489749
       8.730371     -23.231638
       9.334263     -21.285106
       9.847215     -19.590400
      10.001196     -18.167775
       9.863762     -16.954664
       9.296488     -15.875735
       8.681082     -14.796273
       8.241017     -13.621248
       7.892067     -12.288674
       7.599962     -10.784985
       7.327542      -9.122687
       7.068719      -7.287080
       6.839714      -5.351996
       6.550400      -3.395535
       6.249929      -1.492856
       5.987064       0.319041
       5.839738       1.951856
       5.749382       3.358547
       5.783733       4.565108
       5.723882       5.533981
       5.272573       6.279859
       5.037326       6.774040
       5.021781       6.951313
       4.706624       6.858569
       4.346140       6.650514
       3.969443       6.361903
       3.883499       5.931507
       3.948604       5.511239
       4.106632       5.177434
       4.277178       5.059531
       4.482797       5.202505
       4.819667       5.663309
       5.328411       6.620879
       6.029453       8.058635
       7.035967       9.802883
       8.826644      11.677431
      11.329390      13.564326
      14.052493      15.248697
      16.591491      16.682596
      18.909855      18.027203
      21.055653      19.353531
      22.991726      20.802534
      24.985522      22.419386
      26.696724      24.273096
      27.984044      26.317810
      29.125580      28.525587
      29.976533      30.724420
      30.602854      32.895903
      31.070197      35.076282
      31.569511      37.262100
      31.932054      39.315664
      32.217744      41.140815
      32.384680      42.694013
      32.367335      44.078575
      32.126942      45.303862
      31.477558      46.405250
      30.577843      47.285105
      29.639682      47.900664
      28.427884      48.192508
      27.053152      47.955932
      25.334186      46.967276
      23.152828      45.161279
      20.791448      42.472285
      18.208822      39.213829
      15.768452      35.703185
      13.786878      32.448681
      12.088434      29.425387
      10.870743      26.683972
       9.826055      24.289202
       8.970678      22.174194
       8.324395      20.323956
       7.741187      18.629739
       7.354178      16.935541
       7.045768      15.150638
       6.811238      13.256108
       6.694501      11.285596
       6.671328       9.267981
       6.741528       7.246909
       6.850247       5.199711
       6.958846       3.196364
       7.072246       1.216364
       7.231994      -0.732027
       7.484963      -2.617362
       7.820190      -4.456583
       8.172321      -6.198663
       8.490485      -7.836238
       8.793048      -9.264611
       9.012592     -10.390730
       9.094510     -11.262137
       9.100863     -11.988902
       9.093354     -12.583909
       8.974139     -13.033269
       8.831024     -13.388584
       8.812775     -13.726889
       9.035973     -14.172108
       9.416917     -14.653484
       9.657864     -15.027446
       9.856322     -15.317768
      10.112394     -15.564623
      10.584548     -15.799590
      11.077918     -16.084124
      11.150226     -16.495852
      10.769080     -17.098322
      10.150973     -17.909614
       9.509689     -19.002356
       8.818119     -20.332020
       8.010355     -21.863298
       6.691984     -23.541320
       4.571010     -25.325892
       2.154974     -27.171476
       0.051522     -29.137458
      -2.364118     -31.049435
      -5.435990     -32.811464
      -9.469112     -34.521542
     -13.922024     -36.172405
     -17.504460     -37.714949
     -20.265423     -39.061535
     -22.379947     -40.381987
     -24.017296     -41.707124
     -25.227110     -42.994046
     -26.577659     -44.205795
     -28.407562     -45.166937
     -30.134493     -45.792085
     -32.056444     -46.090928
     -34.207882     -46.039671
     -36.012067     -45.620263
     -37.522976     -44.817319
     -39.115691     -43.535254
     -40.401316     -41.772242
     -41.606598     -39.352944
     -42.903103     -36.550131
     -44.467283     -33.719574
     -46.141994     -31.309949
     -47.615091     -29.583372
     -48.911765     -28.015627
     -50.144590     -26.302749
     -51.302990     -24.420706
     -52.362753     -22.346674
     -53.154371     -20.293496
     -53.674339     -18.038939
     -54.065504     -15.689168
     -54.330819     -13.365235
     -54.587362     -11.312142
     -54.892111      -9.865497
     -55.279454      -9.547469
     -55.655252      -9.764834
     -55.967505      -9.754517
     -56.211993      -9.368223
     -56.478984      -8.601402
     -56.655570      -7.574201
     -56.810267      -6.428635
     -56.931935      -5.127232
     -57.121757      -3.579694
     -57.316359      -1.807936
     -57.554406       0.269246
     -57.738925       2.472449
     -57.793862       4.774170
     -57.732018       7.261581
     -57.650075       9.966131
     -57.564232      12.820110
     -57.347415      15.806033
     -57.153867      18.912652
     -57.007763      22.001840
     -56.897912      25.169287
     -56.674348      28.314470
     -56.376598      31.301821
     -56.143645      33.911373
     -55.991523      36.067899
     -55.900366      37.926432
     -55.827987      39.583782
     -55.743290      41.307148
     -55.693753      43.337836
     -55.803245      45.674831
     -55.953041      48.043485
     -55.934026      50.097583
     -55.810769      51.802554
     -55.632929      53.145657
     -55.494076      54.193424
     -55.480350      54.934227
     -55.450553      55.500769
     -55.291495      55.953075
     -54.978042      56.367821
     -54.637710      56.858992
     -54.321353      57.374954
     -53.915840      57.803086
     -53.516481      58.112405
     -53.162530      58.242729
     -52.648482      58.328854
     -51.994586      58.506363
     -51.429204      58.798742
     -50.874479      59.195896
     -50.120445      59.927597
     -49.058331      61.011500
     -47.687839      62.208392
     -46.103881      63.883948
     -44.410174      66.238667
     -42.331125      68.788128
     -39.839234      70.999910
     -37.413144      72.189162
     -35.270113      72.078096
     -33.429360      70.925782
     -31.691774      68.886502
     -30.140645      66.386767
     -28.304399      63.722209
     -26.386151      61.095885
     -24.331351      58.437899
     -22.058667      55.481419
     -19.445246      52.407924
     -16.082973      49.171349
     -12.560807      45.852919
      -9.331381      42.235845
