       4.720365      33.328577
       4.756900      32.733715
       4.841337      32.123561
       5.031581      31.523816
       5.258840      31.074949
       5.566968      30.712261
       5.981387      30.395478
       6.394033      30.053160
       7.142322      29.821859
       8.422582      30.003740
      10.272788      30.731084
      11.677730      31.534506
      11.481251      31.663120
       9.421076      30.551355
       5.508859      28.543216
       1.129153      25.917218
      -2.930883      22.962695
      -6.427744      19.948624
      -8.875451      17.306960
     -10.062450      14.796366
      -9.162310      12.050598
      -7.222829      11.004840
      -5.106191      12.259768
      -5.850683      12.710086
      -8.283557      13.003074
     -10.394688      12.094385
     -11.211661      11.916872
     -11.860971      11.923951
     -12.078917      11.928189
     -11.554099      11.780554
     -11.012952      12.052524
     -10.652228      12.540144
      -9.598986      13.044928
      -8.494117      13.479465
      -7.447033      13.660653
      -6.398111      13.632052
      -5.716481      13.495775
      -5.216009      12.980240
      -4.641535      12.280538
      -3.885619      11.804638
      -3.010148      11.442433
      -2.843755      10.934984
      -3.510078      10.251554
      -3.704331       9.779392
      -4.086600       9.412634
      -4.284191       8.975493
      -4.061365       8.103391
      -3.186892       6.980474
      -2.136560       5.949362
      -1.293474       5.535726
       0.014225       6.303956
       3.278000       8.279496
       7.144692      10.789304
      11.106472      13.272074
      14.611171      15.740241
      17.303579      17.722500
      19.783470      19.304247
      21.700673      20.661166
      22.654809      22.075961
      22.963618      23.357399
      23.119218      24.197657
      22.968050      24.656456
      23.141378      25.108793
      23.404381      25.670374
      23.802489      26.409946
      24.317059      27.264704
      24.794903      27.980569
      25.213867      28.788909
      25.954731      29.977009
      27.277029      31.954265
      28.580409      34.336091
      29.525872      36.894953
      30.091713      39.208623
      30.361197      41.503556
      30.761657      43.695589
      31.385784      46.107791
      32.292360      48.554813
      33.229658      51.132037
      33.816365      53.711627
      32.925235      56.230906
      30.075706      58.348913
      26.156302      59.750869
      21.819415      60.326640
      17.258199      60.388790
      13.182068      60.279109
      10.405572      60.261886
       8.427940      60.713783
       6.741103      61.813778
       5.496761      63.308813
       4.797502      65.048381
       4.421218      66.861425
       4.037745      68.344046
       3.340159      69.048499
       2.391519      68.837986
       1.408479      67.948266
       0.490703      66.410105
      -0.279379      64.236602
      -0.960508      61.268349
      -1.415762      57.041529
      -1.504803      51.318576
      -1.361388      44.222542
      -1.062065      36.129768
      -0.731509      28.026106
      -0.596282      20.526998
      -1.100816      13.937897
      -1.898609       8.026132
      -2.654031       2.412313
      -3.250613      -3.353528
      -3.383080      -9.295282
      -3.243664     -15.000567
      -2.694511     -20.137344
      -1.976509     -24.606033
      -1.207082     -28.625411
      -0.572781     -32.274874
       0.010491     -35.855198
       0.677325     -39.472468
       1.398887     -43.124539
       2.018634     -46.501715
       2.289179     -49.767024
       2.117494     -53.099321
       1.850235     -56.487391
       1.402410     -59.762467
       0.877233     -62.975301
       0.142091     -66.546486
      -0.236077     -70.059697
      -0.447803     -72.857056
      -0.951505     -75.093239
      -1.471592     -77.066570
      -1.774696     -79.231656
      -1.865734     -81.712891
      -1.935386     -84.254144
      -2.211057     -86.860199
      -2.879729     -89.464322
      -4.283162     -92.081995
      -7.016046     -94.867663
     -10.847430     -97.820626
     -14.349062    -100.714499
     -17.128446    -104.027028
     -19.097317    -107.662355
     -20.590146    -111.282080
     -21.670691    -114.488250
     -22.451161    -117.021178
     -22.979763    -118.786745
     -23.547974    -119.758898
     -24.273426    -119.843332
     -25.463200    -119.162455
     -28.020333    -117.930500
     -31.448449    -116.903007
     -34.091362    -116.455451
     -35.192692    -116.647158
     -34.839808    -116.645633
     -34.820773    -115.605278
     -34.905569    -113.879947
     -34.194841    -111.831507
     -33.694228    -109.680584
     -34.797926    -108.100021
     -37.197975    -106.538167
     -40.532647    -104.331758
     -43.736743    -102.061060
     -47.040170    -100.747877
     -50.415505     -99.360458
     -53.573896     -97.846951
     -56.208112     -97.492408
     -58.481952     -98.513724
     -60.795352    -100.273637
     -62.270775    -100.348309
     -63.230839     -99.300066
     -63.945360     -97.493933
     -64.501480     -95.930263
     -65.483366     -94.178218
     -66.029946     -92.958367
     -66.704057     -91.520096
     -67.466197     -90.043434
     -68.486964     -88.413058
     -69.388563     -87.603771
     -70.323059     -86.634950
     -71.304805     -84.731240
     -72.286589     -82.227201
     -73.403505     -78.159124
     -74.545328     -72.664067
     -75.771401     -67.017292
     -76.674851     -60.830799
     -77.443048     -56.157774
     -78.147826     -53.801098
     -78.897139     -53.380572
     -79.384084     -55.843117
     -79.459912     -58.754242
     -79.488559     -61.607126
     -79.588740     -62.478894
     -79.814805     -62.589095
     -80.043450     -62.160953
     -80.141600     -61.958925
     -80.179592     -61.215373
     -80.055553     -60.370300
     -79.963955     -58.530207
     -80.137729     -56.371342
     -80.474272     -53.250457
     -80.767719     -51.345003
     -81.021105     -49.976333
     -81.162313     -49.080299
     -81.266351     -47.806045
     -81.372491     -45.122874
     -81.581596     -41.226842
     -81.842748     -36.351401
     -82.023575     -31.898873
     -82.036223     -29.748360
     -81.998115     -29.360962
     -81.963445     -29.620482
     -81.926182     -29.520345
     -81.916915     -28.510519
     -81.905249     -27.036876
     -81.985982     -24.838172
     -82.068668     -22.119815
     -82.154288     -19.717866
     -82.199584     -16.971519
     -82.283115     -14.548042
     -82.334347     -11.892841
     -82.352192      -9.764384
     -82.377837      -7.299825
     -82.387396      -4.462894
     -82.403919      -1.295795
     -82.367967       2.510641
     -82.331219       6.527747
     -82.208570      11.187880
     -82.062548      15.380797
     -81.876223      20.419959
     -81.805845      26.227220
     -81.808468      33.346028
     -81.925561      40.377239
     -81.938286      47.712683
     -81.644533      55.842714
     -81.025598      64.436230
     -80.494327      70.088786
     -80.147618      73.031953
     -79.741741      74.685317
     -79.179487      77.245114
     -78.499407      81.383541
     -77.691494      86.194039
     -76.257443      91.713444
     -73.421049      98.660581
     -69.345297     105.754933
     -65.206302     111.447909
     -61.402335     115.730686
     -57.946854     119.478201
     -55.193470     122.944454
     -52.879303     126.444289
     -50.411964     129.713940
     -47.846008     132.486397
     -45.469520     135.288579
     -43.163226     138.231226
     -40.771418     141.241221
     -38.003238     144.569506
     -35.679866     147.904251
     -33.948233     150.771497
     -32.148735     153.075164
     -30.358861     155.111782
     -28.689138     157.355416
     -26.585469     160.122948
     -24.242752     163.119790
     -21.974230     165.852098
     -19.842183     168.337534
     -17.980200     170.358969
     -16.619778     172.068642
     -15.275345     173.241049
     -14.764023     174.099674
     -14.341129     174.764639
     -14.088634     175.200819
     -13.804801     175.294968
     -13.286208     175.141505
     -12.369728     174.949187
     -11.263219     174.593672
     -10.044775     173.936750
      -8.801538     173.157489
      -7.373390     172.241124
      -5.634417     171.176076
      -3.720182     170.062633
      -1.941942     168.913150
      -0.201832     167.525848
       2.538387     165.717986
       6.873482     163.294817
      11.986128     160.136081
      16.514476     156.816714
      20.669243     152.979286
      24.681873     148.186473
      28.480937     142.500861
      32.417324     136.230949
      36.077219     130.016475
      39.286056     124.143576
      41.771407     119.716117
      43.768435     116.283047
      45.232842     113.797815
      46.360672     111.681988
      47.257415     109.869891
      47.954446     108.311933
      48.623108     106.867357
      49.382712     105.797675
      50.200033     104.635176
      50.922869     103.472249
      51.693135     102.656852
      52.487759     102.270476
      53.244405     101.983853
      53.878320     101.649729
      54.257464     101.130600
      54.533882     100.422058
      54.786836      99.764611
      55.000423      99.030142
      55.276943      98.437449
      55.638330      97.923488
      55.974023      97.416337
      56.175356      96.891827
      56.333244      96.453054
      56.400742      96.100813
      56.555904      95.845625
      56.527826      95.601520
      56.648280      95.449738
      56.813074      95.443929
      57.116691      95.475374
      57.511407      95.614421
      57.926090      95.718633
      58.355825      95.811353
      58.793686      96.236265
      59.418425      96.759406
      60.169044      97.228341
      60.758920      97.599913
      61.161931      97.915756
      61.496716      97.997645
      61.704505      97.852508
      61.897489      97.627725
      62.200353      97.349680
      62.560074      97.206825
      62.926527      97.057501
      63.177849      96.892799
      63.425702      96.913781
      63.484171      96.895344
      63.452780      97.063164
      63.441978      97.308269
      63.507728      97.392198
      63.565536      97.636302
      63.482146      97.764479
      63.302198      97.850215
      62.936785      98.033995
      62.559457      98.246675
      62.068742      98.417428
      61.432254      98.900498
      60.531193      99.680099
      59.342286     100.468501
      57.977375     101.158519
      56.379016     101.808048
      54.398847     101.969039
      51.992512     101.490010
      49.682993     100.435774
      47.382211      98.940374
      45.096569      97.604324
      43.174902      96.533369
      41.006950      95.163572
      37.821182      93.291734
      33.872114      90.841676
      30.162914      88.445396
      27.373380      86.219577
      25.124901      84.116758
      22.933964      81.950982
      20.637189      79.639384
      18.531454      77.226012
      17.375038      74.814650
      16.736714      72.531368
      16.170850      70.689002
      15.522482      69.333324
      14.857052      68.242175
      14.089336      67.494344
      13.344682      67.000685
      12.348006      66.558521
      11.341746      65.918599
      10.460634      65.166785
       9.461337      64.484738
       8.215072      63.920177
       6.990221      63.546147
       5.697783      63.552986
       4.197058      63.878353
       2.715927      64.366984
       1.115114      64.996328
      -0.909488      66.043303
      -3.406222      67.539494
      -5.743930      69.381210
      -7.504476      71.096186
      -9.199454      72.390568
     -10.379211      73.117912
     -11.117552      73.284542
     -11.586108      73.324525
     -11.804763      73.367325
     -11.765052      73.374222
     -11.575932      73.250591
     -11.410507      72.859965
     -11.326303      72.085013
     -11.159446      70.790145
     -10.858331      69.047134
     -10.286163      66.722116
      -9.415871      63.488887
      -8.499606      59.542857
      -7.575486      55.133656
      -6.372044      50.759533
      -5.302303      46.962268
      -4.585513      43.834389
      -4.110185      41.456298
      -3.767589      39.809359
      -3.440941      38.555727
      -3.165330      37.405249
      -3.059385      36.146940
      -3.102252      34.324060
      -3.351151      31.053775
      -3.856424      26.386853
      -4.238897      21.457618
      -4.567249      16.766122
      -5.239961      12.762095
      -5.967227       9.517415
      -6.646573       6.835840
      -7.698865       4.695431
      -8.680878       3.206524
      -9.455621       2.057412
      -9.977740       1.040203
     -10.431849       0.109139
     -10.935807      -0.755508
     -11.431098      -1.401301
     -11.858090      -1.865078
     -12.160143      -2.151893
     -12.426229      -2.383327
     -12.535311      -2.667510
     -12.744338      -3.060932
     -12.938758      -3.538322
     -13.156306      -4.063159
     -13.370953      -4.565180
     -13.553462      -4.955389
     -13.701225      -5.209261
     -13.796536      -5.360916
     -13.896850      -5.439674
     -13.864932      -5.569833
     -13.677581      -5.752931
     -13.380824      -6.020068
     -13.009712      -6.315182
     -12.582674      -6.601085
     -12.018598      -6.864871
     -11.368485      -7.071781
     -10.749784      -7.151652
     -10.356705      -7.099005
     -10.264936      -6.957604
     -10.084018      -6.832353
      -9.353991      -6.798419
      -8.705417      -6.839391
      -8.472604      -6.901195
      -8.272074      -6.878549
      -7.911454      -6.941358
      -7.714425      -7.087046
      -7.473448      -7.270914
      -7.181463      -7.397422
      -6.831835      -7.424394
      -6.428923      -7.375822
      -6.004236      -7.265266
      -5.600245      -7.174001
      -5.258723      -7.150341
      -5.036882      -7.202665
      -4.920332      -7.249369
      -4.848072      -7.249522
      -4.850210      -7.257408
      -4.814011      -7.286547
      -4.742400      -7.311283
      -4.569428      -7.304694
      -4.208947      -7.227414
      -3.394030      -7.017476
      -1.809421      -6.634024
       0.495112      -6.197572
       2.642071      -5.804144
       4.391596      -5.497866
       5.795583      -5.274750
       6.871472      -5.052436
       7.732445      -4.769013
       8.397129      -4.876238
       9.195793      -5.603717
      10.234330      -5.782402
      11.392866      -5.599099
      12.575912      -5.365591
      13.653994      -5.118230
      14.582651      -4.966684
      15.356618      -4.794235
      15.846193      -4.682208
      16.096784      -4.443730
      16.228648      -4.122840
      16.254459      -3.712087
      16.121369      -3.312781
      15.888471      -2.960763
      15.590607      -2.697350
      15.071512      -2.503604
      14.424007      -2.595078
      13.768694      -2.928498
      13.426502      -3.200236
      13.008429      -3.269344
      12.681457      -3.209334
      12.305846      -3.052283
      11.974514      -2.883871
      11.661315      -2.773836
      11.419672      -2.750207
      11.251924      -2.742810
      11.071742      -2.782499
      10.916033      -2.852431
      10.855599      -2.945948
      10.946865      -3.080778
      10.981486      -3.198894
      11.034004      -3.305049
      11.045982      -3.347268
      11.037555      -3.338180
      10.955765      -3.303210
      10.840734      -3.265566
      10.478060      -3.242773
       9.894168      -3.210904
       9.701273      -3.156107
       9.417598      -3.035356
       9.320682      -2.866964
       9.234376      -2.753788
       9.142733      -2.702339
       9.045087      -2.745752
       9.003663      -2.836421
       8.900789      -2.911723
       8.772671      -2.952568
       8.702006      -2.980541
       8.630867      -2.991287
       8.387325      -2.761824
       7.767768      -2.399618
       7.099907      -1.933952
       6.547759      -1.199053
       6.045769      -0.476081
       5.747307       0.157686
       5.466199       0.417205
       5.315489       0.340389
       5.018008       0.055063
       4.719125      -0.284012
       4.400072      -0.556589
       4.043754      -0.824784
       3.523480      -1.108165
       2.740483      -1.553958
       1.730207      -2.355170
       1.193132      -3.569057
       1.348332      -5.130447
       1.299817      -6.880098
       1.290791      -8.614913
       1.488243     -10.234318
       1.784130     -11.741694
       1.624712     -13.122139
       1.675219     -14.279102
       1.313732     -15.237568
       0.404229     -16.047679
      -0.691936     -16.869528
      -2.010211     -17.809476
      -3.075242     -18.658260
      -3.642956     -19.180950
      -4.187157     -19.415089
      -4.720317     -19.255256
      -5.316542     -18.699205
      -6.060479     -17.803340
      -6.562528     -16.868317
      -6.682585     -16.125177
      -6.308014     -15.610604
      -5.769546     -15.338706
      -5.648019     -15.396281
      -5.607115     -15.697684
      -5.876839     -15.981857
      -6.280676     -16.333799
      -6.354762     -16.642599
      -6.308147     -17.016376
      -5.850640     -17.462403
      -5.163058     -17.996464
      -4.050565     -18.513958
      -2.516869     -18.906934
      -1.433977     -19.619809
      -1.254611     -20.809237
      -1.658004     -22.435934
      -1.992985     -24.667627
      -1.937042     -28.001435
      -2.107465     -32.190705
      -2.587160     -36.822751
      -3.018317     -41.143466
      -3.151218     -44.197480
      -2.531493     -45.961605
      -1.609955     -47.093694
      -0.824599     -48.092614
      -0.259883     -49.210006
       0.238795     -50.376989
       0.675638     -51.579563
       1.020262     -52.658857
       1.207286     -53.555230
       1.213589     -54.270801
       1.160793     -54.905740
       1.198571     -55.458989
       1.183182     -56.172782
       1.105225     -56.936428
       0.989841     -57.749872
       0.796181     -58.495537
       0.734788     -59.145402
       0.813616     -59.663472
       1.018406     -60.011914
       1.351629     -60.102240
       1.669848     -59.876403
       2.038214     -59.408220
       2.400649     -58.803783
       2.753032     -58.165711
       3.015714     -57.576719
       3.185288     -56.962636
       3.269202     -56.346431
       3.364764     -55.671601
       3.398536     -54.913045
       3.544276     -54.031986
       3.788940     -52.968152
       3.997678     -51.675645
       4.195323     -50.103844
       4.325241     -48.105466
       4.539839     -45.775891
       4.814599     -43.432679
       5.118268     -41.399616
       5.366750     -39.960684
       5.591404     -38.807510
       5.803170     -37.585075
       5.937064     -36.150641
       5.954870     -34.508362
       5.906697     -32.684343
       5.794530     -30.833062
       5.729381     -29.112853
       5.730476     -27.574437
       5.728180     -26.206835
       5.774457     -24.842383
       5.828291     -23.473142
       5.906110     -21.967294
       5.982413     -20.423541
       6.054995     -18.825886
       6.206168     -17.311406
       6.422210     -15.958827
       6.623457     -14.745391
       6.705896     -13.766852
       6.731178     -13.102073
       6.773911     -12.512764
       6.804013     -11.891858
       6.806586     -11.276359
       6.834599     -10.699514
       6.943793     -10.113761
       7.023655      -9.476190
       7.063266      -8.747313
       7.154782      -8.022698
       7.220960      -7.525257
       7.356517      -7.239292
       7.388404      -7.119606
       7.473503      -7.106453
       7.490865      -7.155747
       7.548466      -7.236228
       7.525765      -7.348203
       7.560044      -7.435171
       7.494173      -7.503215
       7.483899      -7.553239
       7.383246      -7.613167
       7.414992      -7.682040
       7.394255      -7.765446
       7.496299      -7.815002
       7.505864      -7.898845
       7.568244      -7.941781
       7.573552      -7.977239
       7.632015      -7.959492
       7.573866      -7.964643
       7.605672      -7.940843
       7.542610      -7.957087
       7.594734      -7.915666
       7.504468      -7.832291
       7.515978      -7.615512
       7.446978      -7.349674
       7.433351      -7.008200
       7.307248      -6.722776
       7.204517      -6.379101
       7.044615      -6.023835
       6.906947      -5.624413
       6.720972      -5.244942
       6.601680      -4.887495
       6.468847      -4.574751
       6.421664      -4.315803
       6.369717      -4.089349
       6.335775      -3.855840
       6.311778      -3.653800
       6.271141      -3.491503
       6.187765      -3.387220
       6.090639      -3.342820
       6.036248      -3.338045
       5.993731      -3.332193
       5.958235      -3.289554
       5.933093      -3.217982
       5.909035      -3.187873
       5.875617      -3.144928
       5.818278      -3.135641
       5.732920      -3.080631
       5.653062      -3.011613
       5.592117      -2.928132
       5.524074      -2.848897
       5.428144      -2.783319
       5.394092      -2.822964
       5.508660      -2.993002
       5.620923      -3.169626
       5.671387      -3.283339
       5.663711      -3.321386
       5.628118      -3.328463
       5.582303      -3.278961
       5.393105      -2.989213
       4.735317      -2.151134
       4.079422      -0.716010
       3.042478       1.668105
       1.084267       6.093711
      -1.732375      12.749940
      -4.699074      20.026093
      -6.420357      26.559474
      -7.217914      31.737960
      -7.632019      35.555114
      -7.948426      38.588869
      -8.232320      40.614643
      -8.775793      41.601455
     -10.043352      42.057971
     -11.629129      43.003697
     -11.574621      44.158643
     -10.723997      44.295320
     -10.328000      43.447959
      -9.854598      42.088672
      -9.405838      39.824296
      -9.390153      37.504674
      -9.418675      34.824620
      -9.317467      31.157523
      -9.001634      27.299529
      -8.714823      23.797863
      -8.281453      20.462234
      -7.630016      17.258640
      -7.050362      14.377759
      -6.871405      11.780268
      -7.184092       9.494278
      -7.663864       7.442821
      -7.761970       6.025351
      -7.972520       5.226086
      -8.056240       5.114605
      -8.184342       5.251361
      -8.334895       5.289312
      -8.344459       4.919941
      -7.972914       4.124033
      -6.428293       2.867139
      -5.373275       1.711685
      -4.589785       0.812062
      -3.815018       0.094452
      -3.083709      -0.324808
      -2.385205      -0.421869
      -2.065530      -0.596673
      -2.234269      -0.835550
      -2.780040      -0.721144
      -2.998166      -0.175965
      -2.970978       0.405702
      -2.856910       0.727845
      -2.822242       0.959249
      -3.293144       1.321544
      -3.816963       1.415017
      -4.382457       1.066648
      -4.983430       0.427532
      -5.361253      -0.312236
      -5.481286      -1.075264
      -5.366301      -1.892895
      -5.267922      -2.535260
      -5.197897      -3.450485
      -4.964712      -4.718452
      -4.579807      -5.989136
      -3.759585      -6.611131
      -2.893420      -6.762411
      -2.451559      -6.108661
      -2.186339      -5.114715
      -1.799423      -4.361735
      -1.320785      -3.921012
      -0.958925      -3.654446
      -0.720233      -3.424332
      -0.702605      -3.168606
      -0.734627      -2.958223
      -0.686299      -2.827772
      -0.656881      -2.681144
      -0.604964      -2.546930
      -0.524364      -2.384212
      -0.388378      -2.215659
      -0.226881      -2.012177
      -0.132703      -1.814077
      -0.106540      -1.617737
      -0.109139      -1.455967
      -0.115434      -1.290809
      -0.098811      -1.113213
      -0.060432      -0.867429
      -0.034831      -0.323489
      -0.013848       0.708315
       0.035031       2.088382
       0.123418       3.326351
       0.266451       4.284736
       0.547711       5.143329
       1.273423       6.534151
       2.434353       8.724663
       3.873540      11.721986
       5.374216      15.046239
       6.552914      18.312823
