      -1.653183      18.398524
      -1.235879      18.702702
      -0.688029      18.703102
      -0.583326      18.595800
      -0.731207      18.581750
      -0.845767      18.684485
      -0.773378      18.872346
      -0.568501      19.065199
      -0.372002      19.131937
      -0.162263      19.041091
      -0.062160      18.848699
      -0.338629      18.577777
      -1.009043      18.366274
      -1.921565      18.309329
      -2.795681      18.460895
      -3.554368      18.758548
      -4.527176      19.446775
      -5.633872      20.533669
      -6.632472      21.779415
      -7.481475      23.059032
      -8.191030      24.391398
      -8.738679      25.911404
      -8.976076      27.866035
      -8.883888      30.265259
      -8.770358      32.993447
      -8.712180      35.979771
      -8.637411      39.241369
      -8.551790      42.685392
      -8.423092      46.246246
      -8.369271      49.613639
      -8.308376      52.791196
      -8.259456      55.625731
      -8.377454      57.908838
      -8.589476      59.639716
      -8.693414      60.943618
      -8.754771      62.012095
      -8.626087      62.908925
      -8.497432      63.791271
      -8.373118      64.626971
      -8.132833      65.312695
      -7.741504      65.954288
      -7.291011      66.735482
      -6.878927      67.592329
      -6.632284      68.242107
      -6.454022      68.497877
      -6.297541      68.425435
      -6.143344      67.998483
      -6.057411      67.319287
      -6.023603      66.255715
      -6.080492      64.925799
      -6.085226      62.986370
      -5.964067      60.772942
      -5.715236      58.402953
      -5.434000      56.145942
      -5.157222      53.888675
      -4.901811      51.713093
      -4.733604      49.605072
      -4.688963      47.647108
      -4.696551      45.812921
      -4.784843      44.061634
      -4.883877      42.336298
      -4.998172      40.582560
      -5.083411      38.718153
      -5.195758      37.207427
      -5.235602      35.803793
      -5.300603      34.430485
      -5.366760      33.197753
      -5.418204      32.111994
      -5.520401      31.150940
      -5.623413      30.331995
      -5.752764      29.674198
      -5.957134      29.147194
      -6.406062      28.628114
      -7.158624      28.035162
      -8.781116      27.225309
     -11.987283      26.102516
     -16.401379      24.741046
     -21.110452      23.054724
     -25.398206      20.653042
     -28.969148      17.685590
     -32.533052      14.617598
     -35.979552      11.932699
     -38.887527       9.722720
     -40.859962       8.239077
     -41.964765       7.497618
     -42.430864       7.324665
     -42.766421       7.424237
     -42.892398       7.656141
     -43.166465       8.062610
     -43.308052       8.664655
     -42.959726       9.605552
     -41.898889      11.114526
     -40.705035      13.196530
     -38.884169      16.154273
     -36.240590      20.091408
     -32.693018      25.108341
     -29.154171      31.218814
     -26.047838      38.414201
     -23.719441      45.930097
     -22.079402      53.595179
     -20.569582      61.031239
     -19.161348      68.179611
     -17.884442      75.091675
     -16.903301      81.530393
     -16.126523      87.201269
     -15.591635      92.267047
     -15.492522      97.374713
     -15.770847     103.125186
     -16.102706     109.151275
     -16.151187     115.157907
     -16.229752     121.138933
     -16.365117     127.167043
     -16.191912     133.140046
     -15.304373     138.614601
     -14.368667     143.393465
     -13.551896     147.566425
     -13.011480     151.273558
     -12.677524     154.624263
     -12.627582     157.880217
     -12.711638     161.089360
     -12.874620     164.009829
     -12.996434     166.297954
     -12.825346     167.971665
     -12.655713     169.489310
     -12.627563     171.069707
     -12.840952     172.644063
     -13.110777     173.875862
     -13.323468     174.697301
     -13.174786     175.417773
     -12.810170     176.118020
     -12.550737     176.721787
     -12.194530     177.105841
     -11.636420     177.662437
     -11.063153     178.439230
     -10.684912     179.312348
     -10.634035    -179.971951
     -10.704334    -179.533051
     -10.777593    -179.466840
     -10.814591    -179.649270
     -10.714609    -179.844406
     -10.513861    -179.969523
     -10.331603     179.946539
     -10.207518     179.928607
     -10.136250     179.914833
     -10.113808     179.932434
     -10.151025    -179.954174
     -10.308635    -179.962431
     -10.373445     179.872382
     -10.368758     179.647949
     -10.331463     179.533304
     -10.386737     179.451706
     -10.386985     179.246234
     -10.483917     178.971152
     -10.635957     178.643788
     -10.790395     178.244774
     -10.913209     177.885044
     -10.947813     177.655287
     -10.912911     177.480764
     -10.893518     177.330080
     -10.921034     177.107764
     -10.998458     176.717396
     -11.041643     176.207972
     -11.091377     175.532107
     -11.157005     174.499990
     -11.241198     173.102877
     -11.387313     171.316114
     -11.528936     169.196140
     -11.642405     166.916913
     -11.750333     164.525917
     -11.609754     162.448821
     -11.079097     161.077800
     -10.917600     159.547070
     -11.067120     157.156890
     -11.435106     154.200439
     -11.916589     150.891913
     -12.431052     147.268797
     -12.824925     143.140822
     -12.998562     138.583700
     -12.986939     133.658990
     -12.870277     128.489397
     -12.665511     123.052251
     -12.419091     117.582252
     -12.149046     112.412145
     -11.885379     107.418921
     -11.627152     102.501233
     -11.466376      97.734375
     -11.479603      93.137698
     -11.607176      88.522496
     -11.844358      83.846708
     -12.026059      79.338841
     -12.246411      74.712648
     -12.471156      69.744763
     -12.669454      64.195152
     -12.727455      57.935653
     -12.656956      51.079489
     -12.557290      43.577773
     -12.187503      35.730052
     -11.637341      27.242355
     -10.918162      18.428743
      -9.971495       9.921186
      -8.935870       1.577815
      -7.560834      -5.835800
      -6.311488     -12.076677
      -5.242743     -17.253234
      -4.442164     -21.753394
      -3.381884     -25.821265
      -2.256158     -29.430458
      -1.391977     -32.643537
      -0.092198     -35.359883
       1.423265     -37.482160
       3.002775     -38.854832
       4.522628     -39.688123
       5.763954     -39.586118
       6.852567     -37.701549
       7.809065     -34.707043
       8.541267     -31.390488
       9.261886     -28.370041
       9.851951     -25.927413
      10.426586     -24.012587
      10.926491     -22.487229
      11.527537     -21.373443
      12.191817     -20.701700
      12.978849     -20.708653
      14.119821     -21.325660
      16.215356     -22.050782
      19.320713     -22.264350
      22.386711     -21.858201
      24.979433     -20.988514
      26.836018     -19.513922
      28.366450     -17.700283
      30.159828     -15.494169
      32.490349     -12.925710
      35.264445     -10.503566
      38.027535      -7.970699
      40.464892      -4.740074
      42.380915      -0.682472
      43.744864       3.457322
      44.633039       7.058886
      45.144444      10.052688
      45.386266      13.102288
      45.279606      16.664578
      45.047595      21.202741
      45.019172      26.007095
      45.072735      30.365617
      45.069398      33.799154
      44.937083      36.200095
      44.614286      36.849435
      43.858295      34.704059
      42.379545      29.275429
      40.210228      21.375469
      37.529236      11.485990
      34.735340       0.533819
      31.986032     -10.921900
      28.640823     -22.767152
      24.734965     -35.082215
      21.151502     -47.618865
      18.123219     -60.201008
      15.145088     -72.327339
      12.090434     -83.685999
       9.218616     -94.008679
       6.565290    -102.903424
       4.013693    -110.588565
       1.806943    -117.275336
      -0.084806    -123.250680
      -1.778227    -128.147958
      -3.423559    -131.926460
      -4.685430    -134.805082
      -5.578995    -136.924998
      -6.337481    -138.686786
      -6.863552    -140.158775
      -7.261394    -141.153892
      -7.487357    -141.495185
      -7.576128    -141.249730
      -7.669420    -140.487071
      -8.089312    -138.816556
      -8.810582    -135.054053
     -10.156555    -128.259815
     -11.984881    -119.338610
     -13.296939    -109.719168
     -13.998936     -99.647945
     -14.202159     -89.171268
     -14.244756     -78.369447
     -14.493144     -67.556314
     -14.961632     -56.674474
     -15.694568     -45.968332
     -16.279198     -36.051169
     -17.005117     -27.824513
     -17.666123     -21.031276
     -18.082871     -15.287658
     -17.911884     -10.050139
     -16.805692      -5.572698
     -15.325742      -1.268761
     -13.885543       2.749543
     -12.299116       6.518597
     -10.995554       9.936938
     -10.191671      12.624992
      -9.455762      14.173964
      -8.585945      14.513517
      -7.762398      14.723457
      -6.595127      15.203115
      -4.597778      15.601606
      -2.008449      15.834718
       0.638892      16.368539
       1.905804      17.370662
       2.703199      18.477641
       2.630363      19.254655
       2.632177      20.235808
       2.709269      21.831900
       2.865151      24.332160
       3.110866      27.597010
       2.930929      31.012247
       2.785518      34.034627
       2.856160      36.737614
       3.174914      39.311477
       3.276490      41.624676
       3.236317      43.467275
       3.205020      45.101280
       3.328426      46.483856
       3.370754      47.287766
       3.068920      47.350490
       2.363992      46.716498
       1.505761      45.241891
       0.684432      42.509873
      -0.205377      38.598561
      -0.970867      33.951759
      -1.764167      28.795818
      -2.410497      23.182131
      -3.032001      17.315664
      -3.445421      11.729359
      -3.722791       6.672537
      -3.642953       2.221408
      -3.087102      -1.629977
      -2.529470      -4.709289
      -2.249222      -6.962950
      -2.377062      -8.352402
      -2.867740      -8.806491
      -3.731216      -8.577583
      -4.163828      -7.931136
      -4.111707      -7.409430
      -3.635190      -7.386272
      -3.129622      -7.777567
      -2.631517      -8.167971
      -2.089758      -8.264609
      -1.527528      -8.007526
      -0.909046      -7.594735
      -0.278753      -7.359783
       0.201352      -7.282079
       0.495126      -7.014862
       0.523580      -6.018301
       0.494516      -4.286005
       0.440564      -2.103508
       0.306657       0.594532
       0.222203       4.078623
       0.089920       8.371728
      -0.136029      12.688891
      -0.492144      16.343411
      -0.859170      18.577866
      -1.222465      19.430267
      -1.557988      19.122735
      -1.794607      18.003115
      -1.844501      16.185914
      -1.528539      13.659247
      -0.975751      10.334207
      -0.455639       6.090124
      -0.117928       1.230347
       0.035965      -3.279857
      -0.117172      -7.327458
      -0.484332     -11.004650
      -0.838983     -14.502685
      -1.401252     -17.541094
      -1.946560     -19.904676
      -2.290563     -21.587645
      -2.372532     -22.837146
      -2.412931     -23.826913
      -2.528240     -24.504628
      -2.602115     -24.641846
      -2.570129     -24.213155
      -2.571661     -23.454024
      -2.660269     -22.690241
      -3.231461     -22.041284
      -4.456542     -21.600453
      -5.704400     -21.785569
      -6.760758     -22.250918
      -7.315999     -22.863430
      -7.609524     -23.347483
      -7.723734     -23.738680
      -7.637790     -24.056869
      -7.395111     -24.520697
      -6.814973     -25.401227
      -5.798953     -26.764237
      -4.405744     -28.717408
      -2.974186     -31.291774
      -1.705476     -34.178303
      -0.465218     -36.985750
       0.600409     -39.341613
       1.434710     -41.253633
       2.043098     -42.692493
       2.453961     -43.651157
       2.786098     -44.194848
       2.936291     -44.408095
       3.044384     -44.327440
       3.215367     -44.057826
       3.357679     -43.688207
       3.551023     -43.336218
       3.750401     -43.046594
       3.911777     -42.859705
       4.030638     -42.650343
       4.147064     -42.404238
       4.241739     -42.132284
       4.296580     -41.897136
       4.364066     -41.626070
       4.423452     -41.314453
       4.498062     -41.015916
       4.571341     -40.758436
       4.624374     -40.529488
       4.622582     -40.320310
       4.590750     -40.179049
       4.577729     -40.040803
       4.542092     -39.877007
       4.496110     -39.623619
       4.368406     -39.206267
       4.186992     -38.541705
       3.981274     -37.184266
       3.893264     -35.086243
       3.996026     -32.018239
       4.488530     -28.384799
       4.942761     -24.625575
       5.136139     -21.102239
       5.086953     -18.496130
       4.778217     -16.942273
       4.370329     -16.209410
       3.936539     -16.014586
       3.634998     -16.052635
       3.453722     -16.144945
       3.375819     -16.137533
       3.350190     -15.933015
       3.365728     -15.478481
       3.361975     -14.864182
       3.319209     -14.026559
       3.219904     -12.643591
       3.052685     -10.810581
       2.913818      -8.875696
       2.936714      -7.298612
       2.871599      -6.473444
       2.840023      -6.931728
       2.844012      -8.097711
       2.878584      -9.151993
       2.876619      -9.718422
       2.892913      -9.975019
       2.941951     -10.145714
       2.984786     -10.169811
       3.092836      -9.955822
       3.187688      -9.383946
       3.615984      -8.438152
       4.240962      -7.156262
       4.816199      -5.952518
       5.346395      -4.876471
       5.656322      -3.810704
