      -2.996777      25.134086
      -2.975546      25.094759
      -2.913433      25.080705
      -2.874133      25.152560
      -2.801568      25.247677
      -2.776132      25.331283
      -2.761853      25.379560
      -2.727235      25.433711
      -2.711683      25.468264
      -2.705303      25.516499
      -2.710925      25.632815
      -2.742010      26.062423
      -2.793644      27.047110
      -2.796509      28.379954
      -2.713950      29.805996
      -2.552599      31.039248
      -2.429334      31.860140
      -2.347487      32.311744
      -2.110942      32.825870
      -1.496474      33.974422
      -0.397942      35.659141
       1.033136      37.592518
       2.312959      39.635232
       3.432177      41.390043
       4.126231      42.782945
       4.456721      43.544847
       4.825945      43.493770
       5.303633      42.737726
       5.751933      41.579035
       6.337407      40.196762
       6.979393      38.626110
       7.554039      37.096886
       7.957021      36.082429
       8.309001      36.201295
       8.600097      38.120331
       9.002300      41.914878
       8.991784      47.780283
       8.344246      55.709213
       8.776514      61.710241
       9.547567      59.910743
       9.632141      52.039557
       9.565682      42.348329
       9.292124      32.976263
       8.920164      24.583076
       8.868482      18.177756
       9.065076      14.272425
       9.274598      12.377541
       9.744890      11.468384
      10.555994      10.554505
      11.210102       9.488322
      11.567748       8.687439
      11.700640       8.396038
      11.756199       8.634095
      11.725932       8.875703
      11.686822       8.672983
      11.658461       8.067865
      11.695969       7.470890
      11.730083       6.922550
      11.803508       6.544386
      11.911821       6.363072
      12.057348       6.330185
      12.137973       6.445688
      12.161727       6.657382
      12.109798       6.845644
      11.937053       6.901972
      11.852939       6.903321
      11.870356       7.153868
      11.849931       7.667616
      11.845385       8.348225
      11.777324       9.095482
      11.841639      10.047694
      12.091346      11.800996
      12.567507      15.340568
      13.521188      21.717175
      15.340751      30.097478
      17.581861      39.462623
      19.374568      48.427826
      20.783393      55.884295
      21.840779      61.857467
      22.577259      66.755323
      22.806178      70.835577
      22.764111      74.117225
      22.488446      76.823952
      22.282581      79.505238
      22.177101      82.163205
      22.210923      85.034736
      22.296156      87.942869
      22.396539      90.978567
      22.371804      93.700336
      22.270341      95.403257
      22.266793      96.148713
      22.274232      96.470860
      22.454019      96.978535
      22.862536      98.013499
      23.377097      99.392651
      23.771645     100.708778
      23.981738     101.911493
      24.033752     103.188259
      24.114893     104.788629
      24.285226     107.087351
      24.490943     110.686405
      24.549791     115.665952
      24.507527     121.980947
      24.403677     128.401709
      23.928378     134.477864
      23.286819     139.876086
      22.538908     144.744349
      21.606612     149.092483
      20.810019     152.902176
      20.237786     156.113504
      19.944821     159.070120
      19.818477     161.844034
      20.007343     164.318153
      19.867549     166.361328
      18.762803     167.613275
      16.423581     167.680029
      13.340974     167.172315
      10.083212     166.850644
       7.385861     167.124969
       4.849069     167.932090
       2.462396     169.265828
       0.164886     171.211979
      -2.420274     173.713230
      -5.363733     176.777098
      -8.223703    -179.973622
     -10.507847    -176.742827
     -12.062248    -173.891269
     -12.944537    -171.639533
     -13.422347    -170.002755
     -13.811199    -168.881424
     -14.239540    -167.967721
     -14.821305    -167.093301
     -15.671107    -166.182978
     -16.541066    -165.168327
     -17.026098    -163.853336
     -16.727761    -162.119622
     -15.792784    -159.944073
     -14.518035    -157.704879
     -12.691027    -155.550070
     -10.628821    -153.197590
      -8.641359    -150.676610
      -7.235184    -148.044745
      -6.621433    -145.811272
      -6.695138    -144.455677
      -6.618693    -144.269536
      -6.187502    -144.410662
      -5.894107    -143.767738
      -6.229547    -142.058609
      -6.993038    -140.421093
      -7.246967    -140.199389
      -7.185901    -141.796670
      -7.017497    -145.963714
      -6.436007    -154.141834
      -4.705208    -165.554207
      -2.085640    -178.879179
       0.575514     166.493983
       3.411057     151.104029
       6.017229     135.113493
       8.375953     119.714378
      10.562324     105.776703
      12.340819      93.667084
      13.635240      83.110946
      14.567250      73.739747
      15.395738      65.417981
      16.355176      58.030249
      17.426417      51.119933
      18.519921      44.684645
      19.634907      39.230353
      20.996499      34.660440
      22.531156      30.456759
      23.898704      26.542839
      24.767461      23.094136
      25.105599      20.163108
      24.887609      18.044494
      23.973223      16.663283
      22.254459      15.867296
      20.151613      15.544373
      18.140798      15.145552
      16.503844      13.908978
      15.432647      11.312028
      14.873902       7.986929
      14.575615       4.748819
      14.234373       2.339888
      13.445972       1.146044
      11.119196       1.105085
       6.425361       2.023406
      -0.460535       3.566866
      -7.889402       5.814923
     -14.954197       8.713232
     -20.681621      11.825866
     -24.724678      13.762892
     -27.751368      14.553682
     -30.579198      14.705305
     -33.590241      14.719189
     -36.770946      14.959421
     -39.653781      15.531158
     -40.127545      16.656360
     -39.365026      17.518671
     -38.194585      17.897383
     -36.277487      17.802714
     -32.859730      17.259253
     -26.551943      16.315267
     -14.513744      15.064669
       0.289464      13.396437
      12.310797      12.168592
      21.416967      11.480771
      28.834613      11.011448
      34.822155      10.810476
      39.975838      10.829165
      44.205883      10.369347
      47.410450       9.550015
      49.895522       8.899632
      52.094947       8.587333
      54.203386       8.485890
      56.110578       8.153503
      57.907400       7.141614
      59.434502       5.187925
      60.552297       2.244436
      61.118806      -1.626990
      61.346124      -6.458918
      61.301780     -11.686705
      60.840867     -17.285163
      59.968847     -23.415295
      58.877396     -30.101891
      57.737312     -36.820410
      56.010718     -42.971378
      53.575295     -49.198718
      49.953714     -55.990882
      45.680397     -62.729419
      41.198302     -69.126328
      36.775504     -75.039778
      32.757706     -79.990032
      29.112789     -83.341296
      25.603345     -85.178863
      22.130133     -86.232254
      18.691871     -87.126792
      15.461581     -88.021261
      12.690020     -89.105135
       9.879741     -90.493544
       7.895699     -92.049035
       6.472752     -93.218364
       5.131851     -94.081087
       3.962773     -94.679900
       2.960728     -95.221313
       2.095356     -95.672083
       1.348124     -96.180089
       1.021794     -96.793813
       1.061496     -97.533324
       1.235341     -98.446046
       1.391988     -99.637969
       1.545468    -101.302782
       1.475740    -103.185830
       1.260053    -104.857628
       1.010423    -106.027986
       0.763242    -106.764291
       0.494938    -107.383105
       0.237190    -108.046254
      -0.063883    -108.791195
      -0.414260    -109.464951
      -0.727391    -110.016088
      -0.987093    -110.633862
      -1.227769    -111.229557
      -1.526025    -111.693480
      -1.936024    -112.055688
      -2.747867    -112.389161
      -3.940946    -112.687178
      -5.291881    -113.003400
      -6.566936    -113.377128
      -7.569830    -113.756132
      -8.370711    -114.127198
      -8.979782    -114.423389
      -9.402635    -114.602342
      -9.706722    -114.638964
      -9.838223    -114.536723
      -9.949353    -114.413889
     -10.082669    -114.340101
     -10.235179    -114.310308
     -10.338478    -114.248080
     -10.445901    -114.156583
     -10.589558    -114.046280
     -10.715385    -113.944555
     -10.866682    -113.842723
     -10.966385    -113.782787
     -11.008711    -113.772548
     -10.993227    -113.783739
     -10.889337    -113.794628
     -10.774373    -113.812123
     -10.647398    -113.818845
     -10.512600    -113.809384
     -10.412385    -113.784263
     -10.256729    -113.803973
     -10.083820    -114.011572
      -9.904592    -114.435493
      -9.827131    -114.879901
      -9.899418    -115.194772
     -10.095934    -115.485902
     -10.294325    -115.870433
     -10.440479    -116.355348
     -10.356070    -116.656338
      -9.501543    -115.999503
      -7.488519    -113.391777
      -4.542135    -109.465583
      -1.541580    -105.907162
       0.844253    -103.370796
       2.326229    -101.927920
       3.112660    -101.333158
       3.840164    -101.259292
       4.533467    -101.280644
       5.676198    -101.341220
       8.432137    -101.942491
      12.334593    -103.341245
      16.234173    -104.967231
      19.494600    -106.322661
      21.653907    -107.092062
      22.916447    -107.390167
      23.503491    -107.472367
      23.567744    -107.597057
      23.224115    -107.947219
      22.531231    -108.505038
      21.679739    -109.083704
      20.621243    -109.367413
      19.219778    -109.159134
      17.349869    -108.048051
      14.745151    -106.264523
      10.426484    -103.219694
       4.770974     -99.022953
      -1.483590     -94.576232
      -6.812006     -90.954126
     -10.171291     -88.733874
     -11.838811     -87.905460
     -12.996567     -87.625666
     -13.991613     -87.313272
     -14.827664     -86.613443
     -15.555867     -85.228599
     -16.012297     -83.044026
     -16.200398     -79.804348
     -16.124283     -75.678749
     -15.924203     -71.043419
     -15.663529     -66.479284
     -15.385853     -62.294366
     -15.199320     -58.894537
     -15.029549     -56.808474
     -14.806888     -56.461003
     -14.565276     -57.384532
     -14.276193     -59.482586
     -13.993140     -62.032446
     -13.945169     -64.483480
     -14.128232     -66.426075
     -14.508338     -67.752562
     -14.945702     -68.659932
     -15.427011     -69.400706
     -15.866060     -70.129910
     -16.270738     -70.708659
     -16.666589     -71.042637
     -16.943262     -70.981643
     -16.972805     -70.546113
     -16.699097     -69.588478
     -16.201062     -67.975743
     -15.446823     -65.357132
     -14.359841     -60.625012
     -12.690444     -53.283072
     -10.743454     -44.172491
      -8.772561     -34.665994
      -7.026705     -25.785573
      -5.776990     -18.266910
      -5.291811     -12.228340
      -5.567366      -7.489069
      -5.973791      -3.872400
      -6.317579      -0.969972
      -6.432453       1.630130
      -6.302553       3.865475
      -6.133952       5.259259
      -5.738717       5.370384
      -4.712004       3.835498
      -2.878691       0.195353
      -0.993167      -5.009896
       0.392753     -11.266940
       1.329300     -17.788258
       1.978748     -23.679080
       2.425076     -28.017468
       2.614266     -30.725707
       2.696758     -32.009081
       2.801287     -32.162085
       3.040548     -31.535383
       3.498388     -30.598980
       3.983120     -29.658801
       4.498743     -28.923788
       4.946945     -28.394045
       5.313655     -28.042554
       5.484465     -27.794518
       5.266531     -27.611896
       4.716979     -27.559844
       3.839733     -27.571722
       2.889803     -27.607865
       2.065570     -27.468461
       1.675348     -27.152573
       1.815051     -26.520166
       1.945639     -25.608156
       1.956354     -24.574098
       1.937677     -23.574773
       1.824849     -22.614590
       1.604935     -21.682347
       1.387409     -20.752516
       1.228116     -19.800038
       1.023940     -18.611371
       0.888723     -17.192768
       0.811335     -15.910369
       0.813740     -15.041898
       0.778640     -14.449062
       0.696682     -13.142241
      -0.033280      -9.021486
      -1.750816      -1.245999
      -4.193738       9.225832
      -6.447321      20.691687
      -7.562240      31.155299
      -7.501109      39.145532
      -6.606905      44.231620
      -5.905962      47.252388
      -5.458801      49.002310
      -5.232465      50.182144
      -5.166987      51.078668
      -5.225503      51.767234
      -5.294088      52.244801
      -5.370501      52.412523
      -5.339530      52.291987
      -5.180056      51.894060
      -4.883281      51.401544
      -4.492601      50.892192
      -4.057816      50.393138
      -3.568703      49.768078
      -3.078630      48.949427
      -2.597644      47.781852
      -2.166679      46.457327
      -1.734889      45.035453
      -1.330230      43.759226
      -0.947914      42.725127
      -0.625822      41.878368
      -0.359845      41.114018
      -0.258515      40.336040
      -0.268245      39.585581
      -0.312924      38.938621
      -0.307219      38.487760
      -0.213815      38.209912
      -0.145262      37.997531
      -0.108713      37.830993
      -0.146234      37.627093
      -0.242903      37.479833
      -0.340427      37.352314
      -0.334871      37.274590
      -0.328533      37.190746
      -0.291473      37.155916
      -0.244732      37.087257
      -0.245932      36.974805
      -0.281746      36.875272
      -0.405014      36.877960
      -0.534996      36.989351
      -0.629084      37.099652
      -0.685760      37.177379
