      -0.901208      11.905107
      -0.839173      12.047235
      -0.779063      12.200537
      -0.768449      12.319701
      -0.768505      12.402638
      -0.783748      12.439000
      -0.799332      12.420774
      -0.818429      12.370240
      -0.848640      12.359550
      -0.870015      12.374052
      -0.887896      12.389216
      -0.906635      12.396053
      -0.912339      12.447112
      -0.891811      12.640628
      -0.840309      13.163447
      -0.759903      13.932907
      -0.743558      14.812288
      -0.681561      15.595188
      -0.557889      16.214387
      -0.308186      16.773441
       0.174516      17.314502
       0.776523      17.874770
       1.456968      18.216707
       2.176107      18.278045
       2.831855      18.149199
       3.456093      17.941517
       4.030520      17.714690
       4.514378      17.558471
       4.895457      17.487152
       5.212358      17.492501
       5.475686      17.592955
       5.690488      17.696340
       5.811608      17.791387
       5.881608      17.897037
       5.923972      18.227067
       5.942214      19.767206
       6.639878      24.053580
       7.587489      29.851623
       8.170234      36.913526
       8.188745      45.018579
       7.244295      53.762854
       5.098678      62.604433
       2.083359      70.769473
      -1.378111      77.811128
      -4.583361      83.353924
      -6.992400      87.392675
      -8.423369      90.071352
      -8.968161      91.795314
      -9.093880      93.379073
      -9.201172      95.232717
      -9.310554      97.398658
      -9.633570      99.586990
     -11.241481     101.731715
     -15.100725     103.682820
     -20.118819     105.431495
     -24.791532     107.090683
     -28.740882     108.848391
     -31.640309     110.884543
     -33.634253     112.911068
     -35.040065     114.757669
     -36.207844     116.781290
     -37.057430     119.216009
     -37.566555     122.090317
     -38.088430     125.229072
     -38.362935     128.467414
     -38.548451     132.031556
     -38.950690     135.944986
     -39.524259     139.596361
     -40.273219     142.692626
     -40.907707     145.086390
     -41.216565     146.889162
     -41.411054     148.421378
     -41.679803     149.604160
     -41.994257     150.315578
     -42.508076     150.795792
     -43.132150     151.018817
     -43.612729     150.851036
     -43.559593     149.871510
     -43.199634     148.031087
     -42.758810     145.062358
     -42.128937     141.006238
     -41.638489     135.514848
     -41.163507     128.951310
     -40.823957     121.732423
     -40.705599     114.660062
     -40.737669     108.220329
     -41.026296     102.369909
     -41.444840      96.709679
     -42.001999      91.169156
     -42.528165      86.102659
     -43.200416      81.219364
     -43.711326      76.437221
     -44.140833      71.416405
     -44.657999      66.317783
     -45.375318      61.722631
     -45.782138      57.758192
     -45.914822      54.217738
     -46.165755      51.278986
     -46.469426      48.807310
     -46.666980      47.187682
     -46.310703      46.410350
     -45.915016      46.396454
     -45.881002      47.240711
     -45.996896      48.783559
     -46.065307      51.463155
     -45.818808      54.944844
     -45.088409      59.151677
     -44.351890      63.461465
     -43.928843      68.160513
     -43.470651      74.153833
     -42.673035      81.013324
     -41.982658      88.482144
     -42.199568      96.269895
     -42.542833     103.821284
     -43.174057     111.435795
     -43.965280     119.328556
     -44.542280     127.689212
     -44.866394     135.829448
     -45.032267     143.876962
     -44.755688     151.538266
     -43.796373     159.342482
     -42.827100     166.967873
     -42.139355     173.509118
     -41.934331     178.680896
     -42.302823    -177.879584
     -42.810698    -175.897841
     -42.984439    -174.257916
     -43.004994    -172.382250
     -42.959809    -170.403498
     -43.044297    -168.930324
     -43.062326    -167.775363
     -42.781124    -166.732424
     -42.164228    -165.520286
     -41.155148    -163.987137
     -40.280995    -161.838342
     -39.792609    -159.180588
     -39.716354    -156.878884
     -39.445364    -155.156748
     -39.300146    -153.808701
     -40.091530    -153.010857
     -41.498879    -152.520307
     -42.980432    -151.368503
     -44.141338    -149.425538
     -45.120863    -147.132761
     -46.282411    -144.882483
     -46.926365    -142.470329
     -46.846656    -140.175075
     -46.466089    -138.400018
     -45.928844    -136.949351
     -45.131690    -135.239416
     -44.167512    -132.769707
     -43.655344    -130.639427
     -43.128760    -129.023349
     -42.373731    -127.872429
     -41.569753    -126.530443
     -40.974223    -125.104052
     -40.493832    -124.004053
     -39.985686    -123.182711
     -39.356317    -122.062205
     -38.979400    -121.086254
     -38.400700    -120.266699
     -38.072669    -119.744259
     -37.860643    -119.591039
     -37.069500    -119.939035
     -35.198531    -120.999479
     -31.083884    -123.389241
     -25.924613    -125.877377
     -21.109352    -126.870901
     -17.004073    -127.208076
     -13.360066    -127.440989
     -10.447397    -127.647821
      -7.729460    -127.923875
      -5.497801    -128.245138
      -4.037181    -128.692703
      -2.913563    -129.293400
      -2.162521    -129.936849
      -1.681098    -130.370581
      -1.220279    -130.867202
      -0.735853    -131.523696
      -0.595334    -132.698173
      -0.381976    -134.495923
      -0.046878    -136.730085
       0.689585    -139.519591
       1.906680    -142.633652
       2.959435    -145.985814
       3.769393    -149.558388
       4.789664    -153.256185
       5.912611    -156.996336
       7.825293    -160.329129
       9.683550    -163.535007
      11.353698    -167.340776
      12.667917    -171.155094
      13.850071    -174.992978
      14.957771    -178.782505
      15.828834     177.529684
      16.259840     173.893678
      16.329973     170.373249
      15.982759     166.962123
      15.558039     163.582683
      15.060043     160.096535
      14.495480     156.408287
      13.748788     152.440215
      13.015400     148.338391
      12.534807     143.873436
      11.989839     138.740155
      11.136390     133.080071
      10.462911     126.854805
       9.967060     119.482669
       9.667727     112.058437
       9.255934     105.323746
       8.550355      99.551747
       7.948488      94.505038
       7.269629      89.895013
       6.595161      85.387229
       6.013936      80.763100
       5.707902      76.069948
       5.581325      71.581742
       5.397614      66.971820
       5.055897      62.445099
       4.777220      57.577210
       4.698642      52.409196
       4.879742      46.707570
       5.176033      40.816472
       5.513535      35.465446
       5.789945      31.021493
       6.050835      27.283328
       6.257774      24.174904
       6.336753      21.459779
       6.223174      18.960564
       6.095943      16.679752
       6.020991      14.577399
       5.944790      12.719116
       5.818647      11.120966
       5.739314       9.782649
       5.627342       8.529719
       5.515452       7.347442
       5.388285       6.177222
       5.284747       5.142408
       5.242634       4.444646
       5.202688       4.085329
       5.106161       3.950137
       4.973441       3.842833
       5.009879       3.743873
       5.078370       3.835709
       4.890537       4.147780
       4.522667       4.716934
       3.956211       5.283551
       3.492275       5.618510
       3.188824       5.658676
       2.857260       5.319395
       2.498861       4.455734
       2.104406       2.978302
       1.618061       1.027152
       1.073340      -1.372955
       0.479897      -4.246791
      -0.184746      -7.381224
      -0.546122     -10.558733
      -0.768282     -13.589250
      -0.824351     -16.502103
      -0.891533     -19.356664
      -0.959123     -22.148680
      -1.325151     -24.788203
      -1.962947     -27.342740
      -2.769631     -29.956017
      -3.587924     -32.793262
      -4.536958     -35.896820
      -5.301762     -39.269236
      -5.835225     -42.577109
      -6.031607     -45.877602
      -5.767764     -48.987938
      -5.496921     -51.945705
      -5.293897     -54.657313
      -5.177598     -57.213098
      -5.175353     -59.574131
      -5.245438     -61.757869
      -5.012256     -63.989656
      -4.373788     -66.494452
      -3.348689     -69.158365
      -2.243386     -71.927737
      -1.071054     -74.791322
       0.426033     -77.555396
       1.946651     -80.066297
       3.296091     -82.082171
       4.185121     -83.361200
       4.839488     -83.910131
       5.152840     -83.827182
       5.285361     -83.287975
       5.280791     -82.568349
       5.106212     -81.885529
       4.824020     -80.960179
       4.719274     -79.445113
       4.811145     -76.902723
       5.020813     -73.153514
       5.327390     -68.117417
       5.493380     -61.741617
       5.565094     -54.390925
       6.057575     -46.639125
       6.034530     -38.986297
       6.142537     -31.704317
       6.428937     -24.828458
       6.358207     -18.127605
       6.167266     -11.556738
       5.710847      -5.297967
       5.269634       0.331331
       4.753900       5.314438
       4.286921      10.330788
       3.831036      15.158350
       3.289983      19.601672
       2.453814      23.139362
       1.525011      24.983746
       0.886120      24.480984
       0.555730      22.091671
       0.524597      17.797715
       0.331947      12.378962
      -0.070116       6.934478
      -0.445159       2.627647
      -0.375540      -0.432567
      -0.298688      -2.702607
      -0.522545      -4.511558
      -0.886626      -5.966741
      -0.943506      -7.052645
      -0.830152      -7.594632
      -0.666855      -7.687120
      -0.630384      -7.522205
      -0.683754      -7.288766
      -0.844779      -7.011612
      -0.983350      -6.759503
      -0.996988      -6.654055
      -0.844373      -6.723426
      -0.799177      -6.810053
      -0.715276      -6.888861
      -0.560883      -6.862839
      -0.417107      -6.717336
      -0.214331      -6.503001
      -0.041673      -6.142597
       0.062425      -5.629918
      -0.052992      -4.957955
      -0.285932      -3.737354
      -0.443097      -1.731787
      -0.438974       0.804943
      -0.192282       3.703893
      -0.019247       7.028211
       0.069459      10.571503
       0.125584      14.352009
       0.271720      18.504013
       0.640338      23.337048
       1.235039      28.884908
       1.938875      34.990669
       2.664226      41.391432
       3.567934      47.862338
       4.579735      54.377019
       5.602479      60.926278
       6.407098      67.484319
       6.843892      73.835047
       6.438998      79.684554
       3.969255      84.678318
      -0.391933      88.271505
      -5.883142      90.782731
     -12.261537      92.612052
     -18.668966      93.849650
     -23.269108      94.779819
     -25.251572      95.340990
     -25.368945      96.217507
     -24.436719      98.785357
     -22.089915     103.526745
     -18.470623     110.045298
     -13.709370     117.567448
      -9.182624     125.400826
      -5.636417     132.879748
      -2.882033     139.362689
      -0.683597     144.977923
       1.202926     150.115430
       2.849594     154.482661
       4.322583     158.155096
       5.387330     161.185004
       6.138055     163.438430
       6.777022     164.987529
       7.459024     166.102313
       8.038700     167.083762
       8.602702     168.286594
       8.875674     170.042719
       8.936281     172.257910
       8.991805     174.792596
       9.403367     177.229676
       9.932651     179.319808
      10.585097    -178.821847
      10.920343    -176.786851
      11.128078    -174.824478
      11.322346    -172.920661
      11.324938    -171.230611
      11.093313    -169.618875
      10.755076    -167.868832
      10.687059    -166.936711
      10.778473    -166.979355
      11.046648    -167.431020
      11.489282    -168.082172
      12.063889    -168.721084
      12.580991    -168.989891
      12.804662    -168.917133
      13.055432    -169.004404
      13.518884    -169.525387
      14.327739    -170.371636
      15.525348    -171.203081
      17.262431    -172.001673
      18.930436    -172.653583
      20.042969    -172.849748
      20.940950    -172.975312
      21.465673    -173.496878
      21.391978    -174.384179
      21.541448    -175.502324
      21.981271    -176.820967
      22.725643    -178.648140
      23.975054     178.461514
      25.677674     174.748922
      28.226740     171.033979
      30.389803     167.053201
      32.342783     162.313980
      33.778585     156.718952
      34.943199     150.345128
      35.724631     143.379564
      35.969746     136.378699
      35.690375     129.579430
      35.362943     122.763443
      34.855732     115.605414
      34.024209     108.212140
      32.873677     100.218111
      31.742273      91.707936
      31.475336      82.921425
      31.971886      74.192344
      32.750241      65.926045
      33.304381      58.564706
      33.674086      51.825999
      33.632077      45.698830
      33.425161      40.049917
      33.086932      34.952394
      32.943038      30.278856
      32.899784      25.997810
      32.783351      21.901081
      32.567772      18.018254
      32.605324      14.162218
      32.582608      10.262716
      32.880732       6.212004
      33.329196       2.061554
      33.905999      -2.090832
      35.027034      -6.179664
      36.704880      -9.872045
      38.539206     -13.207559
      40.407139     -16.129914
      42.022631     -18.398457
      43.093605     -19.560783
      43.699519     -20.202820
      43.928503     -20.626979
      44.076302     -21.209681
      44.255356     -22.084383
      44.553432     -23.429922
      45.118182     -25.062532
      45.802722     -26.833238
      46.554016     -28.614403
      47.186046     -30.158628
      47.597698     -31.416291
      47.731140     -32.406896
      47.639653     -33.361000
      47.675595     -34.277241
      47.763371     -35.103870
      47.958681     -35.803961
      48.106787     -36.375497
      48.144963     -36.999743
      48.197292     -37.747963
      48.341614     -38.569370
      48.591853     -39.081191
      48.882565     -39.330988
      49.066073     -39.498604
      49.172320     -39.718855
      49.231673     -39.960852
      49.299152     -40.105304
      49.287971     -39.919382
      49.193002     -39.420588
      48.979594     -38.420660
      48.754228     -37.328233
      48.552307     -36.305286
      48.450761     -35.329053
      48.416354     -34.337465
      48.402468     -33.178839
      48.355607     -31.870420
      48.315629     -30.557050
      48.370343     -29.453005
      48.448571     -28.550618
      48.408204     -27.793165
      48.300567     -27.054633
      48.265810     -26.394061
      48.302724     -25.825682
      48.290965     -25.308026
      48.102872     -24.778066
      47.860919     -24.258581
      47.594745     -23.604022
      47.360068     -22.729658
      47.252558     -21.542710
      47.185633     -19.998053
      47.151396     -18.431084
      47.033331     -16.877523
      46.793812     -15.114718
      46.445087     -13.010193
      46.051100     -10.636863
      45.564062      -8.134194
      44.978577      -5.501648
      44.307982      -2.795706
      43.576510      -0.213108
      42.895968       2.320751
      42.067811       4.966838
      40.442277       7.605344
      37.530084      10.018888
      33.253633      12.273795
      28.044004      14.668013
      22.285153      17.278408
      16.513566      19.750449
      10.974793      21.939031
       5.513680      23.658449
       0.591841      25.021333
      -3.702474      26.087201
      -7.181978      26.906530
      -9.832741      27.656647
     -11.733159      28.545574
     -13.228859      29.926011
     -14.801168      31.963107
     -16.485354      35.142723
     -17.860776      39.773606
     -18.923557      45.045847
     -19.810711      50.185418
     -20.665437      54.736099
     -21.413810      58.625671
     -22.201884      61.995387
     -23.147114      64.984894
     -23.874487      67.645669
     -23.687179      69.846547
     -23.376171      71.887385
     -23.122530      73.799217
     -22.972659      75.659408
     -22.606845      77.579520
