       6.594540       9.760153
       6.576070       9.706384
       6.534188       9.661068
       6.495530       9.616597
       6.502551       9.591216
       6.468039       9.571723
       6.424648       9.572914
       6.407737       9.584699
       6.409235       9.605126
       6.411331       9.632304
       6.387983       9.649771
       6.338147       9.623805
       6.264244       9.487059
       6.124605       9.086217
       6.043819       8.431702
       5.982866       7.681874
       5.913450       6.809665
       5.838888       5.756496
       5.809386       4.639389
       5.838234       3.598314
       6.030750       2.872814
       6.477416       2.627038
       6.955859       2.848504
       7.281952       3.400227
       7.418244       4.176538
       7.321416       5.170206
       7.083620       6.232874
       6.802993       7.365100
       6.535260       8.523965
       6.258732       9.688175
       5.985796      10.907781
       5.791286      12.168174
       5.606884      13.493232
       5.375502      14.890056
       5.057162      16.414551
       4.705658      18.120063
       4.354412      20.042695
       4.095979      22.257475
       3.952829      24.699999
       3.883829      27.326787
       3.838023      30.101662
       3.837281      33.110858
       3.866265      36.083752
       3.893249      39.097321
       3.894744      42.083874
       3.845065      45.036288
       3.697506      47.985342
       3.490999      50.938286
       3.314803      53.826388
       3.184070      56.678826
       3.156345      59.536373
       3.281569      62.552390
       3.476575      65.756399
       3.774529      69.118828
       4.067470      72.342508
       4.366425      75.377900
       4.713241      78.187615
       5.131142      80.715516
       5.571255      82.871748
       6.061214      84.486154
       6.503797      85.498912
       6.899228      85.984973
       7.281455      86.034330
       7.596480      85.811296
       7.846568      85.451517
       8.093131      85.069191
       8.289420      84.658064
       8.443844      84.110007
       8.550351      83.310832
       8.563581      82.263852
       8.483369      80.896994
       8.267803      79.222583
       7.891880      77.141422
       7.498142      74.623696
       7.156160      72.074677
       6.927557      70.003341
       6.656852      68.482306
       6.366475      67.275642
       6.045788      66.247861
       5.791339      65.460450
       5.580531      64.913282
       5.436523      64.563654
       5.330621      64.190548
       5.296013      63.585440
       5.284499      62.927726
       5.183298      62.242604
       5.022662      61.582739
       4.918128      60.901143
       4.937277      60.386828
       5.003502      60.303370
       5.134233      60.800078
       5.305013      61.689491
       5.538710      62.653897
       5.737929      63.513037
       5.819420      64.259313
       5.904281      65.058114
       5.962110      66.005554
       5.988716      67.187729
       5.983878      68.576105
       5.895375      70.091365
       5.727306      71.508766
       5.465127      73.000999
       5.183435      74.503028
       4.990844      75.952078
       4.838285      77.311583
       4.711811      78.581383
       4.575454      79.859509
       4.376190      81.030251
       4.094887      81.818541
       3.900828      82.105096
       3.778858      82.013492
       3.733941      81.788962
       3.831776      81.736817
       4.052688      82.006042
       4.290339      82.368327
       4.420983      82.763028
       4.454934      83.085641
       4.373548      83.273462
       4.191634      83.402504
       3.941111      83.534663
       3.659508      83.693702
       3.399434      83.785295
       3.237920      83.717054
       3.084499      83.446479
       2.995528      83.035361
       2.934466      82.492686
       2.878426      81.909931
       2.890925      81.445191
       2.994503      81.164086
       3.155477      81.065022
       3.230477      81.056561
       3.191033      81.032543
       3.082633      80.965861
       2.995070      80.854538
       2.979097      80.668476
       3.046925      80.282468
       3.146204      79.459553
       3.328148      78.275206
       3.518949      76.956860
       3.632696      75.588442
       3.681078      74.351246
       3.652585      73.227496
       3.602764      72.188482
       3.593915      71.279194
       3.629790      70.469576
       3.686273      69.729653
       3.742881      68.995484
       3.819990      68.295568
       3.897538      67.660473
       4.016651      67.155314
       4.174301      66.925542
       4.402741      66.982977
       4.613502      67.194102
       4.820757      67.300840
       5.097656      67.162653
       5.393835      66.744657
       5.784598      65.961924
       6.351233      64.747299
       6.989914      63.238639
       7.579917      61.623742
       8.216229      59.823967
       8.899210      57.729633
       9.538431      55.282203
      10.084413      52.656516
      10.577958      49.612221
      11.122588      45.028488
      11.517452      38.454519
      11.681691      31.060842
      11.629346      23.547495
      11.365117      16.071327
      11.082137       9.141077
      10.925063       3.122328
      10.751043      -2.187642
      10.491287      -6.976363
       9.921614     -11.068686
       9.305491     -14.521971
       8.770480     -17.531035
       8.193583     -20.160586
       7.592657     -22.440832
       7.049798     -24.438626
       6.674508     -26.214242
       6.524225     -27.739843
       6.526599     -28.989324
       6.586388     -29.921073
       6.605297     -30.503178
       6.571266     -30.731133
       6.502469     -30.596047
       6.377060     -30.158196
       6.329192     -29.752219
       6.263962     -29.437511
       6.241767     -29.346706
       6.148539     -29.266947
       6.137495     -29.102760
       6.162560     -28.833588
       6.178411     -28.509304
       6.197305     -28.148602
       6.253418     -27.742757
       6.333943     -27.261552
       6.421388     -26.722906
       6.521277     -26.214402
       6.604543     -25.781517
       6.663927     -25.414919
       6.698181     -25.088619
       6.712863     -24.795631
       6.707073     -24.536832
       6.692466     -24.333245
       6.676965     -24.190519
       6.636837     -24.108970
       6.598454     -24.089882
       6.563574     -24.142100
       6.472509     -24.222534
       6.434746     -24.282917
       6.416618     -24.347258
       6.384823     -24.398072
       6.393821     -24.429815
       6.408573     -24.450518
       6.427272     -24.452454
       6.423022     -24.456946
       6.391501     -24.491254
       6.295155     -24.616147
       6.053061     -25.130943
       5.538850     -26.213156
       4.818392     -27.674168
       3.912618     -29.153149
       2.725544     -30.503720
       1.284866     -31.623018
      -0.455227     -32.257180
      -2.411290     -32.347693
      -4.551180     -31.744769
      -6.682740     -30.513973
      -8.745143     -28.675924
     -10.455747     -26.596116
     -12.103821     -24.290795
     -13.489522     -22.015483
     -14.559213     -19.706532
     -15.176808     -17.471448
     -15.472825     -15.188717
     -15.505894     -12.949088
     -15.363072     -10.716076
     -15.044932      -8.572816
     -14.497488      -6.445047
     -13.697390      -4.345442
     -12.787356      -2.245212
     -11.959415      -0.360161
     -11.095021       1.280288
     -10.149980       2.682409
      -9.303043       3.861813
      -8.690565       4.684293
      -8.267988       5.022110
      -7.773188       4.942524
      -7.216684       4.645458
      -6.624869       4.232927
      -6.057540       3.804701
      -5.626553       3.452968
      -5.243267       3.302700
      -4.795020       3.440211
      -4.274730       3.886269
      -3.648145       4.589061
      -2.960095       5.502424
      -2.191154       6.571865
      -1.351112       7.854061
      -0.585711       9.202381
      -0.007885      10.472046
       0.275062      11.435904
       0.255724      11.992173
       0.013617      12.140364
      -0.275187      11.966278
      -0.397058      11.634198
      -0.440673      11.304546
      -0.479168      11.155294
      -0.584470      11.234276
      -0.749727      11.505181
      -0.990161      11.889316
      -1.267677      12.307729
      -1.426600      12.663256
      -1.507162      12.888663
      -1.583133      12.956670
      -1.610445      12.929395
      -1.613841      12.877036
      -1.609903      12.850428
      -1.606681      12.886582
      -1.501451      13.022888
      -1.310615      13.241075
      -1.134238      13.545376
      -1.044942      13.864861
      -1.022788      14.136419
      -1.031272      14.298187
      -0.985848      14.499819
      -0.905790      15.023415
      -0.762956      16.162690
      -0.480273      18.476321
      -0.082317      22.477768
       0.299777      27.427050
       0.750830      32.757854
       1.089883      38.134259
       1.152372      43.553512
       0.755745      48.832154
      -0.267904      53.818486
      -1.937747      58.400883
      -4.093130      62.602762
      -6.583981      66.584604
      -9.212950      70.519205
     -11.897309      74.382681
     -14.455684      78.098751
     -16.513518      81.333169
     -18.207684      83.996741
     -19.599372      86.330123
     -20.767343      88.498124
     -21.559836      90.661053
     -21.872733      92.506722
     -21.764494      93.989766
     -21.495306      94.992450
     -21.253773      95.645243
     -21.062288      96.204015
     -20.770220      96.769207
     -20.347610      97.371449
     -19.743799      98.101081
     -19.119777      98.982776
     -18.487837     100.009085
     -17.848999     101.060426
     -17.328062     101.979647
     -16.861968     102.746066
     -16.209605     103.322915
     -15.251799     103.830765
     -14.227163     104.365805
     -13.264097     105.002862
     -12.418663     105.599091
     -11.660772     106.004536
     -11.031114     106.251292
     -10.461062     106.400976
     -10.012464     106.507714
      -9.650082     106.584435
      -9.290013     106.584707
      -8.937847     106.539051
      -8.600382     106.502429
      -8.338471     106.557576
      -8.148153     106.659428
      -7.974038     106.778862
      -7.813900     106.864773
      -7.717202     106.931169
      -7.613087     107.065028
      -7.423354     107.165462
      -7.068517     107.010940
      -6.566636     106.592148
      -5.950494     105.857970
      -5.385629     104.774067
      -4.819341     103.209717
      -4.182532     100.902991
      -3.641548      98.204914
      -3.222651      95.453439
      -2.884087      92.849084
      -2.541044      90.456378
      -2.247374      88.274953
      -2.051015      86.052068
      -1.938841      83.592375
      -2.120070      80.292037
      -2.138576      76.327147
      -1.967532      72.052320
      -1.604274      67.693336
      -1.338556      63.189467
      -1.193732      58.624977
      -1.085926      53.869344
      -0.824151      49.020232
      -0.422739      44.100500
      -0.077179      39.190355
       0.138852      34.555366
       0.265153      30.241309
       0.356286      26.269592
       0.475542      22.708792
       0.680139      19.715928
       0.891483      17.286842
       1.125741      15.341694
       1.402722      13.764912
       1.811487      12.312433
       2.340804      10.651688
       2.894311       8.601248
       3.358400       6.212190
       3.782381       3.753521
       4.187639       1.238843
       4.637700      -1.244197
       5.164149      -3.687448
       5.658683      -6.055379
       6.066573      -8.095632
       6.369266      -9.736060
       6.645905     -10.964946
       7.261542     -11.969743
       8.176961     -12.746803
       9.191282     -13.467882
      10.243246     -14.050077
      11.583437     -13.907975
      13.071004     -12.228562
      14.469675      -8.994883
      15.945138      -4.858452
      17.315500      -0.322617
      18.474228       4.063698
      19.401653       8.028469
      20.147347      11.359598
      20.444894      13.858884
      20.447185      15.398374
      20.351576      16.048015
      20.113212      15.813978
      19.795961      14.972507
      19.446459      13.805898
      19.202147      12.484069
      19.029899      10.986687
      18.847286       9.291947
      18.536104       7.347853
      18.018973       5.025472
      17.170790       2.233775
      16.078661      -0.986827
      14.978885      -4.463270
      14.041188      -8.171583
      13.185065     -12.030127
      12.433894     -15.889798
      11.780720     -19.576603
      11.147415     -22.923227
      10.535583     -25.902984
       9.926965     -28.562168
       9.481252     -30.786158
       9.247536     -32.597662
       9.059452     -34.148090
       8.861747     -35.455550
       8.712209     -36.606072
       8.622258     -37.649052
       8.531723     -38.658837
       8.376307     -39.659964
       8.221773     -40.611312
       8.100504     -41.515364
       8.032457     -42.301935
       8.032768     -43.020774
       8.029557     -43.683495
       8.013867     -44.264599
       8.029145     -44.750598
       8.029471     -45.205162
       8.009628     -45.630365
       8.024628     -46.052188
