      -8.803971       8.066178
      -8.853853       8.010017
      -8.891597       7.989886
      -8.954977       7.971415
      -8.973966       7.952705
      -8.948380       7.921467
      -8.945997       7.924740
      -8.906966       7.896685
      -8.876885       7.912332
      -8.839333       7.945607
      -8.847959       8.004570
      -8.830514       8.018995
      -8.804028       8.035605
      -8.832221       8.037284
      -8.867729       8.046773
      -8.838116       8.022797
      -8.777644       7.985519
      -8.726825       7.883897
      -8.666503       7.794273
      -8.675631       7.642545
      -8.723822       7.408293
      -8.766945       7.054420
      -8.849311       6.821057
      -9.134923       6.833221
      -9.416236       7.059027
      -9.859777       7.533888
     -10.866719       7.699241
     -12.347379       7.379956
     -13.866710       6.948475
     -14.939193       6.878707
     -16.179381       6.714308
     -17.591078       6.280843
     -18.591621       5.789306
     -19.132292       5.258105
     -19.224360       4.885837
     -19.160441       4.711300
     -19.060198       4.675640
     -19.018058       4.577691
     -19.160361       4.432198
     -19.192122       4.219864
     -19.326224       4.119463
     -18.752459       4.087396
     -18.498473       4.274045
     -18.668869       4.353346
     -18.533095       4.586545
     -18.412715       5.028774
     -18.294458       5.235181
     -18.048466       5.212654
     -17.615485       5.100068
     -17.286835       4.981230
     -16.859354       4.946745
     -16.463458       5.101879
     -16.075938       5.197238
     -15.900621       5.333060
     -15.688058       5.372510
     -15.445923       4.948253
     -15.240275       4.528801
     -14.849373       4.122113
     -14.057609       3.336087
     -12.830097       2.249770
     -11.675896       1.542077
     -11.307794       1.185617
     -11.148818       0.939095
     -11.263243       0.766801
     -11.322460       0.810661
     -11.430600       1.014135
     -11.625326       1.269537
     -11.887289       1.591259
     -12.074491       1.618862
     -12.196646       1.782777
     -12.287111       2.071447
     -12.299074       2.379102
     -12.291013       2.622551
     -12.216521       2.834267
     -12.119363       3.048759
     -12.158249       3.232871
     -12.164964       3.354983
     -12.209590       3.419484
     -12.248666       3.441244
     -12.368175       3.452355
     -12.362136       3.403856
     -12.341377       3.371581
     -12.362605       3.231851
     -12.379252       3.079470
     -12.417415       2.820606
     -12.453687       2.620827
     -12.375028       2.466534
     -12.376945       2.380566
     -12.417742       2.384273
     -12.483781       2.325485
     -12.575493       2.240788
     -12.696542       2.244013
     -12.651838       2.346858
     -12.563936       2.479129
     -12.631980       2.644218
     -12.764313       2.778601
     -12.935198       3.047884
     -13.086377       3.310680
     -13.198432       3.603678
     -13.349427       3.803809
     -13.416236       3.882459
     -13.467075       3.898893
     -13.534755       3.914104
     -13.633599       3.904041
     -13.768477       3.886137
     -13.879641       3.869898
     -13.924997       3.918324
     -13.944914       3.975930
     -13.977499       3.992715
     -13.992584       3.912743
     -13.990292       3.910002
     -13.999441       3.908563
     -14.012377       3.904790
     -14.016055       3.927351
     -14.053387       3.975642
     -14.068900       4.058316
     -14.107136       4.068207
     -14.166458       4.099987
     -14.288832       4.046411
     -14.394742       3.989999
     -14.492700       4.009575
     -14.559897       4.073665
     -14.637163       4.175442
     -14.687823       4.218431
     -14.669431       4.233517
     -14.681736       4.258299
     -14.703446       4.319426
     -14.687819       4.380194
     -14.674023       4.437951
     -14.658709       4.472552
     -14.689492       4.457045
     -14.710417       4.402572
     -14.719859       4.361151
     -14.719815       4.359047
     -14.729962       4.361718
     -14.745178       4.379324
     -14.763589       4.398547
     -14.811847       4.449825
     -14.806266       4.449896
     -14.764082       4.376976
     -14.717288       4.288516
     -14.613524       4.216019
     -14.389590       4.130519
     -14.090564       3.961804
     -13.727460       3.560157
     -13.374595       3.196936
     -13.003325       2.750774
     -12.828773       2.421365
     -12.723749       2.116940
     -12.400590       1.769606
     -11.914658       1.414947
     -11.176178       1.022026
     -10.581182       0.605651
     -10.401490       0.503346
     -10.647920       0.728627
     -10.718472       1.026019
     -10.757439       1.356054
     -10.725420       1.550001
     -10.779477       1.649368
     -10.798223       1.669469
     -10.916224       1.522918
     -10.952846       1.544306
     -11.178690       1.429924
     -11.327926       1.302909
     -11.481510       1.282148
     -11.615206       1.395291
     -11.589817       1.522654
     -11.696981       1.802907
     -11.950768       2.121544
     -12.109488       2.622257
     -11.937488       3.053297
     -11.665159       3.424374
     -11.400710       3.838948
     -11.568484       3.741173
     -11.740597       3.410415
     -11.884426       2.821992
     -12.021472       2.293535
     -12.216135       2.266389
     -12.289600       2.516879
     -12.552302       2.652895
     -12.648172       2.579523
     -12.685966       2.472548
     -12.726240       2.330037
     -12.761700       2.201788
     -12.860314       2.386763
     -12.893740       2.555303
     -12.915227       2.620241
     -12.873041       2.514921
     -12.882259       2.492341
     -12.921258       2.895232
     -12.925554       3.124521
     -12.938523       3.298399
     -12.906831       3.198636
     -13.063108       3.125981
     -13.166720       3.190691
     -13.264276       3.515048
     -13.292183       3.987050
     -13.214570       4.503984
     -13.090821       4.893526
     -12.966499       5.087948
     -12.766384       5.223167
     -12.563931       5.282869
     -12.425683       5.319261
     -12.300613       5.179740
     -12.317041       4.952227
     -12.225186       5.106573
     -12.083009       5.394372
     -11.927969       5.591974
     -11.869240       5.675697
     -11.924366       5.666874
     -12.000517       5.589777
     -12.074921       5.467687
     -12.205107       5.461618
     -12.348041       5.518368
     -12.439077       5.529005
     -12.454076       5.504352
     -12.475129       5.427427
     -12.470199       5.259541
     -12.390166       5.077072
     -12.137925       4.846963
     -11.863867       4.606479
     -11.660225       4.282149
     -11.600127       4.149392
     -11.560489       4.197710
     -11.581417       4.199433
     -11.667123       4.164398
     -11.713532       4.100571
     -11.643765       4.084359
     -11.447501       4.223413
     -11.264462       4.377120
     -11.155699       4.450030
     -11.108798       4.486796
     -11.058351       4.528639
     -11.020434       4.656298
     -11.076935       4.654941
     -11.101133       4.496376
     -11.040348       4.119129
     -11.145518       3.243878
     -11.349889       2.055808
     -11.509306       1.243868
     -11.762584       1.175744
     -11.876956       1.394593
     -12.086481       1.693785
     -12.317318       1.865966
     -12.374066       1.972813
     -12.275337       2.236488
     -12.206192       2.425156
     -12.200429       2.452366
     -12.214799       2.362402
     -12.251112       2.236621
     -12.293090       2.180464
     -12.283310       2.180143
     -12.283270       2.211074
     -12.351244       2.278474
     -12.519983       2.294072
     -12.606092       2.253098
     -12.671090       2.233100
     -12.684941       2.244034
     -12.700435       2.309371
     -12.678472       2.352580
     -12.623406       2.439017
     -12.574328       2.520995
     -12.577452       2.599328
     -12.561558       2.601703
     -12.528279       2.617411
     -12.460133       2.609045
     -12.440151       2.635012
     -12.427085       2.603122
     -12.503099       2.608864
     -12.510043       2.592072
     -12.549595       2.618623
     -12.588268       2.629875
     -12.629971       2.662074
     -12.655987       2.685505
     -12.709136       2.691543
     -12.765166       2.721187
     -12.846874       2.680180
     -12.894330       2.629966
     -12.931552       2.563446
     -12.943031       2.525572
     -12.924901       2.478631
     -12.963395       2.427080
     -12.999963       2.383429
     -13.092082       2.307114
     -13.138592       2.228159
     -13.223399       2.137074
     -13.242127       2.216475
     -13.170789       2.494882
     -13.478104       2.698353
     -13.434488       2.470036
     -13.249319       2.447869
     -13.064617       2.669136
     -13.216386       2.838377
     -13.370582       2.792228
     -13.391889       2.767120
     -13.353102       2.678773
     -13.122238       2.348353
     -12.770448       2.275117
     -12.735228       2.609149
     -13.193259       2.835046
     -13.709332       2.461647
     -13.903629       2.078444
     -14.444060       1.647737
     -14.844723       1.165756
     -14.663961       0.841315
     -14.524562       0.901978
     -14.892247       0.909860
     -15.414636       0.639288
     -15.558099       0.465159
     -15.754052       0.573104
     -15.981041       0.888887
     -16.164125       1.120450
     -16.092064       1.038566
     -16.183315       0.910046
     -16.411956       0.759782
     -16.455181       0.517295
     -16.510526       0.312445
     -16.527380       0.212836
     -16.523896       0.263117
     -16.661623       0.552377
     -16.818881       0.873124
     -16.731414       0.516624
     -16.440282      -0.327552
     -15.959548      -0.899772
     -15.553611      -0.863020
     -14.665459      -0.345768
     -13.948061       0.401162
     -13.217962       1.077799
     -12.178105       1.270904
     -11.548999       1.399600
     -11.072571       1.296157
     -10.837607       1.058300
     -10.769574       1.052071
     -10.864980       0.831587
     -10.847574      -0.625500
     -11.039162      -1.949184
     -11.252152      -1.734993
     -10.830244      -1.453233
     -10.721614      -1.418106
     -11.583813      -1.412761
     -12.573156      -1.556669
     -13.124212      -1.737579
     -14.236079      -1.984278
     -15.123237      -2.526282
     -15.839229      -2.988179
     -16.580699      -3.466915
     -17.203925      -3.824153
     -18.071004      -4.204332
     -18.958593      -4.639775
     -19.384570      -4.939892
     -19.546518      -5.253731
     -19.578096      -5.359705
     -19.500290      -5.446030
     -19.438076      -5.525424
     -19.426012      -5.329391
     -19.512195      -4.974223
     -19.532580      -4.599094
     -19.738574      -4.323801
     -19.238979      -4.220303
     -19.095514      -4.058947
     -19.021397      -3.990642
     -18.851781      -3.856811
     -18.586849      -3.751047
     -18.614619      -3.464381
     -18.357228      -3.104219
     -18.701516      -2.942299
     -19.322604      -3.069867
     -19.831502      -3.403265
     -20.083766      -3.673754
     -19.767084      -3.466177
     -19.162139      -3.064502
     -18.625168      -2.373735
     -17.502194      -1.617565
     -16.515600      -0.977271
     -16.306142      -0.172956
     -15.492415       0.186484
     -14.923559       0.461333
     -14.989785       0.661357
     -15.572284       1.090482
     -16.333861       1.535400
     -15.835942       1.546790
     -15.645203       1.541725
     -14.928146       1.592960
     -14.505489       1.912954
     -14.600318       2.140817
     -14.313222       1.966551
     -14.386756       1.894014
     -14.814057       1.825965
     -14.617274       1.870258
     -14.545458       2.101258
     -14.912582       2.026105
     -15.226706       1.861070
     -14.898222       2.003182
     -14.375376       2.544408
     -13.835796       3.157060
     -13.316335       3.572269
     -12.902499       3.785477
     -12.412554       3.910719
     -11.721882       3.909830
     -11.051327       3.962478
     -11.009473       3.946044
     -11.273762       3.914025
     -11.495530       4.327384
     -11.372067       4.658592
     -10.608033       4.557717
     -10.507501       4.299531
     -10.429248       4.191768
      -9.727240       4.299148
      -9.159561       4.466561
     -10.381444       4.609976
     -11.827072       4.647506
     -12.713800       4.498747
     -13.355961       4.204298
     -14.083734       4.093967
     -14.750784       4.245942
     -14.872555       4.148372
     -14.594677       3.688222
     -13.988002       3.291574
     -13.514205       3.083446
     -13.511950       3.123060
     -13.693303       3.276888
     -13.729094       3.551810
     -14.062369       3.761470
     -14.216991       3.798685
     -14.036704       3.966418
     -13.739176       4.191463
     -13.648220       4.512373
     -14.697406       4.856794
     -16.432573       5.125461
     -16.866798       5.332548
     -16.565159       5.707568
     -16.332546       6.168575
     -16.663388       6.527535
     -16.491808       6.710772
     -16.485619       6.926004
     -16.913831       7.029813
     -17.281918       7.041805
     -17.776131       6.934006
     -18.498451       6.845359
     -19.095170       6.650573
     -19.186912       6.651286
     -19.430669       6.725552
     -20.101096       6.676016
     -20.788446       6.599586
     -20.841121       6.451724
     -21.088052       6.336628
     -21.351557       6.039626
     -21.596296       5.456991
     -21.511213       4.595429
     -21.579250       3.672154
     -21.489951       2.758052
     -21.245215       2.146207
     -21.307859       1.754891
     -21.029804       1.074835
     -20.857443       0.771548
     -21.228539       0.159186
     -21.201373      -0.133327
     -21.155577      -0.097426
     -21.035135      -0.063489
     -20.912565      -0.090916
     -20.983684       0.004668
     -20.964496       0.193759
     -20.917374       0.097797
     -20.778035       0.090418
     -20.752866      -0.085991
     -20.787103      -0.123523
     -20.765820      -0.387155
     -20.578662      -0.670581
     -20.552655      -0.764776
     -20.527512      -0.821276
     -20.487444      -1.041995
     -20.426256      -1.310159
     -20.355897      -1.646174
     -20.206217      -2.047993
     -20.061958      -2.039469
     -20.008042      -1.560406
     -20.008651      -1.132053
     -20.119950      -0.858812
     -20.300212      -0.703370
     -20.309473      -0.670897
     -20.206348      -0.866452
     -20.131026      -1.025304
     -20.209526      -0.947842
     -20.401873      -0.645161
     -20.636681      -0.429276
     -20.796805      -0.252373
     -20.834134       0.145576
     -20.629471       0.471987
     -20.376486       0.599373
     -20.136391       0.666688
     -20.021762       0.726546
     -19.967943       0.837133
     -19.903528       0.954794
     -19.900275       1.011163
     -19.942575       0.980102
     -20.000493       0.945104
     -19.986011       0.973351
     -19.963886       1.086607
     -19.958751       1.171472
     -19.956000       1.223517
     -19.942071       1.237360
     -19.933498       1.235710
     -19.872336       1.239909
     -19.833427       1.232330
     -19.791526       1.213204
     -19.792868       1.171305
     -19.805830       1.150457
     -19.779783       1.135949
     -19.718213       1.115674
     -19.659273       1.118480
     -19.602694       1.150241
     -19.626083       1.237815
     -19.598949       1.354154
     -19.614928       1.509348
     -19.677826       1.659365
     -19.814131       1.734532
     -19.901829       1.679049
     -20.035863       1.556912
     -20.143006       1.568738
     -20.212245       1.640136
     -20.221714       1.777872
     -20.272997       1.879113
     -20.338898       1.932381
     -20.336113       2.007478
     -20.321658       2.049401
     -20.340464       2.062053
     -20.370481       2.086511
     -20.405001       2.118529
     -20.439440       2.188004
     -20.486148       2.246151
     -20.538895       2.288694
     -20.554510       2.354589
     -20.518869       2.417310
     -20.532277       2.474838
     -20.521419       2.515386
     -20.486791       2.464319
     -20.622526       2.336709
     -20.634221       2.296334
     -20.707227       2.410932
     -20.659798       2.514690
     -20.715734       2.574316
     -20.737647       2.614531
     -20.813885       2.632311
     -20.864925       2.687418
     -20.895417       2.773539
     -20.923336       2.873800
     -20.951550       2.938520
     -20.972200       2.925770
     -20.989743       2.925588
     -20.957565       2.912041
     -20.938062       2.922673
     -20.900801       2.909282
     -20.868495       2.875107
     -20.854310       2.889107
     -20.815405       2.916934
     -20.777683       2.954104
     -20.767071       2.972724
     -20.758554       2.994903
     -20.774451       3.032232
     -20.743589       3.082619
     -20.735565       3.132758
     -20.780435       3.183099
     -20.849888       3.050779
     -20.871244       2.856895
     -20.977229       3.097515
     -21.181882       3.525843
     -21.282563       3.781935
     -21.140513       3.834630
     -20.960497       3.936455
     -20.776112       4.156038
     -20.604489       4.377252
     -20.446206       4.394379
     -20.319271       4.372211
     -20.257672       4.263687
     -20.224278       4.254327
     -20.278303       4.388040
     -20.296026       4.637994
     -20.227694       4.752109
     -20.163793       4.874365
     -20.234102       5.102777
     -20.078609       5.090749
     -19.831922       4.878804
     -19.357168       4.762700
     -18.943012       4.885534
     -18.358929       4.805097
     -17.788607       4.868606
     -17.131443       4.762088
     -16.625097       4.776430
     -16.608221       4.619774
     -16.928362       4.658082
     -17.744485       4.986580
     -18.770272       5.305517
     -19.721454       5.481934
     -20.890211       5.503849
     -22.038848       5.264454
     -22.863141       5.004611
     -23.392661       4.766582
     -23.908006       4.764802
     -24.362438       4.723142
     -24.853872       4.625767
     -25.316081       4.526798
     -25.656983       4.522429
     -25.867033       4.497916
     -25.957048       4.478248
     -25.937892       4.499996
     -25.713398       4.426941
     -25.262943       4.308118
     -24.594089       4.085965
     -24.219744       4.015319
     -24.039238       4.072723
     -23.740035       4.045059
     -23.594725       4.133184
     -23.364956       4.118498
     -22.964723       4.126368
     -22.320774       4.100024
     -21.688445       4.109605
     -21.577975       3.963999
     -21.597340       3.771515
     -21.517830       3.596488
     -21.464461       3.448101
     -21.394722       3.333311
     -21.425596       3.198713
     -21.383798       3.059561
     -21.321029       2.980853
     -21.234984       3.008817
     -21.100755       3.063535
     -21.011097       3.021000
     -20.887112       2.999341
     -20.758090       3.036249
     -20.585340       3.176721
     -20.491296       3.377174
     -20.533640       3.474341
     -20.643549       3.466316
     -20.799503       3.446510
     -20.900622       3.452493
     -20.977613       3.450992
     -21.010558       3.475009
     -21.022450       3.599175
     -20.960108       3.714266
     -20.788597       3.845692
     -20.557658       4.064866
     -20.369622       4.314208
     -20.383026       4.314219
     -20.468203       4.244007
     -20.536413       4.118433
     -20.573268       4.000184
     -20.602825       3.924325
     -20.649749       3.905849
     -20.700532       3.901925
     -20.748495       3.939973
     -20.839377       3.911370
     -20.922993       3.901641
     -21.085344       3.871982
     -21.333312       3.850297
     -21.712619       3.889962
     -22.246916       3.962934
     -22.732494       3.908357
     -23.047880       3.734368
     -23.131411       3.448827
     -23.101626       3.217139
     -23.049755       3.062144
     -22.996707       2.899328
     -22.932973       2.649789
     -22.875648       2.377487
     -22.793802       2.063978
     -22.608434       1.684234
     -22.336586       1.169825
     -22.017302       0.438046
     -21.767331      -0.302182
     -21.609312      -0.967790
     -21.428165      -1.631485
     -20.920145      -2.446957
     -20.171058      -3.382680
     -19.571367      -4.414689
     -19.202353      -5.553472
     -18.897342      -6.754272
     -18.577510      -8.110634
     -17.640268     -10.048761
     -16.328468     -12.371527
     -14.942294     -14.992576
     -13.458930     -17.859961
     -11.805646     -20.629641
      -9.999107     -23.454313
      -7.765318     -26.702268
      -5.244358     -29.975652
      -3.088471     -33.083933
      -1.153856     -35.960187
       0.802660     -38.309158
       2.569287     -40.418393
       4.329454     -42.255472
       5.942765     -43.971551
       7.360761     -45.423747
       8.525886     -46.859556
       9.950560     -48.535336
