     -10.962780      10.146460
     -10.977917      10.176484
     -10.963333      10.168615
     -10.929710      10.178218
     -10.895449      10.205241
     -10.911071      10.220235
     -10.927801      10.223630
     -10.972921      10.229600
     -10.999121      10.209800
     -11.053431      10.204117
     -11.059365      10.216397
     -11.095151      10.230820
     -11.146626      10.208601
     -11.173414      10.221818
     -11.181363      10.252647
     -11.208977      10.261216
     -11.196600      10.269496
     -11.182431      10.306584
     -11.161589      10.344549
     -11.136463      10.423673
     -11.036983      10.561554
     -10.845387      10.852835
     -10.640726      11.277330
     -10.538873      11.696380
     -10.534624      11.970603
     -10.560766      12.158833
     -10.605196      12.285404
     -10.648736      12.370308
     -10.659179      12.409338
     -10.589497      12.417394
     -10.487364      12.409015
     -10.398626      12.424028
     -10.388357      12.413642
     -10.426764      12.347684
     -10.519474      12.259213
     -10.584210      12.184588
     -10.640925      12.146499
     -10.665560      12.131829
     -10.690401      12.111180
     -10.676437      12.054128
     -10.677435      12.010460
     -10.683784      11.974246
     -10.704490      11.931847
     -10.717191      11.901392
     -10.736522      11.876996
     -10.772708      11.848604
     -10.788994      11.820577
     -10.781669      11.796364
     -10.792434      11.777643
     -10.821721      11.733585
     -10.862145      11.705732
     -10.876234      11.701177
     -10.912404      11.689387
     -10.929975      11.659710
     -10.922303      11.640152
     -10.929250      11.617468
     -10.911279      11.599673
     -10.879467      11.572156
     -10.900449      11.549515
     -10.925810      11.548891
     -10.939706      11.598195
     -10.984259      11.637570
     -11.064406      11.665414
     -11.172956      11.687287
     -11.293070      11.711779
     -11.449187      11.723173
     -11.595524      11.713091
     -11.688094      11.701371
     -11.743112      11.708218
     -11.775876      11.699137
     -11.771486      11.697439
     -11.759948      11.706721
     -11.728118      11.721772
     -11.588495      11.762453
     -11.322427      11.821733
     -10.982539      11.859777
     -10.621368      11.886803
     -10.188418      11.928845
      -9.815648      11.991704
      -9.512915      11.988190
      -9.316077      11.960942
      -9.104425      11.968287
      -8.858833      11.990926
      -8.542867      11.983772
      -8.101128      11.910991
      -7.328909      11.592063
      -5.958089      10.990906
      -4.616097      10.302053
      -3.219706       9.602565
      -2.072141       8.928877
      -1.135826       8.164090
      -0.322962       7.354584
       0.485062       6.420757
       1.451313       5.046375
       2.417559       3.237173
       3.482288       0.859557
       4.536655      -2.052198
       5.618741      -5.173527
       6.497118      -8.448570
       7.048698     -11.642591
       7.494176     -14.489828
       7.598111     -16.884137
       7.529910     -18.570674
       7.420349     -19.810944
       7.436805     -20.980158
       7.827544     -22.335066
       8.356452     -23.688638
       8.764530     -24.928267
       9.021480     -25.990326
       9.120473     -26.747995
       8.956518     -27.198340
       8.760467     -27.401779
       8.569023     -27.503551
       8.332915     -27.598955
       8.088155     -27.721760
       7.884735     -27.855258
       7.712601     -27.966554
       7.549458     -28.003921
       7.407504     -27.997656
       7.230291     -27.904126
       7.093720     -27.686197
       6.886792     -27.407734
       6.696375     -27.090267
       6.524107     -26.750428
       6.431152     -26.325225
       6.271502     -25.553993
       6.105598     -24.288541
       6.087866     -22.525369
       6.061479     -20.471941
       6.098522     -18.361621
       6.165490     -16.487609
       6.313833     -14.643019
       6.396602     -12.634117
       6.332705     -10.634486
       6.212892      -8.749384
       6.040709      -6.913208
       5.826534      -4.958571
       5.477144      -2.695910
       5.206558      -0.002769
       5.095662       2.913000
       5.116647       5.898890
       4.938974       8.645952
       4.665368      11.195532
       4.374352      13.338927
       3.915375      14.863917
       3.318397      15.804582
       2.813869      16.180627
       2.475444      16.268284
       2.289566      16.181606
       2.048057      15.868648
       1.840990      15.436139
       1.637627      15.006959
       1.402209      14.488400
       0.911202      13.647381
       0.104814      12.452380
      -0.856839      11.403969
      -1.804222      10.755084
      -2.744777      10.597408
      -3.663985      10.837264
      -4.455311      11.133008
      -5.330731      11.410286
      -6.087006      11.609626
      -6.731955      11.707029
      -7.431904      11.655989
      -8.011247      11.489348
      -8.585065      11.264099
      -9.129536      10.986628
      -9.626721      10.765653
      -9.998038      10.589110
     -10.364809      10.334187
     -10.828327       9.997163
     -11.536611       9.518699
     -12.731190       8.928419
     -14.070536       8.322217
     -15.313503       7.772444
     -16.451933       7.297047
     -17.359198       6.836392
     -18.032875       6.490034
     -18.607122       6.178069
     -19.214992       5.845552
     -19.772927       5.548852
     -20.216228       5.305564
     -20.509770       5.145379
     -20.681453       5.056758
     -20.739412       5.041917
     -20.847440       5.034153
     -21.101457       4.946030
     -21.575347       4.735716
     -22.168701       4.455960
     -23.016982       4.160875
     -23.994524       3.896028
     -24.943812       3.667780
     -26.120574       3.281156
     -27.439049       2.824710
     -28.627825       2.355565
     -29.941454       1.981467
     -31.415779       1.848757
     -33.279428       1.921317
     -35.134199       2.051806
     -36.758592       2.107972
     -38.102795       2.297505
     -39.063968       2.641376
     -39.749399       2.976834
     -40.179374       3.202400
     -40.464343       3.281110
     -40.704069       3.303060
     -40.907857       3.373091
     -41.104333       3.488356
     -41.287477       3.641187
     -41.400461       3.774833
     -41.372106       3.866604
     -41.316537       3.988381
     -41.340239       4.146224
     -41.368861       4.225811
     -41.382918       4.282177
     -41.410185       4.378347
     -41.387231       4.519040
     -41.343095       4.638499
     -41.320923       4.710122
     -41.300970       4.785866
     -41.285996       4.834902
     -41.231850       4.822267
     -41.194786       4.749513
     -41.141247       4.706223
     -41.104936       4.680159
     -41.016548       4.699897
     -40.919864       4.735739
     -40.898148       4.800573
     -40.878802       4.885131
     -40.881100       4.970811
     -40.839694       5.001053
     -40.815676       5.030752
     -40.819309       5.041363
     -40.836750       5.052311
     -40.818308       5.072060
     -40.806850       5.082955
     -40.792668       5.063803
     -40.811149       5.045303
     -40.816472       5.045691
     -40.842200       5.078037
     -40.852395       5.079616
     -40.847941       5.040409
     -40.836114       5.034919
     -40.838261       5.055638
     -40.832564       5.060374
     -40.854741       5.069322
     -40.869778       5.072415
     -40.889711       5.081882
     -40.891533       5.056369
     -40.902544       5.004424
     -40.912675       4.980054
     -40.926688       4.970220
     -40.917688       4.996123
     -40.909343       5.044153
     -40.860040       5.104644
     -40.830077       5.181529
     -40.806782       5.245008
     -40.802907       5.281661
     -40.782847       5.304161
     -40.777932       5.345308
     -40.763322       5.370433
     -40.753948       5.358603
     -40.734515       5.355365
     -40.728315       5.351096
     -40.727900       5.362828
     -40.723200       5.363079
     -40.713955       5.400329
     -40.693089       5.441759
     -40.648664       5.454680
     -40.583721       5.442572
     -40.491931       5.455853
     -40.412713       5.462264
     -40.364779       5.527832
     -40.341705       5.645142
     -40.308622       5.768487
     -40.285568       5.837443
     -40.265389       5.866033
     -40.151611       5.856530
     -40.008026       5.865598
     -39.835346       6.048944
     -39.572630       6.340585
     -39.302419       6.654774
     -39.116288       6.862355
     -38.939956       6.875416
     -38.868315       6.777397
     -38.796079       6.790964
     -38.738893       6.848917
     -38.689040       6.896390
     -38.558777       7.028539
     -38.460656       7.209954
     -38.394668       7.319752
     -38.421355       7.345417
     -38.455199       7.338445
     -38.478282       7.330972
     -38.470578       7.365867
     -38.442609       7.420267
     -38.429184       7.426297
     -38.435229       7.434408
     -38.446696       7.398826
     -38.485227       7.345372
     -38.478748       7.348575
     -38.490514       7.367506
     -38.496561       7.405993
     -38.481570       7.434872
     -38.445431       7.414787
     -38.413596       7.388877
     -38.405679       7.395960
     -38.404950       7.401372
     -38.399069       7.450089
     -38.412216       7.476067
     -38.401087       7.461324
     -38.391511       7.472741
     -38.390100       7.454349
     -38.365990       7.385681
     -38.358940       7.374028
     -38.336651       7.402410
     -38.333134       7.425627
     -38.320154       7.438686
     -38.331677       7.427718
     -38.355569       7.397217
     -38.382404       7.395937
     -38.406643       7.440659
     -38.415102       7.504708
     -38.421161       7.530956
     -38.405630       7.515785
     -38.395433       7.510956
     -38.400904       7.535452
     -38.399107       7.558805
     -38.422759       7.585864
     -38.436608       7.621848
     -38.442430       7.642189
     -38.453385       7.625702
     -38.446808       7.613246
     -38.475744       7.602142
     -38.479161       7.599471
     -38.504813       7.612038
     -38.516329       7.661596
     -38.557458       7.688388
     -38.563435       7.670964
     -38.576221       7.673791
     -38.561929       7.650514
     -38.515948       7.562203
     -38.223847       7.307604
     -36.923340       6.629773
     -34.602994       5.648490
     -32.026722       5.141177
     -28.806872       5.293014
     -24.711680       5.936408
     -20.756973       6.393897
     -17.376124       6.505659
     -14.592062       6.157731
     -12.144863       5.446290
     -10.253781       4.512930
      -8.227076       3.407590
      -6.118235       2.244156
      -4.388767       1.338789
      -3.170230       0.744378
      -2.133501       0.375468
      -1.314517       0.204871
      -0.838474       0.004311
      -0.601189      -0.300639
      -0.438656      -0.585285
      -0.346598      -0.954819
      -0.349080      -1.280648
      -0.289655      -1.484334
      -0.109075      -1.369966
       0.274450      -1.145870
       1.112273      -1.014865
       2.274753      -0.970485
       3.782686      -1.132136
       5.245937      -1.731361
       6.766784      -2.575126
       8.316424      -3.510706
      10.024509      -4.344682
      12.034418      -5.041016
      14.220726      -5.703050
      16.945654      -6.273688
      20.158878      -6.862791
      23.683677      -7.562239
      27.156402      -8.080346
      30.383698      -8.261924
      33.049878      -8.071123
      34.822240      -7.625227
      35.803271      -7.062660
      35.787743      -6.537851
      34.960196      -6.284742
      34.206940      -6.498743
      34.036667      -6.822932
      33.888178      -7.002979
      33.542346      -7.023147
      32.832939      -6.967103
      31.657972      -6.890737
      30.165117      -6.878736
      28.524638      -7.039890
      26.505275      -7.457255
      24.206929      -7.939500
      21.747895      -8.411744
      19.381472      -8.748145
      17.571239      -8.790707
      16.446663      -8.759497
      15.691352      -8.838721
      15.185464      -9.101396
      14.657284      -9.343101
      14.064223      -9.600549
      13.217649      -9.943261
      11.877108     -10.514705
      10.030397     -11.052895
       8.702956     -11.175319
       7.617776     -11.038859
       6.445959     -10.994803
       5.406577     -11.104954
       4.495153     -11.347194
       3.635765     -11.602048
       3.060139     -11.547835
       2.533777     -11.281647
       2.039070     -10.954149
       1.689349     -10.587512
       1.552875     -10.179290
       1.384461      -9.573200
       1.195154      -8.426077
       1.135128      -6.707741
       1.288835      -5.104089
       1.332050      -3.733068
       1.328941      -2.591928
       1.406581      -1.494998
       1.446703      -0.403130
       1.483745       0.528796
       1.559062       1.299704
       1.626802       1.979607
       1.572935       2.647041
       1.484165       3.247189
       1.222802       3.735305
       0.959601       4.036862
       0.760889       4.197201
       0.632706       4.284957
       0.595688       4.437362
       0.645005       4.588440
       0.709337       4.692734
       0.769722       4.743932
       0.755205       4.740415
       0.722957       4.627865
       0.680900       4.483621
       0.664368       4.317465
       0.620470       4.176703
       0.527707       4.100750
       0.473417       4.098769
       0.510137       4.143603
       0.455953       4.098739
       0.381774       4.015003
       0.337539       3.987895
       0.241955       4.008891
       0.095387       4.033462
      -0.085083       4.025747
      -0.293561       3.979107
      -0.476612       3.913886
      -0.650462       3.860229
