      -5.338766      12.411998
      -5.230145      12.417285
      -5.119437      12.414694
      -5.060683      12.439820
      -5.038490      12.479023
      -5.015090      12.500672
      -5.027697      12.475441
      -5.028781      12.411741
      -4.962316      12.335629
      -4.877583      12.278525
      -4.806079      12.224476
      -4.757889      12.140179
      -4.751326      12.050134
      -4.801869      11.937930
      -4.830522      11.818398
      -4.877908      11.649977
      -4.920725      11.417727
      -5.020434      11.149220
      -5.115186      10.878030
      -5.234924      10.596170
      -5.378940      10.296818
      -5.641823       9.931372
      -6.055435       9.403192
      -6.773267       8.492744
      -7.884801       6.929524
      -9.100895       4.628446
      -9.989144       2.027705
     -10.663609      -0.849396
     -10.936696      -4.544973
     -10.955004      -9.106223
     -10.914416     -14.530659
     -10.636184     -19.768148
     -10.282750     -23.778780
     -10.072729     -26.454329
     -10.008937     -28.011367
     -10.067820     -28.839754
     -10.210073     -29.216497
     -10.330092     -29.363677
     -10.333890     -29.436627
     -10.288805     -29.605923
     -10.243458     -29.889092
     -10.157994     -30.356792
     -10.120373     -30.897189
     -10.060228     -31.531434
      -9.928412     -32.531736
      -9.576189     -35.045646
      -9.124212     -39.911201
      -8.493058     -46.937342
      -7.818509     -54.894924
      -7.331612     -62.498152
      -7.220758     -68.540517
      -7.437360     -72.853986
      -7.986780     -75.928166
      -8.689736     -78.461294
      -9.257558     -80.556638
      -9.686117     -82.377390
      -9.981083     -83.847397
     -10.120836     -84.893047
     -10.357689     -85.568765
     -10.563099     -86.241026
     -10.742842     -86.927129
     -10.871654     -87.644113
     -10.827521     -88.419731
     -10.731150     -89.468945
     -10.615898     -90.780342
     -10.484957     -92.073408
     -10.360700     -93.028969
     -10.309115     -93.448344
     -10.576232     -92.891923
     -11.256355     -90.346396
     -12.240811     -84.930203
     -12.901237     -76.943527
     -13.128288     -66.933212
     -12.858770     -56.160300
     -12.308074     -46.074185
     -11.933346     -37.945160
     -11.824439     -32.133270
     -12.009231     -29.126258
     -12.370854     -28.485978
     -12.771256     -29.111604
     -13.059696     -30.010513
     -13.343212     -30.419853
     -13.614016     -30.254324
     -13.905918     -29.789618
     -14.150331     -29.118528
     -14.168493     -28.486280
     -13.948108     -27.847450
     -13.737260     -27.216829
     -13.615703     -26.540714
     -13.570261     -25.813666
     -13.583169     -24.963143
     -13.592166     -23.986563
     -13.520689     -22.810972
     -13.383523     -21.427861
     -13.240674     -19.761747
     -13.164180     -17.839806
     -13.160504     -15.725243
     -13.141082     -13.451514
     -12.968924     -10.894529
     -12.599184      -7.321280
     -12.231290      -3.062430
     -11.784343       1.198427
     -11.415386       5.090178
     -11.006546       8.513831
     -10.518686      11.595153
     -10.084205      14.350311
      -9.828926      16.778674
      -9.777575      18.849377
      -9.992647      20.764967
     -10.359808      22.539661
     -10.771370      24.189842
     -11.119921      25.683624
     -11.333908      27.023497
     -11.543905      28.194615
     -11.690844      29.205831
     -11.700210      30.074764
     -11.668271      30.864572
     -11.639251      31.610217
     -11.565108      32.304667
     -11.416589      32.979296
     -11.291630      33.552653
     -11.215428      34.053716
     -11.134135      34.399958
     -11.097128      34.610449
     -11.089868      34.776652
     -11.072005      34.843985
     -10.990414      34.804973
     -10.877215      34.654027
     -10.745658      34.436320
     -10.682875      34.173519
     -10.619237      33.882816
     -10.471826      33.477796
     -10.241333      33.088579
     -10.031291      32.776100
      -9.895382      32.565949
      -9.775138      32.386605
      -9.725128      32.232473
      -9.707336      32.112475
      -9.678620      32.030080
      -9.629888      31.933525
      -9.564998      31.848998
      -9.502079      31.797502
      -9.477101      31.768258
      -9.448652      31.751081
      -9.422746      31.748096
      -9.382726      31.745063
      -9.348788      31.734339
      -9.345527      31.701311
      -9.309027      31.628810
      -9.346385      31.503453
      -9.379485      31.420393
      -9.398916      31.394313
      -9.403577      31.381865
      -9.404308      31.364564
      -9.411977      31.326315
      -9.397946      31.300364
      -9.398626      31.308696
      -9.401279      31.357837
      -9.425081      31.446774
      -9.421503      31.549160
      -9.338012      31.770276
      -9.193310      32.198131
      -9.168228      32.729368
      -9.279873      33.206648
      -9.559583      33.637687
      -9.902100      34.114219
     -10.197986      34.775467
     -10.373980      35.678914
     -10.676442      36.761317
     -12.359581      38.066656
     -16.062164      39.774993
     -21.559001      41.699290
     -27.804169      43.779752
     -33.893788      45.946582
     -38.728197      47.882489
     -42.246579      49.437436
     -44.355110      50.771427
     -45.364035      51.966124
     -45.744024      53.305113
     -46.093308      54.739310
     -46.507111      56.186139
     -46.952214      57.685080
     -47.429664      59.195123
     -47.879774      60.625798
     -48.138051      61.822210
     -48.094785      62.942633
     -47.823467      64.070905
     -47.532706      65.181614
     -47.184734      66.220929
     -46.857279      67.140840
     -46.444164      67.949044
     -45.838464      68.663536
     -45.071880      69.183961
     -44.128918      69.463599
     -43.068897      69.551992
     -41.697546      69.487030
     -40.084509      69.266419
     -38.274952      68.840672
     -35.992727      68.243952
     -33.696222      67.489049
     -31.773848      66.675906
     -30.091740      65.905689
     -28.689087      65.370838
     -27.522357      65.223049
     -26.452911      65.560573
     -25.371157      66.652510
     -24.065827      69.203278
     -22.133536      74.064405
     -19.016183      81.404426
     -14.209352      90.747392
      -7.912683     100.719094
      -1.844385     110.298912
       2.797101     118.518171
       5.621316     125.042951
       7.226417     129.778966
       7.986631     133.099490
       8.543200     135.519327
       9.131162     137.534943
      10.175420     139.394104
      11.532346     140.963797
      12.971028     142.243720
      14.454844     143.371599
      15.964721     144.730332
      17.510242     146.974976
      18.617237     150.790576
      17.960885     156.879515
      14.755114     164.976668
      10.301004     173.109074
       5.895732     179.814001
       2.185782    -175.251216
      -0.871598    -171.765699
      -3.269872    -169.240474
      -4.987399    -167.645195
      -6.028174    -166.865915
      -6.869878    -166.408169
      -7.965757    -165.669047
      -9.481160    -164.744697
     -11.085478    -164.516436
     -12.302151    -165.982539
     -12.898571    -169.935884
     -12.765120    -177.794897
     -11.725397     169.184949
      -9.929647     151.505170
      -8.445117     131.806773
      -7.600533     111.696705
      -7.179073      92.020495
      -6.444912      73.668189
      -5.094856      57.889099
      -4.455032      44.813312
      -4.152171      34.207994
      -4.055137      24.945568
      -4.029378      16.705835
      -4.173899       9.003586
      -4.476171       2.076700
      -4.831277      -3.756331
      -5.076004      -8.604055
      -4.920350     -12.367838
      -4.312321     -14.259677
      -3.239229     -13.963147
      -1.597345     -11.839994
       0.119515      -8.328017
       1.752145      -4.206001
       4.284065       0.172786
       7.492533       4.701608
      10.206839       8.947432
      11.880869      12.697603
      13.019993      15.777569
      13.858668      18.204668
      14.392365      20.009760
      14.412566      21.032633
      13.565096      21.158974
      10.671576      20.577766
       4.312037      19.953273
      -4.567684      20.011308
     -13.491808      20.773827
     -20.161955      22.015425
     -25.323872      22.797496
     -28.927268      22.939323
     -30.497243      21.870426
     -29.634752      17.904805
     -26.803829      10.028416
     -22.132339      -0.445103
     -16.844971     -12.183151
     -12.440338     -24.030815
      -9.742751     -34.586431
      -8.056469     -42.996377
      -6.795579     -48.980847
      -5.809563     -53.095921
      -5.446080     -55.922743
      -5.875725     -57.978551
      -6.532808     -59.654093
      -7.466555     -60.686851
      -8.291125     -61.112856
      -8.844359     -61.285363
      -9.105747     -61.672822
      -9.139275     -62.349551
      -9.090310     -63.098223
      -9.047397     -63.754275
      -8.971163     -64.367397
      -8.912867     -65.187238
      -8.784123     -66.850429
      -8.195333     -70.452596
      -8.158371     -76.771394
      -8.759203     -84.158966
      -9.325914     -90.594531
      -9.998968     -95.069764
     -10.912571     -98.010623
     -11.654890    -100.065135
     -12.143980    -101.363825
     -11.859634    -101.189370
      -9.246107     -98.935711
      -4.801453     -94.856210
      -1.170431     -89.944943
       1.086837     -85.140026
       2.790783     -81.382341
       4.279862     -79.172464
       5.394874     -78.289549
       6.075424     -78.180242
       6.243781     -78.349825
       6.012636     -78.492354
       5.758578     -78.404403
       5.349267     -78.011062
       4.364004     -77.063938
       1.355225     -75.587874
      -4.579175     -73.907504
     -10.680605     -71.826303
     -14.721362     -69.954120
     -17.208357     -68.082034
     -18.313667     -66.578163
     -18.774892     -65.840435
     -19.190762     -65.474084
     -19.600769     -65.065701
     -19.513944     -64.591072
     -19.382716     -63.907257
     -19.652187     -62.706319
     -19.854277     -60.998594
     -19.982255     -59.034540
     -20.601113     -56.684470
     -21.917610     -53.690702
     -23.895083     -49.832375
     -26.203804     -45.495277
     -28.580902     -41.768638
     -30.120731     -39.347108
     -30.965319     -38.101277
     -31.426471     -37.710270
     -31.543909     -37.396409
     -31.198228     -36.837030
     -30.614472     -36.588047
     -30.138610     -36.024929
     -29.497087     -35.095520
     -28.509989     -33.896795
     -26.599124     -32.648321
     -24.774183     -31.320496
     -23.767829     -30.095455
     -23.157081     -29.079232
     -22.860300     -28.444696
     -22.616496     -28.328004
     -22.361138     -28.644259
     -22.049908     -29.224448
     -21.860962     -29.638674
     -21.730092     -29.842824
     -21.644096     -30.141106
     -21.563683     -30.486591
     -21.559195     -30.727084
     -21.417059     -30.785228
     -21.247960     -30.768677
     -21.031919     -30.685591
     -20.831684     -30.602805
     -20.618305     -30.408515
     -20.330354     -30.084886
     -19.833056     -29.611414
     -19.051242     -29.109033
     -18.261212     -28.741749
     -17.753595     -28.644094
     -17.389467     -28.760242
     -17.127589     -29.022888
     -17.000892     -29.239533
     -16.914622     -29.338595
     -16.820500     -29.316641
     -16.660530     -29.164186
     -16.435945     -28.741674
     -16.065513     -28.176125
     -15.802955     -27.490580
     -15.630902     -26.930709
     -15.546133     -26.535789
     -15.822122     -25.947630
     -16.644342     -24.389018
     -18.354842     -21.824760
     -21.036186     -18.584731
     -23.479874     -15.261611
     -25.589463     -12.012026
     -26.979755      -9.148126
     -27.677367      -6.953410
     -27.932841      -5.416683
     -28.046284      -4.191129
     -27.961420      -3.111068
     -27.807897      -2.226965
     -27.736583      -1.455339
     -27.708415      -0.830526
     -27.381112      -0.341554
     -26.408598       0.187579
     -24.298583       1.271472
     -21.494410       3.299580
     -18.926970       6.320522
     -17.222457       9.688964
     -16.317211      12.865778
     -15.654655      15.645865
     -15.092755      17.806317
     -14.651475      19.398201
     -14.435981      20.383589
     -14.401577      20.652479
     -14.484179      20.086704
     -14.819780      18.579091
     -15.712595      15.610740
     -16.879839      11.288986
     -18.033523       6.032931
     -18.754173       0.014242
     -18.970844      -6.960953
     -18.884901     -13.843735
     -18.528130     -19.954000
     -18.211710     -24.733126
     -18.174073     -28.295078
     -18.331527     -30.736917
     -18.607105     -32.655189
     -18.829956     -34.137589
     -19.030433     -35.338804
     -19.254023     -36.277870
     -19.373787     -37.025913
     -19.456057     -37.656058
     -19.449440     -38.231244
     -19.427244     -38.835557
     -19.354529     -39.499092
     -19.266458     -40.127047
     -19.131232     -40.727683
     -18.944823     -41.300523
     -18.656891     -41.946736
     -18.243175     -42.712853
     -17.664133     -43.769678
     -16.741937     -45.254878
