      -5.599186      19.697071
      -5.490176      19.729614
      -5.370777      19.766151
      -5.239516      19.795127
      -5.119379      19.809524
      -5.013680      19.839114
      -4.919783      19.860071
      -4.814422      19.853265
      -4.670905      19.825754
      -4.533543      19.800749
      -4.448178      19.768660
      -4.379736      19.697893
      -4.335476      19.552571
      -4.355520      19.286996
      -4.402091      18.878336
      -4.495692      18.356808
      -4.629264      17.634587
      -4.801129      16.461987
      -5.067185      14.494859
      -5.373841      12.058924
      -5.634902       9.496955
      -5.860228       6.985671
      -6.112633       4.558626
      -6.417626       2.293809
      -6.727394       0.149528
      -6.944408      -1.788008
      -7.107236      -3.453996
      -7.258155      -4.760390
      -7.389269      -5.692101
      -7.456393      -6.216488
      -7.414410      -6.550994
      -7.367306      -6.790198
      -7.262271      -6.966922
      -7.105465      -7.068751
      -6.950511      -7.253913
      -6.791819      -7.475961
      -6.637503      -7.728069
      -6.478133      -7.940536
      -6.291288      -8.087203
      -6.072906      -8.163484
      -5.837191      -8.130256
      -5.598990      -8.046347
      -5.354948      -7.964847
      -5.077753      -7.876768
      -4.793183      -7.785549
      -4.505629      -7.647016
      -4.187946      -7.431980
      -3.873877      -7.119853
      -3.551949      -6.764118
      -3.207898      -6.381915
      -2.813900      -5.962674
      -2.329329      -5.403431
      -1.463703      -4.169915
      -0.704082      -1.637967
      -0.544953       2.373663
      -0.946052       7.791192
      -1.717864      14.321059
      -3.275449      22.033471
      -5.636210      30.930210
      -8.227283      41.838128
     -10.766554      55.013595
     -12.857608      68.617598
     -14.678153      81.195671
     -16.988005      92.464544
     -19.895256     102.229113
     -22.934588     110.471346
     -25.621542     117.312162
     -28.161070     123.128875
     -29.843351     128.152699
     -30.712319     132.370839
     -30.797501     135.448472
     -30.817719     137.400636
     -30.962414     138.498440
     -30.998920     139.081283
     -31.004445     139.594301
     -31.103370     140.152937
     -31.223414     140.721208
     -31.162499     141.116434
     -31.105607     141.455182
     -31.006822     141.540112
     -30.854460     141.371020
     -30.713322     141.035283
     -30.372536     140.773664
     -29.580176     141.133337
     -28.186764     142.676928
     -26.457234     144.934103
     -24.692296     147.392330
     -23.030747     149.539912
     -21.737637     151.018049
     -20.987791     152.033012
     -20.630486     152.873870
     -20.665447     153.743403
     -20.945960     154.593392
     -21.180418     155.288228
     -21.401687     155.762439
     -21.474095     156.108676
     -21.434154     156.436273
     -21.300979     156.763063
     -21.143101     157.051871
     -20.988138     157.205926
     -20.871307     157.290040
     -20.703934     157.243588
     -20.551550     157.130536
     -20.184975     157.070921
     -19.491722     157.038534
     -18.809761     156.856920
     -18.146952     156.529042
     -17.569276     155.835138
     -17.022978     154.795910
     -16.517263     153.562081
     -16.115215     152.438603
     -15.832017     151.351581
     -15.605752     150.305145
     -15.357288     149.074696
     -15.124887     147.685665
     -14.866047     146.181562
     -14.710461     144.560695
     -14.696437     142.913271
     -14.779639     141.330551
     -14.883754     139.949729
     -14.862092     138.787802
     -14.889780     137.821293
     -14.990730     136.922122
     -15.250972     135.572326
     -15.449412     133.589495
     -15.528579     131.372623
     -15.305434     129.197561
     -15.024841     126.673356
     -14.703490     123.625195
     -14.253568     120.030969
     -13.693752     116.251146
     -13.138732     112.493869
     -12.493204     109.046558
     -11.938533     105.733155
     -11.253355     102.475228
     -10.309573      99.285427
      -8.502073      96.180128
      -6.980190      93.510834
      -6.051259      91.382409
      -5.406688      89.890059
      -4.894043      88.636568
      -4.514205      87.658976
      -4.233299      86.812872
      -3.964476      86.213059
      -3.550947      85.889037
      -2.870718      85.888950
      -2.257004      86.022975
      -1.775050      86.169492
      -1.349887      86.235314
      -1.157913      86.299019
      -1.096036      86.309151
      -1.135875      86.379908
      -1.211655      86.475290
      -1.316862      86.566136
      -1.412775      86.668930
      -1.444173      86.803634
      -1.438590      86.948714
      -1.453797      87.082185
      -1.483948      87.216996
      -1.581586      87.364271
      -1.638607      87.441303
      -1.650089      87.496382
      -1.620152      87.503551
      -1.617856      87.465112
      -1.587326      87.349807
      -1.559504      87.223106
      -1.509182      87.043649
      -1.470853      86.936319
      -1.417877      86.893839
      -1.381684      86.960963
      -1.373304      87.125237
      -1.332527      87.338626
      -1.335690      87.591482
      -1.357610      87.840648
      -1.377703      88.095661
      -1.406177      88.402275
      -1.437857      88.786291
      -1.508484      89.379168
      -1.647919      90.239133
      -1.868204      91.470768
      -2.112759      93.407700
      -2.269953      96.204782
      -2.549203      99.504615
      -2.930280     103.375546
      -3.328792     108.081574
      -3.718352     114.506202
      -4.153620     123.457336
      -4.837913     135.080961
      -5.834117     148.370544
      -6.843010     162.118446
      -8.018339     175.067523
      -9.175393    -174.277655
     -10.278122    -166.274154
     -11.261085    -160.012451
     -11.685952    -155.029378
     -11.841479    -150.788749
     -11.975546    -147.023595
     -12.216389    -143.634752
     -12.470497    -140.473403
     -13.045273    -136.787437
     -13.761330    -132.718981
     -14.479320    -128.755310
     -15.328522    -124.407564
     -16.334857    -119.589805
     -17.060983    -115.036288
     -17.640341    -111.202435
     -18.029109    -108.918973
     -18.479831    -107.942547
     -19.512696    -107.385679
     -20.369486    -107.298661
     -20.718916    -108.118468
     -20.966631    -111.240427
     -20.780512    -117.893684
     -19.903936    -126.470323
     -18.829860    -135.409072
     -17.109709    -145.902351
     -15.187916    -158.372292
     -13.226437    -172.390390
     -11.451651     172.981840
      -9.607122     158.980217
      -8.500070     146.991218
      -7.906320     136.873397
      -7.977283     127.819468
      -8.210951     119.751777
      -8.622220     112.254894
      -9.117422     105.509110
      -9.691894      99.380353
     -10.295681      93.924623
     -10.704942      89.246348
     -10.589049      85.388677
     -10.559128      82.123436
     -10.567829      79.168530
     -10.628080      76.520699
     -10.825048      74.385683
     -11.056209      73.079454
     -11.094236      72.368498
     -11.033644      72.068207
     -10.753156      72.029001
     -10.305587      72.267098
      -9.894317      72.484367
      -9.773635      72.597268
      -9.588991      72.589351
      -9.239698      72.372898
      -8.869098      72.005207
      -8.425450      71.640814
      -7.941173      71.408726
      -7.687825      71.331363
      -7.750356      71.167798
      -7.919556      70.902133
      -8.013477      70.634633
      -8.111337      70.431570
      -8.126704      70.489888
      -8.200800      70.711718
      -8.250065      71.051088
      -8.449050      71.304625
      -8.885194      71.451880
      -9.502305      71.370389
     -10.222642      70.869523
     -10.798119      70.248456
     -11.092844      69.766003
     -11.273049      69.386484
     -11.336155      68.957454
     -11.373300      68.428218
     -11.342268      67.876072
     -11.239068      67.326665
     -11.120954      66.833881
     -11.013269      66.464004
     -10.895378      66.244787
     -10.778258      66.213726
     -10.753319      66.103263
     -10.855575      65.830998
     -11.047941      65.376676
     -11.219890      64.919344
     -11.314300      64.530724
     -11.395877      64.131957
     -11.415752      63.772300
     -11.505556      63.446500
     -11.622968      63.288118
     -11.711210      63.266067
     -11.748587      63.401359
     -11.778353      63.640062
     -11.785639      63.996728
     -11.787844      64.418391
     -11.753353      64.878186
     -11.682641      65.393016
     -11.602028      65.995097
     -11.420705      66.694037
     -11.285378      67.491949
     -11.154333      68.326658
     -11.008464      69.269464
     -10.903928      70.247805
     -10.837101      71.227510
     -10.778778      72.304404
     -10.766952      73.389420
     -10.747827      74.539733
     -10.768584      75.712209
     -10.741857      76.969099
     -10.758563      78.214770
     -10.779412      79.428152
     -10.804423      80.538128
     -10.803335      81.585414
     -10.802349      82.543355
     -10.786325      83.535975
     -10.775702      84.434650
     -10.784410      85.280462
     -10.834375      86.010220
     -10.857428      86.743912
     -10.883090      87.409033
     -10.867536      88.058893
     -10.856139      88.584229
     -10.812604      88.997464
     -10.787648      89.279502
     -10.762528      89.427690
     -10.648151      89.402258
     -10.517678      89.229115
     -10.403775      88.944688
     -10.364283      88.578138
     -10.339897      88.211336
     -10.316363      87.852985
     -10.295258      87.458526
     -10.276680      87.024202
     -10.291068      86.532496
     -10.312341      85.928409
     -10.349412      85.045994
     -10.378842      83.667901
     -10.280588      81.698213
     -10.062336      79.054934
      -9.583054      76.442346
      -9.243830      74.155868
      -9.049570      72.243143
      -8.861452      70.681381
      -8.903532      70.158377
      -9.165949      71.664312
      -9.769696      74.927940
     -10.152726      79.022391
     -10.392732      82.799728
     -10.440229      85.909320
     -10.557226      88.741548
     -11.003792      91.558184
     -11.591900      94.326037
     -12.075589      96.996661
     -12.271866      99.649296
     -12.251334     102.433429
     -12.309662     104.965871
     -12.554392     106.580657
     -13.351676     106.543666
     -14.089680     103.591071
     -14.226158      98.231764
     -13.754878      91.670362
     -13.040650      85.722665
     -12.009275      81.644698
     -11.190504      79.605273
     -10.456784      78.918043
      -9.837123      79.039794
      -9.404534      79.694026
      -9.073387      80.883647
      -8.541051      83.529262
      -7.655944      88.339464
      -7.213263      93.751325
      -6.738903      98.401079
      -6.624352     102.027634
      -6.878131     104.439574
      -7.234595     105.667653
      -7.559556     106.068853
      -7.873219     106.133432
      -8.077499     106.180069
      -8.233751     106.202634
      -8.311544     106.127011
      -8.400929     105.358124
      -8.576176     103.155901
      -8.613536      99.787857
      -8.557727      96.253653
      -8.493854      92.941086
      -8.476398      90.220337
      -8.498058      88.110222
      -8.426516      86.668221
      -8.395536      85.749893
      -8.404336      85.189597
      -8.373446      84.858231
      -8.259004      84.663630
      -8.115378      84.577185
      -8.077282      84.566188
      -8.152170      84.585442
      -8.203122      84.545507
      -8.215095      84.442218
      -8.189602      84.337772
      -8.176711      84.341842
      -8.143864      84.499200
      -8.097082      84.777585
      -8.010539      85.102870
      -7.883972      85.457909
      -7.773219      85.862402
      -7.652674      86.336496
      -7.565685      86.890332
      -7.486519      87.638576
      -7.386524      88.559983
      -7.260834      89.778085
      -7.168742      91.858047
      -6.776234      96.253187
      -6.311786     104.641548
      -6.137775     114.880775
      -5.902291     125.457847
      -5.702864     135.436077
      -5.802104     143.462182
      -6.259265     148.540579
      -6.923075     150.902666
      -7.446102     152.315312
      -7.614127     153.900586
      -7.704319     155.808240
      -7.888026     157.674153
      -8.056897     159.180821
      -8.139559     160.434098
      -8.286443     161.666141
      -8.492595     162.771327
      -8.648106     163.648914
      -8.669082     164.226511
      -8.581958     164.560830
      -8.452094     164.728649
      -8.336939     164.837622
      -8.261131     164.812676
      -8.237599     164.594265
      -8.280873     164.275023
      -8.366498     163.903305
      -8.466482     163.493450
      -8.507269     162.992788
      -8.598926     162.327230
      -8.621214     161.571283
      -8.584165     160.697126
      -8.523652     159.729344
      -8.469443     158.716082
      -8.381971     157.654084
      -8.445140     156.598672
      -8.313540     155.425691
      -8.167917     154.274217
      -8.386284     153.078855
      -8.720040     151.607226
      -9.047642     149.694549
      -9.375542     146.409997
      -9.923089     140.975134
     -10.625098     133.743764
     -10.954792     125.308591
     -11.026708     116.154161
     -11.055751     106.702053
     -10.762078      97.853868
     -10.454609      90.280476
     -10.077512      84.323502
      -9.794308      79.947528
      -9.622980      76.950536
      -9.722249      74.969584
      -9.915991      73.733875
     -10.038088      72.965232
     -10.081817      72.612957
     -10.020659      72.410161
      -9.894558      72.323765
      -9.750045      72.249952
      -9.561160      72.222190
      -9.367218      72.195364
      -9.161697      72.159233
      -8.917735      72.079131
      -8.605014      71.940511
      -8.032771      71.497376
      -7.424863      70.676296
      -6.840619      69.623303
      -6.211624      68.384238
      -5.567527      66.691060
      -4.468426      63.571821
      -2.449103      57.051107
      -0.804965      48.669084
       0.408423      40.478661
       1.201625      33.012197
       1.387321      26.199561
       1.006281      20.660651
       0.493512      16.713719
      -0.068291      14.200341
      -0.648775      12.599258
      -1.277309      10.876777
      -2.083797       8.570438
      -2.873467       6.413733
      -3.467571       5.146640
      -3.917534       4.551427
      -4.221606       4.261320
      -4.432721       3.799752
      -4.637306       3.573590
      -4.946624       4.704470
      -5.433120       8.542537
      -6.059956      14.384024
      -6.936552      20.848013
      -7.905692      27.597840
      -8.663445      33.975335
      -9.345674      40.095615
     -10.238040      45.990237
     -11.117931      51.293975
     -12.209576      56.099364
     -13.797484      60.739239
     -15.617579      66.102092
     -17.049358      72.575193
     -17.830043      79.664135
     -18.029160      85.653588
     -17.825118      89.241433
     -17.752881      90.771308
     -17.716307      90.786024
     -17.657783      89.601163
     -17.514439      87.128540
     -17.366405      83.073567
     -17.248480      77.345805
     -17.141729      71.237253
     -16.868390      65.401637
     -16.334762      60.654873
     -15.739172      57.591786
     -15.195102      56.128010
     -14.829504      55.880496
     -14.479807      56.187484
     -14.227361      56.522590
     -14.042735      56.634044
     -13.838545      56.481708
     -13.566856      56.178994
     -13.282295      55.850009
     -12.977239      55.584597
     -12.692038      55.387173
     -12.463571      55.255446
     -12.235947      55.161409
     -12.086252      55.184553
     -12.080084      55.270459
     -12.137079      55.299931
     -12.148700      55.271450
     -12.119993      55.185301
     -12.039012      55.024305
     -11.953566      54.842793
     -11.875353      54.634976
     -11.803482      54.427761
     -11.732144      54.256177
     -11.669686      54.143557
     -11.629148      54.091582
     -11.585465      54.018571
     -11.467429      53.887193
     -11.358832      53.713968
     -11.287027      53.511386
     -11.235492      53.279925
     -11.132793      53.066993
     -11.020276      52.874679
     -10.952129      52.761175
     -10.836299      52.748843
     -10.737376      52.838203
     -10.675982      52.949477
     -10.462729      53.390033
     -10.192524      54.854926
      -9.859328      57.665205
      -9.522108      61.341821
      -9.013224      65.413561
      -8.561810      69.581358
      -8.308467      73.503584
      -8.191037      76.817230
      -8.137278      79.119955
      -8.156450      80.279627
      -8.330422      80.344357
      -8.570557      79.646665
      -8.803303      78.572349
      -9.023011      77.314278
      -9.200065      76.010216
      -9.293857      74.718020
      -9.301467      73.659529
      -9.257094      72.898282
      -9.190982      72.221947
      -9.110300      71.697563
      -9.062427      71.218151
      -9.052396      70.816310
      -9.017420      70.495775
      -8.893958      70.190769
      -8.775469      69.922525
      -8.725170      69.706480
      -8.647261      69.558613
      -8.588995      69.453346
      -8.521943      69.385625
      -8.452847      69.388068
      -8.464533      69.385421
      -8.492099      68.793398
      -8.634442      65.886790
      -9.078553      58.757549
      -9.090900      48.422707
      -8.555412      37.579686
      -7.921944      27.550652
      -7.316045      18.734587
      -7.346646      11.266247
      -7.921319       5.212085
      -8.494168       0.561074
      -9.000968      -2.902132
      -9.408348      -5.783026
      -9.663620      -8.530572
      -9.967092     -11.105679
     -10.251207     -13.279229
     -10.422136     -15.183418
     -10.373676     -17.422438
     -10.126323     -20.072017
      -9.952578     -22.650661
      -9.715035     -24.673638
      -9.439134     -26.316893
      -9.391992     -27.851294
      -9.425752     -29.380623
      -9.525632     -30.805819
      -9.645977     -32.081116
      -9.746185     -33.163651
      -9.858934     -34.111747
      -9.930595     -34.994963
     -10.061432     -35.912489
     -10.162216     -36.897046
     -10.284034     -37.870896
     -10.463267     -38.743378
     -10.741329     -39.560142
     -11.054347     -40.300285
     -11.342568     -41.161248
     -11.556420     -42.142823
     -11.790513     -43.229310
     -12.227895     -44.140663
     -12.856785     -44.773640
     -13.685552     -45.184005
     -15.118668     -45.452176
     -17.609891     -45.995808
