       1.510606      30.274745
       1.780976      31.181299
       1.992773      32.132085
       2.137354      33.041849
       2.241669      33.786208
       2.248818      34.283232
       2.199028      34.575889
       2.221741      34.774522
       2.350330      35.111561
       2.653687      35.642467
       2.930351      36.246373
       3.005580      36.868873
       2.831594      37.210603
       2.436715      37.260286
       1.942222      37.155238
       1.543226      37.066792
       1.380479      37.263756
       1.226682      38.431183
       0.950528      41.191289
       0.743083      45.626208
       0.185294      51.677971
      -0.472474      58.875774
      -1.144881      66.601365
      -2.052215      74.376299
      -2.750650      81.084800
      -2.847301      86.043918
      -3.833573      89.587408
      -4.861901      91.948699
      -4.924848      93.810542
      -4.755441      95.978833
      -4.049786      98.624027
      -2.879255     101.320860
      -1.707283     104.131862
      -0.199010     107.142197
       1.434909     110.285983
       3.848209     113.459542
       6.637085     117.537266
       9.134283     121.934815
      11.664109     125.916418
      13.994197     129.557816
      15.730128     132.751231
      16.789867     135.542096
      17.275645     137.989939
      17.239775     140.174920
      17.258708     142.108821
      16.945098     143.836736
      16.325846     145.336877
      15.740283     146.398525
      15.405708     147.118695
      15.094826     147.862267
      15.151424     148.530098
      15.094878     149.440022
      14.611245     150.436402
      13.923091     151.308529
      13.046038     152.026309
      11.794389     152.560446
      10.746662     152.756757
      10.198514     153.038416
       8.923495     153.964990
       5.768681     155.599126
       0.349486     157.425765
      -4.916079     158.351378
      -8.424729     158.160118
     -10.639063     157.267679
     -12.028222     156.192742
     -12.544165     154.996962
     -12.387000     153.716932
     -12.154049     152.186037
     -12.085164     149.916768
     -12.244431     146.509372
     -11.988111     141.811707
     -11.479130     136.357989
     -11.428736     130.504236
     -11.763144     124.129150
     -11.810512     116.343419
     -11.625898     108.190090
     -11.423162     100.323800
     -11.484959      93.063016
     -11.587443      86.270673
     -11.121333      79.448916
      -9.922930      72.581872
      -8.751753      65.529478
      -7.643659      58.581404
      -6.508528      52.182169
      -5.503596      46.770726
      -4.670985      42.428033
      -4.259088      38.965638
      -3.713520      36.249617
      -2.927774      34.104263
      -2.259928      32.280271
      -2.485673      30.492085
      -3.571812      28.710276
      -4.610147      26.911178
      -5.613178      24.972884
      -6.405743      22.920383
      -7.149522      20.865073
      -7.833378      19.030007
      -8.438489      17.432249
      -8.053441      16.013703
      -7.443216      14.743683
      -6.874442      13.486171
      -6.307411      12.144710
      -5.512120      10.818250
      -4.973915       9.744656
      -4.808295       8.787627
      -4.636963       7.746832
      -4.356738       6.680481
      -4.109324       5.519832
      -3.927017       4.509831
      -3.813369       3.708062
      -4.092636       3.008431
      -4.506778       2.425037
      -5.202934       2.089447
      -6.237473       2.301074
      -7.595530       3.482260
      -9.371347       5.163505
     -11.603725       6.922252
     -14.653943       8.405897
     -19.067282       9.685274
     -23.837569      11.090722
     -27.183633      12.573483
     -29.635206      13.774101
     -30.113402      14.298739
     -30.415686      14.254589
     -31.000005      14.254141
     -31.460463      14.588981
     -31.857897      15.322826
     -32.244496      16.289105
     -32.547968      17.348101
     -32.797167      18.303220
     -32.740979      18.861902
     -32.530852      18.837755
     -31.877674      17.775610
     -30.318463      14.219297
     -28.495275       8.689485
     -27.069010       2.551444
     -26.178256      -2.952539
     -25.391547      -7.659252
     -24.612711     -11.347083
     -23.940169     -14.331649
     -23.274698     -17.004084
     -22.686734     -19.372988
     -22.120623     -21.379252
     -21.477391     -23.081515
     -20.721570     -24.549713
     -19.873004     -26.094443
     -18.917589     -27.600910
     -18.211458     -29.270099
     -17.620845     -31.006798
     -17.329160     -32.508262
     -17.241418     -33.676189
     -16.891551     -34.538616
     -16.470868     -35.023056
     -16.243535     -34.849381
     -15.550461     -33.359307
     -14.586854     -29.752926
     -13.485280     -24.035660
     -13.218557     -17.024580
     -13.824037      -9.624006
     -14.685588      -2.516726
     -15.001889       4.120691
     -14.826165      10.718366
     -13.776805      17.936706
     -12.661593      25.533161
     -11.939543      32.728132
     -11.514058      39.556555
     -11.411294      45.791847
     -11.266613      51.136719
     -11.096770      55.442587
     -11.193864      59.135630
     -11.380433      62.434248
     -11.538045      65.337728
     -11.359499      67.657977
     -10.856040      69.125570
     -10.268860      69.673850
      -8.993440      68.832740
      -6.607396      66.513502
      -2.981649      63.306419
       1.544919      59.925916
       6.146259      56.619245
      10.330436      53.725615
      14.045478      51.646469
      16.660552      49.820534
      18.263077      48.118915
      19.231470      46.024304
      20.215265      43.082346
      21.468388      39.579765
      23.289755      35.411280
      25.436817      30.987540
      27.739109      26.378482
      29.992324      21.949418
      31.860944      17.934984
      32.943262      13.918748
      32.773686       9.782009
      32.065287       5.223163
      31.603172       0.627866
      31.583317      -3.786548
      31.987426      -8.166174
      32.631365     -12.872717
      33.302234     -18.213192
      33.776676     -23.841469
      33.798712     -29.664506
      33.145986     -35.492402
      31.724260     -40.937738
      29.854350     -46.054014
      27.810061     -51.051445
      25.498008     -56.110010
      23.095319     -61.160853
      19.965539     -65.937313
      16.576309     -69.481993
      13.295345     -72.019695
       9.593621     -74.109483
       5.747129     -76.253708
       2.051094     -78.542027
      -1.117062     -81.114219
      -3.406869     -83.810358
      -5.120893     -86.562571
      -6.010837     -89.252769
      -6.397947     -91.661804
      -6.497213     -93.666842
      -6.547163     -95.146981
      -6.697540     -96.187880
      -7.107378     -96.731400
      -7.696022     -96.677089
      -8.210907     -95.893010
      -8.685201     -94.525398
      -9.220480     -92.291779
     -10.049619     -89.549446
     -11.069880     -85.718682
     -12.399569     -80.945598
     -13.682203     -75.248353
     -14.628747     -69.128008
     -15.450952     -63.135175
     -16.003782     -57.216445
     -16.605347     -51.321364
     -16.950785     -44.996713
     -17.106181     -38.296143
     -17.129722     -31.589918
     -17.091280     -25.071323
     -16.970691     -18.670621
     -16.734265     -12.235676
     -16.123958      -5.993911
     -15.593933      -0.035354
     -15.072911       5.674201
     -14.483833      11.157102
     -13.755923      16.505764
     -13.181941      21.937975
     -12.885707      27.285332
     -12.540873      32.440475
     -12.264929      37.374904
     -11.927375      42.676654
     -11.636400      48.635580
     -11.423687      55.007849
     -11.010686      61.495628
     -10.536346      67.949024
     -10.004413      74.290504
      -9.253440      80.432959
      -8.270622      86.054254
      -7.433280      91.193402
      -6.859849      96.019710
      -6.161579     100.713625
      -5.118113     105.324757
      -4.128977     110.261270
      -3.376870     115.301656
      -3.033761     119.868142
      -2.759117     123.567902
      -2.373992     126.899752
      -2.006686     130.110652
      -1.497666     133.372600
      -0.810801     136.845955
      -0.136513     140.021418
       0.259300     142.509632
       0.134912     144.369309
      -0.245046     145.611638
      -0.462489     146.591611
      -0.803383     147.360623
      -1.508659     147.955997
      -2.614903     148.511971
      -3.765067     149.390733
      -4.331186     150.061323
      -4.600263     150.169673
      -4.855451     149.850343
      -5.217257     149.258156
      -5.629228     148.444274
      -5.923804     147.427068
      -6.248022     146.446580
      -6.232626     145.376510
      -5.790458     143.439986
      -4.867545     140.521769
      -3.445462     136.751748
      -2.071919     132.593767
      -1.304181     127.991484
      -0.896791     122.729045
      -0.964331     117.176059
      -1.903515     111.284965
      -3.326354     105.069403
      -4.851060      98.400798
      -6.560599      91.939082
      -7.985354      85.920569
      -8.799392      80.673857
      -9.233223      76.226995
      -9.558028      71.952683
      -9.690222      67.089807
      -9.408536      62.042869
      -8.881796      57.052413
      -8.323281      52.948773
      -7.948921      49.257862
      -7.369625      45.707218
      -6.716257      42.399323
      -6.020996      39.530830
      -5.542626      36.978647
      -5.437357      34.584717
      -5.397633      32.425947
      -5.441110      30.520998
      -5.520243      28.799254
      -5.641901      27.591788
      -5.822408      26.733771
      -6.319611      26.098018
      -6.875748      25.476620
      -7.161951      24.580021
      -6.998765      23.287050
      -6.859224      21.725548
      -6.750767      20.234836
      -6.276333      19.029096
      -6.073302      18.101866
      -6.108133      17.322071
      -6.113463      16.566172
      -6.084064      16.090174
      -6.041149      16.177335
      -5.898336      16.688297
      -5.728883      17.297007
      -5.522613      17.862080
      -5.274862      17.944589
      -4.884953      17.509866
      -4.620250      16.846776
      -4.553393      16.189628
      -4.661559      15.553944
      -4.842873      14.913700
      -5.101041      14.147004
      -5.274285      13.282876
      -5.379872      12.384568
      -5.541271      11.423644
      -5.649476      10.309201
      -5.599709       8.964597
      -5.338012       7.375348
      -4.694123       5.600150
      -3.692351       3.364458
      -2.111294       0.482834
      -0.059598      -2.663183
       2.086819      -5.801667
       4.039769      -8.689974
       5.896102     -11.463841
       7.736217     -14.279026
       9.508448     -17.306889
      11.264698     -20.817224
      12.502574     -24.817724
      13.412123     -29.230371
      14.071105     -33.829234
      14.216956     -38.502470
      13.930918     -43.281076
      12.562128     -48.478038
      10.006616     -53.814897
       7.597661     -58.567499
       5.625951     -62.711667
       3.528698     -66.034283
       1.369489     -68.365577
      -1.238571     -69.674122
      -3.804542     -70.034547
      -5.745587     -69.963975
      -6.860703     -69.639098
      -7.448559     -69.009560
      -8.489603     -67.788227
     -10.725477     -65.960408
     -14.668553     -63.519414
     -19.378338     -60.415047
     -23.233353     -57.345545
     -25.743669     -55.127085
     -28.257931     -53.808553
     -30.621391     -52.941273
     -32.409951     -52.085665
     -33.545804     -50.916361
     -34.146944     -49.531536
     -34.322974     -48.276248
     -34.270317     -47.242620
     -34.001187     -46.553817
     -33.762229     -46.078528
     -33.565347     -45.944124
     -33.535590     -45.982470
     -33.476701     -46.188258
     -33.610517     -46.767482
     -33.605077     -47.675119
     -33.076628     -48.750935
     -32.208323     -49.981471
     -31.367189     -51.463374
     -30.817882     -52.846697
     -30.366489     -53.761328
     -30.115493     -54.159328
     -30.063729     -54.160561
     -30.225699     -54.279961
