       7.463598      15.854973
       7.635500      15.927622
       7.583917      16.259676
       7.649379      16.872878
       7.724500      17.537796
       7.848855      18.196520
       8.095860      18.638431
       8.408114      18.929452
       8.638935      19.159886
       8.549819      19.295467
       8.035393      19.291753
       7.165766      19.200736
       6.104900      19.121541
       4.985194      19.166360
       3.985716      19.416580
       3.048636      19.779208
       2.269207      20.400674
       1.413310      21.450621
       0.625059      23.000024
      -0.013717      25.228499
      -0.239704      28.268741
      -0.543966      31.346265
      -0.967045      34.394227
      -1.220516      36.930970
      -0.447444      38.937557
       0.357084      40.746167
       0.735405      42.651631
       0.714231      44.799416
       0.371197      47.022675
      -0.026006      49.238347
      -0.571488      51.559071
      -1.134983      53.907190
      -1.405690      56.039982
      -1.650792      57.691423
      -1.937713      58.989346
      -2.188023      60.125846
      -2.489297      61.000732
      -2.784188      61.458929
      -2.991272      61.670195
      -3.111742      61.688423
      -3.232708      61.377316
      -3.373504      60.390107
      -3.298013      58.365893
      -3.384087      55.932243
      -2.558012      54.331276
      -1.899893      53.405707
      -1.600431      52.824263
      -1.587476      52.321498
      -1.608726      51.901885
      -1.714916      51.395973
      -1.632519      50.754943
      -1.134406      49.836421
      -0.585968      48.421055
      -0.300913      46.735926
      -0.241305      44.583667
      -0.282477      41.697852
      -0.404319      37.786017
      -0.638726      33.053365
      -0.591202      28.825317
      -0.488686      25.453243
      -0.496467      23.411783
      -0.796442      22.147956
      -0.985802      21.339274
      -0.785451      20.674000
      -0.177637      19.983527
       0.598348      19.056758
       1.252237      18.062142
       1.678504      17.261141
       1.845338      16.597496
       1.847001      16.157364
       1.734180      15.889308
       1.493254      15.944913
       0.962184      16.183573
      -0.091146      16.328907
      -1.076411      16.383122
      -1.465510      16.906320
      -1.862913      18.357120
      -2.003468      21.918698
      -2.394994      27.072900
      -3.028744      31.432288
      -3.100865      34.502526
      -3.009591      36.502347
      -2.972890      37.873162
      -2.931950      39.300850
      -3.088478      41.955099
      -3.222599      45.104107
      -2.980498      48.191969
      -2.701963      50.796339
      -2.426257      52.835662
      -1.996002      54.608631
      -1.408360      56.230955
      -1.299261      57.520903
      -1.619761      58.590803
      -2.073904      59.452560
      -2.507121      60.029385
      -2.715068      60.415368
      -2.825760      60.761883
      -2.780637      60.982722
      -2.710068      60.944002
      -2.550530      60.338404
      -2.242693      58.553345
      -1.867282      55.300344
      -1.245347      51.078828
      -0.457730      45.950841
       0.292367      40.161347
       0.878026      33.788522
       1.350810      27.332890
       1.658622      21.265073
       1.761992      15.760294
       1.859073       9.823644
       1.960807       3.638178
       2.111885      -2.044179
       2.153422      -7.126658
       1.899405     -11.701306
       1.602007     -15.878748
       1.493908     -19.559245
       1.328926     -22.998472
       1.269007     -26.478005
       1.141037     -30.261949
       0.975820     -34.538340
       1.057144     -38.570130
       1.283401     -42.114094
       1.479672     -45.116696
       1.630099     -47.321226
       2.032039     -48.791282
       2.381324     -50.153881
       2.539226     -51.860634
       2.680929     -53.978243
       2.842543     -56.439948
       3.282626     -59.271092
       4.664436     -62.701841
       5.927125     -66.534275
       6.606241     -70.062927
       7.235797     -73.175691
       7.651264     -75.717682
       7.713966     -77.836010
       7.834203     -79.704395
       7.729053     -81.356322
       7.618916     -82.834999
       7.338253     -84.356773
       7.044558     -85.993017
       6.591701     -87.782344
       5.927711     -89.712331
       5.145469     -91.670819
       4.354091     -93.976584
       3.545839     -96.470869
       2.750770     -98.948932
       1.847502    -101.110774
       1.230108    -102.668781
       0.772795    -103.528863
       0.399043    -103.886087
       0.119279    -104.118204
      -0.066677    -104.393898
      -0.217004    -104.440876
      -0.145780    -103.873643
       0.164802    -102.685217
       0.572508    -101.240194
       1.085254     -99.643584
       1.515242     -97.696840
       1.809053     -95.218243
       2.335904     -91.777353
       3.237631     -87.867313
       4.242753     -83.856257
       5.273525     -80.041259
       6.088679     -76.377694
       6.861631     -72.995214
       7.330399     -69.562367
       7.557941     -66.237987
       7.589113     -63.196563
       7.447768     -60.787251
       6.914659     -58.778663
       6.025640     -56.779546
       5.224732     -54.754405
       4.583068     -52.773803
       3.925986     -50.654869
       3.368614     -48.156275
       2.842355     -45.337739
       2.282189     -41.419574
       1.536452     -36.269205
       0.887992     -31.102175
       0.394929     -26.819315
      -0.352904     -23.656451
      -1.173399     -21.409905
      -2.185137     -19.552898
      -2.971342     -17.867657
      -3.288281     -15.933055
      -3.394249     -13.145621
      -2.748102      -8.784721
      -1.708891      -2.713148
      -0.859842       3.607148
       0.097564       8.644099
       0.890177      12.163742
       1.552668      14.784891
       1.778513      16.750247
       1.867186      18.531618
       1.817714      20.540204
       1.858077      23.109725
       1.740782      26.342955
       1.123855      30.095300
      -0.569814      33.975721
      -3.219611      37.336908
      -6.479773      40.101540
      -9.424027      42.337843
     -11.619496      44.578713
     -13.544322      46.798139
     -14.793136      48.585723
     -15.261947      49.600176
     -15.303585      50.203763
     -14.524890      50.910882
     -12.993957      51.964613
     -11.577192      53.213869
     -10.403158      54.661383
      -9.738680      56.176012
      -9.772040      57.515686
     -10.014291      58.675636
     -10.049334      59.652242
      -9.946801      60.668880
      -9.726479      61.820850
      -9.472071      63.146890
      -9.039829      64.432588
      -8.689610      65.500327
      -8.269988      66.449136
      -7.930125      67.359969
      -7.473969      68.133717
      -6.953983      68.524071
      -6.381764      68.659573
      -5.196738      68.429437
      -2.910233      67.627348
      -0.397393      66.195925
       1.813914      64.610918
       3.618001      62.910814
       5.159553      61.191637
       6.234054      59.090037
       7.192725      56.629206
       8.052099      53.813643
       8.628183      49.965555
       8.781383      44.298924
       8.720928      37.349845
       8.549725      30.132687
       8.369214      23.523334
       8.006011      18.150709
       7.473200      14.029672
       6.947785      11.284772
       6.570029       9.365187
       6.413268       7.919919
       6.025029       6.472650
       5.593355       4.810340
       4.977326       2.624305
       3.854235      -0.965739
       2.544169      -5.574797
       1.799253     -10.244395
       1.639690     -14.282172
       1.903867     -17.653462
       1.974730     -20.903920
       1.889233     -24.229171
       1.946348     -27.478773
       1.862792     -30.419661
       1.391343     -32.474989
       0.271957     -33.619811
      -0.791621     -33.954487
      -0.867377     -34.119650
      -0.613225     -34.995687
       0.447842     -37.149624
       2.806857     -40.826128
       4.497296     -45.118906
       5.379422     -48.999430
       5.658475     -51.898917
       5.483663     -53.617342
       5.231040     -54.489833
       4.992363     -55.107146
       4.627543     -55.713216
       4.224190     -56.304140
       3.896599     -56.610662
       3.914306     -56.601089
       4.067785     -56.574512
       3.901379     -56.689817
       3.649392     -56.661035
       3.303918     -55.976612
       2.976555     -54.922818
       2.678030     -53.633370
       2.380797     -51.899010
       2.276292     -49.308643
       2.108385     -45.664122
       1.711828     -40.912306
       1.268782     -34.867262
       0.794997     -28.005240
       0.808703     -21.320847
       1.509636     -15.615443
       1.984856     -11.472724
       1.692107      -8.902523
       0.678119      -7.214180
       0.320315      -5.813728
       0.381507      -4.168452
       0.386258      -1.674845
       0.553889       2.781327
       0.299021       8.372570
       0.118297      13.639352
       0.171936      18.071319
       0.160366      21.342710
       0.363475      23.834929
       0.680682      25.956603
       0.895210      27.390115
       0.853565      28.127365
       0.765200      28.333383
       0.683997      28.317075
       0.842209      28.213992
       1.115781      28.163251
       1.147815      28.545081
       0.930827      29.137716
       0.851761      29.661247
       0.733223      30.198924
       0.629190      31.175781
       0.605930      33.335566
       0.664438      36.518060
       1.263905      40.534772
       2.294991      45.482406
       3.453535      51.271288
       4.468069      57.804951
       4.272923      63.945652
       3.385785      68.745416
       2.544290      72.066527
       1.737441      74.648137
       1.282309      76.993574
       0.913077      79.310034
       0.625933      81.455396
       0.464561      83.698326
       0.614459      85.903579
       1.408271      87.937915
       2.111903      89.330579
       2.327385      90.081086
       2.567066      90.296641
       2.886359      90.560697
       3.293093      91.034723
       3.773343      91.557300
       4.041965      92.108184
       4.198230      92.700945
       4.311306      93.494884
       4.406189      94.284189
       4.644016      94.810234
       5.259572      94.869557
       6.522747      94.037491
       8.389087      92.415886
      10.316088      90.529263
      12.166844      88.706927
      14.002225      87.203494
      15.493155      86.379140
      16.924251      86.059733
      18.019720      86.156426
      18.845972      86.326898
      19.532307      86.354768
      20.119275      85.818834
      21.188837      84.384730
      22.453286      82.296394
      23.422051      80.394156
      24.005700      78.712625
      24.298945      77.221980
      24.381961      75.891986
      24.285297      74.879788
      24.005649      74.183339
      23.470558      73.247498
      22.018352      70.849026
      20.378934      66.963879
      19.299794      63.379629
      18.757624      61.119593
      18.807028      59.939700
      19.107811      59.300113
      19.173569      58.400048
      18.554350      57.092401
      17.989319      55.813193
      17.835221      55.015052
      17.659762      54.596158
      17.485991      54.359578
      17.240454      54.162174
      17.074580      53.974212
      16.948440      53.768347
      16.899632      53.505596
      16.842856      53.009393
      16.494390      51.403831
      15.748705      48.064565
      15.299484      43.892726
      14.882704      39.944071
      14.598951      36.795236
      14.404852      34.700384
      14.255174      33.084744
      14.040993      31.490159
      13.958121      30.033647
      13.850553      28.753717
      13.714677      27.747677
      13.588730      26.956876
      13.406552      26.013304
      13.173352      24.843371
      13.053979      23.626913
      12.881477      22.500387
      12.846795      21.480599
      12.798827      20.516234
      12.665991      19.654480
      12.507924      18.817848
      12.354979      18.088235
      12.252279      17.405158
      12.109012      16.758989
      11.874101      16.059432
      11.550782      15.738230
      11.272113      15.743871
      11.066813      15.758580
      10.861239      15.601053
      10.539587      15.172583
      10.191368      14.537920
       9.897526      13.832239
       9.780791      13.020693
       9.562313      12.074039
       9.358858      10.824328
       9.105836       8.889533
       8.943673       6.214974
       8.821799       2.936915
       8.628897      -0.840918
       8.162527      -4.980307
       7.381554      -9.390589
       6.308434     -13.936567
       5.024352     -18.218382
       3.729735     -22.014461
       2.643950     -25.124144
       1.876487     -27.624024
       1.454709     -29.694911
       1.110275     -31.473543
       0.854827     -33.105100
       0.828729     -34.668185
       0.847818     -36.256339
       0.921888     -37.884338
       0.796032     -39.500637
       0.662458     -41.203145
       0.871048     -43.379907
       0.938841     -46.086459
       0.959025     -49.288641
       1.671865     -52.578347
       2.192352     -55.512009
       2.126414     -57.645942
       1.738291     -58.873656
       1.214196     -59.433900
       1.505065     -60.095582
       1.321473     -61.052027
       0.359951     -61.765310
      -0.988985     -61.987062
      -2.939328     -61.883719
      -5.256492     -61.575196
      -6.795448     -61.207825
      -7.297763     -60.757696
      -7.465397     -60.207026
      -7.518844     -59.623260
      -6.578552     -59.231002
      -5.081494     -58.858862
      -4.540753     -58.590720
      -4.363837     -58.393928
      -4.540269     -58.101463
      -3.407509     -57.887326
      -2.676503     -57.557432
      -2.906841     -57.265341
      -3.312171     -57.097841
      -3.786416     -57.046192
      -4.347432     -57.041859
      -5.115039     -57.021664
      -6.130592     -56.901885
      -7.056616     -56.740170
      -7.863013     -56.621236
      -8.528115     -56.542698
      -8.993962     -56.532712
      -9.288147     -56.540236
      -9.544724     -56.538346
      -9.730355     -56.505838
      -9.861890     -56.365324
      -9.871237     -56.101656
      -9.946531     -55.717101
     -10.161252     -55.203214
     -10.342073     -54.546962
     -10.512810     -53.829832
     -10.680042     -53.149387
     -10.842557     -52.443448
     -11.072141     -51.439574
     -11.431538     -49.253574
     -11.822275     -45.482187
     -11.977516     -41.329097
     -11.835851     -37.407043
     -11.536931     -34.121954
     -11.158439     -31.529423
     -10.571219     -29.735164
      -9.561715     -28.571486
      -8.674408     -27.603809
      -8.010665     -26.857394
      -7.602630     -26.232817
      -7.177806     -25.090968
      -6.644478     -22.690437
      -5.959339     -19.010064
      -5.245198     -14.270889
      -4.447597      -9.384741
      -3.733244      -5.074369
      -3.302855      -1.642777
      -2.990005       1.004021
