      12.957906       1.176261
      12.873235       0.985127
      12.713986       0.875677
      12.605934       0.795780
      12.558472       0.744158
      12.519833       0.663317
      12.459542       0.593541
      12.427005       0.540084
      12.440474       0.494132
      12.434303       0.385806
      12.348604       0.225856
      12.131403       0.106054
      11.754981       0.043822
      11.260419       0.049105
      10.639146       0.151005
       9.893783       0.297550
       9.039901       0.474784
       8.194494       0.662183
       7.455580       0.822456
       6.807841       0.889679
       6.222411       0.838142
       5.538869       0.645215
       4.802141       0.398554
       5.024320       0.126070
       6.199778      -0.383939
       6.422380      -0.766869
       6.238678      -1.016280
       6.253223      -0.879014
       6.589466      -0.433809
       6.948829       0.178229
       7.229882       1.070922
       7.341726       2.236084
       7.298288       3.380085
       7.330271       4.171809
       7.009978       4.539468
       6.557856       4.450799
       6.398779       4.058931
       6.966308       3.636961
       6.991738       3.372514
       6.821273       3.206317
       6.838954       3.072593
       6.551039       2.910569
       6.139275       2.679944
       5.590230       2.297729
       5.197291       1.759761
       4.370693       1.160890
       2.722138       0.663037
       0.426270       0.273534
      -0.979604       0.160013
      -1.598584       0.234022
      -1.496677       0.309260
      -1.486963       0.344048
      -1.466919       0.349281
      -1.174984       0.480477
      -0.518919       1.090747
       0.100949       2.299036
       0.744152       3.859894
       1.524546       5.678661
       2.328840       7.722309
       3.259483      10.120580
       3.925887      12.324052
       4.125812      13.761866
       4.071496      14.387098
       3.964441      14.585153
       3.799640      14.667336
       3.706830      14.758815
       3.719381      14.936066
       3.756596      15.073601
       3.774650      15.055167
       3.710740      14.858658
       3.596305      14.518750
       3.351056      14.160734
       3.055443      13.798049
       2.649703      13.351673
       2.284300      12.843697
       1.842653      12.187633
       1.452376      11.462238
       1.022668      10.440942
       0.987118       8.995981
       1.105176       6.472611
       1.354499       2.854262
       2.107206      -1.806507
       3.310752      -7.052969
       4.742639     -12.618967
       6.555304     -18.498111
       7.906402     -24.373520
       9.063816     -29.981983
      10.085384     -35.140084
      11.002281     -39.777038
      11.993036     -43.937799
      12.817210     -47.571732
      13.326137     -50.714775
      13.551641     -53.302558
      13.686255     -55.486475
      13.911013     -57.433622
      14.235247     -59.400299
      14.399345     -61.604270
      13.646979     -64.415423
      12.654032     -67.593519
      12.374435     -70.652079
      11.947986     -73.198077
      11.588456     -75.219726
      11.515977     -77.025179
      11.726530     -78.871391
      12.071419     -80.634360
      12.367414     -82.136190
      12.688717     -83.178410
      12.900661     -83.795777
      12.999931     -83.944693
      12.862402     -83.938437
      12.417314     -83.838888
      11.881564     -83.972660
      11.280654     -84.128444
      10.342235     -83.940575
       9.099212     -83.371778
       8.178406     -82.834951
       7.497234     -82.515194
       7.001281     -82.324342
       6.499462     -82.138910
       6.045681     -81.946796
       5.573671     -81.744374
       5.144498     -81.485024
       4.968600     -81.167428
       4.824774     -80.767321
       4.575417     -80.375670
       4.264951     -80.094691
       4.004705     -79.946989
       3.736972     -79.872808
       3.410189     -79.839761
       3.086302     -79.831737
       2.833408     -79.870253
       2.667577     -79.859883
       2.452745     -79.766152
       2.218427     -79.600426
       1.979402     -79.456527
       1.808280     -79.326247
       1.634004     -79.196807
       1.523674     -79.012065
       1.386854     -78.819878
       1.246181     -78.679325
       1.057431     -78.526227
       0.903469     -78.341485
       0.709428     -78.113064
       0.493215     -77.863175
       0.232367     -77.628523
      -0.056576     -77.442125
      -0.353956     -77.334590
      -0.572303     -77.231554
      -0.735507     -77.135924
      -0.831404     -77.027505
      -0.893388     -76.904870
      -0.972242     -76.782959
      -1.092603     -76.648040
      -1.159370     -76.526008
      -1.215769     -76.438445
      -1.280299     -76.367620
      -1.359307     -76.309545
      -1.534278     -76.169327
      -1.835229     -75.873705
      -2.182199     -75.495959
      -2.516847     -75.173657
      -2.815979     -74.973509
      -3.128271     -74.879705
      -3.401131     -74.812003
      -3.661276     -74.750562
      -3.954175     -74.623798
      -4.226657     -74.455337
      -4.498550     -74.243260
      -4.742267     -74.111645
      -4.906843     -74.083887
      -4.964832     -74.290320
      -4.657558     -74.933006
      -3.798882     -76.178502
      -2.054667     -77.896941
       0.317045     -79.443797
       3.114230     -80.555069
       5.753688     -81.182358
       8.119067     -81.381977
      10.031695     -81.501795
      11.443598     -81.941735
      12.613815     -82.786351
      13.647303     -84.224506
      14.435616     -86.052272
      15.100417     -87.939993
      15.360607     -89.237761
      15.151046     -89.581522
      14.980996     -89.395993
      14.761127     -88.987595
      14.382726     -88.191053
      13.951936     -86.844608
      13.120979     -84.397358
      11.440166     -80.068245
       9.029689     -73.718940
       6.658654     -65.584377
       4.480837     -55.858275
       2.917396     -45.553275
       2.553986     -35.604468
       3.188814     -27.396815
       3.619473     -20.884356
       3.474680     -15.685930
       3.043765     -11.196110
       2.292072      -6.741117
       0.992852      -2.495913
      -0.888012       1.142765
      -2.941294       4.073817
      -5.121048       6.419579
      -7.239311       8.557828
      -9.099859      10.668422
     -10.754256      12.736717
     -12.027834      14.738871
     -13.047037      16.650991
     -13.866714      18.397288
     -14.882141      20.215684
     -15.965586      21.892389
     -17.016120      23.546998
     -17.761004      25.085967
     -18.133997      26.562303
     -17.976873      27.797918
     -16.816971      28.327647
     -14.024178      27.728674
     -10.980567      26.571039
      -8.578940      25.421617
      -6.845803      24.378165
      -5.776708      23.721821
      -5.032055      23.383799
      -4.557793      23.292509
      -4.179744      23.482305
      -3.830425      24.009598
      -3.282259      24.831826
      -2.811984      25.877757
      -2.444754      27.455748
      -2.006696      30.431884
      -1.441660      35.820145
      -0.708071      43.502440
       0.516770      52.447086
       1.703359      60.654790
       2.290373      67.136041
       2.082721      71.728473
       1.519619      74.944367
       0.830908      77.197685
       0.279399      78.577100
      -0.034052      79.023887
      -0.157299      78.943538
      -0.119916      78.652121
      -0.104019      78.398298
      -0.337414      77.958859
      -0.833676      77.446287
      -1.608878      76.632449
      -2.192204      75.595373
      -2.500021      73.495983
      -2.693740      69.873974
      -2.540863      65.323623
      -2.041187      60.431197
      -1.665672      56.217219
      -1.328046      53.030380
      -1.327629      50.581955
      -1.689232      48.360110
      -2.230350      46.120628
      -2.666726      43.782044
      -2.721509      41.446316
      -2.706347      39.345664
      -2.449641      37.400095
      -1.928080      35.764748
      -1.476217      34.325687
      -1.197297      33.277512
      -1.087404      32.536724
      -0.994694      32.115265
      -0.862923      32.035715
      -0.640179      31.998439
      -0.745416      31.871540
      -0.930520      32.034068
      -1.057505      32.577950
      -1.045545      33.320944
      -0.938872      34.246360
      -0.914733      35.055290
      -0.902619      35.527550
      -0.973598      35.995498
      -1.111800      36.318480
      -1.277309      36.425689
      -1.405995      36.416048
      -1.595623      36.163643
      -1.843660      35.855661
      -2.065133      35.697612
      -2.073044      35.618959
      -1.871011      35.696266
      -1.731551      35.822204
      -1.770966      35.830223
      -1.999114      35.831886
      -2.405066      35.901359
      -2.896673      36.192955
      -3.628640      36.689926
      -4.410431      37.310855
      -5.241968      37.923658
      -6.015775      38.444139
      -6.577062      38.858660
      -6.955387      39.242277
      -7.128574      39.557405
      -7.123779      39.799501
      -6.521272      39.790623
      -5.492971      39.557629
      -4.175497      39.158505
      -2.718315      38.613737
      -0.879230      37.871251
       0.957381      36.886774
       2.524883      35.217861
       3.822850      32.880327
       4.790298      30.225004
       5.598901      27.163639
       6.073450      23.902425
       6.337858      20.878908
       6.576135      18.194461
       6.530731      15.692715
       6.559315      13.776716
       6.701331      12.488596
       6.886940      12.121418
       7.028801      12.799540
       6.811797      14.404735
       6.588298      16.531386
       6.319833      18.560966
       6.234948      19.919731
       6.112117      20.227313
       5.887778      19.898097
       5.513603      19.408681
       5.117316      19.179279
       4.793003      19.217009
       4.552942      19.454993
       4.390235      19.753944
       4.194130      20.044885
       3.838979      20.313280
       3.387864      20.630010
       2.979566      21.002947
       2.614113      21.240213
       2.214060      21.274095
       1.782423      21.119355
       1.288391      20.895689
       0.748141      20.612214
       0.084636      20.314623
      -0.698899      20.028442
      -1.203656      19.991847
      -1.597506      20.279265
      -1.799631      20.654494
      -1.994671      20.837910
      -1.947252      20.782810
      -1.921807      20.516893
      -1.877765      20.155721
      -1.807773      19.690675
      -1.791679      19.095044
      -1.840464      18.278111
      -2.129751      16.777213
      -2.207833      14.867236
      -2.091558      13.020338
      -1.995387      11.555812
      -2.039201      10.613333
      -2.315016      10.122552
      -2.559877       9.780406
      -2.772778       9.400561
      -2.825274       8.999899
      -2.921718       8.651346
      -3.097091       8.280515
      -3.359722       7.833086
      -3.465773       7.037222
      -3.615423       5.555720
      -3.573826       3.064051
      -3.277728      -0.350525
      -2.514040      -5.211025
      -1.497187     -11.300556
      -0.048292     -17.167106
       1.297867     -21.961335
       2.224580     -25.374348
       2.652474     -27.541552
       2.764347     -28.823653
       2.780446     -29.515043
       2.667612     -29.818554
       2.593708     -29.916651
       2.560241     -29.873543
       2.552503     -30.034546
       2.520611     -30.351374
       2.772226     -30.639587
       3.046187     -30.840336
       3.308600     -31.067576
       3.419425     -31.410179
       3.396274     -31.761234
       3.374964     -32.043160
       3.369796     -32.198983
       3.315880     -32.267606
       3.234096     -32.248746
       3.063680     -32.243199
       2.682234     -32.177059
       2.357562     -32.016371
       1.996045     -31.803964
       1.767363     -31.571519
       1.497223     -31.358335
       1.279771     -31.150253
       1.087805     -30.841159
       0.763896     -29.777211
       0.227636     -27.571134
      -0.523949     -24.192270
      -0.987184     -20.491221
      -1.191646     -17.264992
      -1.278029     -14.931579
      -1.322392     -13.535882
      -1.481321     -12.899192
      -1.605116     -12.798293
      -1.710782     -12.951894
      -1.775571     -13.117715
      -1.787444     -13.349917
      -1.689498     -13.581603
      -1.502354     -13.652273
      -1.326775     -13.523546
      -1.185033     -13.240433
      -1.042972     -12.813504
