      15.518950      -9.086552
      15.524882      -9.079602
      15.581253      -9.078311
      15.637799      -9.105232
      15.712223      -9.029586
      15.799500      -8.970201
      15.858185      -9.038584
      15.888786      -9.129367
      15.878587      -9.170429
      15.817974      -9.111477
      15.767061      -9.025869
      15.735950      -8.938887
      15.701786      -8.836983
      15.683947      -8.787412
      15.649034      -8.803723
      15.572280      -8.846224
      15.486453      -8.886633
      15.399780      -8.916793
      15.337856      -8.932293
      15.302582      -8.864205
      15.269429      -8.775576
      15.265818      -8.749089
      15.238878      -8.732808
      15.132968      -8.728742
      15.037374      -8.790766
      15.005282      -8.897480
      14.969479      -8.929446
      14.969069      -8.916034
      14.961821      -8.887248
      14.919820      -8.863533
      14.936549      -8.861624
      14.954244      -8.827646
      14.951191      -8.824413
      14.977024      -8.840087
      14.950259      -8.836592
      14.938718      -8.860481
      14.955346      -8.855317
      14.925946      -8.851362
      14.902401      -8.855950
      14.817988      -8.805438
      14.825244      -8.537916
      14.968167      -7.827048
      15.065377      -6.999643
      14.980384      -6.297743
      14.861155      -5.522788
      14.847923      -4.726443
      14.963725      -3.952566
      14.953801      -3.225265
      14.870777      -2.391159
      14.814570      -1.332940
      15.027660      -0.059017
      15.383902       1.571088
      15.546745       3.808057
      15.520139       6.609156
      15.262468       9.619038
      15.024992      12.305156
      14.913699      14.325463
      14.890852      15.653641
      14.882693      16.501793
      14.777069      17.010647
      14.676031      17.241643
      14.625381      17.287809
      14.639933      17.185118
      14.720180      16.912398
      14.838979      16.479024
      14.967125      15.950539
      15.071175      15.408189
      15.125372      14.994242
      15.111868      14.808284
      15.145694      14.717632
      15.180985      14.741432
      15.175031      14.892816
      15.162573      15.061547
      15.170127      15.190701
      15.253701      15.237981
      15.274038      15.231861
      15.287355      15.180975
      15.308795      15.092761
      15.349102      15.053510
      15.374530      15.025598
      15.391333      14.994413
      15.491483      14.960102
      15.510434      14.917630
      15.481669      14.847996
      15.439844      14.834343
      15.383637      14.869588
      15.366182      14.954639
      15.359432      14.996090
      15.379110      14.992185
      15.341071      14.960721
      15.307197      14.895796
      15.296047      14.804664
      15.368139      14.682529
      15.454163      14.507342
      15.509465      14.352067
      15.495396      14.267142
      15.474959      14.229147
      15.432792      14.253085
      15.354653      14.303245
      15.314968      14.323360
      15.292915      14.348723
      15.303939      14.296373
      15.301326      14.277961
      15.261148      14.274107
      15.282761      14.180445
      15.326890      14.034194
      15.366851      13.858697
      15.330771      13.681681
      15.311553      13.560329
      15.294689      13.510096
      15.303886      13.505232
      15.285651      13.540304
      15.277515      13.593758
      15.279731      13.655623
      15.276203      13.725647
      15.294555      13.734340
      15.280679      13.761679
      15.235748      13.795696
      15.205751      13.792556
      15.219998      13.784900
      15.287133      13.755637
      15.580363      13.779565
      15.970787      13.848588
      16.291869      14.087805
      16.365125      14.465193
      16.258123      14.802656
      16.070885      15.081789
      15.860621      15.309145
      15.802785      15.369236
      15.902310      15.273403
      15.939983      15.223096
      15.893250      15.192709
      15.755027      15.193049
      15.603768      15.215964
      15.437925      15.208796
      15.241431      15.204447
      15.057155      15.304402
      14.769654      15.571889
      14.532046      16.280423
      14.431761      17.401031
      14.488138      18.609017
      14.477462      19.792855
      14.555256      20.980330
      14.585476      22.393110
      14.582087      23.928956
      14.137819      25.310243
      13.570579      26.007121
      13.147389      26.074347
      13.115300      25.678277
      13.406452      25.399692
      13.946946      25.070027
      14.232883      24.694992
      14.225572      24.471343
      14.197932      24.321771
      14.248181      24.164291
      14.304418      24.049996
      14.245262      23.881549
      14.087607      23.533609
      14.020998      22.973823
      14.012055      22.225929
      13.871653      21.107247
      13.300920      19.647584
      12.571486      17.772518
      11.872198      15.385559
      11.388503      12.768027
      10.939218      10.073077
      10.334925       7.283323
       9.705102       4.530864
       9.005127       1.844497
       8.436364      -0.903272
       7.926777      -3.746473
       7.493968      -6.787055
       6.908147     -10.054478
       6.218201     -13.747478
       5.502722     -17.590217
       4.912855     -21.483919
       4.446654     -25.286946
       4.306653     -28.765775
       4.402636     -31.521973
       4.680892     -33.515086
       5.010326     -34.841243
       5.395094     -35.805224
       5.734409     -36.570411
       5.859373     -37.319425
       5.859291     -38.102931
       5.649222     -38.719263
       5.332742     -39.082007
       4.987077     -39.357197
       4.705688     -39.665227
       4.511730     -39.979731
       4.400815     -40.084150
       4.456653     -39.896928
       4.658953     -39.549319
       4.859325     -39.217817
       5.078118     -38.899947
       5.185945     -38.639360
       5.254931     -38.417331
       5.325288     -38.195377
       5.401546     -37.926189
       5.513180     -37.565470
       5.630639     -37.051857
       5.756443     -36.296381
       5.881439     -35.424649
       6.007558     -34.620372
       6.125789     -33.903175
       6.220333     -33.297035
       6.185207     -32.802393
       6.119760     -32.423868
       6.098669     -32.114238
       6.088056     -31.855592
       6.051287     -31.721407
       5.969224     -31.760343
       6.010225     -31.908818
       6.207549     -32.028293
       6.683545     -32.012389
       7.288116     -31.911722
       8.093379     -31.614487
       8.900817     -30.981534
       9.915191     -29.927907
      11.214884     -28.446831
      12.527480     -26.919593
      13.828604     -25.475792
      15.036924     -24.065810
      16.205360     -22.440492
      17.523747     -20.575289
      18.941783     -18.643344
      20.279213     -17.087184
      21.738842     -16.198468
      23.351998     -15.601569
      24.517171     -14.714246
      24.893360     -13.563767
      24.434031     -12.397900
      23.403832     -11.232980
      23.030261     -10.339255
      23.160026      -9.611142
      23.360320      -9.125196
      23.393807      -8.888560
      23.368793      -8.886724
      23.376390      -9.095555
      23.413403      -9.413627
      23.413327      -9.722335
      23.317343      -9.944901
      23.221045     -10.131577
      23.170379     -10.237980
      23.159541     -10.285009
      23.163528     -10.259730
      23.201452     -10.187371
      23.233202     -10.128975
      23.277732     -10.089516
      23.289852     -10.028152
      23.224253     -10.037694
      23.170479     -10.093858
      23.140788     -10.227915
      23.071012     -10.366690
      23.008235     -10.523941
      22.960094     -10.673280
      22.978592     -10.809183
      23.000085     -10.881109
      23.018964     -10.902299
      22.956845     -10.877807
      22.866640     -10.847685
      22.816747     -10.810443
      22.793715     -10.838150
      22.785669     -10.810974
      22.743393     -10.777197
      22.697237     -10.749905
      22.671687     -10.742243
      22.670674     -10.748428
      22.660409     -10.786541
      22.673836     -10.849885
      22.667291     -10.910984
      22.656676     -10.943216
      22.633413     -10.936615
      22.618587     -10.913392
      22.639779     -10.912748
      22.651693     -10.887887
      22.634938     -10.933073
      22.655425     -10.929837
      22.621907     -10.893400
      22.622529     -10.878358
      22.622055     -10.871122
      22.622320     -10.874738
      22.597032     -10.884067
      22.563640     -10.892862
      22.516847     -10.900848
      22.439540     -10.890103
      22.365026     -10.860155
      22.296955     -10.856240
      22.238843     -10.902503
      22.185013     -10.960157
      22.027862     -10.988535
      21.808603     -10.990198
      21.555055     -10.935750
      21.404866     -10.879463
      21.216360     -10.809768
      20.942664     -10.659333
      20.537528     -10.281056
      20.147709      -9.597748
      19.913709      -8.592462
      19.614605      -7.063768
      19.292086      -5.101325
      18.935742      -2.969104
      18.684119      -0.918854
      18.523857       0.869160
      18.491874       2.258773
      18.520915       3.217222
      18.596860       3.830555
      18.573122       4.102175
      18.533557       4.067753
      18.511831       3.858377
      18.536263       3.590688
      18.566643       3.323152
      18.598633       3.064662
      18.567889       2.837234
      18.474070       2.698536
      18.347826       2.606730
      18.227821       2.489682
      18.173409       2.403909
      18.166353       2.440500
      18.157954       2.581282
      18.157127       2.771826
      18.180079       3.162797
      18.177873       3.726807
      18.150344       4.321219
      18.103275       4.714063
      18.024016       4.810184
      17.959475       4.685152
      17.925622       4.511894
      17.915557       4.374438
      17.915969       4.227659
      17.964071       3.948427
      17.970916       3.424464
      18.021877       2.661975
      17.948014       1.454839
      17.827517      -0.232934
      17.772951      -2.046511
      17.792009      -3.663696
      17.817340      -5.074653
      17.913034      -6.486574
      18.108213      -8.128196
      18.515253     -10.006136
      18.876928     -11.918302
      19.172148     -13.632489
      19.290787     -14.940281
      19.300985     -15.894177
      19.329520     -16.648442
      19.335565     -17.313680
      19.395198     -17.856241
      19.449596     -18.058918
      19.539445     -17.938506
      19.592395     -17.791687
      19.603829     -17.701364
      19.706286     -17.593519
      20.026224     -17.499411
      20.355573     -17.484859
      20.559727     -17.721337
      20.699463     -18.405926
      20.671139     -19.610137
      20.501508     -21.278437
      20.132106     -23.163210
      19.661976     -25.007279
      19.253325     -26.533064
      19.152297     -27.575165
      19.124307     -28.219435
      19.142737     -28.541645
      19.145302     -28.650481
      19.058745     -28.703095
      18.986475     -28.728060
      18.922844     -28.716466
      18.935610     -28.616885
      18.982250     -28.435592
      19.112562     -28.233287
      19.250786     -28.040750
      19.253212     -27.881842
      19.304099     -27.805747
      19.350245     -27.842321
      19.397511     -27.965155
      19.266871     -28.095374
      19.187052     -28.185406
      19.196723     -28.273185
      19.138315     -28.395927
      19.060927     -28.517450
      18.888068     -28.625176
      18.618163     -28.688844
      18.325852     -28.706808
      18.075296     -28.740581
      17.854740     -28.777164
      17.721286     -28.811943
      17.677520     -28.846586
      17.630274     -28.841923
      17.579112     -28.812215
      17.543734     -28.745982
      17.486681     -28.657281
      17.469551     -28.544124
      17.435318     -28.383583
      17.471841     -28.174755
      17.538110     -27.828580
      17.631647     -27.137018
      17.700466     -26.089771
      17.728070     -24.843752
      17.710055     -23.410304
      17.553759     -21.871257
      17.401939     -20.376525
      17.238658     -19.186791
      17.062371     -18.441593
      17.033496     -17.970301
      17.046356     -17.758387
      17.082610     -17.784687
      17.096437     -17.929512
      17.148498     -18.095118
      17.213274     -18.251437
      17.282593     -18.374331
      17.332052     -18.475557
      17.373950     -18.571973
      17.423690     -18.688782
      17.422783     -18.800748
      17.419736     -18.842593
      17.434111     -18.742551
      17.447177     -18.476036
      17.499542     -18.043667
      17.605383     -17.462075
      17.856850     -16.816771
      18.064322     -16.107427
      18.278916     -15.343851
      18.495386     -14.547108
      18.700310     -13.782889
      18.873465     -13.276360
      19.080673     -12.984945
      19.175547     -12.767769
      19.207892     -12.577501
      19.226397     -12.498541
      19.226429     -12.531423
      19.203655     -12.555375
      19.167625     -12.616934
      19.161834     -12.747946
      19.156835     -12.907446
      19.133588     -13.060738
      19.097385     -13.199124
      19.046963     -13.300332
      19.026559     -13.332677
      19.020704     -13.256519
      19.016723     -13.125972
      19.002476     -13.030564
      18.993949     -13.010166
      18.970849     -13.029547
      18.990653     -13.064649
      18.980327     -13.141989
      18.990798     -13.163721
      18.962038     -13.163182
      18.936505     -13.202225
      18.962505     -13.256766
      18.947394     -13.314022
      18.925981     -13.368352
      18.886342     -13.401478
      18.870923     -13.429723
      18.842072     -13.443965
      18.844891     -13.445891
      18.830823     -13.452426
      18.814788     -13.496041
      18.813350     -13.533296
      18.822350     -13.521613
      18.797908     -13.554269
      18.795134     -13.565847
      18.777416     -13.534025
      18.749516     -13.510837
      18.764463     -13.498049
      18.778345     -13.503404
      18.788425     -13.517018
      18.760760     -13.526252
      18.715614     -13.551655
      18.688717     -13.596465
      18.704177     -13.623982
      18.920645     -13.695085
      19.124803     -13.796365
      19.059653     -13.869574
      19.046593     -13.894053
      18.991065     -13.976606
      18.995504     -14.040102
      18.988076     -14.060776
      18.980157     -14.063600
      18.968163     -14.057532
      18.957718     -14.054085
      18.985812     -14.062680
      19.010594     -14.079082
      19.022980     -14.118183
      19.109532     -14.159533
      19.068967     -14.163789
      19.019291     -14.141450
      19.015057     -14.146069
      18.996278     -14.165001
      19.012953     -14.159924
      19.002027     -14.210611
      19.022439     -14.218313
      18.986601     -14.172783
      18.910578     -14.120536
      18.735937     -14.079339
      18.578413     -14.060126
      18.512355     -14.062148
      18.485019     -14.075575
      18.483916     -14.092349
      18.481151     -14.088544
      18.471157     -14.051468
      18.435634     -13.999226
      18.406272     -13.959424
      18.378063     -13.921396
      18.356994     -13.853733
      18.345475     -13.836833
      18.368551     -13.825547
      18.341682     -13.807043
      18.303586     -13.806826
      18.284962     -13.819871
      18.289663     -13.846133
      18.309004     -13.888318
      18.310597     -13.936683
      18.282436     -13.980187
      18.256096     -14.061015
      18.247618     -14.120513
      18.252587     -14.143896
