      14.151667      -8.657295
      14.105115      -8.714814
      14.092809      -8.766941
      14.076376      -8.786525
      14.048059      -8.760896
      14.029808      -8.727618
      14.030702      -8.725060
      14.017434      -8.736575
      13.992846      -8.743054
      14.003013      -8.730489
      13.992857      -8.755727
      14.024818      -8.743903
      14.009439      -8.718431
      13.992154      -8.730645
      14.031936      -8.743382
      14.043434      -8.755277
      14.042386      -8.769431
      14.036779      -8.757153
      14.043160      -8.754887
      14.048699      -8.744784
      14.048495      -8.714616
      14.054098      -8.683675
      14.089210      -8.671643
      14.089643      -8.676344
      14.090910      -8.674986
      14.090498      -8.681311
      14.111295      -8.735104
      14.108858      -8.726088
      14.089590      -8.700419
      14.091114      -8.693480
      14.098512      -8.673260
      14.108305      -8.674972
      14.099157      -8.670179
      14.094466      -8.665626
      14.086195      -8.674864
      14.092032      -8.664623
      14.094355      -8.642776
      14.087938      -8.634832
      14.087415      -8.650446
      14.079351      -8.673440
      14.088843      -8.680672
      14.085732      -8.735584
      14.094897      -8.725510
      14.072256      -8.682852
      14.078901      -8.671343
      14.094395      -8.658170
      14.087125      -8.691130
      14.082014      -8.720939
      14.074862      -8.732694
      14.073511      -8.744213
      14.064617      -8.726066
      14.060149      -8.702138
      14.049199      -8.697254
      14.043370      -8.714150
      14.030955      -8.735550
      14.025868      -8.731581
      14.016669      -8.765211
      14.032540      -8.756310
      14.006152      -8.707088
      13.993795      -8.695578
      14.002942      -8.684641
      13.994625      -8.692954
      13.992395      -8.714856
      13.967946      -8.717517
      13.945045      -8.736038
      13.936734      -8.749243
      13.930391      -8.741736
      13.920813      -8.735137
      13.916781      -8.732931
      13.910265      -8.738546
      13.912572      -8.721742
      13.904018      -8.757888
      13.923650      -8.742838
      13.899592      -8.706738
      13.892186      -8.719634
      13.914835      -8.710853
      13.911567      -8.724420
      13.925953      -8.739297
      13.912622      -8.736763
      13.926349      -8.743243
      13.938451      -8.733971
      13.939146      -8.709247
      13.938732      -8.683040
      13.938119      -8.678289
      13.950981      -8.679997
      13.955665      -8.696017
      13.972003      -8.742014
      13.957091      -8.721509
      13.942818      -8.695595
      13.950610      -8.686475
      13.967632      -8.680715
      13.977575      -8.709851
      13.971425      -8.725439
      13.961956      -8.730586
      13.960835      -8.734974
      13.959312      -8.711384
      13.957810      -8.689209
      13.948491      -8.699092
      13.949313      -8.718953
      13.956198      -8.721403
      13.965481      -8.735162
      13.994114      -8.772855
      13.987404      -8.750812
      13.985707      -8.723921
      13.996132      -8.720124
      14.001357      -8.710627
      13.998838      -8.734137
      13.995252      -8.753575
      13.982304      -8.774116
      13.977909      -8.792389
      13.979864      -8.783169
      13.977554      -8.767378
      13.974221      -8.772641
      13.973475      -8.805372
      13.967189      -8.839528
      13.969098      -8.840916
      13.960689      -8.857232
      13.990851      -8.866538
      13.974470      -8.830050
      13.962041      -8.812499
      13.975939      -8.808000
      13.974301      -8.809746
      13.970390      -8.828859
      13.943862      -8.833248
      13.930130      -8.843883
      13.920675      -8.860914
      13.905970      -8.849211
      13.890685      -8.829608
      13.890547      -8.821826
      13.904355      -8.841211
      13.874551      -8.864286
      13.857770      -8.871336
      13.845832      -8.899608
      13.838363      -8.942903
      13.821078      -8.946074
      13.770786      -8.959866
      13.764417      -8.976081
      13.773024      -8.975789
      13.774002      -8.984880
      13.740649      -8.989958
      13.727255      -9.017749
      13.736460      -9.064285
      13.730724      -9.082727
      13.698317      -9.062690
      13.682229      -9.047569
      13.686977      -9.048534
      13.689308      -9.046065
      13.710043      -9.026547
      13.718490      -9.077723
      13.739299      -9.081409
      13.727629      -9.039350
      13.725964      -9.017616
      13.752596      -8.979003
      13.766260      -8.970775
      13.773983      -8.978559
      13.764438      -8.978639
      13.764398      -8.979682
      13.765811      -8.965598
      13.773183      -8.936083
      13.767773      -8.909797
      13.767321      -8.912251
      13.762915      -8.923633
      13.762956      -8.934182
      13.776694      -8.942512
      13.802114      -8.986169
      13.810541      -8.971012
      13.793027      -8.923427
      13.808021      -8.913524
      13.821202      -8.898941
      13.818134      -8.929466
      13.816995      -8.959451
      13.812119      -8.984612
      13.808539      -9.008478
      13.805448      -9.000847
      13.809525      -8.977048
      13.806566      -8.969871
      13.806367      -8.987700
      13.800121      -9.019632
      13.792877      -9.039383
      13.798731      -9.029001
      13.801927      -9.067272
      13.821226      -9.077460
      13.795174      -9.053476
      13.790531      -9.060841
      13.807041      -9.062366
      13.798536      -9.085414
      13.791910      -9.114625
      13.779145      -9.117312
      13.781249      -9.129344
      13.775266      -9.129731
      13.763534      -9.114690
      13.754918      -9.105653
      13.751542      -9.108875
      13.746312      -9.134066
      13.728518      -9.145170
      13.718031      -9.117916
      13.695400      -9.116395
      13.704572      -9.173312
      13.682184      -9.172588
      13.645886      -9.169348
      13.627833      -9.209089
      13.626445      -9.218076
      13.622419      -9.255751
      13.620707      -9.329598
      13.589796      -9.383722
      13.561874      -9.423724
      13.539729      -9.441148
      13.525942      -9.413288
      13.522370      -9.363557
      13.512772      -9.313906
      13.514489      -9.267285
      13.507436      -9.227840
      13.504829      -9.187067
      13.505307      -9.190899
      13.517079      -9.157025
      13.481256      -9.145398
      13.479639      -9.184061
      13.462325      -9.205277
      13.440616      -9.203556
      13.492544      -9.260576
      13.397111      -9.327344
      13.201223      -9.450912
      12.942236      -9.650897
      12.755063      -9.823876
      12.731227      -9.835636
      12.892937      -9.724842
      12.911668      -9.533667
      12.937617      -9.319617
      12.914539      -9.192770
      12.929713      -9.093888
      12.868418      -8.965264
      12.817890      -8.855481
      12.833947      -8.800276
      12.856290      -8.795080
      12.893271      -8.857550
      12.890161      -8.972041
      12.892955      -9.147181
      12.903563      -9.317317
      12.897958      -9.429640
      12.811932      -9.487410
      12.725489      -9.535405
      12.551810      -9.439479
      12.525967      -9.205564
      12.605569      -8.954790
      12.767419      -8.827102
      12.961727      -8.762217
      13.064817      -8.656968
      13.115998      -8.517077
      13.068249      -8.380954
      12.987843      -8.257571
      13.012595      -8.076057
      13.087987      -7.881074
      13.282939      -7.824123
      13.634479      -7.935332
      13.931462      -8.080478
      14.043483      -8.179692
      14.059910      -8.297524
      14.075525      -8.372397
      14.090144      -8.311845
      14.108927      -8.190742
      14.186540      -8.015958
      14.229445      -7.836422
      14.304337      -7.751548
      14.433899      -7.731824
      14.640429      -7.759274
      14.818153      -7.790482
      14.858330      -7.780781
      14.810443      -7.765648
      14.806521      -7.760440
      14.649151      -7.713260
      14.473361      -7.671661
      14.271358      -7.743549
      14.200012      -7.936720
      14.300080      -8.227795
      14.309067      -8.486259
      14.300577      -8.514999
      14.230940      -8.318364
      14.174225      -8.089262
      14.103865      -7.915563
      13.996979      -7.873588
      13.966446      -7.957706
      13.942207      -8.136578
      13.929676      -8.334701
      13.963301      -8.433629
      13.947289      -8.440178
      13.883364      -8.425515
      13.823543      -8.488801
      13.751830      -8.568333
      13.637006      -8.559495
      13.605578      -8.475043
      13.623901      -8.453170
      13.764543      -8.385482
      13.792543      -8.280558
      13.919258      -8.238009
      13.965991      -8.269065
      14.108648      -8.375472
      14.206538      -8.503214
      14.305086      -8.611224
      14.650143      -8.768333
      15.103876      -8.828777
      15.304359      -8.806477
      15.267895      -8.829253
      15.263721      -8.896792
      15.341098      -9.018027
      15.336399      -9.123674
      15.187900      -9.196659
      15.151982      -9.180273
      15.131959      -9.110836
      15.117151      -9.023991
      15.079598      -8.937382
      15.031936      -8.896973
      15.010339      -8.888676
      14.991924      -8.896030
      14.958786      -8.916415
      14.930722      -8.928392
      14.908671      -8.907459
      14.866057      -8.886891
      14.852231      -8.908710
      14.985389      -8.981444
      15.127936      -9.103028
      15.209004      -9.205477
      15.167900      -9.209828
      15.072377      -9.216168
      14.970437      -9.203538
      14.898545      -9.211935
      14.925006      -9.267279
      14.920480      -9.325832
      14.894452      -9.364133
      14.871601      -9.390201
      14.882529      -9.400872
      14.881333      -9.380285
      14.874808      -9.341996
      14.887502      -9.321740
      14.929897      -9.351071
      14.996560      -9.306795
      15.021790      -9.278688
      15.087442      -9.291404
      15.096649      -9.295472
      15.099881      -9.306737
      15.092260      -9.302066
      15.073481      -9.308742
      15.033878      -9.293101
      14.972695      -9.261449
      14.922097      -9.189530
      14.938131      -9.109876
      15.022630      -9.087859
      15.073623      -9.110784
      15.035499      -9.110648
      14.989357      -9.071752
      15.028009      -9.058290
      15.033364      -9.065294
      15.063791      -9.101888
      15.050307      -9.139432
      15.012806      -9.181658
      14.976382      -9.245657
      14.971489      -9.291045
      14.974264      -9.294248
      14.959265      -9.274206
      14.933962      -9.324243
      14.933442      -9.365093
      14.902007      -9.385269
      14.884530      -9.368736
      14.863844      -9.302905
      14.842455      -9.238791
      14.823869      -9.202938
      14.783231      -9.209380
      14.754176      -9.241106
      14.758576      -9.274522
      14.747527      -9.252058
      14.731475      -9.211655
      14.722575      -9.157532
      14.761552      -9.187767
      14.770827      -9.207270
      14.765317      -9.239241
      14.739186      -9.291663
      14.767593      -9.280492
      14.800688      -9.259515
      14.775680      -9.269865
      14.745084      -9.292214
      14.730297      -9.305252
      14.733306      -9.323251
      14.725190      -9.291816
      14.715496      -9.304302
      14.684970      -9.318232
      14.685719      -9.356749
      14.679300      -9.372936
      14.660217      -9.423491
      14.640223      -9.445084
      14.608834      -9.439538
      14.611821      -9.431472
      14.613398      -9.418405
      14.610965      -9.412230
      14.636296      -9.408085
      14.641356      -9.399198
      14.616210      -9.396801
      14.605803      -9.375300
      14.578381      -9.313446
      14.545890      -9.252250
      14.534408      -9.195477
      14.529507      -9.167131
      14.519587      -9.156224
      14.535308      -9.169472
      14.531538      -9.248679
      14.534997      -9.295932
      14.506535      -9.310885
      14.500563      -9.324644
      14.511142      -9.345129
      14.502215      -9.380800
      14.492122      -9.416955
      14.488694      -9.429015
      14.485305      -9.437224
      14.473977      -9.415119
      14.466296      -9.377442
      14.460019      -9.354252
      14.461405      -9.355251
      14.449079      -9.379464
      14.433706      -9.400994
      14.421039      -9.439903
      14.408739      -9.456325
      14.406937      -9.435129
      14.402678      -9.453772
      14.420093      -9.490498
      14.372307      -9.467289
      14.354548      -9.439816
      14.383151      -9.435693
      14.369390      -9.452009
      14.361542      -9.489018
      14.343928      -9.513684
      14.341716      -9.555197
      14.318430      -9.573276
      14.299990      -9.552038
      14.300103      -9.532013
      14.292782      -9.522089
      14.284883      -9.522889
      14.272996      -9.547504
      14.271091      -9.604814
      14.263465      -9.631275
      14.245800      -9.601169
      14.216300      -9.498229
      14.224050      -9.400947
      14.213166      -9.268497
      14.179956      -9.191721
      14.177671      -9.199288
      14.181791      -9.209004
      14.168134      -9.235391
      14.149251      -9.259358
      14.135554      -9.297445
      14.118471      -9.362918
      14.101681      -9.411399
      14.087925      -9.415021
      14.077147      -9.369736
      14.068014      -9.296896
      14.058475      -9.226116
      14.028002      -9.177736
      14.012829      -9.156682
      14.015280      -9.136631
      14.004763      -9.179369
      14.027753      -9.198743
      13.994232      -9.225266
