      18.010152     -10.278346
      17.997947     -10.336552
      17.994660     -10.367026
      17.984045     -10.370901
      17.983342     -10.371761
      17.981904     -10.376521
      17.962027     -10.393073
      17.956895     -10.402496
      17.959082     -10.461651
      17.951251     -10.472149
      17.932354     -10.454732
      17.943736     -10.446329
      17.954822     -10.431138
      17.954206     -10.445438
      17.945105     -10.459452
      17.916083     -10.468823
      17.903705     -10.481599
      17.907090     -10.459991
      17.908001     -10.409511
      17.887680     -10.371651
      17.877960     -10.366950
      17.855851     -10.380168
      17.852281     -10.389879
      17.843838     -10.436785
      17.857593     -10.433039
      17.837858     -10.394142
      17.841035     -10.389093
      17.856316     -10.390776
      17.856060     -10.424372
      17.861525     -10.444122
      17.853783     -10.438008
      17.851307     -10.427040
      17.848405     -10.409785
      17.843769     -10.395683
      17.834838     -10.394715
      17.830073     -10.415359
      17.823057     -10.438897
      17.814011     -10.458839
      17.814345     -10.457288
      17.812988     -10.503375
      17.812894     -10.487440
      17.780709     -10.458522
      17.788747     -10.457751
      17.800515     -10.440576
      17.790406     -10.441708
      17.800430     -10.395423
      17.811943     -10.295085
      17.804804     -10.258968
      17.788465     -10.235329
      17.771956     -10.233314
      17.756878     -10.242366
      17.746291     -10.239058
      17.736420     -10.240202
      17.723413     -10.252989
      17.705414     -10.281006
      17.714278     -10.339647
      17.722652     -10.335941
      17.710504     -10.321470
      17.718028     -10.295186
      17.726347     -10.237158
      17.723476     -10.205119
      17.702529     -10.183430
      17.678782     -10.196715
      17.680278     -10.237849
      17.684763     -10.262654
      17.672956     -10.269065
      17.678674     -10.261594
      17.682245     -10.250424
      17.680408     -10.258473
      17.702164     -10.259924
      17.692691     -10.319997
      17.721944     -10.321034
      17.703158     -10.274470
      17.722609     -10.256643
      17.748474     -10.226439
      17.741285     -10.249536
      17.755159     -10.290524
      17.740251     -10.308374
      17.734627     -10.322587
      17.743366     -10.314827
      17.751030     -10.287214
      17.748296     -10.271332
      17.753150     -10.287632
      17.742591     -10.315459
      17.737370     -10.333939
      17.743570     -10.332138
      17.752183     -10.367626
      17.759140     -10.365740
      17.743920     -10.340917
      17.757248     -10.342950
      17.766318     -10.339657
      17.756462     -10.372016
      17.758499     -10.388891
      17.749630     -10.392449
      17.747056     -10.400762
      17.739846     -10.399669
      17.747122     -10.396023
      17.734093     -10.397935
      17.730897     -10.414387
      17.727919     -10.439193
      17.714014     -10.455503
      17.719744     -10.449372
      17.696810     -10.470408
      17.718012     -10.498602
      17.697609     -10.478058
      17.690704     -10.465274
      17.704436     -10.457439
      17.709551     -10.461246
      17.706960     -10.490577
      17.697054     -10.501344
      17.687398     -10.511809
      17.673334     -10.516097
      17.668685     -10.516485
      17.661912     -10.518030
      17.655834     -10.524013
      17.651787     -10.532965
      17.649069     -10.547085
      17.636783     -10.559929
      17.615819     -10.570118
      17.604895     -10.580823
      17.604066     -10.637077
      17.614520     -10.634153
      17.593450     -10.608026
      17.607686     -10.601104
      17.616503     -10.580590
      17.595631     -10.597604
      17.587208     -10.593388
      17.572005     -10.565557
      17.563080     -10.548617
      17.554154     -10.524232
      17.551044     -10.502356
      17.540896     -10.488865
      17.536159     -10.485991
      17.527811     -10.499992
      17.511019     -10.515502
      17.497869     -10.523717
      17.503009     -10.509208
      17.485220     -10.538273
      17.502598     -10.520891
      17.469923     -10.482679
      17.465658     -10.463906
      17.488038     -10.430080
      17.479917     -10.430705
      17.482510     -10.449066
      17.467374     -10.469427
      17.461368     -10.501304
      17.460858     -10.511053
      17.465255     -10.501152
      17.475870     -10.484901
      17.482312     -10.477095
      17.485117     -10.487573
      17.485004     -10.501002
      17.504712     -10.502795
      17.485247     -10.526416
      17.513613     -10.547318
      17.499969     -10.518102
      17.488217     -10.523271
      17.501926     -10.534813
      17.510983     -10.539115
      17.511341     -10.568452
      17.506801     -10.570924
      17.495952     -10.570793
      17.487158     -10.577148
      17.492424     -10.577713
      17.487738     -10.576501
      17.479634     -10.586168
      17.475244     -10.603994
      17.473380     -10.621368
      17.465799     -10.634807
      17.476641     -10.618117
      17.462779     -10.653141
      17.485802     -10.662049
      17.463906     -10.630578
      17.461481     -10.627189
      17.486739     -10.619446
      17.478605     -10.636323
      17.475126     -10.667722
      17.467833     -10.677468
      17.467176     -10.698313
      17.473343     -10.719636
      17.469273     -10.723055
      17.455846     -10.721136
      17.449544     -10.720822
      17.444030     -10.727209
      17.434296     -10.743702
      17.417976     -10.756706
      17.426598     -10.752005
      17.407131     -10.772478
      17.427542     -10.791278
      17.410260     -10.754652
      17.402755     -10.740726
      17.424533     -10.723522
      17.428795     -10.707779
      17.418690     -10.725920
      17.411658     -10.729343
      17.399895     -10.747715
      17.390022     -10.754142
      17.380409     -10.742608
      17.374823     -10.721891
      17.373380     -10.716291
      17.361430     -10.719049
      17.343692     -10.732141
      17.322443     -10.740078
      17.325148     -10.729644
      17.308072     -10.728606
      17.316800     -10.743185
      17.308153     -10.715974
      17.286863     -10.700070
      17.300221     -10.698692
      17.310150     -10.684032
      17.298720     -10.701312
      17.286773     -10.710488
      17.267946     -10.728300
      17.255829     -10.743262
      17.242344     -10.746538
      17.229386     -10.730755
      17.225346     -10.711889
      17.221482     -10.704042
      17.208314     -10.707127
      17.192899     -10.716908
      17.196373     -10.711814
      17.172764     -10.749706
      17.188895     -10.740057
      17.169016     -10.733959
      17.164303     -10.752149
      17.201162     -10.740452
      17.201796     -10.748556
      17.207277     -10.745099
      17.201477     -10.739590
      17.208423     -10.750389
      17.196663     -10.745146
      17.188217     -10.734801
      17.176589     -10.733022
      17.183834     -10.755203
      17.175257     -10.792306
      17.170128     -10.816343
      17.165267     -10.821383
      17.171649     -10.860078
      17.174714     -10.838702
      17.165577     -10.817226
      17.177451     -10.827653
      17.193693     -10.827456
      17.178435     -10.857191
      17.182512     -10.878267
      17.175441     -10.893269
      17.162225     -10.915957
      17.164445     -10.930277
      17.162780     -10.929132
      17.153994     -10.924818
      17.153177     -10.939128
      17.146041     -10.947164
      17.145098     -10.952918
      17.143307     -10.948675
      17.152258     -10.988941
      17.155769     -10.976613
      17.131383     -10.951913
      17.144350     -10.946776
      17.162194     -10.932725
      17.152097     -10.958302
      17.148360     -10.972645
      17.139209     -10.976501
      17.132137     -10.983664
      17.135313     -10.974888
      17.136024     -10.970432
      17.130749     -10.972698
      17.132707     -10.988867
      17.121822     -11.006780
      17.109487     -11.013645
      17.120833     -10.995065
      17.099717     -11.016226
      17.125719     -11.029185
      17.102580     -10.994223
      17.107284     -10.989827
      17.128787     -10.980368
      17.121486     -10.983912
      17.117166     -11.014404
      17.109868     -11.019139
      17.107980     -11.022443
      17.098158     -11.014341
      17.093467     -10.992420
      17.088276     -10.964419
      17.081163     -10.945558
      17.076760     -10.940829
      17.065423     -10.937429
      17.054784     -10.936737
      17.061368     -10.918904
      17.035991     -10.958850
      17.062721     -10.952749
      17.041107     -10.915306
      17.041310     -10.909956
      17.061547     -10.886638
      17.044957     -10.895993
      17.035324     -10.912114
      17.012539     -10.920184
      16.995693     -10.936891
      16.989206     -10.943429
      16.981242     -10.934478
      16.977496     -10.923690
      16.982291     -10.922416
      16.977367     -10.931813
      16.971178     -10.940902
      16.996471     -10.926468
      16.972145     -10.971272
      16.998783     -10.966436
      16.985079     -10.938505
      16.990362     -10.954032
      17.012400     -10.947228
      17.020307     -10.965535
      17.044008     -10.991088
      17.036985     -10.982019
      17.023504     -10.986308
      17.023665     -10.982576
      17.030339     -10.963959
      17.030065     -10.953974
      17.031134     -10.963451
      17.025242     -10.991924
      17.001934     -11.021653
      17.013766     -11.023461
      16.999501     -11.056119
      17.032135     -11.071287
      17.019320     -11.028826
      17.024764     -11.016050
      17.039802     -11.004161
      17.038105     -11.008978
      17.035615     -11.037778
      17.028598     -11.045130
      17.017344     -11.060372
      17.006510     -11.066765
      17.007996     -11.061352
      17.008462     -11.053080
      17.007376     -11.050497
      17.007716     -11.063743
      17.001329     -11.074741
      16.996796     -11.079022
      16.993087     -11.078846
      17.005793     -11.116187
      17.005884     -11.098006
      16.987993     -11.081005
      17.001927     -11.085199
      17.013500     -11.077289
      17.000538     -11.108805
      16.998760     -11.118696
      16.993865     -11.115965
      16.989040     -11.115588
      16.981158     -11.102449
      16.980704     -11.085527
      16.975320     -11.071409
      16.971601     -11.067373
      16.961662     -11.078017
      16.953522     -11.087966
      16.958628     -11.078720
      16.936342     -11.078169
      16.959734     -11.091194
      16.944674     -11.051079
      16.933039     -11.026275
      16.941856     -11.011094
      16.953613     -10.994214
      16.939273     -11.015594
      16.922805     -11.034328
      16.899692     -11.058408
      16.885546     -11.082410
      16.882732     -11.084366
      16.882509     -11.067552
      16.884648     -11.044022
      16.891239     -11.040989
      16.886825     -11.051661
      16.883702     -11.073159
      16.892961     -11.076532
      16.867822     -11.114596
      16.901545     -11.112413
      16.889890     -11.067878
      16.900861     -11.060136
      16.933098     -11.039374
      16.939314     -11.043645
      16.942862     -11.072380
      16.931665     -11.079057
      16.921652     -11.096471
      16.919082     -11.099467
      16.922499     -11.101129
      16.919399     -11.113078
      16.914849     -11.132957
      16.917697     -11.162201
      16.911750     -11.179621
      16.901666     -11.181932
      16.905591     -11.155925
      16.900167     -11.188778
      16.914313     -11.186796
      16.889927     -11.158561
      16.898870     -11.160091
      16.917361     -11.153614
      16.907812     -11.185659
      16.910802     -11.215607
      16.905365     -11.221913
      16.887841     -11.235399
      16.877195     -11.237276
      16.877356     -11.225824
      16.873464     -11.212408
      16.873925     -11.210125
      16.867563     -11.227297
      16.860193     -11.247069
      16.852488     -11.264074
      16.848299     -11.252169
      16.840605     -11.289617
      16.857000     -11.274302
      16.831569     -11.235847
      16.845843     -11.233667
      16.863684     -11.215951
      16.839118     -11.235574
      16.836975     -11.250291
      16.830086     -11.246585
      16.820750     -11.247722
      16.805223     -11.242961
      16.803430     -11.236868
      16.791598     -11.233426
      16.788369     -11.221732
      16.784798     -11.208965
      16.777253     -11.200387
      16.762767     -11.195852
      16.757345     -11.170430
      16.741940     -11.207790
      16.746193     -11.190127
      16.720403     -11.166178
      16.721323     -11.170547
      16.733371     -11.160601
      16.708298     -11.188096
      16.696698     -11.224616
      16.673240     -11.245640
      16.656079     -11.269683
      16.642451     -11.273993
      16.645405     -11.254859
      16.646343     -11.235628
      16.669545     -11.227242
      16.719690     -11.232179
      16.749154     -11.235472
      16.712482     -11.202445
      16.657124     -11.231827
      16.699607     -11.224513
      16.704271     -11.187920
      16.708409     -11.187835
      16.725472     -11.174044
      16.732485     -11.185011
      16.737743     -11.213854
      16.724334     -11.225434
      16.702298     -11.246241
      16.700472     -11.252214
      16.705942     -11.255803
      16.694450     -11.259061
      16.693016     -11.273995
      16.694432     -11.298975
      16.682474     -11.317982
      16.687942     -11.310530
      16.671562     -11.329715
      16.695503     -11.352734
      16.669570     -11.325985
      16.663225     -11.317860
      16.686830     -11.314113
      16.693582     -11.315632
      16.682870     -11.349438
      16.670706     -11.361997
      16.662576     -11.377906
      16.649262     -11.383281
      16.648368     -11.368563
      16.647898     -11.348356
      16.647192     -11.338556
      16.641514     -11.347525
      16.635026     -11.363116
      16.635802     -11.369269
      16.626651     -11.368614
      16.633004     -11.413273
      16.632815     -11.407418
      16.608964     -11.397047
      16.624303     -11.396055
      16.645428     -11.375841
      16.628058     -11.395316
      16.628326     -11.405548
      16.617797     -11.407477
      16.617174     -11.416098
      16.609687     -11.404661
      16.605692     -11.387169
      16.598751     -11.374667
      16.603133     -11.376511
      16.591518     -11.383743
      16.568547     -11.388388
      16.577675     -11.368719
      16.555388     -11.392754
      16.571427     -11.379226
      16.550911     -11.332221
      16.554651     -11.316522
      16.570106     -11.304177
      16.561809     -11.319258
      16.553254     -11.352248
      16.542348     -11.359100
      16.531083     -11.362644
      16.513812     -11.358433
      16.504831     -11.356481
      16.493212     -11.356153
      16.491581     -11.360700
      16.485611     -11.360075
      16.473863     -11.347869
      16.488978     -11.331128
      16.468649     -11.358813
      16.499829     -11.378562
      16.481475     -11.363414
      16.478388     -11.371113
      16.508721     -11.356693
      16.518394     -11.335496
      16.532546     -11.344259
      16.530675     -11.347036
      16.514981     -11.364663
      16.511631     -11.380510
      16.508526     -11.379073
      16.498925     -11.363998
      16.490963     -11.356648
      16.499690     -11.384461
      16.497975     -11.424472
      16.496518     -11.443271
      16.488686     -11.446027
      16.495243     -11.476281
      16.495016     -11.442245
      16.488248     -11.413150
      16.496668     -11.407280
      16.497577     -11.395070
      16.489380     -11.425532
      16.486550     -11.437653
      16.482226     -11.443159
      16.471503     -11.452520
      16.471160     -11.444752
      16.470242     -11.436605
      16.463724     -11.443873
      16.459449     -11.462685
      16.454536     -11.477851
      16.438252     -11.481886
      16.449291     -11.470991
      16.423301     -11.493106
      16.450782     -11.504700
      16.435016     -11.470383
      16.440472     -11.459429
      16.458784     -11.440483
      16.451715     -11.447317
      16.448706     -11.474510
      16.446893     -11.482972
      16.435858     -11.491422
      16.429724     -11.492235
      16.435981     -11.486382
      16.438332     -11.475087
      16.437050     -11.468698
      16.433241     -11.474827
      16.426932     -11.486545
      16.418615     -11.496520
      16.429446     -11.481724
      16.413895     -11.517689
      16.445171     -11.518384
      16.415584     -11.480598
      16.419358     -11.479022
      16.434065     -11.452236
      16.431821     -11.442972
      16.425097     -11.447642
      16.418156     -11.440415
      16.414116     -11.445693
      16.407224     -11.444794
      16.403751     -11.447321
      16.392097     -11.447336
      16.386095     -11.446915
      16.385060     -11.457022
      16.377360     -11.460271
      16.363342     -11.455293
      16.361965     -11.440713
      16.349032     -11.430968
      16.375192     -11.441362
      16.370744     -11.418844
      16.342832     -11.419591
      16.361290     -11.436068
      16.375825     -11.427057
      16.372589     -11.444790
      16.375788     -11.444309
      16.370187     -11.448733
      16.369219     -11.452943
      16.373402     -11.442702
      16.382115     -11.421036
      16.381463     -11.404166
      16.382678     -11.407525
      16.384765     -11.429507
      16.377780     -11.448745
      16.392782     -11.454122
      16.373236     -11.474641
      16.393648     -11.509540
      16.391290     -11.486145
      16.394534     -11.482200
      16.414290     -11.480767
      16.427227     -11.482619
      16.418808     -11.518968
      16.415169     -11.544614
      16.401507     -11.558155
      16.389445     -11.569735
      16.387077     -11.564386
      16.389738     -11.556957
      16.379844     -11.551131
      16.386103     -11.559784
      16.381484     -11.575745
      16.380325     -11.583660
      16.373779     -11.586250
      16.371231     -11.583668
      16.376733     -11.619400
      16.372677     -11.601430
      16.347219     -11.577234
      16.374740     -11.570808
      16.391899     -11.553289
      16.377247     -11.586897
      16.376708     -11.610489
      16.364512     -11.616764
      16.348169     -11.627353
      16.340327     -11.618325
      16.342427     -11.608303
      16.335056     -11.604028
      16.333108     -11.610371
      16.330869     -11.624085
      16.334907     -11.637139
      16.330193     -11.644168
      16.326065     -11.622919
      16.317103     -11.664544
      16.336655     -11.661583
      16.307315     -11.634089
      16.323341     -11.631034
      16.349603     -11.614392
      16.335152     -11.635069
      16.331087     -11.645190
      16.321302     -11.648749
      16.304646     -11.654027
      16.291377     -11.640606
      16.291127     -11.630289
      16.284866     -11.611135
      16.281014     -11.586570
      16.277662     -11.577143
      16.268160     -11.575400
      16.253451     -11.580781
      16.258981     -11.571110
      16.228920     -11.613284
      16.242778     -11.633337
      16.210552     -11.623212
      16.180976     -11.631857
      16.178500     -11.584963
      16.161997     -11.529073
      16.125457     -11.548508
      16.079443     -11.589308
      16.041430     -11.691194
      15.980056     -11.769943
      15.969628     -11.860447
      15.911490     -11.889493
      15.802300     -11.884755
      15.636384     -11.868737
      15.537373     -11.856307
      15.441826     -11.791939
      15.379292     -11.739049
      15.316271     -11.676251
      15.292940     -11.587580
      15.252732     -11.532136
      15.243705     -11.510198
      15.198382     -11.503062
      15.169808     -11.551091
      15.142362     -11.613975
      15.091868     -11.679721
      15.063206     -11.751246
      15.047299     -11.794403
      15.084753     -11.818872
      15.206196     -11.851654
      15.356110     -11.892342
      15.505980     -11.917282
      15.659665     -11.902728
      15.814381     -11.901470
      15.961467     -11.886077
      16.059952     -11.852361
      16.136476     -11.801939
      16.219363     -11.746365
      16.292974     -11.706320
      16.289557     -11.699064
      16.262887     -11.704093
      16.235819     -11.737044
      16.232288     -11.781252
      16.272339     -11.800500
      16.317194     -11.798786
      16.350086     -11.801450
      16.366810     -11.809356
      16.357765     -11.829789
      16.381257     -11.851722
      16.378700     -11.926858
      16.412045     -11.955558
      16.396119     -11.947004
      16.400814     -11.943604
      16.422170     -11.927385
      16.407353     -11.943802
      16.405851     -11.953233
      16.397573     -11.947406
      16.400671     -11.941239
      16.403088     -11.926244
      16.391730     -11.917267
      16.381680     -11.918343
      16.374806     -11.943837
