      -3.564647       1.734742
      -3.672664       2.181442
      -3.715711       2.610856
      -3.733596       2.812651
      -3.740996       2.764777
      -3.767514       2.677709
      -3.767742       2.658712
      -3.754531       2.609223
      -3.730658       2.579382
      -3.669682       2.579122
      -3.620192       2.613520
      -3.557826       2.618467
      -3.487129       2.560424
      -3.438338       2.466101
      -3.427703       2.411658
      -3.407638       2.379775
      -3.393312       2.398412
      -3.386457       2.416297
      -3.376157       2.449039
      -3.357237       2.455918
      -3.359967       2.458767
      -3.431920       2.426424
      -3.651894       2.384375
      -4.248111       2.229729
      -5.803178       1.970983
      -8.722059       1.729760
     -12.028241       1.669611
     -15.280780       1.335756
     -18.592950       0.644244
     -22.121707      -0.073072
     -25.964875      -0.721786
     -29.483099      -1.336728
     -32.350569      -1.860882
     -34.377237      -1.999605
     -35.520070      -2.045343
     -35.971686      -2.079065
     -36.189366      -2.112359
     -36.343103      -2.440450
     -36.691271      -2.843706
     -37.278837      -3.269373
     -38.236409      -3.767536
     -39.508595      -4.453905
     -41.379173      -5.222080
     -43.730978      -6.086943
     -46.122489      -7.185916
     -48.602043      -8.455627
     -50.781399      -9.431239
     -52.508867     -10.046557
     -53.745179     -10.401217
     -54.631683     -10.906618
     -55.369139     -11.820951
     -55.948048     -12.915883
     -56.666547     -15.925100
     -57.386926     -22.576518
     -57.618597     -31.922701
     -57.348284     -40.823952
     -56.960528     -47.305251
     -56.767904     -50.712468
     -56.802884     -51.626225
     -57.070972     -50.609912
     -57.298927     -49.323544
     -57.576817     -48.729729
     -57.898619     -48.454618
     -57.889342     -47.873373
     -57.755715     -47.486919
     -57.725330     -46.950737
     -57.860214     -46.023653
     -58.074831     -44.742220
     -58.565566     -42.855227
     -59.548321     -39.112587
     -61.145403     -32.797274
     -62.955460     -24.526382
     -64.244762     -16.403064
     -64.856781     -10.165617
     -65.083895      -6.085225
     -65.172580      -3.704409
     -65.298576      -2.928943
     -65.448784      -3.276958
     -65.604311      -3.967222
     -65.820380      -4.484836
     -65.942272      -4.476411
     -66.095127      -4.406602
     -66.213192      -4.376070
     -66.387603      -4.431642
     -66.497231      -4.768153
     -66.574248      -5.024604
     -66.598621      -5.099673
     -66.546321      -5.228368
     -66.573000      -5.584843
     -66.611633      -6.059874
     -66.708691      -6.721521
     -66.798463      -7.166650
     -66.798590      -7.099183
     -66.781367      -6.953738
     -66.760462      -6.873524
     -66.781279      -6.876664
     -66.750320      -6.827294
     -66.691123      -6.839849
     -66.677543      -6.818150
     -66.632110      -6.847258
     -66.635729      -6.902532
     -66.618467      -7.070261
     -66.560309      -7.142080
     -66.556088      -7.275118
     -66.531070      -7.271724
     -66.469944      -7.274303
     -66.405141      -7.284275
     -66.338095      -7.330455
     -66.302313      -7.378129
     -66.326424      -7.488561
     -66.329901      -7.551634
     -66.306957      -7.620695
     -66.258654      -7.585209
     -66.228744      -7.520940
     -66.254472      -7.392594
     -66.319056      -7.248991
     -66.355959      -7.012640
     -66.366990      -6.825212
     -66.332597      -6.568308
     -66.238070      -6.409124
     -66.137719      -6.279825
     -66.104973      -6.266403
     -66.105721      -6.140729
     -66.135849      -6.083258
     -66.147166      -5.942175
     -66.045168      -5.249931
     -65.732274      -3.605843
     -65.092769      -0.261093
     -64.026978       5.083127
     -62.556567      11.407571
     -60.822513      17.507776
     -58.691435      23.247135
     -56.433920      28.296270
     -54.534202      31.398415
     -53.025038      33.312735
     -51.933660      34.308833
     -51.339481      34.759562
     -50.956436      34.723008
     -50.841660      34.577878
     -50.697241      34.450641
     -50.560521      34.516689
     -50.375648      34.503639
     -50.002769      34.469503
     -49.449642      34.528924
     -48.750979      34.770163
     -48.001574      34.879866
     -47.234043      34.529789
     -46.520900      34.605328
     -45.957889      35.126333
     -45.662762      35.795553
     -45.342188      36.535140
     -45.088215      37.613042
     -44.893613      39.217246
     -44.937516      40.981655
     -45.348357      42.999452
     -46.078411      44.917364
     -46.901434      46.289696
     -47.292259      47.822340
     -47.030937      50.155785
     -46.123771      53.175290
     -44.506979      56.567143
     -42.199738      60.536206
     -39.532258      64.031417
     -36.603519      66.097381
     -33.936496      67.101041
     -31.789230      67.436895
     -30.036399      67.405052
     -28.468823      67.225342
     -27.255495      66.796763
     -26.201643      66.265560
     -25.218042      65.550514
     -24.456366      64.688912
     -23.570634      63.335449
     -22.687814      61.585396
     -21.866732      59.304013
     -21.149981      56.587553
     -20.351311      53.475051
     -19.595897      49.768491
     -18.742782      45.536158
     -18.134826      40.582949
     -17.854435      34.787816
     -17.726258      28.092084
     -17.641529      21.007365
     -17.520029      13.790754
     -17.197223       7.414071
     -16.634822       2.538393
     -16.290594      -0.522063
     -16.023060      -1.963770
     -15.897521      -2.303461
     -15.849600      -2.030776
     -15.872722      -1.598119
     -15.869113      -1.185558
     -15.859278      -1.018227
     -15.795878      -1.011606
     -15.630326      -1.011790
     -15.405037      -0.905308
     -15.157195      -0.720091
     -14.858768      -0.472787
     -14.600637      -0.196704
     -14.411942       0.056769
     -14.241809       0.293631
     -14.126951       0.388468
     -14.022086       0.274102
     -13.944559       0.091404
     -13.832489      -0.026346
     -13.777318      -0.005104
     -13.779389       0.021537
     -13.826593      -0.018218
     -13.881079      -0.022039
     -13.953905      -0.004036
     -14.041107      -0.030678
     -14.144415      -0.103598
     -14.185306      -0.170957
     -14.219316      -0.212728
     -14.238073      -0.233119
     -14.273675      -0.220141
     -14.300379      -0.182329
     -14.350882      -0.171544
     -14.380918      -0.163455
     -14.397723      -0.140990
     -14.391855      -0.134776
     -14.415234      -0.152408
     -14.388417      -0.179801
     -14.396635      -0.171069
     -14.394955      -0.145197
     -14.414339      -0.148683
     -14.432605      -0.180309
     -14.445194      -0.151371
     -14.462575      -0.148317
     -14.472411      -0.184786
     -14.453536      -0.230793
     -14.446545      -0.227109
     -14.466409      -0.210938
     -14.471994      -0.187467
     -14.454794      -0.220920
     -14.434820      -0.223702
     -14.428486      -0.242444
     -14.428790      -0.275468
     -14.418958      -0.329072
     -14.432740      -0.337321
     -14.426065      -0.348575
     -14.444557      -0.356916
     -14.439676      -0.371380
     -14.443502      -0.382658
     -14.444552      -0.396027
     -14.467918      -0.379401
     -14.472216      -0.377522
     -14.493595      -0.326689
     -14.488521      -0.295327
     -14.492635      -0.253828
     -14.442273      -0.224020
     -14.429563      -0.179090
     -14.455211      -0.161357
     -14.490557      -0.170759
     -14.488883      -0.169114
     -14.518653      -0.135832
     -14.535202      -0.149245
     -14.569743      -0.139783
     -14.600726      -0.150646
     -14.625199      -0.159390
     -14.650100      -0.153969
     -14.664501      -0.139447
     -14.651597      -0.143235
     -14.626790      -0.104746
     -14.632248      -0.044895
     -14.626425      -0.005932
     -14.643080      -0.012589
     -14.639035      -0.010880
     -14.661172       0.037385
     -14.655315       0.018289
     -14.647415      -0.019021
     -14.632740      -0.007403
     -14.639849       0.006165
     -14.639571       0.008279
     -14.627049       0.024632
     -14.617117       0.025544
     -14.621724       0.015500
     -14.610736       0.003031
     -14.604297      -0.002871
     -14.562345       0.006902
     -14.539895       0.052304
     -14.500022       0.070979
     -14.503939       0.061288
     -14.483974       0.060068
     -14.479764       0.071701
     -14.481300       0.071571
     -14.473633       0.080293
     -14.437237       0.099310
     -14.416511       0.106131
     -14.392222       0.096576
     -14.395880       0.095031
     -14.385707       0.092483
     -14.381680       0.102648
     -14.357898       0.092084
     -14.333314       0.098495
     -14.290066       0.103491
     -14.289036       0.102265
     -14.265457       0.113023
     -14.276926       0.150755
     -14.268258       0.116384
     -14.280970       0.114050
     -14.293196       0.162862
     -14.318279       0.178439
     -14.309205       0.172083
     -14.295458       0.190872
     -14.280777       0.187538
     -14.318658       0.193179
     -14.354974       0.194500
     -14.408733       0.210080
     -14.433468       0.260465
     -14.498463       0.288073
     -14.556339       0.310630
     -14.632099       0.311198
     -14.749442       0.371328
     -14.935872       0.454584
     -15.069772       0.465179
     -15.129887       0.471096
     -15.110766       0.478732
     -15.083064       0.494174
     -15.031848       0.470381
     -14.981472       0.461873
     -14.942897       0.454899
     -14.923019       0.464739
     -14.899123       0.463364
     -14.869805       0.459683
     -14.899281       0.403948
     -14.947510       0.357706
     -15.028256       0.257716
     -15.121585       0.178593
     -15.284252       0.127786
     -15.482485       0.141951
     -15.720486       0.276566
     -16.063959       0.358040
     -16.579502       0.290797
     -17.448396       0.146148
     -18.498411      -0.040152
     -19.863584      -0.307291
     -21.276915      -0.464085
     -22.234394      -0.822787
     -22.903102      -1.066711
     -23.431760      -1.067314
     -23.713902      -1.021250
     -23.821565      -0.903598
     -23.944535      -1.039718
     -24.130520      -1.331902
     -24.226119      -1.590360
     -24.291480      -1.780875
     -24.272013      -2.161530
     -24.180973      -2.692460
     -24.034395      -3.290857
     -23.947707      -3.950020
     -23.893454      -4.552115
     -23.749667      -4.883034
     -23.533022      -4.782698
     -23.267274      -4.545374
     -23.067471      -4.300290
     -22.920546      -4.092765
     -22.864775      -3.879384
     -22.807125      -3.627943
     -22.820399      -3.335074
     -22.767982      -2.970648
     -22.657805      -2.444736
     -22.533232      -2.039469
     -22.405821      -1.729142
     -22.246993      -1.471554
     -22.109770      -1.212853
     -21.974859      -1.017491
     -21.866800      -0.850030
     -21.734017      -0.703034
     -21.682641      -0.489535
     -21.620221      -0.275880
     -21.531032      -0.110493
     -21.462574      -0.025170
     -21.402884       0.027469
     -21.334327       0.067277
     -21.269741       0.081494
     -21.176590       0.076247
     -21.140352       0.070758
     -21.115720       0.036065
     -21.006196       0.034321
     -20.833791       0.031659
     -20.708745      -0.037733
     -20.589270      -0.023453
     -20.377715       0.053099
     -19.976999       0.214903
     -19.397959       0.400328
     -18.587436       0.554547
     -17.785556       0.706584
     -17.089020       0.838173
     -16.368289       0.966984
     -15.639388       1.065876
     -14.929487       1.142079
     -14.278399       1.206961
     -13.675948       1.254378
     -13.082310       1.251767
     -12.524624       1.245638
     -12.034028       1.222936
     -11.608577       1.169748
     -11.241328       1.101662
     -10.930803       1.059250
     -10.663278       1.095607
     -10.416779       1.185741
     -10.254721       1.312487
     -10.112577       1.405022
      -9.941805       1.498494
      -9.778044       1.574675
      -9.594825       1.662953
      -9.367926       1.810545
      -9.121201       2.003242
      -8.859115       2.268563
      -8.651196       2.632886
      -8.504039       2.940532
      -8.419812       3.077329
      -8.368550       3.133503
      -8.351054       3.161209
      -8.406960       3.182808
      -8.485768       3.166705
      -8.614857       3.108590
      -8.856326       3.003190
      -9.214254       2.870937
      -9.627660       2.780521
      -9.959123       2.788358
     -10.173451       2.885518
     -10.375537       2.935080
     -10.517389       2.913470
     -10.611311       2.912090
     -10.687980       2.922504
     -10.770375       2.937615
     -10.807305       2.923947
     -10.861469       2.915253
     -10.890621       2.951534
     -10.903701       2.969003
     -10.920330       3.002293
     -10.921540       3.015341
     -10.922021       3.000417
     -10.948229       2.961638
     -10.978205       2.915596
     -10.987079       2.890874
     -11.021272       2.873628
     -11.047727       2.834828
     -11.079972       2.804609
     -11.085851       2.799975
     -11.117145       2.795355
     -11.111483       2.783288
     -11.089746       2.803419
     -11.069228       2.798985
     -11.047595       2.789287
     -11.033258       2.776352
     -11.034109       2.754453
     -11.025390       2.718884
     -11.012276       2.685425
     -11.001322       2.657074
     -10.989986       2.637751
     -10.978345       2.629217
     -10.983708       2.622815
     -10.978498       2.612900
     -10.967772       2.613603
     -10.944999       2.621604
     -10.946809       2.615700
     -10.930389       2.597842
     -10.936756       2.620627
     -10.924373       2.609101
     -10.940853       2.584166
     -10.940813       2.555131
     -10.940360       2.537485
     -10.922938       2.533827
     -10.916022       2.536640
     -10.913574       2.544259
     -10.928828       2.537869
     -10.948882       2.543032
     -10.976988       2.556283
     -10.975889       2.580595
     -10.978471       2.598090
     -10.981476       2.615231
     -11.002371       2.620608
     -11.026946       2.620459
     -11.045378       2.627027
     -11.029609       2.654857
     -11.028044       2.663530
     -11.019478       2.672325
     -11.017140       2.683354
     -11.016861       2.704979
     -11.012112       2.691630
     -11.009525       2.678817
     -11.015742       2.681359
     -11.036153       2.679217
     -11.083718       2.657842
     -11.127041       2.685926
     -11.132419       2.732162
     -11.121942       2.756649
     -11.113302       2.763035
     -11.140878       2.754755
     -11.150649       2.762317
     -11.159248       2.808087
     -11.179253       2.877587
     -11.231644       2.954418
     -11.192332       2.955515
     -11.126045       2.924262
     -11.063278       2.817278
     -11.040211       2.718031
     -11.003094       2.651675
     -10.974192       2.616282
     -10.979647       2.622344
     -10.976507       2.677969
     -10.934104       2.690784
     -10.916982       2.695021
     -10.914857       2.705816
     -10.918610       2.606415
     -10.949368       2.519921
     -10.964685       2.558925
     -10.936016       2.625269
     -10.886401       2.655997
     -10.863642       2.613024
     -10.919562       2.623775
     -10.947881       2.684196
     -10.977105       2.704401
     -10.971920       2.667038
     -10.971506       2.694559
     -11.001623       2.753753
     -11.070394       2.785776
     -11.098199       2.798922
     -11.086367       2.843801
     -11.074621       2.856972
     -11.049448       2.830254
     -11.044095       2.790399
     -11.042280       2.844359
     -11.047880       2.897999
     -11.031304       2.781863
     -11.049433       2.579237
     -11.106818       2.519704
     -11.105368       2.459871
     -11.018152       2.310005
     -10.976930       2.297474
     -10.973116       2.524586
     -10.936713       2.832904
     -10.883686       3.070347
     -10.908620       3.337396
     -10.912294       3.811009
     -10.904829       4.537273
     -10.902463       5.473198
     -10.868288       6.640798
     -10.740051       7.972983
     -10.626493       9.454396
     -10.549546      10.857733
     -10.551707      11.987532
     -10.574906      12.589909
     -10.643182      12.702562
     -10.730351      12.542776
     -10.795519      12.383031
     -10.793213      12.245931
     -10.780976      12.121373
     -10.838827      11.986879
     -10.815878      11.826375
     -10.794023      11.640427
     -10.932103      11.501960
     -11.045779      11.413817
     -11.013280      11.316831
     -10.903089      11.116660
     -10.862613      10.788566
     -10.946298      10.408404
     -11.062461      10.060003
     -11.162667       9.705072
     -11.199847       9.253244
     -11.170492       8.721782
     -11.189155       8.088337
     -11.228537       7.452138
     -11.258252       6.898361
     -11.263408       6.464929
     -11.257205       6.141260
     -11.263079       5.929619
     -11.235919       5.866500
     -11.165482       5.863635
     -11.089485       5.877897
     -10.982744       5.843720
     -10.880126       5.797205
     -10.775355       5.736391
     -10.684252       5.637761
     -10.583851       5.547730
     -10.497171       5.526339
     -10.454318       5.550766
     -10.434900       5.572049
     -10.424015       5.594738
     -10.420964       5.593629
     -10.400503       5.581128
     -10.352777       5.593244
     -10.248526       5.603740
     -10.166257       5.661136
     -10.087340       5.645070
     -10.199710       5.562675
     -10.459185       5.650441
     -10.632630       5.961734
     -10.679780       6.271690
     -10.711248       6.438195
     -10.682762       6.467710
     -10.644671       6.436161
     -10.618120       6.450011
     -10.593908       6.430581
     -10.526927       6.335172
     -10.408876       6.125675
     -10.387904       5.940016
     -10.476722       5.924423
     -10.497629       6.015512
     -10.421523       6.149184
     -10.294103       6.248167
     -10.123030       6.279449
     -10.040146       6.226654
     -10.071893       6.165575
     -10.154658       6.155732
     -10.200384       6.187791
     -10.181742       6.204272
     -10.164069       6.169718
     -10.212527       6.089094
     -10.258358       6.013399
     -10.289990       5.946552
     -10.464280       5.907950
     -10.606828       5.863341
     -10.623597       5.823913
     -10.644187       5.829020
     -10.634589       5.888547
     -10.593041       5.923933
     -10.556014       5.918512
     -10.544242       5.872527
     -10.564531       5.861483
     -10.556100       5.895622
     -10.504808       5.920084
     -10.456569       5.911214
     -10.432052       5.872022
     -10.401177       5.838019
     -10.365298       5.799313
     -10.338517       5.781572
     -10.334158       5.772773
     -10.331323       5.764575
     -10.391920       5.737767
     -10.487969       5.695355
     -10.555349       5.658144
     -10.570091       5.643804
     -10.593357       5.652028
     -10.589078       5.670085
     -10.593816       5.680810
     -10.624084       5.690551
     -10.711579       5.687335
     -10.769945       5.696554
     -10.798125       5.716876
     -10.843130       5.738208
     -10.871710       5.752800
     -10.916652       5.751008
     -10.976674       5.732224
     -11.025930       5.731506
     -11.076308       5.725839
     -11.108293       5.723088
     -11.141704       5.718171
     -11.165971       5.715227
     -11.201816       5.718068
     -11.207772       5.719651
     -11.200405       5.726914
     -11.223455       5.721756
     -11.211887       5.681039
     -11.172815       5.675140
     -11.174194       5.669210
     -11.160269       5.665539
     -11.184541       5.622233
     -11.225822       5.576857
     -11.286943       5.517271
     -11.326194       5.443792
     -11.346262       5.298263
     -11.409354       5.144591
     -11.565192       5.049383
     -11.921228       5.111113
     -12.361750       5.242634
     -12.949880       5.358194
     -13.766303       5.402780
     -14.794958       5.513682
     -15.799022       5.812220
     -16.737886       6.370944
     -17.528032       6.972988
     -18.281427       7.602894
     -19.066332       8.192541
     -19.572963       8.632539
     -20.291278       8.972685
     -20.747783       9.123657
     -20.962903       9.111117
     -21.218361       8.964436
     -21.370230       8.782439
     -21.605616       8.711207
     -21.879603       8.578909
     -22.116459       8.329256
     -22.316230       8.062534
     -22.537706       7.934322
     -22.707779       7.912622
     -22.713962       7.808238
     -22.710494       7.824376
     -22.681546       7.921084
     -22.590647       7.869033
     -22.533130       7.842362
     -22.487678       8.035025
     -22.481789       8.270053
     -22.523356       8.404638
     -22.617142       8.417249
     -22.724631       8.471835
     -22.833710       8.596823
     -22.911182       8.731115
     -22.950745       8.871738
     -22.989511       8.980497
     -23.091232       9.070536
     -23.091071       9.126298
     -23.054061       9.173885
     -22.993273       9.178246
     -22.963375       9.142280
     -22.949134       9.135679
     -22.943738       9.143812
     -22.957175       9.130439
     -22.950077       9.166510
     -22.929162       9.188739
     -22.892531       9.217451
     -22.849048       9.242965
     -22.801843       9.244776
     -22.755519       9.267329
     -22.739908       9.273979
