     -10.942489      28.319137
     -11.100595      28.528660
     -10.995105      28.489053
     -10.902898      28.294738
     -10.767252      27.865530
     -10.619769      27.367350
     -10.487004      26.977965
     -10.348477      26.845439
     -10.181597      27.034848
      -9.939832      27.421870
      -9.833988      27.655928
      -9.947945      27.426016
     -10.305672      26.647287
     -11.270802      25.542581
     -12.311674      24.411805
     -13.588575      23.577373
     -15.913475      22.944394
     -19.484170      22.404295
     -23.862053      21.613591
     -27.812205      20.261929
     -30.958291      18.234332
     -33.625455      15.291973
     -36.326815      11.111448
     -39.195987       5.764790
     -41.892332       0.147785
     -44.271224      -4.758130
     -46.203606      -7.690259
     -47.218918      -8.647141
     -47.388953      -8.515542
     -47.000886      -8.209809
     -46.401680      -8.211766
     -45.448737      -8.341049
     -44.151290      -8.406363
     -41.877168      -8.354364
     -37.088891      -7.989610
     -29.880316      -7.578541
     -22.303672      -7.283564
     -16.060306      -6.755771
     -11.694599      -5.664971
      -8.370227      -3.916456
      -6.219432      -1.795912
      -4.828501      -0.082942
      -3.920220       1.195411
      -3.028371       2.051863
      -2.294973       2.636183
      -1.747873       3.095687
      -1.396864       3.466695
      -1.216573       3.800269
      -1.070459       4.131361
      -0.762306       4.481641
      -0.420763       4.820247
      -0.037352       5.172122
       0.271653       5.499833
       0.316386       5.766177
       0.058716       5.988436
      -0.242809       6.128494
      -0.558586       6.163489
      -0.776349       6.092075
      -0.860179       5.945524
      -0.815065       5.775214
      -0.749880       5.724447
      -0.703810       5.777728
      -0.738355       5.915011
      -0.776606       6.087615
      -0.866145       6.324765
      -0.879217       6.890595
      -0.973563       8.460322
      -1.237656      11.630360
      -2.036760      17.199979
      -3.132813      24.429781
      -4.068982      33.325313
      -4.686933      43.862554
      -4.778817      56.072242
      -4.446738      69.318340
      -3.824177      82.415246
      -3.541328      93.843851
      -3.806442     102.865782
      -4.710072     109.909796
      -5.978622     116.404608
      -7.357795     122.916274
      -8.680050     129.426016
     -10.002668     135.521852
     -10.965328     140.766932
     -11.473354     145.205106
     -11.592325     148.827532
     -11.478504     152.180908
     -11.130152     155.641926
     -10.438049     158.987541
      -9.001073     161.837963
      -6.166531     163.895398
      -0.972936     164.974259
       5.702932     165.557821
      11.814170     166.307901
      17.121532     167.876059
      22.260814     170.189071
      26.927772     172.427265
      31.067644     174.448330
      34.439186     176.782694
      36.883830     179.519801
      38.302868    -177.373929
      39.005346    -174.584308
      39.262640    -172.537636
      39.154904    -170.877563
      38.544240    -168.924982
      36.718687    -166.720340
      33.730660    -164.297870
      30.055436    -161.746845
      26.288459    -159.239397
      22.425472    -157.336493
      18.565821    -155.995848
      14.729849    -154.923621
      11.791787    -154.063636
       9.321518    -153.837406
       7.125334    -154.135540
       5.787371    -154.326372
       4.654214    -154.525083
       3.683510    -155.000051
       3.085040    -155.374382
       2.620214    -155.848962
       2.464321    -156.450310
       2.439595    -156.990381
       2.605067    -157.395826
       2.971305    -157.647789
       3.366141    -157.643195
       3.493507    -157.147079
       3.224578    -155.885389
       2.453459    -154.263794
       1.053110    -152.600536
      -1.852190    -150.646623
      -5.416293    -148.089944
      -8.527940    -145.084457
     -10.797555    -142.439575
     -12.230749    -140.502069
     -13.130101    -139.319326
     -13.641628    -138.543309
     -13.682573    -138.027484
     -13.379913    -137.840129
     -12.501535    -138.259737
     -11.168719    -139.744539
      -9.439848    -142.142947
      -6.909870    -145.843610
      -3.731625    -150.690424
      -0.905053    -155.916620
       0.983937    -159.195859
       2.344895    -161.486324
       3.213097    -164.143942
       3.585328    -167.221779
       4.034604    -170.401575
       4.363434    -173.541777
       4.836437    -177.382206
       4.735549     177.125289
       3.692213     167.782046
       2.317418     152.773659
       1.135262     133.707220
       0.593552     114.042813
       0.056410      96.139717
      -0.411228      79.363068
      -0.570622      63.559309
      -0.410347      49.178897
       0.198292      36.290297
       0.761219      25.080251
       1.171232      15.857834
       1.291586       8.474924
       1.819551       1.964148
       2.597612      -4.541802
       3.678104     -11.142755
       4.924597     -17.486626
       5.957958     -23.194861
       6.674394     -29.029807
       7.428996     -35.885685
       7.960487     -43.446852
       7.674972     -50.875970
       6.857470     -57.416496
       6.401495     -63.265086
       5.556523     -68.385316
       4.257134     -72.216361
       3.031936     -74.815199
       1.952904     -76.574194
       0.862746     -77.448881
      -0.691150     -77.128245
      -2.629005     -74.501552
      -4.087557     -68.410801
      -4.254206     -57.769844
      -2.245410     -44.862484
       0.786423     -32.519117
       2.968563     -22.442336
       2.913303     -15.732837
      -0.134695     -11.662575
      -5.862384      -8.811674
     -14.716640      -6.408518
     -26.141207      -4.228861
     -34.679327      -2.892360
     -39.087952      -2.206881
     -40.254619      -2.023854
     -38.872393      -2.270409
     -32.205256      -2.671349
     -17.991220      -2.705844
       1.112118      -2.440522
      17.889266      -2.012767
      28.330408      -1.582056
      35.631925      -0.381395
      40.383517       1.376256
      42.777471       3.008095
      43.214278       4.033878
      41.759925       3.877673
      37.990620       2.960463
      31.337588       2.119440
      21.779388       1.439332
      12.276632       0.724180
       8.562533       0.289591
       5.829546       0.003000
       3.763570      -0.423282
       3.057655      -0.680427
       3.053693      -0.588996
       3.306843      -0.471380
       3.281555      -0.506640
       3.053991      -0.741263
       2.702273      -1.131417
       2.512497      -1.644960
       2.201345      -2.247743
       1.945597      -2.759558
       1.745693      -3.164946
       1.839917      -3.470322
       2.257868      -3.792601
       2.868957      -4.174956
       3.322183      -4.642734
       3.662029      -5.122333
       3.839914      -5.621563
       3.843552      -6.050368
       3.649974      -6.442956
       3.232261      -6.767929
       2.712337      -7.045466
       2.093894      -7.165431
       1.552387      -7.158928
       1.146161      -7.095293
       0.878762      -7.163732
       0.714696      -7.445391
       0.703429      -7.860062
       0.802987      -8.337160
       0.958026      -8.896723
       1.104783      -9.460651
       1.235418     -10.143375
       1.287367     -11.124475
       1.209589     -12.366246
       0.880623     -13.813506
       0.514936     -15.281652
       0.219813     -16.588567
       0.027416     -17.734112
      -0.172070     -18.671509
      -0.411775     -19.528326
      -0.582862     -20.406446
      -0.750086     -21.284426
      -0.844518     -22.264916
      -0.922546     -23.174486
      -0.948334     -24.047759
      -1.012141     -24.769598
      -1.037399     -25.392436
      -1.013751     -25.794121
      -0.982646     -26.081193
      -0.989524     -26.386212
      -1.017469     -26.878020
      -1.092420     -27.542737
      -1.145051     -28.404669
      -1.255871     -29.306150
      -1.422482     -30.229310
      -1.581248     -31.127808
      -1.754918     -32.120659
      -1.874395     -33.133312
      -1.994839     -34.113110
      -1.998560     -34.804786
      -1.939850     -35.115133
      -1.872067     -35.322739
      -1.828977     -35.490569
      -1.760415     -35.624246
      -1.685879     -35.722547
      -1.570809     -35.705397
      -1.471485     -35.565891
      -1.384978     -35.046202
      -1.366993     -33.954848
      -1.427166     -31.892687
      -1.499311     -28.568604
      -1.463129     -24.517977
      -1.375303     -20.552577
      -1.179691     -17.342897
      -0.863635     -15.035659
      -0.556462     -13.525606
      -0.462166     -12.582338
      -0.473896     -11.953626
      -0.597285     -11.570759
      -0.819455     -11.318127
      -1.066404     -11.159270
      -1.290920     -11.081113
      -1.595996     -11.092148
      -2.081963     -11.229246
      -2.899390     -11.568116
      -4.387531     -12.086994
      -6.924932     -12.652818
     -10.470789     -13.149910
     -14.392549     -13.590825
     -17.611527     -13.954826
     -20.418633     -14.384029
     -22.604033     -14.779332
     -23.805272     -15.100442
     -24.378119     -15.394354
     -24.588178     -15.659165
     -24.585543     -15.905531
     -24.472236     -16.149699
     -24.295293     -16.297385
     -23.878859     -16.397910
     -22.948064     -16.400802
     -21.513806     -16.386569
     -19.605527     -16.361721
     -17.716131     -16.310600
     -16.123983     -16.218883
     -14.804268     -16.180791
     -13.633371     -16.183697
     -12.715234     -16.185620
     -11.898340     -16.249688
     -11.113567     -16.372227
     -10.521697     -16.521492
     -10.075376     -16.686626
     -10.060923     -16.815815
     -10.680907     -16.944881
     -12.351696     -17.104150
     -16.117514     -17.292715
     -21.627534     -17.484504
     -27.071990     -17.687574
     -31.175286     -18.080604
     -34.833744     -18.811403
     -38.891663     -19.870764
     -42.974773     -21.113216
     -46.030064     -22.343282
     -48.076265     -23.343326
     -49.164238     -23.927307
     -49.495045     -24.108970
     -49.626646     -24.070322
     -49.629104     -23.949664
     -49.405856     -23.797482
     -48.893644     -23.497998
     -48.233370     -23.073567
     -47.601831     -22.656545
     -47.003854     -22.229086
     -46.368380     -21.808455
     -45.825244     -21.438083
     -45.439824     -21.172396
     -45.204501     -21.057341
     -45.180454     -21.124360
     -45.299714     -21.287493
     -45.508109     -21.442658
     -45.755613     -21.546205
     -45.952532     -21.579580
     -46.024503     -21.534050
     -46.005881     -21.390987
     -45.790205     -21.141156
     -45.403159     -20.799479
     -44.985741     -20.442415
     -44.212960     -20.020589
     -41.811200     -19.175045
     -36.750923     -17.186535
     -29.896205     -14.683913
     -23.477943     -12.717562
     -18.890122     -11.614003
     -15.466489     -11.308804
     -12.131118     -11.632879
      -8.887407     -12.232088
      -6.306261     -12.918943
      -4.126639     -13.468678
      -2.394817     -13.650271
      -1.179177     -13.448448
      -0.455853     -13.020702
      -0.098945     -12.401612
       0.463809     -11.796811
       1.159562     -11.229755
       1.791434     -10.748250
       2.314918     -10.413383
       2.536786     -10.249927
       2.466651     -10.211670
       2.322524     -10.309479
       2.328187     -10.463680
       2.507776     -10.626006
       2.763586     -10.751956
       3.069197     -10.830855
       3.358463     -10.837870
       3.581606     -10.803344
       3.677816     -10.727635
       3.582959     -10.659192
       3.459445     -10.603325
       3.422991     -10.629689
       3.415047     -10.732822
       3.436195     -10.932437
       3.487529     -11.175337
       3.503385     -11.443555
       3.536615     -11.704674
       3.562434     -11.972915
       3.566067     -12.214365
       3.639157     -12.470607
       3.702305     -12.762964
       3.800066     -13.175249
       3.894251     -13.856059
       3.976970     -15.229292
       3.923863     -17.766847
       3.713450     -20.857227
       3.748772     -23.640165
       3.759787     -25.782508
       3.719064     -27.405276
       3.707748     -28.617759
       3.711173     -29.640527
       3.716627     -30.615805
       3.618502     -31.554959
       3.342832     -32.262688
       3.053288     -32.714209
       2.801813     -33.282843
       2.674493     -34.410022
       2.604349     -36.889746
       2.708498     -41.567946
       2.853181     -48.002642
       3.137140     -55.317222
       3.057038     -62.124268
       2.533748     -67.413960
       1.703727     -71.143498
       0.838520     -73.909796
       0.494908     -76.263801
       0.752937     -78.348494
       1.395746     -80.145301
       2.410498     -81.812528
       3.847564     -83.449967
       4.749942     -84.765841
       5.273607     -85.827110
       5.788472     -87.040191
       6.243521     -88.220681
       6.701994     -89.099899
       7.220667     -89.648131
       7.756609     -90.106090
       8.318866     -90.671797
       8.812009     -91.225313
       9.463979     -91.811128
      10.085658     -92.410058
      10.449037     -92.993338
      11.688579     -93.773016
      13.898421     -94.650612
      16.446933     -95.312265
      18.951930     -95.759830
      21.120472     -95.898722
      22.730214     -95.721450
      23.823282     -95.403519
      24.236707     -95.264258
      24.080496     -95.358893
      23.704958     -95.567521
      23.149800     -95.783950
      22.577429     -95.991384
      22.034742     -96.189531
      21.458089     -96.369863
      20.762811     -96.495999
      19.859034     -96.700480
      18.827852     -96.858333
      17.625306     -96.745446
      16.459029     -96.651949
      15.280406     -96.832892
      13.959640     -97.181500
      12.786061     -97.461741
      11.757547     -97.410956
      10.866720     -97.095842
      10.341450     -96.782078
       9.977254     -95.880887
       9.424850     -94.068741
       8.499078     -90.941964
       7.523495     -86.673660
       6.778838     -82.270808
       5.918808     -77.781752
       5.019383     -73.485297
       3.920057     -68.805584
       2.698684     -63.895639
       1.181221     -58.437957
      -0.174181     -52.437960
      -1.105523     -46.056656
      -1.694044     -39.497157
      -2.076472     -33.102805
      -2.255222     -27.315652
