      -2.082920       8.466593
      -2.046006       8.279585
      -2.038871       8.116182
      -2.060236       7.983304
      -2.161910       7.859961
      -2.291198       7.748102
      -2.447321       7.579897
      -2.417258       7.252703
      -2.430528       6.811402
      -2.225888       6.563935
      -1.404519       6.367490
      -0.411718       6.161423
       0.466412       6.092016
       1.168098       6.402903
       1.763784       7.684036
       1.916665       9.515204
       1.274159      11.342285
      -0.993913      13.107445
      -6.149096      14.936026
     -14.875635      16.284202
     -24.831433      16.662203
     -33.009963      15.674888
     -36.347486      14.312875
     -38.493287      13.365954
     -40.744078      12.884226
     -42.512501      13.083544
     -44.020048      13.478116
     -45.428736      13.687807
     -46.848410      13.571343
     -48.042951      13.421174
     -49.053736      13.424605
     -49.923270      13.437837
     -50.434559      13.496873
     -50.613220      13.594309
     -50.599037      13.718351
     -50.333567      13.845027
     -49.781809      13.766111
     -47.957584      13.363358
     -42.487555      12.068001
     -32.085839       9.935061
     -19.530822       7.819261
      -8.843728       6.311485
      -0.958189       6.100135
       4.747342       7.329390
       8.380169      10.464937
      10.762315      16.115872
      12.032424      23.643339
      12.360372      32.181515
      12.879224      40.988411
      13.142413      48.914626
      12.942198      54.535077
      11.980750      57.559016
      10.712096      59.198431
       9.679820      61.131847
       8.492246      63.622062
       7.167250      66.315631
       5.885652      69.117313
       5.204915      71.846669
       5.135485      74.579682
       5.385554      77.307061
       5.453349      80.044576
       5.342487      82.928225
       5.147930      85.862606
       4.965986      88.821388
       4.725117      91.784978
       4.544337      95.007419
       4.188718      98.261401
       3.783144     101.188409
       3.168800     103.568729
       2.141444     105.423850
       0.568869     106.946507
      -1.259046     108.052208
      -2.723735     108.797208
      -3.760906     109.123386
      -4.703725     108.557319
      -5.413465     106.591177
      -5.599824     102.986722
      -6.309314      97.696743
      -7.608975      91.158140
      -8.705653      85.470547
      -8.879604      81.593505
      -8.505076      79.587681
      -8.465241      78.384582
      -8.613002      77.950344
      -8.802037      78.594114
      -8.931287      79.832290
      -8.809586      80.495439
      -8.163688      79.771966
      -6.868839      77.005726
      -4.898657      72.098904
      -2.766929      65.437579
      -0.400468      58.038263
       2.138136      50.442048
       4.603615      42.553222
       7.084074      34.175071
       9.350349      25.366713
      10.984784      16.762994
      12.006648      10.276750
      12.676769       5.322921
      13.313854       0.505314
      14.348503      -4.850801
      15.737810     -10.465969
      17.303344     -15.413073
      18.195133     -19.813685
      18.203388     -24.527271
      17.282307     -29.923028
      15.654231     -35.633169
      13.630132     -41.153972
      11.533956     -45.500435
       9.720892     -48.612947
       8.665171     -50.987599
       8.093404     -53.143534
       7.535586     -55.139941
       6.840736     -56.883739
       6.456190     -58.597423
       6.231293     -60.509895
       6.054508     -62.639253
       5.674640     -64.527606
       5.176585     -66.008901
       4.642796     -67.028565
       3.910875     -67.511858
       3.131334     -66.924275
       2.572517     -64.151371
       2.084206     -59.140006
       1.593513     -51.733303
       1.171580     -43.214079
       1.105199     -34.959150
       0.769245     -27.235484
       0.433876     -20.976661
      -0.010241     -15.578876
      -0.324103     -10.439550
      -0.591324      -5.892279
      -0.958196      -1.933278
      -1.222077       1.511896
      -1.456213       4.556134
      -1.539258       7.774080
      -1.581441      11.481605
      -1.549540      15.548482
      -1.376383      19.447427
      -1.179725      22.893053
      -0.932890      25.967532
      -0.704653      28.680126
      -0.611496      31.302491
      -0.591274      33.746504
      -0.872567      35.647803
      -1.499875      36.694642
      -2.175099      36.816529
      -2.818465      36.151180
      -3.427316      35.139224
      -3.937776      34.619855
      -4.198771      34.472231
      -4.316722      34.728339
      -4.512185      35.217067
      -4.538563      35.728900
      -4.272613      36.299659
      -3.738684      36.891337
      -3.152490      37.606932
      -2.561224      38.320258
      -2.100859      39.331804
      -1.830663      40.332246
      -1.765918      41.141684
      -1.771790      41.583634
      -1.788537      41.753703
      -1.624671      41.761503
      -1.320410      41.612329
      -0.862832      41.357258
      -0.446011      41.194689
       0.066169      41.185946
       0.562125      41.196481
       1.011534      40.835546
       1.585202      40.043370
       2.346932      38.983225
       3.136906      37.783026
       3.823542      36.598883
       4.181976      35.685197
       4.183070      35.149169
       3.996767      34.827510
       3.532226      34.632984
       2.938539      34.525544
       2.388709      34.421883
       2.146886      34.328582
       1.960577      34.183969
       2.024567      33.881354
       2.108981      33.461950
       2.150317      33.033381
       2.086487      32.559372
       1.974787      32.036756
       1.757247      31.310758
       1.555828      30.290246
       1.344506      28.998375
       1.201219      27.551405
       1.144564      26.072868
       1.159445      24.667746
       1.268636      23.344669
       1.373232      22.075016
       1.425875      20.846439
       1.577234      19.779992
       1.629070      18.853590
       1.623347      18.121447
       1.566264      17.667653
       1.443355      17.453715
       1.350579      17.379638
       1.249227      17.368222
       1.139551      17.320825
       1.045372      17.317359
       1.047319      17.296233
       1.138030      17.121922
       1.263080      16.601007
       1.327729      15.764417
       1.400828      14.816434
       1.369168      13.898241
       1.059460      12.921643
       0.661430      11.884142
       0.461815      10.872338
       0.510534       9.845869
       0.665579       8.701084
       0.745218       7.430632
       0.744348       6.149656
       0.780387       4.926549
       0.868528       3.634903
       0.960609       2.303120
       0.890504       1.047829
       0.753635       0.025723
       0.648395      -0.868707
       0.624783      -1.676368
       0.723752      -2.403603
       0.887918      -3.043804
       1.088013      -3.635033
       1.243745      -4.234390
       1.273950      -4.920072
       1.300777      -5.570438
       1.331379      -6.116720
       1.381831      -6.557519
       1.359628      -6.923364
       1.405842      -7.269738
       1.514393      -7.812432
       1.690271      -8.789674
       1.955892     -10.298898
       1.961355     -12.314126
       1.776660     -14.527385
       1.533123     -16.905824
       1.216991     -19.355856
       0.987083     -21.518831
       0.957625     -23.405216
       0.988323     -24.863059
       1.131540     -25.766014
       1.315618     -26.303305
       1.576516     -26.422756
       1.858221     -26.191933
       2.028223     -25.803044
       2.218182     -25.335524
       2.321384     -24.669669
       2.421343     -23.703386
       2.469183     -22.643353
       2.516184     -21.397490
       2.672216     -20.017272
       2.935102     -18.418561
       3.206986     -16.727552
       3.484883     -15.192014
       3.866064     -13.920519
       4.310098     -12.906695
       4.632298     -12.103971
       4.841513     -11.453173
       5.004269     -10.847942
       5.144744     -10.199165
       5.267769      -9.592877
       5.280012      -8.973170
       5.194789      -8.331986
       5.116680      -7.577690
       4.985544      -6.786157
       4.840603      -5.983841
       4.690182      -5.132260
       4.733038      -4.279071
       4.761879      -3.469890
       4.838339      -2.686900
       4.923098      -1.903032
       5.059362      -1.089037
       5.268628      -0.292619
       5.521557       0.493057
       5.826802       1.342082
       6.067232       2.169044
       6.152817       3.018211
       6.120316       4.310263
       6.168087       7.191254
       6.128894      11.515269
       5.969849      17.088609
       5.623210      23.476547
       5.035791      30.011312
       4.190327      36.098403
       3.202768      41.209138
       2.223285      44.987344
       1.537613      47.221536
       0.958475      48.263702
       0.557387      48.486620
       0.316991      48.418010
       0.314266      47.777952
       0.575818      46.291319
       0.941701      43.589429
       1.629237      39.743488
       2.260226      36.299122
       2.744263      33.536430
       3.035409      31.321081
       3.221609      29.602190
       3.459449      28.104231
       3.737180      26.615131
       4.004850      25.230940
       4.281496      23.887395
       4.487339      22.720495
       4.713728      21.548886
       4.816299      20.253427
       4.897621      18.666369
       4.797119      16.842354
       4.513127      14.790356
       4.171285      12.545885
       3.787756      10.172955
       3.562991       7.869006
       3.378144       5.785810
       3.152769       3.961650
       2.984217       2.370265
       2.857958       0.865150
       2.771927      -0.549925
       2.747944      -1.879238
       2.785376      -3.086653
       2.803959      -4.196052
       2.821891      -5.267428
       2.837285      -6.363072
       2.781656      -7.443458
       2.840898      -8.230186
       2.848043      -8.772458
       2.845939      -9.265391
       2.788972      -9.734759
       2.774659     -10.113278
       2.700687     -10.389254
       2.586785     -10.605566
       2.559397     -10.789268
       2.518884     -10.973037
       2.480557     -11.190662
       2.389072     -11.506280
       2.446682     -11.942072
       2.514654     -12.487232
       2.601768     -13.158316
       2.704078     -13.964155
       2.849919     -14.825453
       3.065141     -15.674883
       3.262848     -16.516906
       3.458458     -17.355292
       3.552921     -18.061532
       3.638713     -18.650935
       3.688808     -19.029810
       3.779017     -19.336497
       3.796156     -19.496280
       3.789264     -19.474320
       3.922902     -19.300008
       4.082723     -19.250765
       4.061658     -19.529178
       3.760111     -20.375777
       3.194855     -21.478593
       2.798961     -22.046588
       2.735729     -21.750649
       2.877508     -20.468927
       3.062558     -18.787475
       3.285482     -17.152434
       3.511628     -15.916581
       3.742031     -14.873303
       3.933462     -13.635899
       4.072564     -11.670396
       4.026060      -9.299348
       3.929337      -6.105359
       3.799088      -2.534047
       3.741189       1.137508
       3.601308       4.404301
       3.486999       7.178461
       3.344552       8.803658
       3.099900       9.448559
       2.871207       9.528305
       2.691012       9.554444
       2.416776       9.922396
       2.038352      10.888907
       1.773888      12.361862
       1.568043      14.123360
       1.302234      16.431039
       0.844667      19.397245
       0.202599      22.938269
      -0.658097      27.162321
      -1.648402      32.037536
      -2.603306      36.274347
      -3.583626      39.633913
      -4.736277      42.038009
      -5.971461      43.794109
      -6.995492      45.263242
      -7.846107      46.637008
      -8.457569      47.728726
      -8.779471      48.549325
      -8.843487      49.104011
      -8.801141      49.354881
      -8.580458      49.156535
      -8.023154      48.175140
      -7.143946      45.961532
      -5.874810      42.009853
      -4.146686      35.970965
      -2.005866      28.683892
       0.299688      21.077680
       2.398094      13.860301
       4.244232       7.753524
       5.640234       3.020521
       6.742103      -0.673373
       7.714399      -3.583157
       8.448364      -6.094107
       9.088840      -8.230992
       9.560320      -9.994107
      10.071416     -11.711674
      10.622735     -13.661281
      11.210643     -16.051927
      11.948180     -18.840155
      12.663679     -21.654262
      13.323762     -24.424790
      13.969477     -27.037779
      14.412758     -29.037695
      14.758355     -30.103506
      15.137075     -30.539419
      15.642883     -30.996183
      16.140449     -31.587676
      16.563176     -32.257418
      16.814708     -32.436992
      16.938823     -31.590243
      17.198199     -29.293888
      17.604240     -26.333887
      18.078425     -23.788414
      18.440951     -21.478501
      18.560655     -19.440560
      18.409832     -17.141858
      18.067932     -15.334297
      17.751368     -15.138148
      17.100621     -16.923595
      16.098421     -19.769939
      14.835977     -23.039786
      13.480874     -26.933572
      12.239986     -30.676022
      11.070102     -33.904632
      10.103846     -36.533357
       9.291241     -38.480293
       8.760241     -39.617234
       8.113789     -40.260396
       7.463227     -40.790196
       6.712298     -41.340793
       6.006098     -42.097541
       5.288530     -43.097136
       4.502625     -44.213198
       3.918150     -45.243566
       3.384988     -46.225763
       2.871857     -47.186356
       2.309846     -48.012900
       1.780693     -48.847288
       1.271809     -49.989145
       0.776819     -51.583036
       0.281655     -53.662527
      -0.266469     -55.765186
      -0.707702     -57.556344
      -1.075834     -58.908860
      -1.342578     -60.058989
      -1.464830     -60.969438
      -1.398608     -61.641985
      -1.145772     -61.791193
      -0.940497     -61.554592
      -0.760032     -61.248581
      -0.633046     -60.704312
      -0.448480     -59.659406
      -0.133057     -58.198676
       0.360180     -56.421846
       1.113847     -54.311177
       1.940748     -52.134585
       2.783740     -50.085115
       3.471416     -48.319427
       4.145730     -46.605617
       4.813765     -45.040713
       5.393172     -43.426850
       6.159757     -41.213660
       7.256693     -38.853839
       8.364823     -36.695132
       9.685404     -34.607385
      10.996720     -32.515649
      12.233552     -30.389703
      13.349345     -28.372533
      14.139321     -26.568685
      14.555806     -24.967930
      14.538829     -23.483689
      14.262647     -21.902737
      13.879441     -20.239686
      13.425303     -18.359955
      13.099648     -16.313765
      12.910869     -14.212771
      12.646515     -12.424278
      12.249957     -11.168652
      11.852909     -10.668367
      11.516007     -10.708244
      11.160987     -10.988076
      10.831500     -11.229323
      10.694039     -11.235044
