       6.831871      22.620387
       6.774327      23.006608
       6.769176      23.214309
       6.840879      22.802110
       6.832735      21.852399
       6.846644      20.472427
       6.873513      18.959033
       6.772645      17.645729
       6.575540      16.624051
       6.200946      15.959362
       5.767172      15.528955
       5.322894      15.231162
       4.717827      15.027327
       3.496216      14.937648
       1.261556      15.113881
      -1.711890      15.901155
      -4.427282      17.357798
      -5.900269      18.901927
      -6.487717      20.109602
      -6.734763      20.943383
      -6.850050      21.450128
      -6.981891      21.821623
      -7.176132      22.153955
      -7.376621      22.574753
      -7.522330      23.117255
      -7.668052      23.854729
      -7.751747      24.762118
      -7.828393      25.831248
      -7.859808      27.046097
      -7.930956      28.364276
      -7.986197      29.852300
      -8.121973      31.602577
      -8.384868      33.500913
      -8.663586      35.408048
      -8.854126      37.203121
      -8.944407      38.840961
      -8.992131      40.317998
      -9.032542      41.643682
      -9.029525      42.933615
      -9.034781      44.125033
      -9.034968      45.235674
      -9.024566      46.250505
      -9.033412      47.233207
      -9.049790      48.172876
      -9.110001      49.182656
      -9.170356      50.391064
      -9.221209      51.905474
      -9.331917      53.765501
      -9.632545      55.800059
     -10.396835      57.761005
     -12.800101      59.495292
     -17.465028      61.201788
     -22.216397      62.891323
     -25.930198      64.524803
     -28.822322      66.198393
     -31.434702      67.938115
     -33.492297      69.622759
     -35.004599      71.209510
     -36.456043      73.054931
     -37.813557      75.699143
     -39.149008      79.899444
     -39.926301      85.407852
     -40.184216      91.210489
     -40.632886      96.998624
     -41.244250     102.568114
     -41.798878     107.475651
     -42.337575     111.622480
     -42.944630     115.163755
     -43.435685     118.033644
     -43.690621     120.352018
     -43.741037     122.174422
     -43.905831     123.671861
     -44.340175     124.999869
     -44.698536     126.264793
     -44.595581     127.539616
     -44.585561     128.904284
     -44.875210     130.289012
     -45.307033     131.655118
     -45.759504     132.810720
     -46.264523     133.417119
     -46.873972     133.644564
     -47.625276     133.916431
     -48.928032     134.143604
     -51.009606     134.666249
     -53.386488     136.099236
     -55.184427     138.313271
     -56.091898     140.194221
     -56.181457     140.405249
     -55.727170     137.757472
     -54.821121     132.485465
     -53.684461     126.972559
     -52.776999     122.601490
     -52.301268     119.738566
     -52.153999     118.596670
     -52.142249     118.602654
     -51.960446     119.104802
     -51.622504     119.476335
     -51.145991     119.438771
     -50.521344     119.024049
     -49.566720     118.496023
     -47.912331     117.902019
     -46.279011     117.326656
     -45.182101     116.786069
     -43.609188     116.430040
     -38.480892     116.762182
     -30.129700     117.220025
     -25.884095     118.095513
     -25.757939     119.031685
     -25.866399     119.260907
     -25.548626     119.018367
     -25.595030     118.915242
     -25.790610     119.035250
     -26.186996     119.079565
     -26.975884     119.042040
     -28.164958     118.888189
     -30.365960     117.996070
     -33.504556     115.890580
     -35.582908     113.197768
     -36.491252     110.828687
     -37.022761     109.021933
     -37.359867     107.713616
     -37.838609     106.210649
     -38.596686     104.596242
     -39.133385     103.423980
     -39.612440     103.032203
     -39.979750     103.295415
     -40.279616     103.893081
     -40.531664     104.665416
     -40.741341     105.515463
     -40.928519     106.151898
     -41.120245     106.424814
     -41.289663     106.366005
     -41.359356     106.382733
     -41.420472     106.395779
     -41.553968     106.316036
     -41.685690     106.152957
     -41.859664     105.971353
     -41.966101     105.780637
     -42.023603     105.642688
     -42.007987     105.482930
     -41.979734     105.392551
     -41.994121     105.041631
     -41.220722     102.764707
     -38.537018      97.618234
     -34.190523      90.682181
     -28.477260      82.651083
     -21.289312      73.220667
     -14.463651      63.545462
      -9.168132      54.970504
      -5.534532      48.134753
      -3.691328      43.341459
      -3.367931      40.380513
      -4.057644      39.117277
      -4.809973      39.106358
      -5.125572      39.638207
      -5.284195      40.175510
      -5.301802      40.482275
      -5.247463      40.530794
      -5.208916      40.459673
      -5.206919      40.362343
      -5.088895      40.303318
      -4.749696      40.296829
      -4.341916      40.259799
      -3.821459      40.264651
      -3.215194      40.211112
      -2.691257      40.164208
      -2.224606      40.269494
      -1.759362      40.570833
      -1.240411      41.025752
      -0.644732      41.554822
      -0.028477      42.122594
       0.471348      42.871707
       0.620905      43.881259
       0.717624      45.238083
       0.948894      46.861363
       1.212485      48.812954
       1.424462      51.258334
       1.574475      54.316273
       1.372488      58.557493
       0.524980      63.700668
      -1.518381      69.213502
      -5.586680      74.454968
     -12.671179      78.881363
     -20.859067      82.079897
     -27.003926      83.713470
     -29.728104      83.671884
     -30.740825      82.904280
     -31.300876      82.237032
     -31.687791      81.597274
     -31.907586      80.763489
     -32.114037      80.684649
     -32.175048      83.120039
     -31.798269      88.523584
     -30.977403      94.522581
     -30.071665      99.296287
     -29.139569     102.536709
     -28.287484     104.394549
     -27.341523     105.948020
     -26.459978     107.986085
     -25.583028     111.040346
     -24.791527     115.366691
     -23.668074     121.541212
     -22.148719     128.792369
     -20.162114     135.922945
     -18.352326     142.168038
     -17.631384     147.182410
     -18.731322     151.128148
     -21.408892     154.604213
     -23.508501     158.763856
     -24.144628     163.510722
     -23.775470     168.262406
     -22.819748     172.793037
     -21.837206     176.744362
     -21.569407    -179.848719
     -21.847049    -176.728683
     -21.883853    -174.088134
     -21.721063    -172.579192
     -21.245577    -172.033826
     -19.886169    -171.111206
     -17.301564    -168.941418
     -13.952851    -166.385769
     -10.488604    -164.612528
      -7.776017    -163.985447
      -6.104710    -163.880749
      -5.334441    -163.545984
      -5.090071    -162.670680
      -4.988580    -161.658748
      -4.836401    -160.952304
      -4.838268    -161.012560
      -5.162061    -162.089188
      -5.842317    -163.933147
      -6.987279    -167.905978
      -8.555182    -175.889934
      -9.221546     173.219057
      -8.888545     160.966914
      -7.531761     148.822335
      -6.507586     137.460553
      -6.245931     127.269187
      -5.982068     118.672178
      -6.535131     111.874540
      -7.291096     106.860460
      -7.593119     103.122262
      -7.732421      99.933985
      -7.569998      96.807354
      -7.238033      92.988209
      -6.894392      87.614709
      -6.927877      80.872403
      -7.210762      73.881849
      -7.152821      67.373156
      -6.915455      61.536835
      -6.659355      56.382353
      -6.533865      51.986276
      -6.497621      47.932201
      -6.441214      44.060944
      -6.472265      40.034839
      -6.581119      35.996316
      -6.807844      32.171291
      -6.904616      28.571843
      -6.874182      25.267848
      -6.713516      22.131306
      -6.472862      18.804712
      -6.187980      14.703124
      -5.705218       9.396807
      -5.056921       1.496653
      -5.005306      -7.512323
      -5.249005     -15.413509
      -5.960281     -21.582786
      -7.147281     -26.268631
      -8.315018     -29.599619
      -9.151242     -31.861105
      -9.479702     -33.659896
      -9.829893     -35.447985
     -10.290183     -37.198067
     -10.731609     -38.655864
     -11.053043     -39.863706
     -11.330544     -41.180152
     -11.635357     -42.875748
     -12.437664     -45.435953
     -13.694683     -49.012850
     -14.701548     -53.273610
     -15.262227     -58.240427
     -15.220668     -63.446733
     -14.861154     -67.823145
     -14.509143     -70.663610
     -14.323099     -71.839150
     -14.354016     -71.944091
     -14.287075     -72.002871
     -14.042445     -72.383214
     -13.851676     -72.840333
     -13.874595     -72.993242
     -13.571175     -72.421075
     -12.976698     -71.629448
     -12.208450     -71.281826
     -11.622396     -71.500353
     -11.362354     -71.981048
     -11.364329     -72.503086
     -11.461966     -72.987851
     -11.573969     -73.427742
     -11.556397     -73.920404
     -11.391539     -74.475664
     -11.141397     -74.978803
     -10.609104     -75.201468
      -9.691204     -74.761961
      -8.600578     -74.040275
      -7.341083     -73.389065
      -6.189732     -72.950729
      -5.156539     -72.739827
      -4.207454     -72.516418
      -3.462246     -72.269220
      -3.189276     -71.945422
      -3.133320     -71.496895
      -3.053297     -71.078438
      -2.782679     -70.488732
      -2.154790     -68.921279
      -1.357452     -65.711733
      -0.607962     -61.154476
      -0.476731     -54.751209
      -1.557982     -44.938536
      -3.174746     -32.751540
      -4.673405     -19.401977
      -5.908256      -6.177757
      -6.803816       5.654348
      -7.739731      15.396872
      -9.127546      23.257378
     -10.294464      29.103122
     -11.056713      33.119144
     -11.419399      35.667323
     -11.562462      37.553347
     -11.604892      39.409113
     -11.566010      41.287273
     -11.506500      43.117589
     -11.400575      44.822924
     -11.182114      46.634895
     -10.790565      48.373598
     -10.313802      50.199246
      -9.602614      51.999574
      -8.721744      53.911648
      -7.818309      55.730681
      -7.107475      57.388238
      -6.558555      58.919842
      -6.212883      60.194038
      -6.182498      61.052658
      -6.309777      61.695844
      -6.364163      62.600261
      -6.203620      63.949824
      -5.939795      65.603038
      -5.674947      67.252508
      -5.581251      68.549308
      -5.510753      69.450991
      -5.392453      70.082326
      -5.186043      70.622976
      -4.916242      71.264938
      -4.526611      72.020672
      -4.145117      72.858858
      -3.910478      73.627220
      -4.019202      74.003207
      -4.363906      73.830807
      -4.718555      73.199942
      -4.934096      72.447803
      -4.981072      71.648658
      -4.970383      70.862442
      -4.948807      70.107034
      -4.955638      69.348789
      -4.964334      68.587256
      -4.994770      67.869320
      -5.100525      67.165853
      -5.153757      66.514969
      -5.168198      65.917088
      -5.135205      65.445433
      -5.111584      65.057123
      -5.099532      64.666419
      -5.109669      64.255986
      -5.147708      63.815037
      -5.191184      63.370532
      -5.224755      63.011437
      -5.226532      62.725227
      -5.198463      62.488826
      -5.136750      62.270625
      -5.086398      62.089569
      -5.109033      61.952062
      -5.151368      61.835411
      -5.200760      61.753726
      -5.250307      61.701955
      -5.309601      61.593196
      -5.356791      61.412962
      -5.373899      61.194070
      -5.383334      60.966043
      -5.398914      60.714745
      -5.374461      60.453316
      -5.351173      60.220596
      -5.311986      60.029186
      -5.272779      59.888599
      -5.196637      59.838723
      -5.131803      59.848111
      -5.035019      59.850851
      -4.954241      59.842171
      -4.890711      59.819785
      -4.836982      59.817143
      -4.765883      59.827396
      -4.646356      59.812723
      -4.521152      59.798827
      -4.448812      59.767179
      -4.421671      59.708559
      -4.372268      59.659129
      -4.340205      59.676216
      -4.277581      59.709438
      -4.202255      59.760151
      -4.106446      59.799590
      -4.020302      59.797657
      -3.942096      59.767320
      -3.881464      59.730037
      -3.856862      59.695295
      -3.841615      59.701521
      -3.818202      59.711323
      -3.807006      59.711066
      -3.817885      59.726540
      -3.832466      59.762259
      -3.871945      59.800299
      -3.907567      59.917698
      -3.928876      60.306624
      -3.920893      60.955411
      -3.926828      61.880523
      -3.926149      62.860972
      -3.873433      63.767574
      -3.804498      64.512918
      -3.694456      65.277482
      -3.699452      66.010508
      -3.709651      66.896750
      -3.747446      67.904961
      -3.687712      69.042549
      -3.588887      70.651438
      -3.246912      74.243877
      -2.973121      79.958403
      -3.334528      84.617848
      -3.975076      86.120475
      -4.697738      85.250504
      -5.002370      84.496131
      -5.013974      85.832929
      -5.014055      90.557570
      -4.994943      99.297035
      -5.192488     110.107642
      -5.503511     120.546571
      -5.948526     128.891102
      -6.601804     134.127925
      -6.968942     137.748632
      -7.466786     140.970704
      -8.314236     143.849928
      -9.330693     145.463810
     -10.604831     145.840550
     -11.759188     145.810767
     -13.156763     145.706826
     -14.888105     143.455936
     -16.060960     134.281223
     -15.753606     117.390477
     -13.955616      96.865308
     -11.096653      76.712882
      -9.036643      60.987448
      -8.873714      51.694480
      -9.712157      49.095361
     -10.924298      49.519976
     -11.473585      50.326694
     -11.564114      50.178395
     -11.623764      48.967184
     -11.738075      46.722282
     -11.803828      43.207250
     -11.578494      39.322741
     -11.063400      35.480367
     -10.453331      31.815451
      -9.749715      28.024981
      -9.126878      24.284129
      -8.633401      21.417016
      -8.432055      19.742525
      -8.368730      18.688023
      -8.398008      17.658826
      -8.471060      16.339527
      -8.344791      14.697416
      -8.045673      12.703933
      -7.671953      10.516889
      -7.360283       8.124659
      -7.092893       5.798319
      -7.039229       4.366523
      -7.430981       4.176362
      -7.843179       4.241396
      -8.140926       3.907304
      -8.265910       2.736067
      -8.069114       0.380425
      -6.431474      -4.380416
      -3.491059     -12.326408
      -1.114520     -20.760596
      -0.635143     -27.273653
      -1.860072     -31.442492
      -3.235773     -34.310917
      -4.474613     -36.891900
      -5.670009     -39.345596
      -6.798541     -41.919055
      -7.219195     -44.537661
      -6.884233     -47.226262
      -6.095798     -49.683192
      -5.102701     -51.670943
