       3.202237      22.019828
       3.077357      21.512553
       2.995838      21.120300
       2.957509      20.908837
       2.925130      20.866933
       2.946343      20.896896
       2.980707      20.921116
       3.034995      20.927923
       3.095680      20.934915
       3.132670      20.964980
       3.155585      21.015121
       3.154494      21.098995
       3.186554      21.222152
       3.202866      21.441194
       3.265917      21.821380
       3.339388      22.395740
       3.386432      23.185910
       3.377720      24.207050
       3.327727      25.505029
       3.281937      26.981787
       3.213169      28.487130
       3.200377      29.879383
       3.211087      31.021549
       3.186347      31.969470
       3.115095      32.821773
       2.991492      33.712762
       2.770384      34.715116
       2.507089      35.904407
       2.218109      37.401008
       1.870763      39.263930
       1.339627      41.565275
       0.689898      44.209540
      -0.030525      47.108255
      -0.739995      50.073211
      -1.353873      53.024717
      -1.903578      55.892245
      -2.422175      58.654187
      -2.864623      61.233747
      -3.272131      63.687355
      -3.693069      66.024599
      -4.058544      68.268451
      -4.371131      70.505402
      -4.602993      72.778154
      -4.732973      75.140202
      -4.777411      77.561443
      -4.740233      79.971954
      -4.657739      82.299474
      -4.547901      84.496432
      -4.422055      86.535983
      -4.255923      88.438858
      -4.102941      90.209379
      -3.954986      91.822853
      -3.758123      93.287450
      -3.530373      94.614952
      -3.268514      95.863916
      -3.000904      96.980400
      -2.775971      98.058436
      -2.607145      99.097285
      -2.487666     100.082494
      -2.396919     101.011807
      -2.291296     101.893095
      -2.232096     102.711056
      -2.208121     103.463468
      -2.199827     104.100767
      -2.231067     104.606471
      -2.308537     104.992973
      -2.386446     105.309370
      -2.430984     105.543857
      -2.439424     105.712415
      -2.454402     105.844351
      -2.418979     105.941900
      -2.354526     105.951730
      -2.280188     105.886365
      -2.191077     105.730386
      -2.079204     105.508838
      -1.959919     105.235387
      -1.919507     104.969805
      -1.875474     104.719542
      -1.843822     104.468813
      -1.789074     104.192332
      -1.715127     103.902659
      -1.603034     103.619252
      -1.477107     103.346219
      -1.357350     103.067892
      -1.214343     102.794199
      -1.062014     102.486545
      -0.896060     102.093884
      -0.739415     101.585839
      -0.593171     100.989144
      -0.490126     100.315757
      -0.416444      99.610546
      -0.358007      98.867606
      -0.302687      98.116108
      -0.230583      97.365533
      -0.186696      96.595160
      -0.208158      95.782940
      -0.287655      94.942762
      -0.397058      94.084487
      -0.479308      93.247972
      -0.537795      92.449001
      -0.592403      91.625765
      -0.645782      90.761914
      -0.684570      89.900327
      -0.736564      89.037360
      -0.753593      88.183456
      -0.745975      87.342968
      -0.726036      86.482333
      -0.723263      85.595149
      -0.690718      84.655344
      -0.643696      83.658537
      -0.573636      82.626701
      -0.520553      81.559681
      -0.470552      80.466652
      -0.423794      79.345029
      -0.364042      78.218054
      -0.274383      77.091103
      -0.174813      75.981433
      -0.097097      74.970026
      -0.048083      74.043908
      -0.031314      73.231309
      -0.036348      72.517696
      -0.096159      71.900786
      -0.151061      71.373216
      -0.198879      70.889447
      -0.279337      70.469999
      -0.440113      70.179194
      -0.659424      70.025625
      -0.890274      69.976579
      -1.119930      70.037141
      -1.346320      70.208332
      -1.551836      70.455671
      -1.749409      70.800388
      -1.910351      71.204939
      -2.066483      71.618782
      -2.189173      72.006688
      -2.276440      72.411385
      -2.361602      72.901517
      -2.437339      73.516722
      -2.446864      74.201193
      -2.438816      74.902888
      -2.460764      75.659228
      -2.532487      76.484976
      -2.620819      77.377410
      -2.740945      78.334778
      -2.833149      79.352183
      -2.903152      80.386448
      -2.959062      81.420260
      -3.046470      82.453694
      -3.153146      83.522414
      -3.258548      84.579924
      -3.325706      85.638502
      -3.363737      86.695002
      -3.391387      87.752561
      -3.431242      88.801678
      -3.500812      89.791889
      -3.626424      90.747499
      -3.924147      91.723916
      -4.704074      92.795268
      -6.533508      94.103517
      -9.490633      95.806351
     -13.531104      98.022086
     -17.841321     100.701910
     -20.987341     103.451558
     -22.930530     105.890726
     -24.246455     107.717540
     -25.198645     108.972449
     -25.924311     109.868784
     -26.598075     110.703065
     -27.381603     111.665766
     -28.284427     112.949059
     -29.155024     114.577075
     -29.859518     116.545374
     -30.505767     118.729986
     -31.217874     120.992416
     -32.205655     123.254429
     -34.021363     125.492225
     -37.108650     127.917968
     -39.980396     130.478416
     -41.869446     132.917953
     -43.250089     135.171000
     -44.339985     137.132169
     -45.109785     138.670787
     -45.492008     139.732202
     -45.531180     140.383674
     -45.478782     140.755664
     -45.511028     141.027638
     -45.613531     141.357051
     -45.758226     141.756153
     -45.805510     142.068012
     -45.646597     142.106801
     -45.387951     141.921971
     -45.194554     141.753404
     -45.073124     141.728040
     -44.955662     141.722698
     -44.733098     141.362530
     -44.229804     140.273041
     -43.006587     138.069818
     -40.988634     134.961313
     -37.906173     130.961525
     -33.366976     126.449865
     -27.510477     121.925723
     -20.925036     118.143792
     -14.668887     115.203146
      -9.888597     113.088893
      -6.654666     111.783510
      -4.183872     111.140343
      -2.377038     111.015605
      -1.095116     111.415649
      -0.253289     112.490226
       0.492469     115.284375
       1.014188     120.644731
       1.482003     127.815786
       2.358806     136.041661
       3.283370     143.831986
       3.909965     149.247956
       4.181028     151.698790
       4.237295     152.467890
       4.356922     153.012081
       4.734979     153.982213
       5.346358     155.203793
       6.048529     155.871294
       6.731853     155.760651
       7.370183     155.368087
       7.779167     155.093082
       7.913858     155.076549
       8.001871     155.000828
       8.127487     153.982437
       8.142544     150.331276
       8.106877     141.950861
       7.699431     128.951864
       6.978378     113.334795
       6.238987      96.646927
       5.429209      80.340884
       4.652403      65.574892
       3.695276      53.273824
       2.592861      43.122563
       1.484203      34.928529
       0.568953      28.566294
      -0.115708      23.643490
      -0.431359      19.803771
      -0.581007      16.439361
      -0.713349      13.601188
      -1.078633      10.926984
      -1.676681       8.462100
      -2.444612       6.430626
      -3.148191       4.637567
      -3.712034       2.732704
      -4.053447       0.349336
      -3.857676      -2.070401
      -3.284316      -4.119761
      -2.082070      -5.900501
       0.189780      -7.680642
       2.772497      -9.474552
       4.911441     -11.152899
       6.667319     -12.669975
       8.141389     -13.952003
       9.778965     -14.912099
      11.399213     -15.426946
      13.247897     -15.471771
      15.438199     -15.355659
      18.337340     -15.147152
      21.419039     -14.890439
      24.158793     -14.736459
      26.543623     -14.627062
      28.325536     -14.882843
      29.384569     -15.885540
      29.462913     -17.784240
      28.753673     -20.148628
      27.807600     -22.879167
      26.612571     -26.212372
      25.386688     -29.777901
      24.272642     -32.921157
      23.314740     -35.466964
      22.500870     -37.565635
      21.813596     -39.540238
      21.140401     -41.474201
      20.439513     -43.325246
      19.730013     -45.027473
      19.077487     -46.574639
      18.429494     -47.957287
      17.779558     -49.268222
      17.111624     -50.622642
      16.419749     -52.003999
      15.753850     -53.314507
      15.161549     -54.534479
      14.698164     -55.622802
      14.342113     -56.765208
      14.055072     -58.029433
      13.694404     -59.530729
      13.243019     -61.186469
      12.873749     -62.742567
      12.581573     -64.025414
      12.298443     -65.076614
      12.050591     -65.953807
      11.847373     -66.700235
      11.680986     -67.349604
      11.571787     -67.824927
      11.545862     -68.083627
      11.549736     -68.259058
      11.501272     -68.496017
      11.428018     -68.742166
      11.388147     -68.892073
      11.462916     -68.921041
      11.549259     -68.885410
      11.553998     -68.824750
      11.447816     -68.766291
      11.306845     -68.705044
      11.113579     -68.634622
      10.816938     -68.502161
      10.446355     -68.274289
      10.029130     -68.050662
       9.226085     -67.638733
       7.672507     -66.670719
       5.468761     -65.076231
       2.559366     -62.932234
      -0.764679     -60.219304
      -3.380310     -57.170512
      -4.519342     -53.797640
      -4.463831     -50.146683
      -4.501308     -46.566979
      -4.902610     -43.343276
      -5.620778     -40.170357
      -6.653473     -36.202842
      -7.840704     -31.231928
      -8.891801     -25.055368
      -9.542253     -17.883718
      -9.632473     -10.263459
      -9.422988      -2.430081
      -9.024090       5.844239
      -8.430249      14.576783
      -7.591828      23.118081
      -6.746359      30.959124
      -5.996335      38.400339
      -5.292947      45.415835
      -4.640264      51.676169
      -4.093423      56.854320
      -3.743954      61.226369
      -3.441623      65.275354
      -3.053651      69.432378
      -2.873330      73.582268
      -2.702603      77.878630
      -2.273177      82.371620
      -1.934920      87.059804
      -1.675163      91.658637
      -1.356180      95.991287
      -1.068329     100.034866
      -0.786577     103.812241
      -0.547428     107.285722
      -0.352613     110.498448
      -0.147252     113.525345
       0.239119     116.523576
       0.790424     119.539399
       1.312129     122.548160
       1.784964     125.525739
       2.239913     128.426227
       2.616818     131.211429
       2.978061     133.800484
       3.303887     136.241362
       3.593540     138.535062
       3.797996     140.562957
       3.908711     142.360891
       4.039749     144.195292
       4.115247     146.234882
       4.205280     148.587760
       4.423751     151.069660
       4.559847     153.595303
       4.677717     155.867282
       4.677706     157.684236
       4.560073     159.174468
       4.524342     160.573184
       4.657586     162.087614
       4.937314     163.689402
       5.305679     165.314329
       5.781493     167.052133
       6.302644     168.848357
       6.758371     170.774983
       7.157335     172.816643
       7.505533     174.922376
       7.913950     176.906781
       8.259186     178.770868
       8.512955    -179.496507
       8.758528    -177.929223
       8.609798    -176.256445
       8.374888    -174.546034
       8.375924    -173.150903
       8.368165    -172.226670
       8.288848    -171.726144
       8.151365    -171.589195
       8.023164    -171.814697
       7.618677    -172.033632
       6.932943    -171.677593
       6.748790    -171.252176
       6.715764    -171.246270
       6.566075    -171.542723
       6.447695    -171.769799
       6.438306    -171.828044
       6.511863    -171.846054
       6.624848    -171.950713
       6.758105    -172.082688
       6.841174    -172.220491
       6.885985    -172.341703
       6.937188    -172.450656
       7.064681    -172.526717
       7.208077    -172.602331
       7.321189    -172.697840
       7.334570    -172.832204
       7.313189    -172.939661
       7.298710    -173.046166
       7.289411    -173.169554
       7.254125    -173.291290
       7.222509    -173.403468
       7.208958    -173.494158
       7.300466    -173.545895
       7.893791    -173.395289
       8.786788    -173.162152
       9.235984    -173.444151
       9.373892    -174.776335
       9.382492    -177.526032
       9.136150     177.589290
       8.364973     170.251435
       7.145750     161.703035
       5.997692     153.470720
       5.032820     146.210879
       4.151169     140.179310
       3.516663     135.202678
       3.255197     130.873856
       3.086526     126.840739
       2.944577     123.202226
       2.848346     119.780550
       2.799750     116.407581
       2.903246     113.040187
       3.185520     109.630654
       3.585032     106.505781
       4.275668     103.616998
       5.892204     101.055472
       9.829903      98.459849
      14.565516      95.967002
      18.595990      93.931715
      21.840390      92.245327
      24.351381      91.054171
      26.276079      90.315136
      27.937519      90.041928
      29.536798      90.102622
      31.256238      90.296709
      33.131656      90.337760
      35.081792      90.205571
      37.036246      89.939222
      38.952648      89.669123
      40.689801      89.398217
      42.163548      89.194261
      43.316882      89.041683
      44.125052      89.029909
      44.772634      89.087378
      45.373803      89.145837
      46.004317      89.204617
      46.660695      89.047162
      47.314412      88.677299
      47.682929      88.283346
      47.805287      88.033306
      47.851259      88.020727
      47.988052      88.196502
      48.409661      88.481668
      49.215363      88.710570
      50.426792      88.841544
      51.952005      88.914079
      53.552962      88.971829
      54.937321      89.102094
      56.025780      89.291373
      56.951159      89.508928
      57.869360      89.735062
      58.769104      90.183452
      59.394907      90.987426
      59.845552      91.935157
      60.063695      92.836621
      60.271508      93.743728
      60.609236      94.850683
      61.136476      96.095917
      61.782975      97.127821
      62.050684      98.173169
      61.901238      99.292314
      61.533299     100.623789
      61.169494     102.287796
      60.726776     104.639936
      60.508317     107.266983
      60.140354     109.584638
      59.628166     111.205038
      59.075509     112.117032
      58.516107     112.282501
      57.803474     111.833625
      56.694062     111.219483
      55.101566     110.889196
      53.260487     110.911528
      51.033639     111.097873
      48.258622     111.267810
      44.635958     111.430336
      40.109081     111.472311
      35.319288     111.574114
      30.190463     111.830458
      24.918789     112.354929
      19.801839     113.094556
      14.856006     113.880743
      10.717796     114.341607
       6.984964     114.332116
       3.516676     114.236433
       0.851606     114.342209
      -1.064513     114.642839
      -2.247399     115.013013
      -2.737368     115.385556
      -2.682259     115.628436
      -2.123171     115.242390
      -1.584081     113.943117
      -1.410345     112.661796
      -1.338015     111.794720
      -1.357025     111.452853
      -1.396427     111.555181
      -1.369389     111.901837
      -1.233639     112.411028
      -1.020731     113.122484
      -0.781578     114.235258
      -0.528373     115.570259
      -0.329566     116.696642
      -0.253786     117.377276
      -0.244143     117.694226
      -0.219038     117.774415
      -0.145634     117.786460
      -0.092587     118.128434
       0.075038     119.641008
       0.276059     122.654869
       0.421914     126.267824
       0.561702     129.575884
       0.657454     132.108919
       0.688198     133.703538
       0.665915     134.052622
       0.489337     133.294499
       0.343944     131.878356
       0.176005     130.057264
      -0.104963     128.010096
      -0.408060     125.825854
      -0.683308     123.784438
      -0.862391     121.995596
      -1.045547     120.571594
      -1.282500     119.462328
      -1.518050     118.631932
      -1.697158     118.038725
      -1.812032     117.518625
      -1.845098     117.070331
      -1.840229     116.661710
      -1.832233     116.312694
      -1.819015     116.002699
      -1.819476     115.727325
      -1.804752     115.469107
      -1.801087     115.263606
      -1.819307     115.119741
      -1.819841     115.047352
      -1.811429     115.013615
      -1.844446     115.000501
      -1.882386     114.981423
      -1.913142     114.981539
