       2.919414      20.768989
       2.918015      21.276992
       2.967459      21.797986
       3.013664      22.044633
       3.063048      22.023830
       3.024807      21.922430
       2.994051      21.861370
       2.974393      21.927260
       3.038561      22.064838
       3.126047      22.212645
       3.133554      22.270025
       3.060596      22.285908
       2.915438      22.292538
       2.727825      22.403220
       2.617076      22.745142
       2.680276      23.275206
       2.841603      23.892444
       3.016438      24.456281
       3.184876      24.781675
       3.251687      24.315809
       3.297764      21.831223
       3.310349      16.660655
       3.291725       9.572058
       3.696604       1.612264
       4.556581      -6.390400
       5.537090     -12.880429
       6.147327     -17.382641
       6.280511     -19.955699
       6.131464     -21.294645
       5.989632     -21.833258
       5.999381     -22.144275
       6.109215     -22.794465
       6.325571     -24.972374
       6.588596     -30.282766
       6.772288     -38.119285
       6.832392     -46.544778
       6.690660     -53.689653
       6.127440     -58.568873
       5.251943     -60.892716
       4.500154     -61.180743
       4.130373     -60.578234
       4.120677     -59.912161
       4.181418     -59.720095
       4.310927     -60.182984
       4.524034     -61.181379
       4.774031     -62.263485
       4.922467     -63.097144
       4.964965     -63.550164
       4.903182     -63.664139
       4.851185     -63.603902
       4.842091     -63.555735
       4.860508     -63.550892
       4.868795     -63.646250
       4.863514     -63.865249
       4.809526     -64.271670
       4.634391     -65.054224
       4.413961     -67.345345
       4.847561     -73.606383
       5.554096     -81.202821
       5.864823     -88.122812
       5.535478     -93.419007
       4.872954     -97.587305
       4.138389    -101.284578
       3.319427    -104.790552
       2.599138    -108.196258
       2.122060    -111.240611
       1.583940    -113.519818
       1.206117    -115.629320
       1.202574    -118.066594
       1.438518    -120.582960
       1.888921    -122.919052
       2.452589    -125.266937
       3.136246    -127.829503
       3.811446    -130.421968
       4.369102    -132.844010
       4.760699    -135.175275
       5.047013    -137.433800
       5.342046    -139.489584
       5.664793    -141.263000
       6.007038    -142.645192
       6.230810    -143.743132
       6.451142    -144.660439
       6.711810    -145.351836
       6.953957    -145.573705
       7.067179    -145.024434
       6.963602    -143.534018
       6.726618    -140.959747
       6.348454    -136.790400
       5.742647    -130.092837
       4.625331    -119.884733
       3.011157    -106.316250
       1.343132     -90.077997
       0.182586     -72.095815
      -0.416555     -53.497247
      -0.730239     -35.307578
      -1.265564     -18.422848
      -2.036088      -3.438703
      -2.582235       9.722623
      -2.856818      21.415053
      -2.830230      31.316873
      -2.446315      39.240157
      -1.845393      45.805058
      -1.297968      51.895581
      -1.010749      57.722853
      -0.955392      63.047399
      -0.939643      67.974970
      -0.768255      72.792584
      -0.468158      77.594582
      -0.236870      82.271643
      -0.263442      86.549398
      -0.497018      90.423856
      -0.781583      94.114883
      -1.001984      97.776408
      -1.123240     101.315585
      -1.220924     104.746256
      -1.248820     108.132728
      -1.241817     111.377618
      -1.177380     114.208767
      -1.217662     116.251155
      -1.334534     117.589916
      -1.389954     118.721369
      -1.357576     120.116812
      -1.240435     121.639731
      -1.107329     123.206520
      -0.912159     124.906594
      -0.605450     126.920443
      -0.239956     129.395349
       0.116866     132.294671
       0.477181     135.341268
       0.748641     138.399425
       0.942528     141.769908
       1.018963     145.722864
       0.921346     149.749988
       0.773532     153.230880
       0.779502     156.606803
       1.028627     161.176592
       1.217309     166.920527
       1.269022     172.230516
       1.255264     176.528283
       1.137049    -179.610841
       1.128349    -175.990086
       1.150396    -173.312875
       1.058552    -171.781261
       0.931221    -170.999999
       0.835119    -170.525565
       0.813388    -170.249647
       0.946849    -170.404198
       1.063024    -170.856970
       1.155212    -171.464875
       1.201484    -172.146043
       1.275092    -172.877666
       1.365387    -173.658695
       1.460429    -174.627438
       1.501973    -175.885388
       1.497072    -177.551114
       1.445062    -179.779438
       1.259631     176.631096
       0.593204     171.164205
      -0.522597     163.609319
      -2.188496     153.851579
      -3.978742     142.545069
      -5.865553     128.922993
      -7.156214     113.655193
      -7.900808      98.022504
      -8.301599      82.872777
      -8.136722      68.782620
      -7.431300      56.892418
      -6.577555      47.161382
      -5.807016      39.742031
      -5.197846      34.672153
      -4.655584      31.630394
      -4.041109      30.043553
      -3.081619      29.562747
      -1.901164      29.686911
      -0.716933      29.925583
       0.405693      29.829489
       1.444833      28.940465
       2.245683      25.769902
       2.875892      19.343782
       3.038356      11.146296
       2.933959       2.893699
       2.739258      -4.086050
       2.698572      -9.209341
       2.873342     -12.710336
       3.056367     -14.953456
       3.367944     -16.442137
       3.658893     -17.652419
       3.935241     -18.904193
       4.075606     -20.243743
       3.996611     -21.641757
       3.682629     -23.012890
       3.266463     -24.234167
       3.157034     -25.383805
       3.184766     -26.432077
       3.235503     -27.481769
       3.286060     -28.411032
       3.391926     -29.211477
       3.583675     -29.827734
       3.905961     -30.196348
       4.510802     -30.338826
       5.509824     -30.546405
       6.621117     -30.636838
       7.757054     -30.739620
       8.840365     -31.760970
       9.804506     -35.252550
      10.462915     -40.757221
      10.931687     -47.086171
      11.202343     -52.657162
      11.278657     -56.428951
      10.883095     -58.283125
      10.298134     -58.796347
       9.649167     -58.661482
       9.447815     -58.792136
       9.333416     -59.597353
       9.176784     -61.167862
       8.961036     -62.868058
       8.656128     -64.220457
       8.292699     -65.420550
       7.861577     -67.180939
       7.485536     -70.148702
       7.488691     -75.986266
       7.592032     -84.127687
       8.063703     -92.165390
       8.243956     -99.057846
       8.444198    -104.684387
       8.398620    -109.053260
       8.111182    -112.448077
       7.781896    -115.060679
       7.359868    -116.994834
       7.009782    -118.556308
       7.016992    -119.785942
       7.298524    -120.934657
       7.617247    -121.999132
       7.861930    -122.762160
       8.006114    -123.158746
       8.196704    -123.368395
       8.295147    -123.350074
       8.181185    -123.006410
       7.925695    -122.476907
       7.804071    -121.912890
       7.875223    -121.124188
       7.959912    -119.879740
       8.081698    -118.091180
       8.192069    -115.831499
       8.342999    -113.196039
       8.439903    -110.265768
       8.518198    -107.191544
       8.593860    -104.027679
       8.659518    -100.537820
       8.741121     -96.778902
       8.844059     -92.822594
       8.884012     -89.056322
       8.879852     -85.693902
       8.764043     -82.559839
       8.447044     -79.675734
       7.778640     -77.037889
       6.215230     -74.244314
       2.574293     -70.556983
      -3.119131     -66.249411
      -8.276412     -61.239619
     -11.164570     -55.917128
     -12.516530     -51.267684
     -12.997199     -47.991384
     -13.045700     -46.451348
     -12.980411     -46.428063
     -13.001251     -46.902221
     -13.138653     -46.913494
     -13.673191     -46.116213
     -14.824142     -44.200535
     -16.801499     -40.302891
     -19.443906     -32.376223
     -21.657431     -21.908782
     -22.350905     -13.161615
     -22.903522      -7.286381
     -23.703088      -3.774553
     -24.703302      -1.333183
     -25.412328       0.720266
     -25.894786       2.037817
     -26.388490       2.706634
     -26.795120       2.650653
     -27.204210       2.318387
     -27.540717       1.906189
     -28.059357       2.021677
     -29.101800       3.892441
     -29.633086      10.137239
     -28.959026      19.003670
     -27.263490      28.277211
     -25.510945      36.498428
     -23.973714      42.771269
     -22.790961      46.871213
     -21.752621      49.119865
     -20.580311      50.117939
     -19.279749      50.712881
     -17.545163      51.414735
     -15.077431      52.487321
     -11.976015      54.494239
      -8.859451      57.613662
      -6.290955      61.411475
      -4.297713      65.269137
      -2.861298      68.800761
      -1.905377      71.732927
      -1.390452      74.079068
      -1.041103      76.009740
      -0.761434      77.983037
      -0.559027      80.211371
      -0.482215      82.457356
      -0.450238      84.489039
      -0.396922      86.285069
      -0.439943      87.928492
      -0.546740      89.362052
      -0.692041      90.523298
      -0.696871      91.546061
      -0.573666      92.609118
      -0.447429      93.712536
      -0.321942      94.795468
      -0.189737      95.765532
      -0.074860      96.722735
       0.076896      97.626656
       0.232302      98.439081
       0.357178      99.256168
       0.443609     100.079939
       0.537620     100.879473
       0.605134     101.601139
       0.652370     102.259013
       0.663541     102.896944
       0.696501     103.507725
       0.759287     104.115290
       0.774002     104.681619
       0.781751     105.203603
       0.753375     105.717768
       0.702798     106.205986
       0.628343     106.688920
       0.583226     107.239075
       0.559508     107.813787
       0.535937     108.336441
       0.482512     108.868713
       0.517416     109.342846
       0.583777     109.778424
       0.638777     110.160535
       0.702872     110.423407
       0.772902     110.429255
       0.909005     109.924542
       1.051106     108.714658
       1.184551     106.974678
       1.484031     104.947210
       1.877982     103.356574
       2.307903     102.614567
       2.590839     102.401936
       2.745271     102.127708
       2.779146     101.397319
       2.746350      99.870756
       2.768664      98.056513
       2.928456      96.313900
       2.934636      94.938741
       2.870830      94.094512
       2.789790      93.600786
       2.702134      92.951324
       2.702834      91.654188
       2.731285      88.793800
       2.948363      83.600272
       3.796595      76.342393
       5.028016      68.409611
       6.116044      61.200073
       6.890909      55.517487
       7.124827      51.656110
       6.939354      49.344983
       6.707102      48.279536
       6.549660      47.754638
       6.461177      47.535251
       6.349445      47.019338
       6.282426      44.631815
       6.624043      36.900281
       6.459631      25.038097
       6.388895      12.497030
       6.886964       1.811483
       7.236350      -5.671950
       7.373801      -9.994414
       7.123025     -12.031918
       6.744377     -12.803359
       6.465044     -13.281947
       6.286068     -14.024132
       6.079449     -15.462304
       5.647467     -17.780594
       5.315126     -20.724096
       5.165823     -23.812796
       5.101670     -26.808508
       5.077766     -29.773978
       5.106141     -32.943269
       5.184211     -36.310422
       5.231620     -39.503628
       5.405579     -42.475223
       5.943310     -45.347701
       6.652150     -48.270565
       7.129052     -51.098344
       7.198353     -53.522222
       6.950241     -55.531480
       6.677389     -57.346992
       6.531974     -59.377990
       6.541241     -61.725943
