       5.353848      23.709815
       5.359751      23.714470
       5.327088      23.691205
       5.244141      23.633902
       5.183314      23.556306
       5.132173      23.466784
       5.055575      23.417505
       4.968263      23.413009
       4.857002      23.401950
       4.662393      23.347100
       4.313097      23.265283
       3.673488      23.110055
       2.600053      22.919237
       0.859077      22.743714
      -1.344183      22.570821
      -3.711711      22.423374
      -5.939305      22.298677
      -7.919378      22.179136
      -9.761686      22.013327
     -11.817313      21.746186
     -14.147878      21.306387
     -17.170402      20.736566
     -20.812192      19.968064
     -23.920899      18.932987
     -26.659259      17.820203
     -28.900844      16.889533
     -30.387673      16.347286
     -31.428225      16.334912
     -32.292044      16.795112
     -33.174796      17.455551
     -33.922258      18.013507
     -34.483948      18.263439
     -34.821315      18.090006
     -34.971139      17.510172
     -35.013582      16.689398
     -34.942065      15.663947
     -34.659770      14.194935
     -34.049876      12.325881
     -33.276713      10.268387
     -32.531000       7.960715
     -31.842570       4.984037
     -31.605632       1.777735
     -32.359637      -0.839782
     -34.737057      -0.904026
     -38.062423       1.778563
     -42.310633       4.809123
     -47.336788       6.554206
     -51.635944       7.297231
     -54.183656       7.256529
     -55.959782       6.843986
     -57.358323       6.350825
     -58.408028       5.945866
     -59.483917       5.711071
     -60.461082       5.885782
     -61.202245       6.426043
     -61.962752       7.343118
     -62.755526       8.569611
     -63.277694       9.926403
     -63.500501      11.205158
     -63.625389      12.293189
     -63.756660      13.187949
     -63.840473      13.721154
     -63.846559      13.993632
     -63.665552      14.357485
     -63.367476      14.995960
     -63.182098      15.801255
     -63.130901      16.529645
     -62.906035      16.523744
     -62.790530      15.783263
     -62.752436      14.801864
     -62.580284      14.051473
     -62.386868      13.638755
     -62.291816      13.222242
     -62.248180      12.500505
     -62.096418      11.519453
     -61.762818      10.247154
     -60.913028       7.598793
     -57.500056       0.675010
     -51.689055      -7.346057
     -46.376812     -13.637748
     -41.620824     -18.037295
     -37.331393     -20.703592
     -33.996208     -22.090969
     -31.215915     -22.718516
     -26.676278     -22.707903
     -20.897618     -22.405663
     -15.601527     -22.265326
     -10.748601     -22.312869
      -6.678917     -22.487878
      -3.661407     -22.729769
      -1.474203     -23.059403
       0.220551     -23.377201
       1.439630     -23.586128
       2.451895     -23.691407
       3.371792     -23.752202
       3.810607     -23.895385
       3.806386     -24.041452
       3.501886     -24.291567
       2.934933     -24.595665
       1.778209     -24.840003
      -0.444111     -25.024667
      -3.682446     -25.095519
      -7.983172     -25.186874
     -12.346116     -25.470794
     -15.956819     -26.087070
     -18.200086     -27.101336
     -19.302174     -28.059721
     -19.808970     -28.594443
     -20.042350     -28.785696
     -20.256232     -28.862815
     -20.499750     -28.912151
     -20.785637     -29.004743
     -21.169191     -29.077000
     -21.559960     -29.097449
     -21.776931     -29.089811
     -21.796847     -29.065460
     -21.663597     -29.056256
     -21.513661     -29.027150
     -21.451522     -28.982743
     -21.498682     -28.970627
     -21.565478     -28.988906
     -21.575777     -28.983173
     -21.611930     -28.926450
     -21.599977     -28.834470
     -21.542135     -28.734847
     -21.481218     -28.650991
     -21.410000     -28.595351
     -21.230703     -28.507437
     -20.847483     -28.286792
     -20.069770     -27.675264
     -18.368445     -25.728025
     -15.406506     -21.411981
     -11.476945     -14.679770
      -6.955341      -6.736848
      -2.476376       1.496451
       1.723081       9.742336
       5.313429      18.042208
       7.757691      27.182706
       8.709090      39.036310
       8.996240      51.283241
       9.447125      62.288479
       9.574991      71.975671
       9.226172      79.804372
       8.650491      85.569474
       7.703404      89.832066
       6.246788      93.219403
       3.726658      96.511561
      -0.177035     100.237578
      -4.260115     104.018198
      -7.292097     107.566322
      -8.980392     110.632648
      -9.721691     113.280814
      -9.814539     115.634935
      -9.296087     117.656797
      -8.390263     119.093009
      -6.959997     120.049047
      -4.809280     120.882570
      -2.498502     121.617205
      -0.869378     122.226470
      -0.159028     122.810323
      -0.031349     123.026752
      -0.015451     122.770612
       0.010364     122.422110
       0.150413     122.324018
       0.317878     122.300053
       0.361283     122.186185
       0.407168     122.043321
       0.403315     121.977518
       0.397973     121.989155
       0.366394     122.058689
       0.381296     122.410405
       0.620183     123.131275
       1.053534     124.163450
       1.523875     125.397533
       1.932573     126.640600
       2.281091     127.995011
       2.524464     129.868986
       2.534026     132.509798
       2.404837     135.467279
       2.204690     138.138146
       2.103786     140.673153
       1.992247     143.260237
       1.881298     145.933863
       1.752115     148.711983
       1.578684     151.559928
       1.292138     154.337223
       0.971094     157.133557
       0.450694     159.848419
      -0.093695     162.614251
      -0.615331     165.560308
      -0.922200     168.444739
      -1.208376     170.810517
      -1.660560     172.455086
      -3.006150     173.000471
      -6.167919     172.000799
     -11.362853     169.296214
     -17.766193     165.471657
     -23.344593     161.760406
     -27.171024     159.936088
     -29.564932     159.969378
     -31.175356     161.278890
     -31.826253     162.717851
     -31.964955     163.387042
     -31.884423     163.182445
     -31.759590     162.466743
     -31.754068     161.549154
     -31.946632     160.712163
     -32.306231     159.918661
     -32.702161     159.091102
     -33.074795     158.065027
     -33.760074     156.737991
     -35.646198     154.795969
     -39.639812     152.253958
     -44.808159     149.923626
     -49.306909     148.674915
     -52.276128     148.704416
     -54.164257     149.480860
     -55.300597     150.620764
     -56.031457     151.752431
     -56.609434     152.352565
     -57.083877     152.572559
     -57.504826     152.488484
     -57.978551     152.483413
     -58.713486     152.621304
     -59.560304     152.996898
     -60.426155     153.624969
     -60.955080     154.179962
     -61.023521     154.528084
     -60.927755     154.582930
     -60.731448     154.462301
     -60.451271     154.213252
     -60.058080     154.000757
     -59.719798     154.053349
     -59.536975     154.277209
     -59.449593     154.673154
     -59.325296     155.205804
     -59.123871     156.083527
     -58.832755     157.410932
     -58.402112     159.022414
     -57.962411     160.368733
     -57.634037     161.461000
     -57.132127     162.229507
     -56.056272     162.386904
     -54.253724     161.562307
     -51.911555     159.924849
     -48.928274     157.574079
     -44.971427     154.836301
     -40.306565     152.135660
     -35.454702     149.674636
     -30.467661     147.407805
     -25.609778     145.462324
     -21.247787     143.927096
     -17.835308     142.701485
     -14.937631     141.535537
     -12.302944     140.295937
      -9.644815     139.186030
      -7.038915     138.250285
      -4.727020     137.295686
      -3.128432     136.397263
      -2.297594     135.501705
      -1.965002     134.574985
      -1.527497     133.546919
      -1.158861     132.365788
      -1.082673     131.003140
      -1.394386     129.373424
      -2.120355     127.435413
      -3.215295     125.314546
      -4.644918     123.114907
      -5.965972     120.794192
      -7.105062     118.444985
      -7.925507     115.999659
      -8.299252     113.555944
      -8.374791     111.117010
      -8.350535     108.670818
      -8.235746     106.240140
      -8.154549     103.883581
      -7.966420     101.526729
      -7.787535      99.124378
      -7.474404      96.476814
      -7.148790      93.574918
      -6.634330      90.485355
      -6.075594      87.481345
      -5.473876      84.640870
      -4.823601      81.901849
      -4.135421      79.074998
      -3.415123      76.098259
      -2.681463      72.914005
      -2.062550      69.636033
      -1.407978      66.497240
      -0.526187      63.591390
       0.571680      60.744436
       1.811400      58.117928
       3.216990      55.587530
       4.489138      53.228309
       5.685371      51.093147
       6.846684      49.188742
       7.925852      47.407856
       8.792448      45.720342
       9.338428      43.955411
       9.600686      42.007745
       9.635827      40.068078
       9.581905      38.227620
       9.657822      36.525472
       9.829080      34.992583
      10.127075      33.651008
      10.559899      32.439634
      11.151359      31.294127
      11.781349      30.240020
      12.384408      29.165556
      12.813114      27.970648
      13.145967      26.316040
      13.140440      23.379387
      12.832117      19.159619
      12.363129      14.312390
      11.962846       9.102532
      11.786049       2.925528
      11.701961      -4.497555
      11.572553     -12.023019
      11.456627     -18.449127
      11.437379     -23.615909
      11.293313     -27.756381
      10.838522     -30.966664
      10.127943     -33.428920
       9.322780     -35.545951
       8.586050     -38.034865
       8.009759     -40.822383
       7.435440     -43.191955
       6.953187     -44.622989
       6.504867     -44.748869
       6.196063     -43.655898
       6.328512     -42.048034
       6.529739     -40.777106
       6.588030     -39.920240
       6.633202     -39.019813
       6.687239     -37.712285
       6.778841     -35.847086
       6.991744     -33.404625
       7.243977     -30.681708
       7.462643     -27.788163
       7.754741     -24.811645
       8.179038     -21.610187
       8.716399     -18.324279
       9.175802     -15.327420
       9.486966     -12.666760
       9.615177     -10.310644
       9.727490      -8.145001
       9.770128      -6.206107
       9.821773      -4.511571
       9.850237      -2.941502
       9.886265      -1.463285
      10.104157       0.052656
      10.826461       1.730821
      12.099126       3.647419
      13.391259       5.725309
      14.566582       7.704460
      15.638728       9.489680
      16.612028      11.141785
      17.497347      12.710638
      18.369267      14.040915
      19.230181      15.077955
      20.142712      15.853715
      21.467563      16.424461
      23.435772      16.727041
      24.940453      16.972731
      26.119008      17.178670
      27.119426      17.317211
      27.929721      17.384819
      28.535707      17.415172
      28.959929      17.437695
      29.240425      17.450788
      29.264737      17.444972
      29.216531      17.347117
      28.946764      17.178557
      28.367387      16.879928
      27.188481      16.420369
      25.576189      15.790030
      24.142726      15.107103
      23.026461      14.661373
      22.047664      14.479014
