     -12.942213      -6.432151
     -12.890802      -7.555761
     -12.854224      -8.688135
     -12.830164      -9.815346
     -12.839121     -10.947536
     -12.880549     -12.049945
     -12.931899     -13.107841
     -13.010341     -14.143154
     -13.074069     -15.122841
     -13.154130     -16.068129
     -13.257171     -16.930016
     -13.333923     -17.689087
     -13.391604     -18.287862
     -13.453306     -18.739206
     -13.469344     -19.091916
     -13.445252     -19.312728
     -13.426298     -19.447717
     -13.443951     -19.512849
     -13.484264     -19.492422
     -13.581578     -19.423130
     -13.705833     -19.412245
     -13.814017     -19.400726
     -13.908051     -19.388027
     -13.982247     -19.340224
     -14.058824     -19.290923
     -14.164573     -19.239466
     -14.264268     -19.205533
     -14.351005     -19.169508
     -14.392865     -19.126683
     -14.400914     -19.052080
     -14.444199     -18.968443
     -14.527408     -18.855533
     -14.658747     -18.724369
     -14.828167     -18.578643
     -14.930876     -18.435237
     -15.025486     -18.273622
     -15.108723     -18.110321
     -15.146762     -17.933907
     -15.150246     -17.744621
     -15.152877     -17.572606
     -15.152832     -17.365455
     -15.135846     -17.086411
     -15.072450     -16.728218
     -14.996572     -16.299697
     -14.871192     -15.805145
     -14.739648     -15.257874
     -14.601864     -14.661155
     -14.458750     -14.027827
     -14.259328     -13.361008
     -14.049505     -12.671383
     -13.823851     -11.986063
     -13.610884     -11.340546
     -13.399217     -10.769245
     -13.128029     -10.191177
     -12.751341      -9.485294
     -12.275359      -8.643827
     -11.681102      -7.741689
     -10.957365      -6.820205
     -10.222632      -5.927643
      -9.525577      -5.154200
      -8.885925      -4.528409
      -8.317374      -4.050648
      -7.808518      -3.554049
      -7.284708      -2.827715
      -6.767107      -1.814246
      -6.153308      -0.577057
      -5.510971       0.797787
      -4.840481       2.170046
      -4.187115       3.445958
      -3.583614       4.442972
      -2.973125       5.176574
      -2.377780       5.724087
      -1.739721       6.244190
      -1.165813       6.821858
      -0.714938       7.280090
      -0.360155       7.565817
       0.007447       7.647187
       0.346543       7.628031
       0.547506       7.617809
       0.538315       7.694872
       0.500953       7.982896
       0.562829       8.582145
       0.620263       9.585032
       0.688708      10.899652
       0.879613      12.449922
       1.299329      14.122584
       1.696720      15.713259
       2.103451      17.204826
       2.598980      18.659345
       3.022648      19.890832
       3.266327      20.537705
       3.396017      20.594590
       3.479704      20.203324
       3.422378      19.608406
       3.249318      18.917572
       2.439017      18.099799
       1.357261      17.073967
       0.500391      16.038872
       0.044244      15.103960
      -0.118294      14.329393
      -0.034151      13.795793
       0.231029      13.601511
       0.371548      13.529698
       0.391561      13.403947
       0.296859      13.177066
       0.246909      12.926693
       0.155764      12.769418
       0.131754      12.739938
       0.133281      12.791867
       0.192122      12.863652
       0.261901      12.827162
       0.327124      12.739288
       0.482701      12.577370
       0.798880      12.254670
       1.328848      11.736327
       2.072187      10.887653
       3.157031       9.678002
       4.191408       8.125389
       5.116608       6.205191
       6.039950       4.129846
       7.051700       2.200788
       8.299371       0.644410
       9.723364      -0.593263
      11.422583      -1.557102
      13.285283      -2.216556
      14.839705      -1.921867
      15.193692      -0.634058
      14.668815       1.292557
      13.687043       3.187020
      12.600260       4.880568
      11.350424       6.422800
      10.633248       7.570344
      10.030476       8.363921
      10.021378       8.501949
      10.217258       8.078708
      10.277398       7.438615
      10.035289       7.412700
       9.828048       7.724704
       9.463128       7.954341
       9.146067       7.954401
       8.902555       7.815683
       8.997065       7.506014
       9.265543       6.792797
       9.574599       5.914984
       9.756871       4.841730
       9.747106       3.411892
       9.636770       1.757626
       9.582950       0.152209
       9.610579      -1.300677
       9.678826      -2.333906
       9.642357      -2.976861
       9.504725      -3.326834
       9.411185      -3.347603
       9.149662      -3.226954
       8.753767      -3.130557
       8.376845      -3.109370
       8.011459      -3.205196
       7.685843      -3.516886
       7.459693      -3.959751
       7.360783      -4.396039
       7.327831      -4.848287
       7.359512      -5.274733
       7.350783      -5.583159
       7.375192      -5.815804
       7.408927      -6.028281
       7.459697      -6.184957
       7.530615      -6.392624
       7.681943      -6.697211
       7.871436      -6.875435
       8.003220      -6.842910
       7.981693      -6.530888
       7.885897      -6.189306
       7.768695      -6.018479
       7.696065      -5.810484
       7.666517      -5.492984
       7.662494      -5.213038
       7.622487      -5.028181
       7.569560      -4.918348
       7.565243      -4.833798
       7.577618      -4.733856
       7.558720      -4.621116
       7.535856      -4.523890
       7.539619      -4.431556
       7.527607      -4.352306
       7.505958      -4.291554
       7.478284      -4.243398
       7.445629      -4.188957
       7.428287      -4.118637
       7.410753      -4.048381
       7.394549      -4.011030
       7.383813      -4.011021
       7.391854      -4.015742
       7.390328      -4.045693
       7.394297      -4.077338
       7.380774      -4.069187
       7.377003      -4.050483
       7.368865      -4.026797
       7.375323      -4.010579
       7.372065      -4.017449
       7.367040      -4.031592
       7.378494      -4.036127
       7.379643      -4.039327
       7.385045      -4.041613
       7.383493      -4.032357
       7.376394      -4.017949
       7.367925      -4.015046
       7.352678      -4.022638
       7.354856      -4.019129
       7.359981      -4.011204
       7.361013      -4.020318
       7.370515      -4.030236
       7.358965      -4.012532
       7.343895      -4.003973
       7.330497      -3.991839
       7.322362      -3.984662
       7.298361      -3.992636
       7.280042      -4.001375
       7.259685      -4.017228
       7.265462      -4.032468
       7.254010      -4.059436
       7.259844      -4.083378
       7.251088      -4.096071
       7.236636      -4.117978
       7.222675      -4.144241
       7.223295      -4.170938
       7.197624      -4.167836
       7.193178      -4.168671
       7.201350      -4.159545
       7.209185      -4.145642
       7.198031      -4.125952
       7.209132      -4.106959
       7.240555      -4.113168
       7.286345      -4.165596
       7.290104      -4.234569
       7.295213      -4.286940
       7.312674      -4.302908
       7.315704      -4.311383
       7.303972      -4.300944
       7.290969      -4.283246
       7.294814      -4.285594
       7.295630      -4.305073
       7.299927      -4.312824
       7.311284      -4.321895
       7.323206      -4.358097
       7.317027      -4.378410
       7.316928      -4.405463
       7.330243      -4.428753
       7.341611      -4.453000
       7.341782      -4.471195
       7.335752      -4.491527
       7.337205      -4.503550
       7.340453      -4.500981
       7.321158      -4.505921
       7.306732      -4.501782
       7.300587      -4.483368
       7.282040      -4.478394
       7.266735      -4.482922
       7.246076      -4.489558
       7.243026      -4.492581
       7.229499      -4.480848
       7.232912      -4.501404
       7.218398      -4.502695
       7.197293      -4.499580
       7.193575      -4.495253
       7.200971      -4.493518
       7.210639      -4.510708
       7.219355      -4.538287
       7.206589      -4.567379
       7.207704      -4.590477
       7.220735      -4.640162
       7.248716      -4.697073
       7.293780      -4.729337
       7.318934      -4.686990
       7.299341      -4.573752
       7.227820      -4.361512
       7.109749      -4.034045
       6.950327      -3.596316
       6.743685      -3.136226
       6.631568      -2.812696
       6.533284      -2.603235
       6.431584      -2.485967
       6.338533      -2.530665
       6.316469      -2.755593
       6.382710      -3.087372
       6.466761      -3.512103
       6.562541      -4.047834
       6.736021      -4.500705
       6.872848      -4.801393
       6.856221      -4.925437
       6.852119      -4.921822
       6.870702      -4.902895
       6.878860      -4.898532
       6.851584      -4.890658
       6.803399      -4.876608
       6.811225      -4.898240
       6.876041      -4.951619
       6.900016      -5.030980
       6.976027      -5.181062
       6.996605      -5.348289
       7.042420      -5.417858
       7.010381      -5.397631
       6.900545      -5.315437
       6.901153      -5.081512
       7.044995      -4.861398
       7.213275      -4.786205
       7.290632      -4.862842
       7.344940      -5.085754
       7.476590      -5.313429
       7.575372      -5.484777
       7.512082      -5.485332
       7.402702      -5.444393
       7.406377      -5.558673
       7.452666      -5.760969
       7.469848      -5.967284
       7.460599      -6.109512
       7.443603      -6.093500
       7.362578      -5.857110
       7.162729      -5.501410
       7.039036      -5.131028
       7.049617      -5.056246
       6.952449      -5.115315
       6.857545      -5.157564
       6.859121      -5.410870
       6.917577      -5.807128
       6.988523      -6.204790
       7.096621      -6.664400
       7.193228      -7.087369
       7.234218      -7.308887
       7.247014      -7.488130
       7.223434      -7.672178
       7.182892      -7.761978
       7.156520      -7.771159
       7.123840      -7.756153
       7.089484      -7.745504
       7.083450      -7.736025
       7.130338      -7.711897
       7.139100      -7.692424
       7.107896      -7.706370
       7.109293      -7.704017
       7.131759      -7.764116
       7.117693      -7.955430
       7.083357      -8.280429
       7.069302      -8.628622
       7.076185      -8.948138
       7.107658      -9.248409
       7.125564      -9.492073
       7.132807      -9.715154
       7.153474      -9.944418
       7.159915     -10.209793
       7.155323     -10.515798
       7.159950     -10.838782
       7.132853     -11.181456
       7.108500     -11.522329
       7.076961     -11.818471
       7.043896     -12.102062
       7.005144     -12.343154
       6.965608     -12.516073
       6.913769     -12.602316
       6.854106     -12.605611
       6.776028     -12.535025
       6.699453     -12.357476
       6.614319     -12.072358
       6.532484     -11.891064
       6.496623     -11.909956
       6.500304     -11.977671
       6.531731     -12.053657
       6.572972     -12.180707
       6.599880     -12.323938
       6.629744     -12.434840
       6.633920     -12.504584
       6.629067     -12.525475
       6.598960     -12.497533
       6.548090     -12.443229
       6.521780     -12.374048
       6.514778     -12.341241
       6.513106     -12.365160
       6.532077     -12.434086
       6.548375     -12.524382
       6.546119     -12.616937
       6.546989     -12.680706
       6.546218     -12.729051
       6.544652     -12.767201
       6.533716     -12.767857
       6.510705     -12.759376
       6.510118     -12.757424
       6.520969     -12.777673
       6.517042     -12.827370
       6.523146     -12.903264
       6.523528     -12.989413
       6.521068     -13.080348
       6.518149     -13.175058
       6.514960     -13.249631
       6.511765     -13.293917
       6.506127     -13.321209
       6.500643     -13.347185
       6.493194     -13.366797
       6.482335     -13.378947
       6.481808     -13.368559
       6.482496     -13.370222
       6.489533     -13.395467
       6.513949     -13.409466
       6.520346     -13.422520
       6.525795     -13.457056
       6.528272     -13.495558
       6.563374     -13.553410
       6.597926     -13.642866
       6.615881     -13.721944
       6.624605     -13.772716
       6.612007     -13.805853
       6.604698     -13.804855
       6.587929     -13.790351
       6.588784     -13.787864
       6.595532     -13.804524
       6.589721     -13.813594
       6.583401     -13.799357
       6.592602     -13.806394
       6.591655     -13.804872
       6.580625     -13.790374
       6.574566     -13.794467
       6.595059     -13.801923
       6.604838     -13.827160
       6.611496     -13.859018
       6.615244     -13.888186
       6.624558     -13.899165
       6.627773     -13.910261
       6.627583     -13.925765
       6.625370     -13.924659
       6.619539     -13.919746
       6.621550     -13.922092
       6.623908     -13.924874
       6.623487     -13.940377
       6.630188     -13.948933
       6.638700     -13.953503
       6.650231     -13.981884
       6.661225     -13.982609
       6.651195     -13.979967
       6.664659     -13.973154
       6.679618     -13.967580
       6.688028     -13.977111
       6.682564     -13.990740
       6.684007     -13.992215
       6.676172     -13.972982
       6.670634     -13.967183
       6.669213     -13.960948
       6.666322     -13.945327
       6.668316     -13.943625
       6.677871     -13.950613
       6.682367     -13.961233
       6.676255     -13.979343
       6.678528     -13.986549
       6.687373     -13.975498
       6.704211     -13.996294
       6.712502     -13.992068
       6.719408     -13.978138
       6.722803     -13.965186
       6.739320     -13.951527
       6.748846     -13.958074
       6.752408     -13.981451
       6.744001     -14.003795
