      -2.799879      26.136498
      -2.619981      26.527007
      -2.298832      26.787269
      -1.901237      26.804754
      -1.347611      26.617431
      -0.553092      26.406539
       0.061946      26.110639
       0.544301      25.728617
       0.756662      25.274026
       1.166803      24.671161
       1.816682      23.965212
       2.529442      23.153579
       3.103696      22.385423
       3.651387      21.709918
       3.700549      21.351973
       3.530439      21.220690
       3.321278      21.318892
       2.845553      21.590273
       2.369353      22.002505
       2.053775      22.571763
       1.787592      23.243968
       1.576013      23.903802
       1.027669      24.462243
      -0.168600      24.827416
      -2.218591      25.045632
      -4.840123      25.184461
      -7.570055      25.243721
     -10.107319      25.079457
     -12.049777      24.698661
     -13.129495      24.248791
     -13.607309      23.938457
     -13.513721      23.797824
     -13.099197      23.782486
     -12.586881      23.891283
     -11.992341      24.014603
     -11.393416      24.154968
     -10.882428      24.255866
     -10.408146      24.354463
      -9.901015      24.432936
      -9.255776      24.525542
      -8.555287      24.629699
      -7.841049      24.736920
      -7.109388      24.838718
      -6.351195      24.940045
      -5.546137      25.029320
      -4.732603      25.118849
      -3.858781      25.190716
      -3.125949      25.307217
      -2.501857      25.478570
      -1.974642      25.703543
      -1.480610      25.937066
      -1.013577      26.160984
      -0.568819      26.348191
      -0.130304      26.492396
       0.225752      26.583305
       0.507229      26.610793
       0.689437      26.578300
       0.808116      26.494052
       0.926163      26.380658
       1.053512      26.287663
       1.215124      26.226345
       1.367126      26.248387
       1.711735      26.630936
       2.714888      28.472612
       4.259304      32.814912
       6.052027      39.369558
       7.263339      46.667374
       7.312343      53.597462
       6.210859      59.179765
       4.623823      63.044543
       2.649708      65.754325
       1.167601      67.879034
       0.363392      70.149392
       0.074421      72.829250
       0.036550      76.001051
      -0.005939      79.631161
      -0.281774      83.975827
      -0.788004      88.939122
      -1.493948      93.668153
      -2.428556      97.507523
      -3.417628     100.470686
      -4.314121     102.532172
      -5.115746     103.719472
      -5.817363     104.260738
      -6.300491     104.448608
      -6.558427     104.597981
      -6.802881     104.722359
      -7.226859     104.719640
      -7.965941     104.497363
      -9.602551     103.951540
     -12.777962     103.078850
     -16.909737     102.114536
     -20.619045     101.298566
     -23.564677     100.906847
     -25.575023     100.967356
     -26.657763     101.483152
     -26.853688     102.086880
     -26.712696     102.552902
     -26.648309     102.871804
     -26.793719     103.256248
     -27.101926     103.714362
     -27.247462     104.124139
     -26.940884     104.068536
     -26.085448     102.977989
     -25.289406     100.866339
     -24.834796      96.734654
     -23.792183      88.230948
     -21.200443      75.364781
     -17.148121      60.373136
     -12.158000      45.067373
      -7.362797      31.674031
      -3.716417      21.730668
      -1.559162      15.769831
      -0.464685      12.753576
      -0.085250      11.839031
       0.106263      12.315547
       0.395307      13.335605
       0.823969      14.048703
       1.240332      14.070646
       1.561754      13.499820
       1.775207      12.444942
       1.931925      11.219814
       2.092202       9.965355
       2.138805       8.886779
       2.080291       7.976619
       1.984102       7.200028
       1.791698       6.596356
       1.339277       6.077416
       0.659094       5.509776
      -0.193463       4.613149
      -1.058836       3.617088
      -1.807679       2.622932
      -2.271219       1.854900
      -2.632829       1.359366
      -2.855378       1.154974
      -2.957031       1.102753
      -2.859030       1.155092
      -2.665259       1.147642
      -2.476544       1.104894
      -2.238133       1.007927
      -1.932445       0.791643
      -1.605566       0.532113
      -1.246095       0.233157
      -0.866872      -0.017711
      -0.445839      -0.253014
      -0.087260      -0.480531
       0.122503      -0.690874
       0.221818      -0.905424
       0.241110      -1.041827
       0.291364      -1.111463
       0.444108      -1.044570
       0.805576      -0.838700
       1.339699      -0.409530
       2.256058       0.328262
       3.717226       1.331065
       5.617849       2.594715
       7.833376       4.209882
      10.081479       6.064986
      11.974859       7.985725
      13.475039       9.747579
      14.516485      11.274725
      15.068245      12.329462
      15.416722      13.029425
      15.852874      13.457041
      16.060413      14.037910
      15.871969      14.894633
      14.979769      16.120183
      13.414409      17.775091
      11.465685      19.474143
       9.691389      20.830902
       8.583629      21.708673
       8.082522      21.961719
       7.738508      21.650680
       7.610424      21.086277
       7.543412      20.475805
       7.444657      20.017071
       7.315071      19.734958
       7.145374      19.568367
       7.002831      19.530621
       7.297854      19.518255
       9.219995      19.261243
      14.204484      17.943892
      20.892248      15.237000
      26.106523      11.730376
      28.435893       8.718812
      29.376183       6.533342
      29.947719       5.118943
      30.690069       4.465489
      31.639182       4.548778
      33.248266       5.130121
      35.422607       5.776792
      37.504565       6.309692
      39.013521       6.464742
      39.767554       5.960703
      39.935887       4.876397
      39.823777       3.299236
      39.908153      -0.846938
      40.289048      -8.899295
      40.734223     -18.908296
      40.649803     -28.052101
      40.155579     -33.750853
      39.669391     -36.062843
      39.018645     -36.365979
      37.506481     -36.436969
      33.968912     -37.358799
      28.247382     -39.510370
      21.708053     -42.659071
      15.656105     -46.118234
      11.050953     -49.413477
       8.126701     -51.784918
       6.611575     -53.358424
       5.654549     -54.415623
       5.037317     -55.248282
       4.369952     -56.410723
       3.393865     -58.689493
       1.651111     -62.711841
      -0.793510     -68.472208
      -3.260569     -74.524569
      -4.886013     -78.869424
      -6.242796     -80.513391
      -7.657158     -80.965842
      -9.035979     -82.014328
     -10.523625     -83.553110
     -13.237724     -84.835909
     -17.007840     -85.389638
     -20.400130     -85.918966
     -22.897558     -86.763418
     -24.085396     -88.292438
     -24.172794     -90.280467
     -23.047067     -92.060449
     -20.881798     -93.141049
     -18.887566     -93.726874
     -17.253596     -94.270492
     -15.471946     -94.889432
     -13.259072     -95.156500
     -11.299125     -94.824931
      -9.899181     -94.186495
      -8.928803     -94.301557
      -8.105754     -97.110753
      -7.392228    -102.650567
      -6.922283    -108.769668
      -6.486990    -113.685734
      -6.229248    -116.759948
      -6.052198    -118.914689
      -5.961268    -120.909031
      -5.864354    -122.967486
      -5.671698    -125.057852
      -5.360548    -127.147013
      -4.958427    -129.338677
      -4.425752    -131.849029
      -3.860724    -134.443982
      -3.447330    -136.639123
      -3.008395    -138.201093
      -2.486674    -139.386003
      -2.076707    -140.627730
      -1.674460    -142.221543
      -1.138145    -144.194854
      -0.190656    -146.213870
       1.121588    -148.101222
       2.301135    -149.833315
       3.231498    -151.285516
       3.734084    -152.521104
       4.122566    -153.959482
       4.829905    -155.696402
       6.328030    -157.033259
       8.279605    -158.059131
      10.819380    -159.005871
      14.599871    -159.680755
      18.996756    -159.799966
      22.823418    -159.382873
      25.591321    -158.749605
      27.721366    -158.314688
      29.594283    -158.158029
      31.252158    -157.990073
      33.445147    -156.758536
      36.464710    -154.097227
      39.802428    -150.165671
      42.517271    -145.838053
      43.842092    -142.187583
      44.206019    -140.337193
      44.144068    -139.630593
      44.140342    -139.061573
      44.026387    -138.593677
      43.435039    -139.102703
      42.235991    -141.285225
      40.554392    -143.524129
      38.811967    -144.889826
      37.369061    -144.994602
      36.394730    -143.836134
      36.009554    -141.560026
      36.041122    -138.187678
      36.160476    -134.175019
      36.045710    -128.938040
      35.234798    -119.363186
      32.667060    -103.584660
      27.607506     -83.907275
      21.281959     -63.691362
      14.659411     -43.746015
       8.187924     -24.353174
       3.750034      -7.874252
       0.822559       4.667127
      -1.097961      13.342929
      -1.792013      18.362973
      -1.368281      20.134457
      -0.071714      19.512841
       1.550535      17.111504
       3.051519      13.770691
       3.867830      10.358830
       4.151893       7.469507
       4.313340       5.324877
       4.660811       4.024400
       5.771045       3.546107
       7.623260       3.804848
       9.271028       4.442268
      10.830403       5.418435
      12.331588       6.318357
      13.775971       7.163003
      15.108539       7.962458
      16.258704       8.819299
      16.955450      10.013055
      17.202077      11.631855
      17.403078      13.950385
      17.593360      16.719068
      17.752632      20.266061
      17.889559      24.880253
      17.761695      30.707722
      17.639950      37.097908
      17.661310      42.693508
      17.974384      46.493264
      18.451891      48.739880
      18.698617      50.414460
      18.108147      52.623425
      17.189757      55.604511
      15.859379      59.084422
      14.067381      63.136938
      11.915042      67.858805
       9.613967      72.778042
       7.547826      77.315065
       6.031368      81.322547
       4.875644      84.783404
       4.034167      87.377968
       3.538347      89.436190
       2.968620      91.360241
       2.430551      92.931867
       1.970289      94.015197
       1.269818      94.520133
      -0.266806      94.510575
      -3.293510      94.023677
      -7.275341      93.589945
     -11.036985      93.686551
     -14.169829      94.333565
     -16.823617      95.131118
     -19.046174      95.780259
     -21.107300      96.229611
     -22.794339      96.575159
     -24.127737      96.849037
     -25.074772      97.260009
     -25.721317      97.930142
     -25.977117      98.808943
     -25.770327      99.233272
     -25.247510      99.340467
     -24.766737      99.596927
     -24.762698     100.022451
     -25.816685     100.233226
     -28.761316      99.763620
     -32.859927      98.362262
     -36.087237      96.659147
     -37.993764      95.125610
     -39.024330      94.275164
     -39.587087      94.088528
     -39.770750      94.401369
     -39.792201      95.006389
     -39.846022      95.695067
     -40.071470      96.374992
     -40.563171      96.769100
     -41.374666      96.853700
     -41.797640      96.791015
     -41.685879      96.684141
     -41.357292      96.582513
     -40.994846      96.501109
     -40.574352      96.519109
     -40.060115      96.715003
     -39.538599      97.171611
     -39.010592      97.913046
     -38.314017      98.987351
     -37.502348     100.314125
     -36.758257     101.556299
     -35.953259     102.448981
     -35.097077     102.778384
     -34.253631     102.561101
     -33.327110     101.836277
     -32.229269     100.518062
     -31.143768      98.913214
     -29.877453      97.228371
     -28.372875      95.273127
     -26.414650      92.531211
     -23.444568      87.544204
     -18.930652      78.231537
     -13.213518      65.641117
      -7.494327      51.636041
      -3.077870      37.761268
      -0.481575      26.370917
       0.678948      18.777356
       0.971453      14.382647
       1.053005      12.441100
       1.639697      12.012013
       2.483985      11.901866
       3.526591      11.528706
       4.712683      10.717977
       5.744620       9.669387
       6.539021       8.603180
       7.218464       7.645335
       7.771101       6.868935
       8.221402       6.295330
       8.624856       6.012510
       9.007737       6.010318
       9.264294       6.282101
       9.422983       6.842745
       9.538531       7.482833
       9.482931       8.148065
       9.173939       8.912749
       8.552700       9.803377
       7.743882      10.660837
       6.963085      11.512860
       6.027077      12.391061
       5.050543      13.321027
       4.319054      14.475752
       3.623287      15.676987
       3.070657      16.669853
       2.795453      17.127617
       2.743207      17.027692
       2.802339      16.678783
       2.778935      16.407106
       2.519101      16.490523
       2.225481      16.877457
       1.788689      17.522005
       1.204769      18.310381
       0.550530      19.228129
       0.090395      20.156925
      -0.141072      20.970301
      -0.335121      21.569067
      -0.486522      21.883472
      -0.519109      21.854964
      -0.365894      21.324569
      -0.251966      20.499354
      -0.210815      19.845259
      -0.117783      19.669415
      -0.040110      19.939555
      -0.097907      20.709245
      -0.221766      21.794083
      -0.166054      22.313600
       0.264759      21.176287
       0.728406      18.411004
       1.073909      15.315696
       1.372772      12.849735
       1.801662      11.792780
       2.306780      11.821379
       2.795384      12.358881
       3.305340      13.156128
       3.777994      14.033710
       4.134805      14.684557
       4.330131      14.865403
       4.247543      14.597565
       3.971903      14.285797
       3.745379      13.958944
       3.869215      13.330010
       4.092751      12.453982
       4.010928      11.661910
       4.187765      10.974931
       4.677969      10.119670
       5.031394       9.142739
       5.198849       8.017516
       5.521567       6.857150
       5.876782       5.685471
       6.296337       4.444182
       7.019725       3.159974
       7.954956       1.819536
       8.975907       0.546670
      10.137026      -0.630457
      11.771239      -1.847493
      14.061139      -2.936982
      17.045993      -3.870985
      20.749478      -4.632227
      24.229883      -4.871663
      27.207675      -4.334593
      29.680260      -3.005982
      31.885669      -1.119717
      33.739010       0.784895
      35.168041       2.207421
      36.328670       2.875241
      37.492719       2.542138
      38.519501       1.164441
      39.564081      -0.448859
      40.759072      -1.809236
      41.809496      -2.672533
      42.404165      -4.560536
      42.474913     -10.705046
      43.032747     -18.183047
      43.271829     -25.574144
      43.245241     -30.485647
      43.177330     -31.829920
      42.644194     -29.991155
      41.545118     -26.671676
      40.022293     -23.635604
      38.354005     -21.625899
      36.489887     -20.417768
      33.763462     -18.477994
      29.129974     -14.307924
      23.226497      -8.656632
      17.855081      -1.792363
      14.758594       6.386690
      13.583727      15.000170
      13.344130      24.227474
      13.075923      33.621287
      12.029004      42.690098
      10.329950      50.899857
       8.597941      58.436442
       6.924884      65.089320
       5.982891      70.268131
       6.049210      73.923649
       6.192401      76.289689
       6.060304      77.799257
       5.770214      78.858316
       5.449643      79.896238
       4.852913      81.412202
       4.300504      83.552751
       3.947734      86.098676
       3.708510      88.665652
       3.581658      90.753861
       3.578104      91.885383
       3.732362      91.966301
       4.025959      91.524846
       4.390545      91.013246
       4.740290      90.657848
       5.110019      90.626151
       5.480297      90.873305
       5.821457      91.428376
       6.170653      92.265435
       6.426844      93.039314
       6.631503      93.540073
       6.769832      93.996896
       6.771969      94.921799
       6.386809      96.421415
       5.799696      98.099478
       5.134438      99.759608
       4.397841     101.345572
       3.672388     102.731514
       3.080844     103.872905
       2.940542     104.806707
       3.201500     105.587114
       3.590535     106.290712
       4.148784     106.997312
       4.713587     107.731159
       5.157934     108.708052
       5.405648     109.977212
       5.431000     111.050663
       5.454154     111.807134
       5.622765     112.438402
       5.888075     113.089165
       6.328510     113.706056
       7.338317     114.109548
       9.399057     114.122701
      11.793657     113.538148
      14.099581     112.583656
      16.204269     111.298623
      18.149125     109.595343
      19.968510     107.269956
      21.707502     104.155215
      23.232333      99.981691
      24.575501      94.980618
      25.599316      89.126885
      26.137906      83.248148
      26.096874      78.476360
      25.484727      74.958156
      24.547195      71.509781
      23.579955      66.442283
      23.097922      60.355146
      22.967458      54.472188
      22.862288      49.704033
      22.613264      45.503480
      22.035094      41.957178
      20.848744      38.646446
      18.987685      35.041887
      16.481912      30.972048
      13.896533      26.342487
      11.586513      21.636519
       9.912981      17.432270
       8.770426      13.923900
       8.075701      11.283572
       7.701052       9.516767
       7.625209       8.548205
       7.762872       8.176770
       7.818709       8.082350
       7.729538       7.951126
       7.498060       7.671242
       7.196411       7.319180
       6.890504       6.989707
       6.633757       6.700120
       6.409274       6.466926
       6.235673       6.224624
       6.066260       5.924577
       5.845580       5.551077
       5.564248       5.096890
       5.102717       4.594784
       4.510131       4.093111
       3.899067       3.643155
       3.303658       3.252754
       2.705035       2.918222
       2.223698       2.570336
       1.822340       2.219253
       1.418487       1.880549
       1.030949       1.565312
       0.684616       1.299676
       0.358259       1.133426
       0.017888       1.066737
      -0.300102       1.114153
      -0.613338       1.278551
      -0.872412       1.563092
      -1.130693       1.902643
      -1.395420       2.310891
      -1.718341       2.801071
      -2.068446       3.421185
      -2.443708       4.107604
      -2.752523       4.740281
      -3.022567       5.268861
      -3.322650       5.660387
      -3.605437       5.928224
      -3.812046       6.196773
      -3.983546       6.517731
      -4.119805       6.886497
      -4.161040       7.270455
      -4.126102       7.546338
      -4.104253       7.739928
      -4.100897       7.887124
      -4.136297       8.035516
      -4.167298       8.175707
      -4.139328       8.318633
      -3.990258       8.489368
      -3.699128       8.645008
      -3.154471       8.787461
      -2.114302       8.992024
      -0.765020       9.202149
       0.501691       9.429495
       1.402492       9.589524
       1.794811       9.675194
       1.725915       9.727047
       1.621992       9.728143
       1.496943       9.661790
       1.371375       9.528871
       1.220972       9.370091
       1.052531       9.280640
       0.856469       9.246540
       0.674811       9.271186
       0.442773       9.342301
       0.199479       9.412160
      -0.037383       9.386686
      -0.295332       9.289968
      -0.570981       9.083826
      -0.913372       8.787498
      -1.356162       8.443757
      -1.800435       8.034746
      -2.231579       7.619891
      -2.604022       7.415078
      -2.912369       7.504550
      -3.126480       8.038359
      -3.303058       8.835979
      -3.580612       9.557911
      -3.837591       9.946006
      -3.988358      10.005926
      -4.097410       9.926832
      -4.208293       9.925936
      -4.296305      10.048687
      -4.393225      10.192789
      -4.489309      10.246026
      -4.597633      10.194284
      -4.669348      10.025454
      -4.616450       9.838622
      -4.441289       9.647351
      -4.147112       9.523787
      -3.867173       9.490001
      -3.427237       9.595875
      -2.867547       9.797392
      -2.254170      10.068322
      -1.632243      10.322247
      -1.158944      10.471055
      -0.852050      10.417447
      -0.643182      10.192966
      -0.478763       9.885557
      -0.310046       9.641396
      -0.185646       9.457689
      -0.085766       9.286115
      -0.026529       9.131954
       0.060218       9.012860
       0.138330       8.929273
       0.153370       8.877095
       0.177985       8.814955
       0.138824       8.715098
       0.110103       8.553314
       0.098554       8.353433
       0.100600       8.115392
       0.094488       7.860534
       0.099225       7.622208
       0.134455       7.393314
       0.152451       7.215834
       0.169707       7.068786
       0.184973       6.964712
       0.199185       6.897475
       0.203086       6.835820
       0.193240       6.766838
       0.187350       6.713639
       0.145180       6.669195
       0.109422       6.622279
       0.111002       6.531610
       0.101524       6.389678
       0.079303       6.211578
       0.124697       6.005850
       0.183227       5.774911
       0.222462       5.579268
       0.211922       5.416844
       0.199842       5.286793
       0.201872       5.174407
       0.240301       5.047060
       0.237639       4.917798
       0.259693       4.788527
       0.309035       4.662485
       0.308396       4.584380
       0.325199       4.527882
       0.345197       4.425248
       0.382764       4.288806
       0.493387       4.159917
       0.697306       4.054664
       0.949666       4.019180
       1.231407       4.015730
       1.538542       4.050998
       1.842385       4.137330
       2.121642       4.295469
       2.431802       4.499717
       2.785427       4.778364
       3.190339       5.178547
       3.581222       5.731954
       3.982615       6.437326
       4.351867       7.229694
       4.697562       8.030815
       5.003223       8.758423
       5.339607       9.367033
       5.731900       9.813925
       6.166252      10.065478
       6.650724      10.106074
       7.197525       9.951323
       7.754957       9.589995
       8.291194       9.079316
       8.738557       8.505477
       9.070806       7.960274
       9.353399       7.525211
       9.543746       7.249449
       9.568130       7.092224
       9.515681       7.073717
       9.483438       7.146163
       9.472214       7.302206
       9.415226       7.464741
       9.393877       7.605315
       9.362832       7.701261
       9.257600       7.805931
       9.145815       7.928753
       9.051452       8.052780
       9.000974       8.204917
       8.990560       8.373535
       9.041358       8.547474
       9.200122       8.693567
       9.491392       8.746186
       9.983916       8.699584
      10.687669       8.564843
      11.455373       8.398903
      12.094113       8.338839
      12.630750       8.412748
      12.911328       8.728695
      12.907478       9.188614
      12.661007       9.691967
      12.158406      10.270963
      11.491587      10.852374
      10.756328      11.386128
      10.132630      11.812127
       9.665917      12.045519
       9.245155      12.185299
       8.917090      12.281712
       8.681489      12.355403
       8.425148      12.482802
       8.141653      12.662647
       7.880894      12.789520
       7.657426      12.759206
       7.452569      12.464899
       7.275717      11.934605
       7.127800      11.279853
       7.033800      10.523725
       6.944417       9.680286
       6.818988       8.779971
       6.685540       7.867171
       6.584780       6.980700
       6.541434       6.193189
       6.444300       5.468036
       6.353895       4.743944
       6.217624       3.865682
       6.117962       2.803451
       5.989520       1.532431
       5.874193       0.078311
       5.825660      -1.447902
       5.821209      -2.887488
       5.824281      -4.163399
       5.836638      -5.168243
       5.859175      -5.880040
       5.892203      -6.314921
       5.925023      -6.595613
       5.941745      -6.794573
       5.965700      -6.950688
       6.015888      -7.008985
       6.075127      -6.982882
       6.153759      -6.787593
