       2.128687      28.214485
       2.195390      29.339736
       2.259452      30.458438
       2.317402      31.602548
       2.355529      32.749583
       2.358431      33.948918
       2.356114      35.238448
       2.352077      36.615623
       2.367156      37.933836
       2.409348      39.064855
       2.463333      39.951434
       2.523136      40.587915
       2.525962      41.075653
       2.423405      41.593358
       2.218150      42.335550
       1.781879      43.526006
       0.938438      45.474134
      -0.410866      48.152146
      -2.210134      51.305899
      -4.209469      54.785791
      -6.328506      58.199176
      -8.215336      61.059701
      -9.723697      63.230096
     -10.925204      64.726481
     -11.932643      65.695496
     -12.859212      66.327371
     -13.836363      66.761404
     -14.839525      67.137998
     -15.703337      67.543453
     -16.251360      68.043726
     -16.496155      68.647993
     -16.625654      69.276725
     -16.647261      69.857004
     -16.636618      70.330840
     -16.639993      70.728174
     -16.558040      71.097604
     -16.413204      71.456344
     -16.252160      71.952634
     -16.107779      72.737602
     -15.977390      73.801640
     -15.889559      75.113503
     -15.791691      76.558438
     -15.674041      78.027595
     -15.580499      79.374511
     -15.537048      80.554787
     -15.509952      81.522467
     -15.534350      82.292208
     -15.628869      82.929507
     -15.709203      83.524978
     -15.747294      84.131630
     -15.830007      84.791010
     -15.962253      85.510073
     -16.241614      86.351319
     -16.634461      87.412948
     -17.237253      88.875155
     -18.027632      90.676372
     -18.868016      92.604028
     -19.639967      94.466415
     -20.376289      96.114315
     -21.060512      97.520161
     -21.782451      98.765891
     -22.437083      99.840954
     -22.949751     100.756687
     -23.367917     101.542068
     -23.691021     102.228404
     -23.890139     102.735332
     -23.916216     103.106564
     -23.684998     103.400423
     -23.028455     103.708767
     -22.226842     104.156069
     -21.944316     104.730820
     -22.268486     105.292419
     -22.943794     105.633003
     -23.566222     105.714028
     -24.200190     105.649507
     -24.739205     105.667449
     -25.225065     105.898264
     -25.633065     106.183469
     -26.042896     106.443698
     -26.463912     106.694437
     -26.904546     106.967383
     -27.280040     107.199743
     -27.478770     107.293308
     -27.580197     107.233810
     -27.620661     107.119145
     -27.624908     107.074169
     -27.643559     107.175147
     -27.809121     107.369680
     -28.031050     107.545912
     -28.211717     107.637030
     -28.258373     107.611375
     -28.122875     107.379171
     -27.704262     106.736324
     -26.765854     105.119343
     -25.631824     102.527937
     -24.410462      99.566755
     -23.158445      96.726145
     -22.019454      94.328339
     -21.011750      92.381906
     -20.028153      90.748791
     -19.176010      89.195204
     -18.388703      87.472757
     -17.614226      85.646633
     -16.843243      83.797273
     -15.952863      82.146672
     -14.790464      80.766859
     -13.445227      79.586714
     -12.235528      78.527888
     -11.088622      77.598395
     -10.025499      76.723179
      -9.269367      75.890835
      -8.695577      75.064631
      -8.293533      74.210072
      -8.161488      73.332952
      -8.366629      72.574052
      -8.711938      72.007903
      -8.955803      71.759102
      -9.300923      71.790590
      -9.643032      71.876525
      -9.971672      71.935135
     -10.297066      71.910383
     -10.542832      71.805544
     -10.740523      71.618850
     -10.897506      71.423501
     -11.003447      71.212842
     -11.115773      70.968942
     -11.180964      70.657315
     -11.236793      70.303583
     -11.360771      69.837886
     -11.537452      69.263529
     -11.733352      68.581569
     -11.995251      67.919367
     -12.339801      67.318111
     -12.748863      66.855737
     -13.188953      66.542707
     -13.630230      66.409979
     -14.058590      66.426702
     -14.449381      66.534416
     -14.783883      66.672972
     -15.037886      66.797550
     -15.244415      66.848801
     -15.407394      66.859336
     -15.545014      66.874340
     -15.676790      66.938851
     -15.747638      67.025398
     -15.780691      67.136663
     -15.819844      67.241186
     -15.877576      67.323891
     -15.977424      67.368323
     -16.122368      67.358580
     -16.305302      67.312900
     -16.508533      67.257899
     -16.696812      67.233186
     -16.888886      67.255402
     -17.082253      67.320681
     -17.266387      67.430789
     -17.449288      67.537032
     -17.572051      67.610684
     -17.658435      67.693297
     -17.697054      67.846789
     -17.561445      68.192016
     -17.271527      68.907266
     -16.905976      69.940282
     -16.431696      71.208437
     -15.889751      72.563833
     -15.372936      73.847097
     -14.836199      75.039059
     -14.264944      76.073644
     -13.532070      76.839349
     -12.728755      77.328655
     -11.871607      77.609819
     -11.038907      77.639704
     -10.210930      77.396532
      -9.210186      76.792896
      -7.760913      75.269709
      -6.024754      72.365443
      -4.436124      68.391839
      -2.783056      63.429496
      -1.366651      57.766838
      -0.352302      51.940858
       0.252777      46.326532
       0.631966      41.229373
       0.905136      36.777515
       1.308170      33.213669
       1.801458      30.512671
       2.352567      28.721981
       2.985938      27.634783
       3.705960      26.951487
       4.373360      26.300745
       5.021731      25.727799
       5.624692      25.315605
       6.099899      25.104798
       6.497881      25.040102
       6.814975      25.066823
       6.990838      25.237021
       7.125349      25.747516
       7.287683      26.397288
       7.458880      26.922532
       7.508830      26.990622
       7.622397      25.831290
       7.860913      22.539148
       8.047262      16.338858
       8.153465       8.187451
       7.998729       0.431235
       7.947094      -6.008244
       8.130468     -10.437442
       8.586538     -13.651851
       9.244934     -16.261273
       9.941951     -18.670691
      10.531710     -21.013407
      10.974691     -23.403184
      11.396033     -25.585393
      11.880699     -27.573647
      12.317483     -29.051091
      12.610870     -30.021366
      12.864666     -30.504030
      13.092744     -30.595313
      13.429619     -30.435325
      13.795938     -30.162273
      14.264097     -29.936961
      14.756141     -29.796522
      15.335044     -29.664130
      16.134361     -29.394203
      17.282233     -28.714013
      18.779251     -27.408042
      20.330742     -25.796732
      21.785455     -24.179649
      23.053966     -22.786621
      24.206773     -21.765126
      25.337175     -21.041029
      26.475567     -20.540150
      27.878304     -20.211740
      29.843084     -20.141715
      32.002029     -19.990514
      34.079652     -19.424093
      35.826711     -18.376957
      37.128034     -17.209840
      37.703385     -16.441248
      37.685778     -16.150431
      37.487986     -15.981784
      37.318896     -15.690856
      37.234391     -15.031965
      37.371318     -14.246605
      37.557283     -13.427724
      37.662501     -12.699000
      37.560533     -12.143569
      37.349896     -11.837616
      37.134151     -11.505085
      37.115459     -11.169739
      37.317708     -11.147388
      37.556324     -11.522360
      37.616867     -12.129075
      37.487791     -12.535342
      37.377887     -12.598859
      37.347334     -12.266245
      37.466233     -11.662570
      37.746394     -10.841634
      38.326543     -10.316405
      39.214211      -9.621760
      40.499367      -8.929251
      42.138127      -8.443662
      43.699980      -8.082957
      44.906329      -7.661470
      45.489113      -6.944074
      45.416112      -5.974013
      45.201534      -5.147611
      44.897868      -4.954929
      44.384179      -5.329832
      43.680829      -6.291055
      42.676120      -7.203334
      41.678307      -7.620904
      41.277656      -8.017453
      41.455924      -8.207983
      41.857361      -7.991191
      42.125712      -7.825438
      42.207830      -8.052424
      42.052585      -8.382617
      41.810098      -8.385689
      41.422347      -7.964701
      41.083982      -7.440735
      40.852239      -7.062139
      40.846634      -6.964366
      40.984822      -6.976026
      40.977682      -6.872800
      40.731350      -6.162832
      39.965760      -3.508199
      38.418302       2.292301
      36.069218       9.487706
      33.230042      15.801158
      29.881064      20.393177
      26.286837      23.327402
      23.111009      25.060526
      20.230348      25.850786
      17.713923      26.111052
      15.720499      26.139674
      14.530121      26.161749
      13.903126      25.991083
      13.654963      25.538610
      13.844082      24.921742
      14.336727      24.339506
      14.741646      23.870570
      14.842085      23.401032
      14.630983      22.497477
      14.434177      21.223390
      14.339493      19.812138
      14.412766      18.542277
      14.495350      17.211151
      14.437659      15.541160
      14.238758      12.929208
      13.607984       9.659666
      12.493806       6.523101
      11.275263       3.941470
      10.261065       2.128928
       9.589519       1.135754
       9.308098       0.793105
       9.221036       0.801521
       9.278423       1.060354
       9.399429       1.348119
       9.465846       1.628771
       9.398572       1.903238
       9.275632       2.150688
       9.194398       2.401542
       9.224814       2.673291
       9.443838       2.999726
       9.854105       3.478442
      10.149370       4.137221
      10.144014       4.926744
       9.789905       5.774027
       9.078860       6.514200
       8.002182       7.008011
       6.921947       7.148722
       5.770065       7.009973
       4.305458       6.775132
       2.576847       6.677329
       0.707755       6.825174
      -1.112281       7.084916
      -2.796240       7.442519
      -4.441899       7.911098
      -5.976360       8.237248
      -7.194470       8.384757
      -7.992394       8.476916
      -8.395557       8.750708
      -8.600614       9.054150
      -8.966541       9.246639
      -9.820011       9.290266
     -10.795872       9.189437
     -12.014934       8.956391
     -13.626057       8.556252
     -15.429151       7.963915
     -17.481489       7.122139
     -18.961932       6.106834
     -20.124958       5.081250
     -21.596206       4.011823
     -23.591643       2.524806
     -25.859664       0.433604
     -28.206177      -2.030786
     -30.596945      -4.552935
     -32.491435      -7.092057
     -33.783973      -9.147565
     -34.538859     -10.451511
     -34.869547     -11.232939
     -35.152054     -11.761265
     -35.503433     -12.241008
     -35.821235     -12.723013
     -36.215081     -13.151617
     -36.616318     -13.544045
     -36.965462     -13.785946
     -37.405691     -13.962972
     -37.767736     -14.240331
     -38.077361     -14.578057
     -38.245545     -14.794333
     -38.405509     -14.871634
     -38.518155     -14.966567
     -38.579126     -14.949409
     -38.634233     -14.836175
     -38.617834     -14.665177
     -38.456360     -14.331434
     -38.232929     -13.887303
     -37.909991     -13.508243
     -37.587710     -13.162854
     -37.264798     -12.677186
     -36.960875     -12.008979
     -36.611992     -11.250895
     -36.133923     -10.386893
     -35.551733      -9.284310
     -34.795971      -7.721840
     -33.770777      -5.846814
     -32.556769      -3.778608
     -31.269641      -1.772622
     -29.924952       0.178015
     -28.592580       2.115327
     -27.183072       4.231470
     -25.701272       6.457793
     -24.236200       8.897718
     -22.760541      11.771136
     -21.210677      15.062288
     -19.560625      18.299496
     -17.936513      21.431749
     -16.460030      24.443388
     -15.180027      27.239999
     -14.115529      30.043738
     -13.124486      32.881354
     -12.184390      35.818066
     -11.227903      39.035441
     -10.244425      42.107712
      -9.160241      44.655755
      -8.019372      46.545200
      -7.033378      47.974209
      -6.128814      49.014079
      -4.809383      49.688569
      -2.868128      49.894735
      -0.625178      49.625408
       1.686738      48.757132
       3.885775      47.528791
       5.782694      46.121847
       7.374600      44.684611
       8.541139      43.123791
       9.378842      41.559835
       9.944297      39.698993
      10.357216      37.735283
      10.745184      35.778335
      10.985756      33.602952
      10.952304      31.083281
      10.649522      28.387155
       9.984788      25.486885
       9.162526      22.590220
       8.423781      19.976232
       7.672747      17.769192
       6.837533      15.872141
       6.023463      14.041899
       5.213129      12.139904
       4.190263       9.873440
       2.884988       7.350443
       1.442878       4.660371
      -0.066147       2.001575
      -1.511029      -0.530180
      -2.708213      -2.869267
      -3.638885      -5.006025
      -4.295649      -7.179125
      -4.717270      -9.639391
      -5.232465     -12.553349
      -5.616853     -15.838826
      -5.785731     -18.987944
      -5.882738     -21.608577
      -5.758012     -23.604354
      -5.497347     -25.107054
      -5.090447     -26.305054
      -4.593500     -27.672376
      -4.015193     -29.226150
      -3.461445     -30.799396
      -2.838646     -32.365667
      -2.141666     -33.960004
      -1.483454     -35.525034
      -0.953171     -37.068567
      -0.548938     -38.427492
      -0.158792     -39.501987
       0.299404     -40.288990
       0.711208     -40.774585
       1.167058     -41.083710
       1.665103     -41.327601
       2.297282     -41.526112
       3.029736     -41.791248
       3.900044     -42.136538
       4.910039     -42.419504
       5.972509     -42.468564
       6.837812     -42.234742
       7.622783     -41.831546
       8.275403     -41.400170
       8.878214     -40.963310
       9.528986     -40.538721
      10.145509     -40.107225
      10.870105     -39.634904
      11.812820     -39.038513
      13.055947     -38.272849
      14.468434     -37.211813
      15.594889     -36.087516
      16.469380     -35.262932
      17.084410     -34.776698
      17.516497     -34.484653
      17.826395     -34.083336
      17.929024     -33.468590
      17.912665     -32.724348
      17.676968     -31.933275
      17.081842     -31.084777
      16.288959     -30.413442
      15.503550     -29.853954
      14.531523     -29.166275
      13.144250     -27.923965
      11.718767     -26.519197
      10.289438     -25.330977
       8.271833     -23.919990
       5.985953     -22.339627
       3.605125     -20.683622
       1.161179     -18.857640
      -0.826334     -17.164605
      -2.202199     -15.965323
      -3.228688     -15.187185
      -3.883150     -14.768930
      -4.089275     -14.613369
      -4.087021     -14.535358
      -4.046556     -14.362023
      -3.983305     -13.894409
      -3.871928     -13.201335
      -3.777027     -12.470785
      -3.631438     -11.876312
      -3.487950     -11.486829
      -3.372992     -11.270757
      -3.309567     -11.171040
      -3.251878     -11.146594
      -3.268768     -11.136788
      -3.265917     -11.117621
      -3.260085     -11.064007
      -3.254355     -11.006572
      -3.244970     -10.966645
      -3.240937     -10.941491
      -3.270065     -10.946517
      -3.256409     -10.994131
      -3.254635     -11.041990
      -3.235447     -11.088037
      -3.182436     -11.109858
      -3.156384     -11.111099
      -3.095585     -11.082546
      -2.971747     -11.024744
      -2.671561     -10.827002
      -1.939860     -10.198483
      -0.517998      -8.641660
       1.423762      -5.902188
       3.408722      -2.175734
       5.393366       1.813376
       7.319374       5.236262
       9.018978       7.952050
      10.242588      10.245402
      10.794913      12.297902
      10.459238      15.361758
       9.625542      18.996624
       9.730639      22.739673
       9.830712      26.750336
       9.928303      30.706571
      10.326091      34.094277
      11.273089      36.601433
      13.047768      38.197823
      15.471075      39.168440
      18.002042      39.987835
      20.189880      40.906837
      21.887430      41.724944
      23.417789      42.453678
      24.841562      43.078995
      26.106090      43.711414
      27.292737      44.415046
      28.457526      45.056697
      29.591184      45.706091
      30.750621      46.322122
      31.921419      46.852951
      32.919812      47.205430
      33.685495      47.275750
      34.520138      47.289801
      35.537837      47.305159
      36.640799      47.395257
      37.217940      47.660057
      37.744762      47.700074
      38.321261      47.529301
      38.805949      47.253364
      39.287945      46.999230
      39.854303      46.931105
      40.421227      46.932397
      40.819736      47.405855
      40.652689      48.811361
      39.866414      50.817501
      38.702472      52.978333
      37.182710      55.748769
      35.360818      60.441134
      33.104311      66.603342
      30.645195      72.326834
      28.178757      76.898250
      25.932352      80.047787
      24.120695      81.847285
      22.742318      82.840206
      21.383616      83.393849
      19.836534      83.704339
      18.473437      84.094523
      17.050039      84.649263
      15.403679      85.534067
      13.933454      86.304663
      12.279550      86.903825
      10.336381      87.278923
       8.167695      87.369954
       5.914368      87.194528
       3.915260      86.916007
       2.385587      86.489346
       1.481711      85.921570
       1.021731      85.270797
       0.544171      84.658715
      -0.038110      84.178491
      -0.764412      83.515517
      -1.647144      82.537730
      -2.630250      81.437833
      -3.600156      80.644759
      -4.463209      80.025653
      -5.180759      79.424461
      -5.701874      78.856301
      -5.894586      78.312470
      -5.957253      77.835000
      -5.827530      77.415032
      -5.659631      77.040352
      -5.580071      76.671505
      -5.418724      76.200451
      -4.935583      75.444140
      -4.402587      74.433223
      -4.135373      73.531998
      -4.047591      72.843471
      -4.276193      72.386639
      -4.670069      71.971985
      -4.869532      71.474747
      -4.498628      70.724279
      -4.002657      69.651231
      -3.929011      68.169305
      -4.780554      66.179703
      -6.787899      63.691173
      -9.510528      60.970098
     -12.586996      58.307289
     -15.073189      56.008076
     -16.631973      54.092655
     -17.379094      52.288358
     -17.808480      50.414125
     -18.135561      48.369469
     -18.341312      46.063723
     -18.543220      43.423766
     -18.925428      40.513336
     -19.427659      37.400744
     -19.872727      34.019884
     -20.151635      30.451604
     -20.206243      26.714547
     -19.893294      23.025735
     -19.484809      19.704249
     -18.900899      16.736473
     -18.129545      14.062030
     -17.202392      11.522636
     -16.254992       8.825647
     -14.900452       6.038797
     -13.046190       3.480773
     -11.369564       1.506261
      -9.775564       0.352872
      -8.324822       0.025024
      -7.019583       0.185608
      -5.739069       0.615637
      -4.463722       1.127681
      -3.193506       1.544891
      -1.999890       1.716116
      -0.834873       1.572417
       0.336016       1.246635
       1.430277       0.815033
       2.460880       0.353802
       3.406204      -0.076395
       4.241656      -0.494903
       4.955011      -0.914206
       5.579413      -1.320393
       6.087896      -1.748740
       6.493200      -2.141981
       6.834797      -2.430841
       7.046675      -2.564601
       7.144471      -2.577355
       7.092339      -2.553311
       6.964836      -2.565479
       6.848900      -2.687699
       6.755653      -2.938819
       6.727543      -3.291234
       6.743714      -3.720093
       6.779135      -4.191421
       6.819420      -4.698903
       6.867394      -5.229076
       6.950185      -5.756731
       7.008761      -6.261995
       7.032695      -6.704798
       7.048887      -7.104236
       7.070759      -7.445082
       7.072439      -7.791918
       7.035102      -8.168345
       6.962915      -8.571785
       6.878410      -9.037206
       6.759180      -9.536107
       6.614166     -10.073473
       6.426297     -10.654351
       6.239670     -11.222763
       6.061324     -11.749939
       5.892789     -12.232267
       5.794496     -12.659659
       5.703005     -12.981827
       5.599298     -13.246836
       5.486060     -13.441351
       5.373415     -13.644498
       5.244577     -13.839003
       5.143421     -14.064037
       5.080146     -14.245256
       5.044677     -14.377435
       5.009520     -14.468637
       4.964776     -14.605333
       4.886897     -14.766516
