      -4.308345      -2.697040
      -4.285948      -2.719968
      -4.271609      -2.747604
      -4.254046      -2.778388
      -4.239830      -2.799847
      -4.251801      -2.833596
      -4.242713      -2.854910
      -4.260389      -2.863748
      -4.273794      -2.891296
      -4.259057      -2.922972
      -4.246427      -2.988908
      -4.235389      -3.137779
      -4.207772      -3.520750
      -4.164742      -4.167886
      -4.083934      -4.950153
      -3.948025      -5.693478
      -3.771992      -6.288103
      -3.631395      -6.671543
      -3.434203      -6.956393
      -3.148524      -6.879837
      -2.701174      -5.888073
      -2.189975      -3.779313
      -1.551389      -0.892841
      -0.613650       2.629964
       0.314195       6.500030
       1.069741      10.261367
       1.659240      13.537949
       1.926684      16.202136
       2.034812      18.368839
       2.176157      20.494191
       2.422515      22.594793
       2.721953      24.550332
       3.192069      26.271001
       3.684355      27.746749
       4.475412      28.982857
       5.876286      30.090341
       7.544197      31.126822
       9.177750      32.020126
      10.569738      32.755453
      11.446122      33.401704
      11.880211      34.110108
      11.985220      35.137772
      11.733493      36.729943
      11.735048      38.820753
      11.855210      41.214408
      11.911408      43.788878
      11.802919      46.802778
      11.277853      50.497812
      10.552565      54.498221
       9.692222      58.153345
       8.880498      60.988744
       8.045436      62.748964
       7.272227      63.572574
       6.860753      63.839103
       6.719173      64.131739
       6.780417      64.617359
       6.782521      64.843584
       6.823130      64.638375
       7.027843      64.178561
       7.472517      63.769079
       7.988881      63.506198
       8.590872      63.228065
       9.243516      62.721308
      10.217666      61.805161
      11.511430      60.752839
      12.847740      59.710983
      14.426162      58.039001
      16.760982      54.442813
      19.462286      49.422739
      21.948379      43.402225
      24.024067      37.287823
      25.665386      31.542486
      26.534446      26.638112
      26.838289      22.615612
      27.080234      19.216315
      27.415456      16.779970
      27.919895      14.955812
      28.411173      13.819084
      28.978915      13.020462
      29.450649      12.507501
      29.860761      12.337906
      30.399369      12.438289
      30.935040      12.740413
      31.266348      13.109302
      31.480088      13.308684
      31.427841      13.284938
      31.204736      13.042227
      31.089693      12.716290
      31.093374      12.323532
      30.911595      11.908841
      30.339144      11.004913
      29.409466       9.208368
      28.067762       6.720379
      26.215220       3.491896
      23.459192      -0.851785
      19.827917      -6.725798
      15.883527     -14.338416
      12.144851     -23.115577
       8.836191     -31.874767
       6.342573     -39.416714
       4.752093     -45.140976
       3.942126     -48.964707
       3.757508     -51.232500
       3.875834     -52.368358
       3.991273     -52.817677
       4.024795     -52.822986
       3.998721     -52.551449
       4.027638     -52.064226
       4.206928     -51.524999
       4.484591     -51.133276
       4.728651     -50.914506
       4.864591     -50.700714
       4.833404     -50.309903
       4.767201     -49.722519
       4.631084     -48.934472
       4.511922     -47.987095
       4.324974     -47.037528
       4.175742     -46.161962
       4.132567     -45.376697
       4.113706     -44.607321
       4.110454     -43.715309
       4.125350     -42.704582
       4.027854     -41.486717
       3.885557     -40.130559
       3.881400     -38.614140
       3.721200     -37.037616
       3.368272     -35.430762
       2.861274     -33.821334
       2.052690     -32.230129
       0.908176     -30.555704
      -0.206692     -28.774969
      -1.288807     -26.911458
      -2.192459     -25.018889
      -2.754192     -23.228144
      -3.075512     -21.702128
      -3.233533     -20.589452
      -3.318781     -19.894350
      -3.320368     -19.627710
      -3.293795     -19.674845
      -3.251277     -19.928462
      -3.095087     -20.229630
      -2.883539     -20.481856
      -2.711314     -20.619825
      -2.576130     -20.616697
      -2.477380     -20.500430
      -2.395965     -20.393330
      -2.292435     -20.338165
      -2.208094     -20.341193
      -2.139319     -20.364363
      -2.086462     -20.372770
      -2.045056     -20.334806
      -2.007220     -20.288286
      -1.966179     -20.242715
      -1.909283     -20.240053
      -1.853026     -20.267244
      -1.820561     -20.308940
      -1.794153     -20.315488
      -1.757452     -20.312579
      -1.709704     -20.333347
      -1.653519     -20.371390
      -1.585568     -20.419344
      -1.561445     -20.466746
      -1.536125     -20.511093
      -1.517086     -20.552597
      -1.513911     -20.615609
      -1.523553     -20.699645
      -1.530749     -20.796813
      -1.568781     -20.929689
      -1.615712     -21.097967
      -1.683061     -21.289864
      -1.726087     -21.467436
      -1.770823     -21.654230
      -1.805650     -21.913960
      -1.846996     -22.342565
      -1.851304     -23.096752
      -1.813476     -24.444505
      -1.623761     -26.741889
      -1.347444     -30.282985
      -1.047550     -34.984110
      -0.654045     -40.632794
      -0.323083     -46.642185
      -0.206221     -52.452939
      -0.295095     -57.540525
      -0.641848     -61.529569
      -1.143894     -64.301026
      -1.686056     -66.049632
      -2.135326     -67.201013
      -2.452730     -68.240606
      -2.621222     -69.532501
      -2.492370     -71.119864
      -2.122083     -72.830493
      -1.509518     -74.411658
      -0.795725     -75.687443
      -0.161907     -76.517134
       0.355152     -76.976268
       0.790267     -77.276738
       0.970442     -77.409554
       1.190513     -77.113115
       1.237707     -76.964223
       1.186774     -77.297313
       1.068612     -77.354883
       0.872381     -77.101978
       0.875537     -76.879968
       1.063384     -76.931113
       1.374424     -77.046467
       1.494426     -77.112833
       1.520424     -77.097310
       1.498741     -77.096009
       1.447739     -77.367152
       1.329201     -78.172048
       1.030687     -79.288328
       0.723251     -80.513697
       0.294020     -81.694949
      -0.141162     -82.716313
      -0.464263     -83.468151
      -0.663084     -83.867748
      -0.821711     -83.787947
      -1.039993     -83.333437
      -1.234153     -82.356515
      -1.503267     -81.055857
      -1.968157     -79.166189
      -2.795619     -76.697519
      -4.270286     -73.573447
      -5.826517     -70.075070
      -7.275581     -66.102209
      -8.714700     -61.802918
      -9.963869     -57.570226
     -11.068350     -53.653318
     -12.002391     -50.108162
     -12.948405     -46.779547
     -13.845280     -43.623837
     -14.491740     -40.599067
     -15.044415     -37.679821
     -15.393221     -34.824258
     -15.620273     -32.066933
     -15.650847     -29.369954
     -15.612935     -26.592028
     -15.568615     -23.818471
     -15.577472     -21.081526
     -15.471056     -18.460947
     -15.296836     -16.059410
     -15.089906     -13.845622
     -14.903365     -11.907244
     -14.643101     -10.320073
     -14.379266      -9.092750
     -14.029092      -8.215013
     -13.602922      -7.625272
     -13.149152      -7.337120
     -12.619289      -7.284094
     -11.960089      -7.412013
     -11.083164      -7.698012
     -10.056535      -8.114978
      -8.898375      -8.554560
      -7.722280      -8.936311
      -6.601859      -9.143963
      -5.564286      -9.076899
      -4.879418      -8.682864
      -4.416948      -7.893319
      -4.219200      -6.781940
      -4.015577      -5.466264
      -3.718100      -3.918045
      -3.440343      -2.323369
      -3.207689      -0.912867
      -2.999913       0.181695
      -2.837681       0.993233
      -2.759189       1.544830
      -2.742000       1.755172
      -2.632156       1.520583
      -2.246927       0.612750
      -1.654741      -1.028073
      -0.960332      -3.156754
      -0.160268      -5.400808
       0.593209      -7.580347
       1.252233      -9.603866
       1.857401     -11.342529
       2.323014     -12.761133
       2.667435     -13.836629
       2.911548     -14.624880
       3.052145     -15.200888
       3.117938     -15.633139
       3.129257     -15.956664
       3.100933     -16.209027
       3.076050     -16.392101
       3.083655     -16.528679
       3.105882     -16.598164
       3.177532     -16.606921
       3.226870     -16.570657
       3.277114     -16.514824
       3.345220     -16.479726
       3.407985     -16.483562
       3.448466     -16.491039
       3.451499     -16.502665
       3.406561     -16.508403
       3.351048     -16.495004
       3.302596     -16.431181
       3.233772     -16.315391
       3.177682     -16.141010
       3.104113     -15.934903
       3.050980     -15.709553
       3.034728     -15.499329
       2.999739     -15.335325
       2.959328     -15.232583
       2.884096     -15.180164
       2.750870     -15.186294
       2.639915     -15.219578
       2.550871     -15.252148
       2.472058     -15.262975
       2.394019     -15.245786
       2.335705     -15.205645
       2.286820     -15.162721
       2.283765     -15.108863
       2.272286     -15.043833
       2.227207     -14.962191
       2.199935     -14.880783
       2.191246     -14.808905
       2.210075     -14.792888
       2.203325     -14.834088
       2.212282     -14.930095
       2.202782     -15.015879
       2.198057     -15.062416
       2.202128     -15.057671
       2.218911     -15.025428
       2.232665     -14.994889
       2.240963     -14.985157
       2.246516     -14.974136
       2.217004     -14.975646
       2.188329     -14.981030
       2.140088     -14.992266
       2.106483     -14.999223
       2.071612     -15.008423
       2.038311     -15.008257
       2.033529     -15.002726
       2.017602     -14.994561
       1.997434     -14.984400
       1.989341     -14.987209
       1.975071     -15.007212
       1.967647     -15.023786
       1.930377     -15.021848
       1.890728     -14.992485
       1.827097     -14.927242
       1.767777     -14.850260
       1.672764     -14.769668
       1.595345     -14.692771
       1.537858     -14.624381
       1.482889     -14.572787
       1.433083     -14.542856
       1.377758     -14.529137
       1.350394     -14.522664
       1.352265     -14.531733
       1.373721     -14.558690
       1.406355     -14.604244
       1.416796     -14.665232
       1.405945     -14.745462
       1.377831     -14.813693
       1.336527     -14.886327
       1.287428     -14.936343
       1.240855     -14.969139
       1.205434     -14.997984
       1.172179     -15.039021
       1.154332     -15.078554
       1.129702     -15.112181
       1.098126     -15.135047
       1.071744     -15.160578
       1.034364     -15.202012
       0.998636     -15.276380
       0.965263     -15.353036
       0.923237     -15.422146
       0.873925     -15.531029
       0.817640     -15.717975
       0.769655     -15.939296
       0.729557     -16.185757
       0.694287     -16.428543
       0.662531     -16.650702
       0.655903     -16.856862
       0.645562     -17.049652
       0.611543     -17.227249
       0.599162     -17.394931
       0.567782     -17.545352
       0.527001     -17.716974
       0.498652     -17.906890
       0.444102     -18.140309
       0.408646     -18.417795
       0.363368     -18.731338
       0.263761     -19.096279
       0.114969     -19.527313
      -0.044111     -19.979334
      -0.267728     -20.431154
      -0.618563     -20.886687
      -1.198260     -21.399712
      -2.011779     -22.037697
      -3.104224     -22.865567
      -4.400059     -23.961205
      -5.706183     -25.406271
      -6.985199     -27.257853
      -8.040739     -29.545222
      -8.960571     -32.213567
      -9.798600     -35.158836
     -10.468400     -38.172377
     -10.973887     -41.104601
     -11.313694     -43.834947
     -11.566695     -46.341380
     -11.759715     -48.656369
     -11.943201     -50.785940
     -12.102698     -52.718069
     -12.269808     -54.426211
     -12.338628     -55.968418
     -12.345415     -57.284778
     -12.187034     -58.305453
     -11.844564     -59.007963
     -11.449930     -59.395208
     -10.923833     -59.498906
     -10.249552     -59.419144
      -9.405761     -59.259528
      -8.514793     -59.079818
      -7.532864     -58.923713
      -6.473218     -58.692421
      -5.214194     -58.366433
      -3.847946     -58.058167
      -2.479891     -57.910888
      -1.200622     -57.948087
      -0.219237     -58.085221
       0.487008     -58.357335
       0.963545     -58.752270
       1.242684     -59.322358
       1.394861     -60.117103
       1.560447     -61.166968
       1.822139     -62.490891
       2.258442     -64.021242
       2.800037     -65.441629
       3.322240     -66.441049
       3.918300     -67.148538
       4.341767     -67.730847
       4.522924     -68.221421
       4.729767     -68.680769
       5.085237     -69.254811
       5.277110     -69.844905
       5.509232     -70.440643
       5.947153     -71.001440
       6.558080     -71.382600
