       5.125529      12.146318
       5.191938      12.264110
       5.266093      12.333356
       5.320504      12.356786
       5.348837      12.354270
       5.352025      12.362635
       5.294502      12.369666
       5.222381      12.373994
       5.153645      12.397220
       5.082168      12.419206
       4.992098      12.426243
       4.958351      12.408546
       4.960806      12.363003
       4.967982      12.246697
       4.963084      12.064928
       4.951746      11.843655
       4.969435      11.583066
       5.017884      11.254882
       5.046046      10.857350
       5.036499      10.377965
       4.957255       9.842689
       4.749308       9.239575
       4.391568       8.689744
       3.632659       8.330743
       1.819801       8.158354
      -0.055033       8.253425
      -1.098643       8.448205
      -1.892669       8.523973
      -2.363948       8.490036
      -2.417734       8.370727
      -2.161613       8.256217
      -1.687572       8.298104
      -1.390674       8.340699
      -1.063542       8.319802
      -0.246100       8.269646
       0.833043       7.950984
       2.300092       7.424439
       4.007499       6.771464
       5.488499       6.133934
       6.517228       5.753963
       7.342592       5.631182
       7.749663       5.708958
       7.831743       5.993151
       7.939854       6.438754
       8.147575       6.911922
       8.447013       7.252335
       8.701056       7.411906
       8.901717       7.399682
       9.100417       7.303972
       9.296226       7.128835
       9.427873       6.917007
       9.429215       6.758909
       9.391775       6.685576
       9.385438       6.678648
       9.393052       6.683119
       9.427031       6.678111
       9.444126       6.663583
       9.431000       6.637291
       9.412398       6.598308
       9.366019       6.542281
       9.277134       6.485218
       9.206552       6.456024
       9.173144       6.455929
       9.136474       6.450267
       9.126904       6.423251
       9.171421       6.406713
       9.245125       6.386136
       9.332495       6.342540
       9.441700       6.288073
       9.504531       6.219322
       9.524507       6.143532
       9.528681       6.068783
       9.535011       5.983988
       9.545651       5.886243
       9.539674       5.791084
       9.450599       5.714345
       9.116583       5.640828
       8.355857       5.616899
       7.138192       5.778179
       5.695293       6.084719
       3.788151       6.387855
       1.906674       6.631402
       0.109825       6.824148
      -1.357041       6.989936
      -3.109770       7.044823
      -5.427928       6.892122
      -7.674132       6.696900
      -9.814673       6.586841
     -12.043461       6.613056
     -14.300664       6.740676
     -16.379180       7.034668
     -18.627768       7.436691
     -20.947635       7.890567
     -23.026252       8.493031
     -24.871756       9.333398
     -26.628840      10.291127
     -28.270756      11.569597
     -29.581099      13.117579
     -30.230199      14.591974
     -30.134574      15.797458
     -29.487548      16.586657
     -28.684541      16.946280
     -27.867650      17.208583
     -26.805660      17.918840
     -25.459222      19.452131
     -24.063588      21.715448
     -22.331615      24.846009
     -19.562321      29.790964
     -15.415721      37.035649
     -11.728333      45.084499
      -8.443575      52.784984
      -5.660139      59.365012
      -3.674716      64.579930
      -2.414453      68.349257
      -1.599013      70.942820
      -1.521106      72.422406
      -2.016758      72.536123
      -2.146898      71.995182
      -2.095248      71.356955
      -2.171720      70.452800
      -2.053461      69.082007
      -1.701017      67.271129
      -1.344283      65.172614
      -1.106887      62.667482
      -1.359009      59.557297
      -2.543049      55.109998
      -4.102766      49.176745
      -5.311711      42.110218
      -6.238902      33.784571
      -6.656163      24.772551
      -6.416791      15.617204
      -5.412663       7.158904
      -4.079024       0.071350
      -3.051163      -5.371720
      -2.699136      -8.892887
      -2.981408     -10.247006
      -3.671958     -10.201177
      -4.581131      -9.427916
      -5.175061      -8.452061
      -5.265976      -7.644909
      -5.026723      -7.291163
      -4.681462      -7.366939
      -4.246509      -7.784698
      -3.728904      -8.308530
      -3.126548      -8.834823
      -2.585295      -9.303781
      -2.183621      -9.761417
      -1.859513     -10.217871
      -1.575442     -10.660947
      -1.293255     -11.029986
      -1.032038     -11.262139
      -0.799559     -11.354515
      -0.683830     -11.234067
      -0.696410     -11.008138
      -0.986184     -10.699516
      -1.620065     -10.251384
      -2.746162      -9.567334
      -3.949550      -8.699546
      -5.029770      -7.691369
      -5.901021      -6.759137
      -6.606653      -5.950458
      -7.157086      -5.322669
      -7.595883      -4.901246
      -8.009005      -4.606779
      -8.405178      -4.389099
      -8.784938      -4.200148
      -9.128157      -4.007841
      -9.370988      -3.769752
      -9.480944      -3.476251
      -9.514056      -3.165757
      -9.523948      -2.867809
      -9.516728      -2.602872
      -9.468939      -2.316090
      -9.435724      -2.015079
      -9.414512      -1.714327
      -9.386134      -1.448166
      -9.310802      -1.219755
      -9.240189      -1.030308
      -9.176577      -0.864905
      -9.120210      -0.718294
      -9.084343      -0.595139
      -9.058660      -0.503002
      -9.014281      -0.429680
      -8.978635      -0.369239
      -8.935111      -0.305670
      -8.826637      -0.199458
      -8.593443      -0.030479
      -8.300563       0.234993
      -7.981862       0.523745
      -7.709859       0.772644
      -7.502406       0.975571
      -7.448122       1.107835
      -7.340842       1.194413
      -7.120716       1.248610
      -6.906141       1.261015
      -6.737629       1.235483
      -6.652493       1.140755
      -6.693162       1.007587
      -6.785188       0.919496
      -6.829382       0.926617
      -6.822338       0.981280
      -6.794506       1.045647
      -6.736834       1.074024
      -6.630040       1.016222
      -6.510528       0.793958
      -6.313467       0.298288
      -5.956266      -0.579293
      -5.326740      -1.902662
      -4.473438      -3.665458
      -3.392313      -5.753898
      -2.170020      -7.963546
      -0.983203     -10.036692
       0.035346     -11.812893
       0.929939     -13.229332
       1.673012     -14.332609
       2.251134     -15.137827
       2.642473     -15.643899
       2.920302     -15.891657
       3.130733     -15.994886
       3.286725     -16.007622
       3.434596     -15.983518
       3.556241     -15.975375
       3.648016     -15.987001
       3.703432     -16.042603
       3.688154     -16.110968
       3.670908     -16.180151
       3.609882     -16.199901
       3.534844     -16.146732
       3.474342     -16.020948
       3.391294     -15.860847
       3.233287     -15.672392
       3.039485     -15.418825
       2.844950     -15.115783
       2.533702     -14.737267
       2.226291     -14.261110
       1.934548     -13.746980
       1.690451     -13.248611
       1.464212     -12.771225
       1.269539     -12.352970
       1.083226     -12.042957
       0.946254     -11.922395
       0.803376     -11.987409
       0.691389     -12.166681
       0.552157     -12.372660
       0.388295     -12.563868
       0.291176     -12.697823
       0.256860     -12.829416
       0.184017     -12.959514
       0.124999     -13.022694
       0.109496     -13.015380
       0.116473     -13.035738
       0.110719     -13.114031
       0.120127     -13.246165
       0.086589     -13.427336
       0.040229     -13.590646
       0.030538     -13.685301
       0.053360     -13.728231
       0.245803     -13.685138
       0.418664     -13.641640
       0.415281     -13.626441
       0.307506     -13.597485
       0.228636     -13.550449
       0.167521     -13.492909
       0.129004     -13.429965
       0.101224     -13.348792
       0.062591     -13.225793
      -0.057283     -13.035482
      -0.307061     -12.704608
      -0.661700     -12.187097
      -0.986162     -11.517964
      -1.329837     -10.786495
      -1.650488     -10.069346
      -1.901264      -9.403685
      -2.103963      -8.807690
      -2.328755      -8.255778
      -2.538677      -7.675958
      -2.769534      -7.063038
      -3.032769      -6.385178
      -3.319354      -5.623945
      -3.591203      -4.797915
      -3.862374      -3.972489
      -4.159111      -3.141329
      -4.461077      -2.313527
      -4.698165      -1.532558
      -4.940973      -0.836687
      -5.176489      -0.233466
      -5.374218       0.234491
      -5.560782       0.575811
      -5.719006       0.812884
      -5.831698       0.953167
      -5.933202       1.018383
      -6.015207       1.053549
      -6.077723       1.099536
      -6.148332       1.159254
      -6.244027       1.236366
      -6.370852       1.340585
      -6.489533       1.476781
      -6.584924       1.634862
      -6.695719       1.793052
      -6.779002       1.922926
      -6.813935       1.996761
      -6.854090       2.012515
      -6.889615       1.988829
      -6.909050       1.953908
      -6.926733       1.942850
      -6.930654       1.936554
      -6.930019       1.942035
      -6.926820       1.950232
      -6.946591       1.965662
      -6.985268       1.973550
      -7.016162       1.993539
      -7.052986       2.024970
      -7.096126       2.038674
      -7.119169       2.037191
      -7.135900       2.039706
      -7.150384       2.032969
      -7.151784       2.040330
      -7.186334       2.056866
      -7.269698       2.103550
      -7.383747       2.172005
      -7.489375       2.269318
      -7.610089       2.398796
      -7.777745       2.563585
      -7.982667       2.744261
      -8.226249       2.962155
      -8.517375       3.222585
      -8.886037       3.511636
      -9.280604       3.822695
      -9.700624       4.136286
     -10.106012       4.431549
     -10.466170       4.696613
     -10.776838       4.894445
     -11.047690       5.024209
     -11.302607       5.081105
     -11.545397       5.077957
     -11.778124       5.034231
     -11.985739       4.976019
     -12.175484       4.930685
     -12.350757       4.902570
     -12.501952       4.900571
     -12.613247       4.938086
     -12.731153       5.009333
     -12.849075       5.064773
     -12.955596       5.095321
     -13.054042       5.114046
     -13.151612       5.133733
     -13.216579       5.151738
     -13.284618       5.171563
     -13.354984       5.187655
     -13.421198       5.204602
     -13.503410       5.202014
     -13.598185       5.185200
     -13.686775       5.168282
     -13.788885       5.156915
     -13.862769       5.165517
     -13.916612       5.198595
     -13.938162       5.261666
     -13.977265       5.303839
     -14.019246       5.323539
     -14.066492       5.329603
     -14.121367       5.333192
     -14.150015       5.351033
     -14.165233       5.385774
     -14.193664       5.433480
     -14.214675       5.479795
     -14.240908       5.503197
     -14.290724       5.505001
     -14.351476       5.491464
     -14.416435       5.477886
     -14.469129       5.469941
     -14.478568       5.480101
     -14.492454       5.503677
     -14.518271       5.518840
     -14.530742       5.515954
     -14.557562       5.509267
     -14.586406       5.493486
     -14.586082       5.475661
     -14.581436       5.472886
     -14.576821       5.493096
     -14.565882       5.521298
     -14.571988       5.528572
     -14.582415       5.497150
     -14.635053       5.467092
     -14.724040       5.448690
     -14.755021       5.465373
     -14.713005       5.532542
     -14.649948       5.611336
     -14.524590       5.685765
     -14.380071       5.751867
     -14.271893       5.821228
     -14.218467       5.887466
     -14.181191       5.972276
     -14.181416       6.071358
     -14.203668       6.114488
     -14.235355       6.108342
     -14.241433       6.087819
     -14.265179       6.063171
     -14.341036       6.041313
     -14.480585       6.035308
     -14.617021       6.081662
     -14.694688       6.180450
     -14.763600       6.322885
     -14.800012       6.463671
     -14.807221       6.551830
     -14.812240       6.581064
     -14.835116       6.548277
     -14.843090       6.500608
     -14.854173       6.476289
     -14.855321       6.467224
     -14.851042       6.446525
     -14.849441       6.386343
     -14.857292       6.321480
     -14.889580       6.246578
     -14.938783       6.156845
     -14.962939       6.048224
     -14.941286       5.892711
     -14.889423       5.475716
     -14.687347       4.448781
     -14.312878       2.575094
     -13.745053      -0.347637
     -12.992770      -4.447573
     -11.808573      -9.819533
     -10.109358     -16.181591
      -8.103723     -23.044808
      -5.851628     -30.072831
      -3.668168     -37.054943
      -1.793034     -43.546450
      -0.393379     -48.979210
       0.705398     -53.112314
       1.545271     -56.065855
       2.075923     -58.138012
       2.185265     -59.373993
       1.959254     -59.743428
       1.682726     -59.511364
       1.592708     -59.064363
       1.563943     -58.770683
       1.583819     -58.697410
       1.571462     -58.654134
       1.433530     -58.230368
       1.296438     -57.199334
       1.108407     -55.818239
       0.982369     -54.103341
       0.626208     -51.334682
       0.099683     -46.905378
      -0.282645     -41.466371
      -0.896333     -35.708061
      -1.466021     -29.896473
      -2.049949     -24.256473
      -3.020224     -18.865280
      -4.334546     -13.591981
      -5.569744      -8.484492
      -6.658327      -3.990697
      -7.554736      -0.225656
      -8.352260       2.629031
      -9.006941       4.625088
      -9.501886       5.813172
      -9.911382       6.351318
     -10.204451       6.468059
     -10.449490       6.363177
     -10.668366       6.196705
     -10.854024       6.034356
     -10.977712       5.909353
     -11.067459       5.815103
     -11.084386       5.779194
     -11.050930       5.790397
     -10.977365       5.822496
     -10.881109       5.850872
     -10.820670       5.872670
     -10.776734       5.854697
     -10.670683       5.761447
     -10.564084       5.584805
     -10.437950       5.394081
     -10.326598       5.240920
     -10.254315       5.110119
     -10.194647       4.996449
     -10.144119       4.918175
     -10.120867       4.886262
     -10.096108       4.871391
     -10.074192       4.851219
     -10.064002       4.820043
     -10.065174       4.770283
     -10.102030       4.668655
     -10.201178       4.543297
     -10.315476       4.438204
     -10.430883       4.376614
     -10.504122       4.343567
     -10.515105       4.355185
     -10.525768       4.378746
     -10.528324       4.410034
     -10.516212       4.432934
     -10.523692       4.461195
     -10.506635       4.490863
     -10.466827       4.521610
     -10.433697       4.570073
     -10.391559       4.629752
     -10.366488       4.689020
     -10.344402       4.736664
     -10.365913       4.763859
     -10.417441       4.776129
     -10.465389       4.791675
     -10.509626       4.821066
     -10.550123       4.847882
     -10.566198       4.871568
     -10.574357       4.879532
     -10.574056       4.867861
     -10.545757       4.864529
     -10.535990       4.871728
     -10.551144       4.882839
     -10.548381       4.889348
     -10.517153       4.902082
     -10.500086       4.903390
     -10.522257       4.899286
     -10.525791       4.912897
     -10.493374       4.970211
     -10.485368       5.023196
     -10.486282       5.032805
     -10.483450       5.004769
     -10.486603       4.977088
     -10.479846       4.964107
     -10.456147       4.974074
     -10.435746       5.014044
     -10.416325       5.069817
     -10.404638       5.111647
     -10.428011       5.135465
     -10.479930       5.165973
     -10.545438       5.185030
     -10.598819       5.181487
     -10.626227       5.186160
     -10.634131       5.218018
     -10.649219       5.242627
     -10.664593       5.248061
     -10.677584       5.251120
     -10.704145       5.255154
     -10.706960       5.277688
     -10.688169       5.309986
     -10.675118       5.348764
     -10.666606       5.369802
     -10.675699       5.374542
     -10.696728       5.368291
     -10.741259       5.371428
     -10.800370       5.377999
     -10.827303       5.388498
     -10.819690       5.422412
     -10.800160       5.475744
     -10.801398       5.505519
     -10.808809       5.492349
     -10.812697       5.475611
     -10.827441       5.462433
     -10.824042       5.471249
     -10.811860       5.490629
     -10.814342       5.517321
     -10.820404       5.535190
     -10.853675       5.537165
     -10.901216       5.514310
     -10.966211       5.491274
     -11.045040       5.475657
     -11.118709       5.481896
     -11.150402       5.511240
     -11.133641       5.581271
     -11.118390       5.650645
     -11.109785       5.713175
     -11.101757       5.730020
     -11.129235       5.731504
     -11.130810       5.749909
     -11.115722       5.801702
     -11.112436       5.870039
     -11.101547       5.942467
     -11.108716       6.002087
     -11.142112       6.030261
     -11.203517       6.042714
     -11.267093       6.066717
     -11.289420       6.096239
     -11.293595       6.128354
     -11.313783       6.137743
     -11.339306       6.112756
     -11.386236       6.089581
     -11.426666       6.074832
     -11.428513       6.047227
     -11.368361       6.034352
     -11.307596       6.068089
     -11.262805       6.126713
     -11.255790       6.167629
     -11.284137       6.159478
     -11.322057       6.137993
     -11.364701       6.113578
     -11.394158       6.096932
     -11.387544       6.123682
     -11.384773       6.202894
     -11.420079       6.243812
     -11.454227       6.200973
     -11.477377       6.123806
     -11.505343       6.086660
     -11.490042       6.102615
     -11.458670       6.149748
     -11.433762       6.195778
     -11.408852       6.219862
     -11.418430       6.194334
     -11.431836       6.151381
     -11.467182       6.125337
     -11.506270       6.126407
     -11.527780       6.142101
     -11.509016       6.179165
     -11.490416       6.224280
     -11.487822       6.243050
     -11.477675       6.241193
     -11.472201       6.259659
     -11.472034       6.275272
     -11.448723       6.298236
     -11.431009       6.329727
     -11.413589       6.361976
     -11.411865       6.390202
     -11.426483       6.394236
     -11.458322       6.381627
     -11.519832       6.381132
     -11.585343       6.388800
     -11.658259       6.397397
     -11.717885       6.432409
     -11.834365       6.475212
     -12.027670       6.508594
     -12.343700       6.565624
     -12.696566       6.707661
     -13.047032       6.871190
     -13.396037       7.051592
     -13.742860       7.243543
     -14.083067       7.449389
     -14.394727       7.664993
     -14.697295       7.876269
     -15.004312       8.072669
     -15.319510       8.236975
     -15.620059       8.347943
     -15.820983       8.413578
     -15.963836       8.440841
     -16.047212       8.435995
     -16.071842       8.401379
     -16.083495       8.372269
     -16.137510       8.359183
     -16.218619       8.384710
     -16.414957       8.443134
     -16.659239       8.577030
     -16.954424       8.801634
     -17.269207       9.111409
     -17.594888       9.436054
     -17.927445       9.668306
     -18.329803       9.739631
     -18.724559       9.663220
     -19.122501       9.494637
     -19.490885       9.292942
     -19.779758       9.104767
     -20.039184       8.948826
     -20.272994       8.841666
     -20.459310       8.792398
     -20.600795       8.800359
     -20.703332       8.829645
     -20.786385       8.848136
     -20.836545       8.833172
     -20.883170       8.805127
     -20.929883       8.775416
     -20.944658       8.751325
     -20.923090       8.734271
     -20.823900       8.746704
     -20.698210       8.778498
     -20.546535       8.796714
     -20.296276       8.812490
     -19.956819       8.878189
     -19.427597       8.999224
     -18.739177       9.178794
     -17.985717       9.357331
     -17.241781       9.485705
     -16.542660       9.554154
     -15.873922       9.559637
     -15.216742       9.507975
     -14.639558       9.439633
     -14.133061       9.389568
     -13.670782       9.375741
     -13.274125       9.408487
     -13.009568       9.465672
     -12.896321       9.518163
     -12.852353       9.557130
     -12.866506       9.599738
     -12.875139       9.671342
     -12.853409       9.790334
     -12.830562       9.961348
     -12.792989      10.192402
     -12.759136      10.458910
     -12.750806      10.692549
     -12.779403      10.876052
     -12.830589      11.008063
     -12.841761      11.127668
     -12.789538      11.265441
     -12.694067      11.436580
     -12.616359      11.608355
     -12.554566      11.749152
     -12.502319      11.836242
     -12.465916      11.883013
     -12.422494      11.943204
     -12.365134      12.022516
     -12.307043      12.139174
     -12.208106      12.303565
     -12.072831      12.538010
     -11.859188      12.955299
     -11.652249      13.618893
     -11.377036      14.634745
     -11.096426      15.999073
     -10.716091      17.746329
     -10.278375      19.796676
      -9.759481      22.129706
      -9.140502      24.730399
      -8.386192      27.691236
      -7.510071      30.870772
      -6.680550      34.014837
      -6.059934      36.654824
      -5.697874      38.479005
      -5.585536      39.366721
