      12.366239      13.015440
      12.566374      11.145596
      12.837919       9.313211
      13.036560       7.866379
      13.052209       6.937729
      13.022518       6.339309
      13.026447       5.815986
      13.008548       5.306273
      12.956195       4.885803
      12.872791       4.596009
      12.789791       4.393861
      12.699853       4.225653
      12.583193       4.096572
      12.391641       4.019366
      11.942099       3.986275
      10.931982       3.846485
       9.119267       3.543227
       6.354283       3.105120
       2.547831       2.388309
      -1.627903       1.389901
      -5.065869       0.483715
      -8.065808      -0.181687
     -10.491166      -0.606166
     -12.636835      -0.793015
     -14.317910      -0.782128
     -15.725959      -0.693465
     -17.089615      -0.606963
     -18.413400      -0.534634
     -19.671360      -0.518848
     -20.987035      -0.505437
     -22.129133      -0.434814
     -23.137388      -0.331215
     -24.007023      -0.230828
     -24.780567      -0.126493
     -25.612976      -0.019937
     -26.657020       0.033050
     -27.684098      -0.033111
     -28.669572      -0.226552
     -29.607812      -0.569935
     -30.853532      -0.932512
     -32.378890      -1.197390
     -33.932205      -1.400611
     -35.077144      -1.451276
     -36.292835      -1.514920
     -37.792642      -1.609926
     -39.325337      -1.553803
     -40.320276      -1.231833
     -40.848577      -0.680092
     -41.243487      -0.114364
     -41.462534       0.382707
     -41.558242       0.718407
     -41.579938       0.880460
     -41.541995       0.906762
     -41.390300       1.015272
     -41.183687       1.355032
     -41.004594       1.868882
     -40.753972       2.401129
     -40.141718       2.699040
     -39.251238       2.591254
     -37.221983       0.550901
     -32.849050      -6.338092
     -28.373179     -16.425686
     -24.058355     -28.434730
     -19.209098     -40.483999
     -14.019112     -52.232707
      -9.441949     -63.131338
      -6.294259     -72.765734
      -4.776484     -81.055595
      -4.149851     -88.277420
      -4.139901     -94.714404
      -4.758066    -100.255637
      -6.151599    -105.237699
      -7.516428    -109.670073
      -8.633136    -113.368007
      -9.673609    -116.476686
     -10.546748    -119.224139
     -11.235772    -121.951261
     -11.992727    -124.606586
     -12.860444    -126.715272
     -13.893934    -127.973727
     -14.866108    -128.925655
     -15.666436    -130.051688
     -17.208572    -130.629674
     -19.479587    -128.515324
     -21.887265    -123.052766
     -24.609753    -116.803875
     -28.745319    -111.661531
     -34.261373    -108.276457
     -39.636291    -105.987041
     -42.952105    -103.304730
     -44.589189     -99.448875
     -45.556718     -95.151401
     -46.558411     -91.434340
     -47.560556     -88.560332
     -48.055156     -86.620136
     -48.111134     -85.353803
     -47.925561     -84.781898
     -47.563096     -84.316469
     -47.145829     -83.778195
     -46.455248     -82.569495
     -45.266613     -80.727479
     -43.283898     -78.127830
     -40.794475     -74.908600
     -38.129489     -71.094175
     -35.253038     -66.828553
     -32.175347     -62.240851
     -28.986279     -57.228485
     -25.566604     -51.527005
     -22.093152     -44.864209
     -18.900112     -37.478590
     -15.699953     -29.784258
     -12.413265     -22.036582
      -9.169724     -14.242461
      -6.063218      -6.475440
      -3.798561       0.866689
      -2.663831       7.620709
      -1.162747      14.497592
       0.740953      21.322979
       2.396285      28.189491
       3.732942      34.542203
       4.771972      40.027184
       5.643170      45.000788
       6.095881      49.466923
       5.792849      53.396785
       4.083523      56.554384
       1.105337      59.168322
      -1.450138      61.521817
      -3.072088      63.896052
      -4.071344      65.850489
      -4.470416      67.249443
      -4.574675      68.240407
      -4.241560      69.310501
      -3.520238      70.834028
      -2.808233      72.682844
      -2.257333      74.431407
      -1.885967      75.878771
      -1.646561      76.836119
      -1.404267      77.392170
      -1.143954      77.732847
      -0.875327      77.956731
      -0.664012      78.116906
      -0.512476      78.259960
      -0.278965      78.401572
      -0.036048      78.568410
       0.164512      78.708331
       0.293970      78.856223
       0.228194      79.019948
       0.032531      79.204554
      -0.198504      79.345039
      -0.393722      79.382666
      -0.518113      79.285545
      -0.657918      79.148388
      -0.735635      79.060874
      -0.770193      79.019142
      -0.786767      78.968304
      -0.740262      78.894040
      -0.723598      78.798322
      -0.700389      78.677072
      -0.662889      78.542221
      -0.570044      78.389487
      -0.404494      78.197047
      -0.161916      77.890044
       0.089514      77.445020
       0.393752      76.915143
       0.657990      76.455178
       0.940822      76.190543
       1.680127      75.981074
       4.398988      75.457234
       9.809165      74.645558
      15.907089      73.849773
      20.932086      73.457078
      24.828215      73.496799
      27.910931      73.827960
      30.323155      74.150515
      32.482058      74.459558
      34.035528      74.984063
      34.838246      75.688982
      34.804871      76.320493
      34.359130      76.825094
      33.986089      77.112110
      33.629168      77.308819
      33.030977      77.217415
      32.276181      77.093842
      31.426974      76.959949
      30.528333      76.849039
      29.642751      76.752020
      28.614036      76.655316
      27.414148      76.635810
      26.074772      76.724927
      24.701777      76.955913
      23.266905      77.226274
      21.742465      77.556343
      20.205188      77.827520
      18.768452      78.115362
      17.487103      78.345823
      16.453161      78.532415
      15.585156      78.678582
      14.899951      78.814637
      14.291484      78.904861
      13.806327      78.962456
      13.348800      78.951926
      12.935103      78.865155
      12.516731      78.655521
      12.104155      78.175735
      11.533551      77.149144
      10.858687      75.228774
      10.164975      71.764279
       9.682588      67.252367
       9.443376      62.397679
       9.411380      57.499415
       9.559182      51.993372
       9.334693      45.233697
       8.339996      36.781898
       7.139293      27.472932
       6.240435      18.335064
       6.255157       9.608982
       7.630591       1.854825
       8.369526      -4.632165
       8.711412      -9.722165
       8.432178     -13.019076
       7.005562     -14.708485
       5.012943     -15.083377
       3.058270     -14.797173
       1.734263     -14.501909
       1.137691     -14.523045
       0.305342     -14.948720
      -0.837696     -15.314195
      -2.002036     -15.617598
      -3.698533     -15.882530
      -4.949814     -16.251696
      -4.819043     -16.456533
      -3.511491     -16.521608
      -2.023725     -16.648076
      -1.525110     -16.873203
      -0.819156     -17.135542
      -0.030727     -17.349409
       0.937017     -17.824434
       1.949997     -18.856983
       3.176240     -20.633213
       4.480606     -22.854291
       5.499460     -25.354245
       6.279104     -28.272646
       7.410036     -31.600001
       8.481889     -34.697932
       9.302146     -37.218754
      10.311976     -38.964331
      11.279529     -39.817101
      12.219337     -40.109180
      13.263958     -39.919091
      14.465895     -39.310431
      15.414933     -38.123748
      15.583548     -36.638801
      14.778503     -35.202028
      13.926024     -33.762131
      13.143687     -32.690310
      12.880059     -32.113255
      12.717079     -31.402266
      12.069472     -30.289357
      10.595741     -28.923844
       9.096372     -27.383883
       7.867152     -25.732262
       7.109405     -24.231143
       6.846933     -22.784583
       6.660755     -21.212858
       6.212216     -19.268250
       5.416333     -15.294356
       3.283108      -9.294267
       1.045521      -2.969172
      -0.273149       2.346771
      -1.143057       6.499260
      -1.664480       9.548949
      -2.392462      11.894474
      -3.757537      13.479443
      -4.489656      14.378657
      -4.524836      14.570501
      -4.760778      14.269802
      -5.003009      13.767510
      -4.978213      13.169779
      -5.022484      12.536229
      -5.035609      11.987407
      -4.747491      11.560946
      -4.392329      11.244176
      -3.998269      11.060183
      -3.135750      11.581967
      -1.561774      13.315508
       0.807918      15.785972
       3.907198      18.441890
       8.098974      21.394955
      15.492276      25.843661
      23.532543      32.286614
      29.214049      38.370330
      32.222081      42.778069
      33.720764      45.342737
      35.114664      46.970525
      36.273154      48.393205
      37.026175      48.912562
      37.159087      48.436715
      36.927658      47.338454
      36.801370      46.142660
      36.604129      45.094917
      36.106306      44.280535
      35.626806      43.775696
      35.218476      43.610689
      34.764026      43.662703
      34.401532      43.666816
      34.043059      43.623312
      33.708233      43.612044
      33.286005      43.648253
      32.809766      43.671241
      32.371925      43.752120
      31.881550      44.140736
      30.919505      45.000982
      30.140026      45.557811
      29.927567      45.735262
      29.788387      45.751703
      29.684592      45.608965
      29.532866      45.337623
      29.343335      45.062793
      29.265111      44.675397
      29.351413      44.269694
      29.135865      44.092520
      28.618395      43.998061
      28.135520      43.905534
      27.695007      44.001538
      27.400436      44.070391
      27.620921      44.072538
      27.921366      44.145097
      28.110312      44.177858
      28.354261      44.041827
      28.518812      43.846594
      28.589552      43.650701
      28.574415      43.406305
      28.538510      43.172133
      28.542031      42.988708
      28.527370      42.960372
      28.636804      42.987324
      28.938019      43.017029
      29.438040      42.990932
      29.942218      42.953451
      30.328510      43.047672
      30.652201      43.276166
      30.923432      43.568515
      30.975222      43.885781
      30.822056      44.175886
      30.547156      44.384990
      30.181053      44.503881
      29.786621      44.662589
      29.462585      44.928321
      29.185344      45.287999
      28.910259      45.659687
      28.621366      45.976389
      28.306400      46.199885
      27.997542      46.338884
      27.744457      46.462097
      27.507667      46.551373
      27.262999      46.632806
      27.028009      46.841075
      26.901115      47.105638
      26.795812      47.301832
      26.648042      47.341116
      26.433743      47.117634
      26.194670      46.646571
      25.953131      46.205694
      25.792757      45.902791
      25.484984      45.592262
      24.833487      44.688380
      23.632819      42.755041
      22.174189      39.852042
      20.794544      36.043954
      19.076423      31.559389
      17.320742      26.921509
      15.426853      22.309683
      13.592630      17.926913
      11.819441      13.989227
      10.183245      10.700696
       8.654787       7.992224
       7.355059       5.910187
       6.256332       4.398000
       5.209825       3.255371
       4.044164       2.337683
       2.670473       1.634245
       1.574252       1.294941
       0.596741       1.182047
      -0.127960       1.268978
      -0.655599       1.506374
      -0.959134       1.796456
      -1.102928       2.082833
      -1.215606       2.345462
      -1.383946       2.580581
      -1.672263       2.770010
      -2.023085       2.912723
      -2.330600       3.062255
      -2.546919       3.222677
      -2.749757       3.409313
      -2.877281       3.588921
      -3.016007       3.717909
      -3.206897       3.811313
      -3.414603       3.928476
      -3.581317       4.126996
      -3.644899       4.419594
      -3.622188       4.631119
      -3.583625       4.721662
      -3.515852       4.717194
      -3.432850       4.694670
      -3.356866       4.675262
      -3.297406       4.639627
      -3.184690       4.581026
      -3.042748       4.523628
      -2.926143       4.467993
      -2.855338       4.429040
      -2.745872       4.394905
      -2.622697       4.394467
      -2.574729       4.421487
      -2.616720       4.411734
      -2.702750       4.359445
      -2.891006       4.346919
      -3.009319       4.390449
      -3.084666       4.434908
      -3.095665       4.444490
      -3.027576       4.451113
      -2.969365       4.473394
      -2.968441       4.521842
      -3.080124       4.563748
      -3.295298       4.596967
      -3.499487       4.637141
      -3.582213       4.652959
      -3.617659       4.664436
      -3.606872       4.676386
      -3.625763       4.695018
      -3.657867       4.707893
      -3.758029       4.700784
      -3.962145       4.693025
      -4.230784       4.713115
      -4.488076       4.750017
      -4.740585       4.777422
      -4.978367       4.786480
      -5.199525       4.796734
      -5.436495       4.789789
      -5.741370       4.785924
      -6.066804       4.779233
      -6.365670       4.804117
      -6.624128       4.863722
      -6.857380       4.949082
      -7.104216       5.077501
      -7.420120       5.270501
      -7.787924       5.509000
      -8.199519       5.772818
      -8.665007       6.027184
      -9.095246       6.233427
      -9.462061       6.398060
      -9.858550       6.524390
     -10.244588       6.625820
     -10.594398       6.711618
     -10.887677       6.796168
     -11.109376       6.895046
     -11.240244       7.006882
     -11.321565       7.122608
     -11.390776       7.238334
     -11.458086       7.334444
     -11.547260       7.409450
     -11.686456       7.459165
     -11.829901       7.523756
     -11.921851       7.610226
     -11.994793       7.702999
     -12.051487       7.802369
     -12.085019       7.909052
     -12.130814       8.013428
     -12.185000       8.110747
     -12.233063       8.206901
     -12.299172       8.329388
     -12.360531       8.449556
     -12.401541       8.566411
     -12.436289       8.667390
     -12.490096       8.751257
     -12.532757       8.828599
     -12.546993       8.905741
     -12.571096       8.973601
     -12.581381       9.010177
     -12.577214       9.000409
     -12.569367       8.956172
     -12.569178       8.909325
     -12.551488       8.885899
     -12.497062       8.900875
     -12.421648       8.930386
     -12.329840       8.956768
     -12.218272       8.979046
     -12.108661       8.991028
     -12.020780       8.972626
     -11.912742       8.928667
     -11.704207       8.881728
     -11.423258       8.838474
     -11.087182       8.799142
     -10.652533       8.744578
     -10.043207       8.685962
      -9.206643       8.612177
      -8.019096       8.500744
      -6.336733       8.279980
      -4.529549       7.930074
      -2.458704       7.542179
      -0.170330       7.259161
       2.487348       7.071581
       5.154450       6.977500
       7.748675       6.930270
      10.380603       6.960142
      12.982066       7.019557
      15.219178       7.088696
      17.018137       7.131368
      18.567475       7.073664
      19.661160       6.971893
      20.374436       6.767326
      20.925388       6.538232
      21.251085       6.283860
      21.358401       6.015142
      21.298186       5.779665
      21.092931       5.585733
      20.612642       5.396785
      19.868918       5.220354
      19.075046       5.051174
      17.964830       4.919025
      16.622090       4.792774
      15.114503       4.665808
      13.678168       4.526732
      12.356444       4.365556
      11.130074       4.205209
       9.877405       3.997890
       8.663525       3.769580
       7.566706       3.505718
       6.451547       3.141330
       5.306820       2.736794
       4.009173       2.348892
       2.731266       1.991686
       1.376103       1.705247
       0.003655       1.504342
      -1.469760       1.442532
      -2.748265       1.451744
      -3.883113       1.529885
      -4.898872       1.668938
      -5.861765       1.878711
      -6.751210       2.149832
      -7.598840       2.409066
      -8.367525       2.632178
      -9.029386       2.798330
      -9.665428       2.925534
     -10.260610       2.991186
     -10.840938       3.046591
     -11.281420       3.150170
     -11.609392       3.292436
     -11.868479       3.414202
     -12.086914       3.464505
     -12.275879       3.407816
     -12.399533       3.308304
     -12.489288       3.184484
     -12.542814       3.058765
     -12.583826       2.943987
     -12.608631       2.845419
     -12.608770       2.755760
     -12.626949       2.685977
     -12.647592       2.635505
     -12.684131       2.604567
     -12.730053       2.591258
     -12.725905       2.601215
     -12.715852       2.601797
     -12.728231       2.563734
     -12.738617       2.472391
     -12.731392       2.335531
     -12.724721       2.176922
     -12.684330       2.026419
     -12.606577       1.885502
     -12.523949       1.750153
     -12.431445       1.643166
     -12.313319       1.583662
     -12.193611       1.558064
     -12.071272       1.521899
     -11.935190       1.476599
     -11.744783       1.429882
     -11.498209       1.368667
     -11.198357       1.330244
     -10.930159       1.294350
     -10.659628       1.235794
     -10.369666       1.135646
     -10.054597       1.019638
      -9.645183       0.885315
      -9.193407       0.683191
      -8.702312       0.346095
      -8.141205      -0.153857
      -7.494343      -0.933932
      -6.596570      -2.200808
      -5.562201      -3.871624
      -4.423351      -5.816493
      -3.225582      -7.866870
      -2.022249      -9.804200
      -0.748443     -11.568082
       0.754155     -13.018547
       2.768455     -14.184421
       4.743223     -15.107991
       6.529863     -15.880700
