      12.330029      21.168897
      12.266233      22.506665
      12.262676      23.862257
      12.448919      25.086072
      13.081740      25.997189
      14.323538      26.549765
      15.767972      26.874583
      17.189102      27.091634
      18.068040      27.151968
      18.359864      26.982817
      18.164965      26.565936
      17.546570      25.900374
      16.838115      25.112069
      16.043720      24.272588
      15.388613      23.377794
      14.943718      22.556806
      14.726875      21.880461
      14.634751      21.345603
      14.521399      20.964011
      14.298297      20.734266
      14.055905      20.687039
      13.892131      20.682811
      13.705385      20.647102
      13.526752      20.551149
      13.443410      20.440679
      13.419454      20.340645
      13.292728      20.237325
      13.047146      20.103574
      12.690674      19.985120
      12.289856      19.870545
      11.861926      19.721678
      11.411737      19.618059
      10.863545      19.737960
      10.421418      19.982224
      10.105945      20.177948
       9.899045      20.295050
       9.718727      20.283412
       9.455884      20.190845
       9.127195      20.041182
       8.737667      19.866797
       8.351254      19.683000
       7.985940      19.571446
       7.707336      19.532022
       7.558897      19.533612
       7.440821      19.517335
       7.372943      19.484610
       7.364598      19.405682
       7.353833      19.305311
       7.280889      19.202377
       7.192655      19.095177
       7.089439      18.927865
       6.988379      18.728657
       6.898111      18.535916
       6.873120      18.394843
       6.894473      18.309207
       6.927251      18.283844
       6.961759      18.254717
       6.995644      18.255136
       6.995564      18.273510
       7.007424      18.309951
       7.045695      18.359545
       7.072854      18.382991
       7.100725      18.399337
       7.129752      18.405639
       7.153482      18.424656
       7.127755      18.451011
       7.087189      18.497674
       7.085754      18.544905
       7.070345      18.595756
       7.036629      18.626329
       7.016207      18.640805
       7.007673      18.650986
       6.996152      18.670624
       7.006173      18.702088
       7.018274      18.755013
       7.008671      18.790200
       7.017906      18.820648
       7.019079      18.831325
       7.011068      18.851363
       6.960871      18.854756
       6.895265      18.851604
       6.855012      18.838999
       6.861457      18.836881
       6.855168      18.775307
       6.844814      18.655340
       6.803913      18.484631
       6.801300      18.339289
       6.827001      18.234961
       6.850091      18.190913
       6.855605      18.171372
       6.874835      18.147107
       6.866328      18.130452
       6.839452      18.268869
       6.702720      18.899511
       6.390516      20.430780
       5.932742      23.065807
       5.427920      26.827237
       4.964173      31.493710
       4.762819      37.430522
       4.965133      44.403000
       5.563222      52.113962
       6.321081      60.228251
       7.467738      67.906438
       9.063002      74.500036
      10.157686      79.806121
      10.153195      83.938535
       9.370791      87.041998
       8.118817      89.124864
       6.263077      90.131133
       4.753216      90.097590
       3.489351      89.116384
       2.499757      87.716531
       1.760080      86.507511
       1.064208      85.746795
       0.400034      85.055689
      -0.118280      84.123762
      -0.540199      83.071196
      -0.912714      82.075293
      -1.359293      81.086782
      -1.809174      80.124751
      -2.435950      79.174135
      -3.076761      78.182738
      -3.563782      77.347379
      -3.924586      76.723514
      -4.125379      76.296455
      -4.277116      75.951927
      -4.436425      75.621887
      -4.622414      75.313486
      -4.846646      75.000184
      -5.077287      74.656923
      -5.310141      74.365079
      -5.564808      74.100847
      -5.769497      73.908325
      -5.948916      73.732787
      -6.115142      73.587596
      -6.278437      73.496099
      -6.436870      73.448369
      -6.568980      73.407313
      -6.735464      73.335555
      -6.877157      73.239993
      -6.972412      73.113458
      -7.049968      72.997900
      -7.110991      72.892682
      -7.194783      72.772189
      -7.302046      72.609974
      -7.439446      72.407300
      -7.583975      72.155260
      -7.712724      71.886807
      -7.834064      71.583340
      -7.967756      71.257847
      -8.115085      70.927798
      -8.310165      70.635740
      -8.533916      70.350817
      -8.804661      70.091491
      -9.074722      69.828338
      -9.274795      69.570556
      -9.435898      69.319637
      -9.549876      69.109994
      -9.631970      68.951062
      -9.737391      68.833988
      -9.827244      68.743468
      -9.892352      68.681949
      -9.945210      68.641898
      -9.959946      68.634535
      -9.939276      68.632772
      -9.916369      68.634700
      -9.907225      68.624651
      -9.906204      68.594537
      -9.916610      68.556691
      -9.931825      68.523872
      -9.924815      68.500262
      -9.874097      68.490402
      -9.839458      68.478386
      -9.798453      68.451255
      -9.767733      68.409577
      -9.754012      68.372153
      -9.722447      68.351156
      -9.714418      68.338086
      -9.707688      68.306200
      -9.696678      68.253977
      -9.676611      68.187528
      -9.653205      68.116145
      -9.637614      68.039642
      -9.596962      67.947339
      -9.562408      67.849441
      -9.534268      67.752111
      -9.492225      67.677123
      -9.425762      67.601334
      -9.381242      67.525652
      -9.317874      67.416719
      -9.291457      67.279576
      -9.279165      67.146318
      -9.239870      67.024359
      -9.217223      66.917324
      -9.189879      66.815691
      -9.159185      66.691240
      -9.132684      66.550998
      -9.156420      66.418833
      -9.198468      66.314913
      -9.265170      66.252437
      -9.299061      66.258688
      -9.295825      66.293862
      -9.280997      66.340091
      -9.246832      66.364289
      -9.172715      66.330241
      -9.108927      66.256011
      -9.067925      66.207927
      -9.064145      66.230799
      -9.060067      66.401785
      -9.028153      66.718352
      -8.992602      67.134642
      -8.954522      67.525142
      -8.938579      67.856527
      -8.997419      68.077352
      -9.099298      68.143310
      -9.190906      68.113774
      -9.213198      68.049336
      -9.263720      67.985078
      -9.332646      67.942015
      -9.443056      67.962211
      -9.624899      68.065330
      -9.917135      68.208564
     -10.535054      68.342424
     -11.385228      68.512322
     -12.240778      68.737499
     -13.195647      69.072254
     -14.392975      69.448300
     -15.845135      69.922336
     -17.260830      70.487751
     -18.621867      71.209573
     -19.842541      72.203441
     -20.701141      73.605382
     -21.438304      75.578330
     -22.120101      78.202040
     -22.702148      81.046643
     -22.996675      83.946908
     -23.164182      86.994933
     -23.000896      90.394519
     -22.563278      94.265343
     -21.985008      98.506623
     -21.266513     102.718818
     -20.511555     106.865123
     -19.868878     111.005881
     -19.371257     114.945267
     -18.951451     118.421643
     -18.228397     120.928323
     -17.368283     122.407821
     -16.683816     122.977433
     -16.328226     122.756351
     -15.755066     121.385097
     -14.056007     118.685797
     -11.186679     114.977304
      -7.513521     110.941263
      -3.782730     107.138942
      -0.575547     103.518527
       1.410016     100.347570
       2.320365      97.507630
       2.387513      95.086919
       1.579939      93.448528
       0.338456      92.393320
      -0.463236      91.736126
      -1.072501      91.130893
      -1.496134      89.549339
      -1.736286      85.999146
      -1.816978      80.244487
      -1.785287      72.616638
      -1.966201      63.399960
      -2.315074      53.003201
      -2.479352      41.924476
      -2.485666      31.128952
      -2.083778      21.586013
      -2.015964      13.516802
      -1.852619       6.860190
      -1.806325       0.879635
      -1.597461      -4.974101
      -0.552837     -12.162510
       1.652043     -22.583911
       4.183928     -34.905450
       6.649466     -47.582267
       8.429010     -59.278465
       9.213866     -69.614599
       9.091449     -78.546272
       8.199793     -86.361655
       6.914282     -92.822555
       5.237348     -98.197123
       2.822630    -102.889202
      -0.354867    -107.006996
      -3.924118    -110.979420
      -7.646843    -114.212935
     -10.959230    -116.263793
     -13.432798    -117.723105
     -14.430049    -119.605299
     -14.660687    -122.489652
     -14.350311    -126.330207
     -12.506776    -130.712952
      -9.137822    -135.161393
      -5.431151    -139.482803
      -1.660133    -143.172344
       1.824668    -146.311545
       4.656009    -149.326543
       6.724696    -151.980109
       8.062701    -153.809964
       9.247286    -155.068924
      10.761713    -156.072093
      12.484172    -156.608697
      14.476068    -156.533219
      16.473236    -155.934037
      17.824351    -154.493240
      18.125178    -152.301256
      18.197817    -150.141697
      18.488981    -148.568565
      18.932545    -147.331413
      19.386834    -146.346448
      19.859091    -145.766170
      20.143181    -145.249712
      20.119340    -144.352494
      19.686554    -142.789834
      18.991036    -140.683197
      18.001189    -138.095045
      16.562456    -135.185261
      14.863567    -131.498051
      12.876545    -126.374154
      10.666270    -119.491373
       8.607355    -111.448278
       6.923002    -101.996734
       5.059166     -91.453486
       4.357510     -80.514605
       5.028232     -69.722503
       6.471797     -59.175569
       7.969838     -49.000455
       9.356665     -39.623245
      10.837924     -31.845074
      11.889239     -25.738596
      12.524481     -21.178091
      12.113159     -17.634230
      10.930085     -14.780482
       9.306886     -12.212495
       7.723793     -10.079483
       5.577486      -8.233283
       3.354567      -6.498152
       1.264986      -4.680936
       0.085570      -2.645476
      -0.688556      -0.565817
      -1.518454       1.236605
      -1.690876       2.712809
      -1.178958       3.513577
      -0.618364       3.569484
      -0.329663       3.253339
      -0.544676       2.859674
      -1.457171       2.432515
      -2.583504       1.924686
      -3.665115       1.235818
      -4.309241       0.540823
      -4.977747      -0.244181
      -5.503231      -1.054791
      -5.889613      -1.833575
      -6.455424      -2.506118
      -7.240985      -2.937520
      -7.890925      -3.158491
      -8.542414      -3.035648
      -9.823308      -2.451867
     -12.025390      -1.365406
     -13.695152      -0.173870
     -14.924657       0.687277
     -15.974984       0.593960
     -16.956983       0.059487
     -17.964345      -0.401942
     -18.705651      -0.600677
     -19.383971      -0.893108
     -20.000752      -1.340913
     -20.441159      -1.782558
     -20.716176      -2.024612
     -20.965784      -2.150669
     -21.100933      -2.196673
     -21.100843      -2.190975
     -21.037429      -2.165646
     -20.945709      -2.110491
     -20.852246      -2.018107
     -20.759258      -1.994241
     -20.620116      -2.135032
     -20.439178      -2.299854
     -20.286155      -2.275399
     -20.273286      -1.989723
     -20.411070      -1.577902
     -20.572066      -1.153212
     -20.697156      -0.890597
     -20.757522      -0.782341
     -20.795683      -0.816639
     -20.835079      -0.872218
     -20.905277      -0.946287
     -20.960740      -0.990449
     -20.997891      -1.031099
     -21.045774      -1.033544
     -21.062909      -1.107539
     -21.068000      -1.215385
     -21.004268      -1.295265
     -20.961988      -1.365836
     -21.001689      -1.369215
     -21.088654      -1.353313
     -21.143019      -1.323874
     -21.143808      -1.280719
     -21.110166      -1.219837
     -21.062810      -1.134323
     -21.013625      -1.042365
     -20.993335      -0.982120
     -21.050597      -0.924996
     -21.117699      -0.872589
     -21.166451      -0.836457
     -21.146421      -0.783201
     -21.103470      -0.703008
     -21.058451      -0.600962
     -21.011279      -0.508623
     -20.989719      -0.449822
     -20.981428      -0.429489
     -20.969302      -0.429226
     -20.908238      -0.422901
     -20.873563      -0.444421
     -20.788791      -0.465465
     -20.618336      -0.447579
     -19.453241      -0.204736
     -14.524127       0.968391
      -8.457866       4.070330
      -4.421997       9.308209
      -1.920131      15.781978
      -0.065200      22.094262
       1.060333      27.638037
       1.725838      32.098591
       2.145433      35.680833
       2.191734      37.939492
       1.829277      38.787050
       1.280320      38.755647
       0.687627      38.549624
       0.180689      38.679039
      -0.592905      39.044176
      -1.888526      39.497317
      -2.899615      40.006901
      -4.237836      40.602455
      -5.426743      41.098272
      -6.599308      41.395531
      -7.689927      41.437457
      -8.708536      41.144880
      -9.668528      40.491428
     -10.602307      39.591830
     -11.649135      38.366815
     -12.764537      37.069373
     -14.121017      35.768007
     -15.864805      34.641005
     -17.761997      33.660821
     -19.514005      32.442808
     -20.720635      31.032917
     -21.486600      29.566336
     -22.464399      27.932652
     -24.021514      26.160596
     -25.573656      24.656665
     -26.954282      23.427175
     -27.657339      22.561954
     -28.240111      22.188379
     -28.601391      22.053266
     -28.584044      22.062655
     -28.301752      21.994984
     -27.985710      21.888414
     -27.708415      21.780690
     -27.421720      21.714754
     -27.077053      21.700248
     -26.604006      21.826463
     -25.982309      22.142905
     -25.189456      22.571613
     -24.165792      23.217517
     -22.874873      24.075029
     -20.968506      25.266726
     -18.337073      27.181129
     -14.970128      30.407490
     -11.296828      34.809034
      -7.779023      39.366371
      -4.719410      42.738605
      -2.700870      43.495776
      -1.916700      41.484167
      -1.550556      37.008780
      -1.237198      31.660376
      -0.435741      26.745195
       0.467107      22.162078
       1.099574      17.893058
       1.935993      13.934018
       2.611279       9.648020
       2.836615       5.237981
       2.780059       1.076293
       2.404160      -2.499909
       1.803743      -5.486179
       1.207486      -7.778423
       0.813949      -9.388336
       0.485820     -10.530857
       0.366646     -11.132732
       0.316711     -11.403179
       0.142084     -11.386267
      -0.253427     -11.289896
      -0.887401     -11.157509
      -1.765180     -10.989774
      -2.877923     -10.633082
      -4.243629     -10.051117
      -5.626882      -9.255368
      -6.965544      -8.282026
      -8.467995      -7.101150
      -9.767396      -5.819514
     -10.951490      -4.562304
     -11.806704      -3.524476
     -12.419558      -2.614967
     -12.787113      -1.758399
     -12.927705      -0.877129
     -12.988246      -0.019350
     -12.948223       0.686266
     -12.927303       1.236515
     -12.839481       1.663486
     -12.648063       2.063844
     -12.381699       2.356652
     -11.982471       2.632228
     -11.402824       3.004889
     -10.670245       3.417237
      -9.824678       3.718664
      -8.905237       3.876537
      -8.045917       3.992033
      -7.313504       4.043054
      -6.597255       4.119697
      -6.021097       4.188861
      -5.479279       4.284696
      -5.017973       4.373288
      -4.538008       4.470941
      -4.031219       4.607066
      -3.486407       4.770407
      -2.901345       4.889893
      -2.441158       4.983760
      -2.090049       5.049045
      -1.926667       5.052541
      -1.839268       5.017274
      -2.068756       4.883239
      -2.866129       4.500518
      -4.266178       3.859501
      -6.164108       3.091132
      -8.034749       2.415159
     -10.151057       1.950315
     -12.109302       1.774244
     -13.661910       1.862808
     -14.933766       2.272596
     -16.019543       2.906385
     -17.037603       3.589243
     -17.884113       4.249958
     -18.651635       4.790928
     -19.228929       5.179541
     -19.599537       5.337219
     -19.781248       5.302300
     -19.857778       5.163293
     -20.059723       4.773480
     -20.578560       3.887234
     -21.317502       2.530848
     -22.213339       0.798689
     -23.207788      -0.988709
     -24.098180      -2.849364
     -24.870282      -4.571471
     -25.393706      -6.086173
     -25.768828      -7.340093
     -26.047296      -8.462661
     -26.266392      -9.470272
     -26.262018     -10.520528
     -26.092942     -11.606431
     -25.968693     -12.749067
     -25.900342     -13.726876
     -25.804625     -14.425054
     -25.657241     -14.833241
     -25.436457     -15.032347
     -25.187557     -15.093693
     -24.977481     -15.039013
     -24.801142     -14.895051
     -24.587399     -14.746314
     -24.316270     -14.579353
     -24.088417     -14.479332
     -23.867134     -14.496260
     -23.544547     -14.619518
     -23.106378     -14.842189
     -22.697686     -15.120111
     -22.328672     -15.393035
     -21.975738     -15.622392
     -21.611391     -15.899235
     -21.294762     -16.041483
     -20.899847     -15.772217
     -20.228939     -14.619882
     -18.965347     -11.917281
     -17.296890      -7.996657
     -15.407142      -3.677257
     -13.378145       0.235926
     -11.339525       3.362165
      -9.428128       6.001398
      -7.487233       8.733275
      -5.181349      12.340893
      -2.329866      17.297701
       1.085709      23.460717
       4.533213      30.253780
       7.627650      37.720712
      10.142110      45.111737
      12.153062      51.998273
      14.013579      58.084580
      15.243048      63.110404
      15.898059      67.577243
      16.236321      71.172441
      16.201781      73.779084
      15.631164      74.685784
      15.300324      73.334895
      14.772799      69.921165
      14.379908      65.155920
      14.419243      60.530688
      14.545840      57.016098
      14.670818      54.355396
      14.997885      52.283312
      15.118494      50.379694
      15.436224      48.461009
      15.699676      46.152116
      15.776862      43.568603
      15.790346      41.164517
      15.554231      38.987779
      15.098386      37.148135
      14.761141      35.378578
      14.903057      33.497123
      14.127106      31.269590
      13.184000      28.308517
      11.927154      25.261932
      10.810266      22.105698
       9.803194      18.939254
       8.974190      15.859195
       8.443144      12.794363
       8.081200       9.986184
       7.633955       7.780876
       7.172890       6.201645
       7.036990       5.353370
       6.981754       4.961381
       7.021848       4.844353
       7.308995       4.831803
       7.571253       4.896034
       7.826062       4.807269
       8.116945       4.552564
       8.374848       4.161233
       8.431097       3.704721
       8.262082       3.196842
       8.022246       2.664547
       7.654860       2.056602
       7.193528       1.425594
       6.856468       0.910986
       6.293988       0.555842
       5.661884       0.342080
       5.169408       0.319419
       4.872104       0.451923
       4.519582       0.652209
       4.299700       0.743207
       4.268257       0.774932
       4.107998       0.780683
       3.721790       0.704183
       3.314889       0.502741
       3.106099       0.260560
       2.734110       0.094348
       2.047205       0.025709
       1.449556       0.003035
       0.999572      -0.113537
       0.484684      -0.244868
      -0.219838      -0.363699
      -1.250929      -0.469045
      -2.516966      -0.598646
      -3.844073      -0.753757
      -5.251312      -0.858455
      -6.674114      -0.899987
      -7.932659      -0.923326
      -9.097507      -0.913534
     -10.117397      -0.899960
     -10.837237      -0.943950
     -11.264016      -1.061977
     -11.509957      -1.135591
     -11.669610      -1.110197
     -11.692405      -1.084306
     -11.556863      -1.068604
     -11.241050      -1.049611
     -10.725524      -0.965493
      -9.907844      -0.783922
      -9.119351      -0.542524
      -8.329560      -0.232084
      -7.676189       0.135418
      -7.129058       0.539112
      -6.582979       0.806732
      -5.893299       0.941614
      -5.155715       0.906105
      -4.541491       0.724849
      -3.969037       0.525722
      -3.445138       0.367591
      -3.049074       0.243427
      -2.827581       0.136194
      -2.732612      -0.032121
      -2.591402      -0.315157
      -2.143049      -0.711089
