      11.734559      -2.284407
      11.651833      -2.294922
      11.427923      -2.321201
      11.187779      -2.435231
      10.974370      -2.655994
      10.721737      -2.969928
      10.494020      -3.330425
      10.288687      -3.568640
      10.143874      -3.677957
       9.886176      -3.679453
       9.466316      -3.785326
       8.875055      -4.030331
       8.056540      -4.412682
       7.050265      -4.831352
       6.154888      -5.193519
       5.740467      -5.076717
       5.441212      -4.412160
       4.961516      -3.436728
       4.297564      -2.121927
       3.455620      -0.391493
       2.562232       1.603047
       1.713353       3.818359
       1.028499       6.006891
       0.658914       8.033627
       0.417996       9.822842
       0.197869      11.270320
      -0.023435      12.493145
      -0.226551      13.560427
      -0.590510      14.562858
      -1.008442      15.525876
      -1.418901      16.443818
      -1.760645      17.386632
      -1.954331      18.378724
      -2.027024      19.466505
      -2.056602      20.706601
      -2.104582      22.052914
      -2.204744      23.339554
      -2.343824      24.528362
      -2.453181      25.594617
      -2.637746      26.581960
      -2.982378      27.496770
      -3.371789      28.408812
      -3.655093      29.149853
      -4.048979      29.616936
      -4.634907      29.686955
      -5.475210      29.368956
      -6.549079      28.682253
      -7.966678      27.731906
      -9.474237      26.592975
     -11.056640      25.351661
     -12.731209      24.069710
     -14.322147      22.790686
     -15.702029      21.542045
     -16.706117      20.425823
     -17.218719      19.502950
     -17.322666      18.773248
     -17.194448      18.121790
     -17.030380      17.404517
     -16.948725      16.603748
     -16.983658      15.769559
     -17.143690      14.992817
     -17.350008      14.329660
     -17.675223      13.885908
     -17.998893      13.634422
     -18.265058      13.450361
     -18.422268      13.216924
     -18.481930      12.895505
     -18.458004      12.461578
     -18.471462      11.974557
     -18.497153      11.352413
     -18.207805      10.043711
     -17.271019       6.830028
     -15.761757       1.597619
     -14.229935      -3.910055
     -12.948176      -8.023866
     -12.176495     -10.254619
     -11.972406     -10.757733
     -12.215046      -9.966358
     -12.655867      -8.358733
     -13.337391      -6.204877
     -14.419496      -3.600039
     -15.813848      -0.381592
     -17.286384       3.445705
     -18.667455       7.653849
     -19.952678      11.866233
     -21.211942      15.800593
     -22.465730      19.282464
     -23.724107      22.258971
     -24.952210      24.857002
     -26.035054      27.181032
     -26.970524      29.398832
     -27.915876      31.692219
     -28.873217      34.151072
     -29.807198      36.796069
     -30.609595      39.572678
     -31.074342      42.314427
     -31.380956      45.018686
     -31.574516      47.619297
     -31.623096      50.061423
     -31.474243      52.435808
     -31.100089      54.813219
     -30.625599      57.198430
     -30.052538      59.492655
     -29.438664      61.469182
     -28.869137      63.002306
     -28.269999      64.275536
     -27.558965      65.553176
     -26.687097      67.321808
     -25.483316      69.860457
     -24.161083      73.367651
     -23.183862      76.191762
     -22.451178      77.274261
     -22.020088      76.764002
     -21.792281      75.748403
     -21.640640      74.851306
     -21.363426      74.246306
     -20.931493      73.906479
     -20.554491      73.653613
     -20.183527      73.287549
     -19.862375      72.680649
     -19.577277      71.859151
     -19.339237      70.990021
     -19.073117      70.216482
     -18.909304      69.916454
     -19.088491      70.216822
     -19.862363      71.059190
     -20.933708      72.121120
     -21.997629      73.326910
     -22.849629      74.722561
     -23.418707      76.267935
     -23.798395      77.786090
     -24.119660      79.195219
     -24.327757      80.481893
     -24.309932      81.747240
     -24.179198      83.203230
     -24.158655      84.903722
     -24.279925      86.843656
     -24.613816      88.895962
     -25.146088      90.742476
     -25.565713      92.279656
     -25.705998      93.634494
     -25.606276      94.878193
     -25.311379      95.842283
     -24.896291      96.525938
     -24.363490      97.015332
     -23.674565      97.344939
     -22.960524      97.499315
     -22.373827      97.489465
     -21.868036      97.321567
     -21.384651      97.006424
     -20.902365      96.511192
     -20.324025      95.768087
     -19.698564      94.686671
     -19.012125      93.018847
     -18.109415      90.670554
     -17.112624      87.800247
     -16.163564      84.745976
     -15.219893      81.757605
     -14.313145      78.986061
     -13.639984      76.282515
     -13.102309      73.489708
     -12.536093      70.386555
     -11.869602      66.946719
     -11.013009      63.244866
      -9.940012      59.285221
      -8.542362      55.000817
      -6.943083      50.650225
      -5.427843      46.435990
      -3.953656      42.620803
      -2.581689      39.168887
      -1.351394      35.982573
      -0.374683      32.768146
       0.304025      29.568517
       0.747484      26.506389
       1.072269      23.829650
       1.296044      21.665100
       1.439201      20.033899
       1.549129      18.822349
       1.631178      17.885204
       1.671385      17.056630
       1.740749      16.239284
       1.862600      15.396521
       2.030579      14.410917
       2.104354      13.079783
       2.057333      11.209522
       1.844412       8.664324
       1.582561       5.501964
       1.252809       1.971732
       0.959131      -1.729738
       0.745955      -5.425545
       0.480499      -8.993709
       0.164625     -12.365109
      -0.150188     -15.603364
      -0.460451     -18.618461
      -1.014484     -21.413188
      -1.851195     -24.196168
      -2.471708     -27.142030
      -2.809107     -30.103802
      -2.801444     -32.710294
      -2.510310     -34.532052
      -2.176517     -35.527786
      -2.079258     -35.875993
      -2.242614     -35.829028
      -2.492289     -35.701473
      -2.576354     -35.835099
      -2.368153     -36.410776
      -2.177482     -37.340167
      -2.549879     -37.918170
      -3.206739     -38.024468
      -3.881134     -38.185170
      -4.802665     -38.532238
      -5.890979     -39.029996
      -7.024036     -39.620059
      -8.091640     -40.087278
      -8.813999     -40.345295
      -9.231082     -40.421698
      -9.578354     -40.496793
      -9.889073     -40.618702
     -10.065494     -40.778558
     -10.070088     -40.980280
      -9.998338     -41.196971
      -9.827147     -41.481399
      -9.533604     -41.792200
      -9.137851     -42.077754
      -8.710203     -42.335555
      -8.304819     -42.457597
      -7.971205     -42.449054
      -7.723772     -42.311624
      -7.540563     -42.058102
      -7.338851     -41.750701
      -7.074353     -41.479655
      -6.634273     -41.287671
      -5.988041     -41.411686
      -4.979797     -42.599588
      -3.323875     -45.630530
      -1.252818     -50.155824
       0.771104     -54.954947
       2.678570     -59.019639
       4.267393     -62.006607
       5.522654     -64.170367
       6.596059     -66.470740
       7.259167     -70.165672
       7.283985     -73.984944
       7.139288     -76.998052
       6.647305     -79.307081
       5.659865     -81.182140
       4.421398     -82.668656
       3.420012     -83.624324
       2.778759     -84.189468
       2.469801     -84.518424
       2.461658     -84.716513
       2.640931     -84.880137
       2.848764     -85.027635
       2.973102     -85.153228
       3.031893     -85.409853
       3.435393     -85.833619
       4.137155     -86.131626
       4.576779     -86.148072
       4.634022     -85.795481
       4.407668     -85.285824
       4.246969     -84.852908
       4.321258     -84.642890
       4.699523     -85.083082
       4.907809     -85.945185
       5.160889     -87.104984
       5.041005     -88.093106
       4.871173     -88.655967
       4.625213     -88.793372
       4.476316     -88.816278
       4.578900     -89.368930
       4.848425     -90.255162
       5.114209     -91.084887
       5.244861     -91.438187
       5.198954     -91.326873
       4.776691     -91.085324
       4.253622     -91.011458
       3.801292     -91.179745
       3.777509     -91.532792
       3.955888     -91.750386
       4.141492     -91.948495
       4.371526     -92.161660
       4.601461     -92.393961
       5.238509     -92.754129
       6.466662     -93.019672
       7.377518     -93.070914
       7.589380     -92.952888
       7.479591     -92.745523
       7.335591     -92.624369
       7.247688     -92.634336
       7.422891     -92.862499
       7.358106     -93.150462
       7.245680     -93.305333
       7.515949     -93.415646
       7.931441     -93.298592
       8.227518     -93.209786
       8.306907     -93.225358
       8.207807     -93.312114
       7.929533     -93.366940
       7.589811     -93.200606
       7.348674     -92.730359
       7.097084     -92.114741
       6.926009     -91.588550
       6.696135     -91.272621
       6.537921     -91.084770
       6.430026     -91.039309
       6.618132     -91.473701
       7.111526     -92.536437
       7.694891     -94.082078
       8.815492     -95.724694
       9.832997     -97.231489
      10.371888     -98.195462
      10.483760     -98.469466
      10.402331     -98.367663
      10.221959     -98.068849
       9.930265     -97.711207
       9.566306     -97.269374
       9.170998     -96.877499
       8.991965     -96.645644
       8.935982     -96.515311
       8.970787     -96.436773
       8.922015     -96.287361
       8.763177     -95.715583
       8.406983     -95.081100
       8.164052     -94.643618
       8.082387     -94.432532
       8.167317     -94.531227
       8.312166     -94.847623
       8.306897     -94.976140
       8.442273     -94.737262
       8.563960     -94.383573
       8.410249     -93.919543
       8.104161     -93.208008
       7.867375     -92.150722
       7.801523     -90.973554
       7.755464     -89.826587
       7.635846     -88.893437
       7.450639     -88.000930
       7.178214     -87.103556
       6.748301     -86.122583
       6.463971     -84.926531
       5.692808     -82.015309
       4.478482     -75.853213
       3.864127     -69.947359
       3.682083     -65.810321
       2.781949     -62.627820
       1.643849     -59.846363
       0.761046     -57.093144
       0.237912     -54.591331
      -0.123633     -52.339843
      -0.497115     -50.241594
      -0.876101     -47.979868
      -1.132771     -45.602811
      -1.332033     -43.101498
      -1.605778     -40.760791
      -1.850811     -39.038666
      -2.100791     -38.160339
      -2.417141     -37.897119
      -2.838662     -38.191132
      -3.205119     -38.662064
      -3.356021     -39.012088
      -3.292514     -39.014031
      -3.088978     -38.795491
      -2.870508     -38.485371
      -2.512618     -38.150299
      -1.684529     -37.543628
      -0.946260     -36.204993
      -0.234605     -33.845036
       0.297884     -31.061221
       0.484049     -28.512236
       0.331766     -26.780053
       0.002102     -25.884695
      -0.436160     -25.542008
      -0.947468     -25.519663
      -1.417160     -25.588907
      -1.872462     -25.574431
      -2.470610     -25.785911
      -3.710167     -27.294767
      -5.506604     -30.407876
      -7.121356     -34.518479
      -8.250607     -38.282954
      -8.668510     -40.774823
      -8.948603     -42.192700
      -9.052756     -42.971300
      -9.181779     -43.473604
      -9.099264     -43.958223
      -8.916244     -44.721242
      -8.616743     -45.835366
      -8.247886     -46.994562
      -7.931537     -47.954684
      -7.591118     -48.696959
      -7.324345     -49.351855
      -7.235400     -49.889237
      -7.201153     -50.222307
      -7.268437     -50.383643
      -7.246137     -50.401036
      -7.320292     -50.423295
      -7.497932     -50.490614
      -7.788357     -50.666054
      -8.013433     -51.089208
      -8.357304     -52.045250
      -8.757687     -53.789907
      -9.128058     -55.861219
      -9.509620     -57.582266
      -9.978862     -58.508904
     -10.321614     -58.672241
     -10.531433     -58.277093
     -10.528196     -57.686289
     -10.522305     -57.162639
     -10.571031     -56.798955
     -10.557613     -56.658732
     -10.551005     -56.689230
     -10.544798     -56.844499
     -10.617671     -56.981360
     -10.761920     -57.096578
     -10.952691     -57.103587
     -11.043822     -57.030877
     -11.090662     -56.907737
     -11.157827     -56.789925
     -11.109821     -56.722811
     -11.113143     -56.717531
     -11.123482     -56.748850
     -11.146648     -56.815264
     -11.196350     -56.862358
     -11.214386     -56.871820
     -11.272802     -56.842493
     -11.344766     -56.806114
     -11.371494     -56.759496
     -11.373457     -56.742433
     -11.423991     -56.721524
     -11.489554     -56.693960
     -11.566347     -56.662404
     -11.673553     -56.622970
     -11.710787     -56.585503
     -11.734043     -56.578358
     -11.757483     -56.566225
     -11.809183     -56.562850
     -11.944821     -56.538395
     -12.087356     -56.466025
     -12.203848     -56.286242
     -12.274137     -55.870792
     -12.503176     -55.236134
     -12.726771     -54.728527
     -12.883701     -54.405826
     -12.964782     -54.208884
     -13.138772     -54.045892
     -13.529656     -53.954599
     -14.020761     -53.993810
     -14.459044     -54.049957
     -14.766309     -54.054061
     -14.922892     -54.062784
     -15.034372     -54.068899
     -15.180333     -54.017541
     -15.281542     -53.927128
     -15.337301     -53.789742
     -15.353038     -53.639577
     -15.285497     -53.601052
     -15.049332     -53.754174
     -14.865341     -53.918239
     -14.820505     -53.941577
     -14.843329     -53.781344
     -14.857241     -53.520901
     -14.828788     -53.274655
     -14.793260     -53.101196
     -14.773269     -52.972290
     -14.745919     -52.879808
     -14.741510     -52.752476
     -14.745815     -52.577220
     -14.734610     -52.367465
     -14.711350     -52.168035
     -14.688894     -51.974080
     -14.694254     -51.787245
     -14.706325     -51.564395
     -14.709333     -51.308804
     -14.747979     -51.004934
     -14.770972     -50.616590
     -14.684381     -50.093673
     -14.500622     -49.494108
     -14.273999     -48.889953
     -14.075954     -48.316017
     -13.865985     -47.764794
     -13.644605     -47.286911
     -13.458908     -46.864341
     -13.246137     -46.479412
     -12.985342     -46.018019
     -12.773735     -45.412989
     -12.620501     -44.634311
     -12.483687     -43.717252
     -12.267147     -42.612177
     -11.894586     -41.243487
     -11.348101     -39.555720
     -10.678857     -37.563080
      -9.848258     -35.138335
      -8.814048     -32.232446
      -7.721421     -29.043123
      -6.593923     -25.803153
      -5.553766     -22.716762
      -4.677696     -19.966574
      -4.007026     -17.576683
      -3.554275     -15.564953
