      13.836461      19.489125
      14.446703      20.916026
      15.437544      23.342325
      16.918483      26.925759
      18.336549      30.978015
      19.118808      34.652657
      19.418950      37.599097
      19.509366      39.928152
      19.498411      41.867600
      19.579097      43.753009
      19.689965      45.485101
      19.674980      46.979224
      19.623487      48.052548
      19.643856      48.575815
      19.670996      48.619611
      19.691809      48.230077
      19.638434      47.481343
      19.638777      46.634599
      19.528085      45.860020
      19.389689      45.237889
      19.133901      44.605485
      18.869241      43.755112
      18.695661      42.474165
      18.425946      40.952051
      18.157926      39.358149
      17.992089      38.020051
      17.853119      36.959872
      17.884377      36.202441
      17.843266      35.596440
      17.755258      35.206350
      17.734503      34.960823
      17.720992      34.722579
      17.561996      34.238042
      17.368288      33.521553
      17.184108      32.910948
      17.213154      32.617227
      17.214245      32.729166
      17.195007      33.100100
      17.162936      33.522838
      17.177082      33.851824
      17.273978      33.912279
      17.234534      33.708896
      17.059543      33.261856
      16.952449      32.563688
      16.765227      31.668764
      16.459168      30.442222
      15.821189      28.529765
      14.845198      25.484219
      13.716041      21.117682
      12.369941      15.772012
      11.082746      10.277929
       9.687565       5.210595
       7.898420       0.478416
       6.328693      -3.853550
       5.027329      -7.775292
       4.185625     -11.102004
       3.664053     -13.737300
       3.353325     -15.819495
       3.055414     -17.748465
       2.780626     -19.980636
       2.551487     -23.058272
       2.443740     -26.353167
       2.209519     -29.225621
       1.750989     -31.367633
       1.250657     -32.993646
       1.127415     -34.644334
       1.217361     -37.049860
       1.255940     -40.394326
       1.287352     -44.051430
       1.265980     -47.643028
       1.277800     -51.002612
       1.431028     -53.369226
       1.522067     -54.805593
       1.601183     -55.989692
       1.698532     -57.556743
       1.791437     -59.515318
       1.957133     -61.518515
       2.123425     -63.213912
       2.172647     -64.470579
       2.104724     -65.256145
       2.036220     -65.664232
       1.967478     -65.937969
       1.886507     -66.130472
       1.821498     -66.245103
       1.743056     -66.342413
       1.671728     -66.581796
       1.601824     -66.957128
       1.520007     -67.260259
       1.438181     -67.397805
       1.383577     -67.505384
       1.401739     -67.785891
       1.416679     -68.234709
       1.435007     -68.672206
       1.494507     -69.035735
       1.569133     -69.271120
       1.607613     -69.406141
       1.630879     -69.435958
       1.655745     -69.382118
       1.704486     -69.178594
       1.849392     -68.570203
       2.120895     -67.130043
       2.521857     -64.415020
       3.030377     -60.224200
       3.523994     -55.034228
       3.956955     -49.247779
       4.408630     -43.443699
       4.744298     -37.920489
       4.927787     -32.759103
       5.039804     -27.751167
       5.055198     -22.811428
       4.968706     -18.304319
       4.908930     -14.201049
       4.836873     -10.039851
       4.757098      -5.729045
       4.686627      -1.567368
       4.664445       2.372749
       4.737480       6.176558
       4.888805       9.959755
       5.070809      13.631444
       5.291351      16.955531
       5.500019      19.985070
       5.647363      22.814731
       5.714103      25.518947
       5.687810      28.074397
       5.540407      30.347292
       5.314289      32.380177
       5.109943      34.280597
       4.937860      36.177245
       4.827097      38.050818
       4.711802      39.993663
       4.613543      41.998978
       4.548837      43.944444
       4.556327      45.888375
       4.561957      47.755143
       4.538962      49.508188
       4.575783      51.077731
       4.639302      52.599669
       4.731971      54.240080
       4.888758      55.880890
       4.989515      57.438906
       5.038273      58.838788
       4.994753      60.122523
       4.869275      61.303115
       4.697690      62.485519
       4.544971      63.667835
       4.472371      64.800804
       4.394714      65.851820
       4.276856      66.919525
       4.164330      68.028781
       4.023469      69.281995
       4.035524      70.810807
       4.355740      72.714342
       4.744857      74.772588
       5.157017      76.863279
       5.526172      78.734321
       5.680414      80.072368
       5.697288      80.870401
       5.691401      81.316927
       5.747397      81.548976
       5.806631      81.574417
       5.870228      81.372147
       5.964322      80.568897
       6.118489      78.555938
       6.318568      75.472320
       6.319414      71.274507
       6.198848      66.388866
       6.204185      61.279816
       6.135625      56.371930
       6.031728      51.632335
       5.785477      46.678691
       5.739232      41.206171
       5.565640      35.248116
       5.289308      28.620676
       5.069550      21.199863
       5.211766      13.629749
       5.496667       6.361963
       6.066198      -0.128356
       6.645744      -5.543578
       7.155541     -10.318564
       7.495631     -15.296513
       7.569095     -21.138305
       7.580688     -28.012428
       7.900650     -35.932745
       8.350051     -44.364737
       8.772008     -52.448383
       9.077997     -59.624596
       9.192622     -65.667510
       8.907863     -70.640106
       8.038536     -74.871128
       6.931667     -78.586483
       5.846684     -81.980056
       5.092735     -85.081052
       4.664532     -88.057465
       4.414037     -91.214064
       4.441616     -95.109999
       4.530457     -99.566969
       4.488190    -104.195256
       4.336100    -108.788213
       4.144033    -113.175008
       3.865613    -117.381997
       3.507294    -121.148346
       3.263650    -124.617427
       3.154332    -127.944206
       3.072030    -131.255812
       2.939170    -134.511961
       2.722495    -137.609819
       2.560837    -140.693727
       2.507640    -144.061451
       2.494100    -147.680138
       2.476084    -151.231632
       2.536984    -154.661332
       2.619542    -158.378752
       2.574230    -162.483053
       2.453071    -166.938576
       2.217793    -171.370124
       1.901927    -175.523423
       1.449680    -179.561086
       0.989610     176.573744
       0.567180     172.861988
       0.156293     169.436096
      -0.342637     166.180472
      -1.116254     163.523078
      -1.812490     161.501313
      -2.338056     159.592192
      -2.908863     157.722636
      -3.154359     156.042805
      -3.037267     154.711301
      -2.903807     154.205918
      -2.479818     154.949878
      -2.001047     156.626882
      -1.609510     158.752937
      -0.906034     160.992695
      -0.299206     163.207721
       0.180064     165.597590
       0.468868     169.171291
       1.017899     174.938501
       1.754798    -177.481911
       2.228787    -169.724895
       2.468848    -162.801421
       2.375789    -157.525839
       2.187615    -154.042907
       1.801426    -151.389010
       1.703062    -147.767574
       2.008124    -142.176033
       2.400144    -135.102439
       2.640420    -126.968139
       2.712217    -117.431480
       2.797178    -106.563948
       3.033492     -94.909220
       3.095687     -83.265594
       3.097422     -71.855101
       3.215734     -61.347392
       3.111190     -51.883287
       3.050257     -43.351430
       3.336050     -35.061652
       3.863068     -26.325650
       4.357465     -17.243694
       5.157484      -7.584188
       6.062282       2.298311
       7.070181      12.571034
       7.917824      22.521435
       8.610265      32.076963
       9.111666      40.479516
       9.520414      47.593453
       9.791780      53.234715
       9.850442      57.470487
       9.733369      61.121171
       9.575035      65.404206
       9.519483      71.078317
       9.421247      77.235910
       9.137137      82.375360
       8.836010      86.051495
       8.646547      89.048395
       8.391077      92.270341
       7.962973      96.110536
       7.287110     100.201180
       6.574163     103.761077
       5.806320     106.705171
       5.180184     109.018494
       4.670481     110.745603
       4.478091     111.967688
       4.447500     112.895856
       4.516602     113.748370
       4.667613     114.657838
       4.770169     115.520863
       4.799411     116.199020
       4.876915     116.864209
       4.950748     117.784265
       5.028647     118.865196
       5.066379     119.894214
       5.177804     120.796144
       5.388162     121.714015
       5.591680     122.725412
       5.819846     123.700071
       6.105804     124.471123
       6.470397     124.669640
       6.720716     123.867901
       6.786349     122.142870
       6.657880     120.147013
       6.680283     118.440264
       6.823467     116.907126
       7.274343     115.233900
       7.989383     113.301961
       8.680679     111.306783
       9.486201     109.046023
      10.145361     106.397207
      10.484637     103.398617
      10.657242     100.458602
      11.018189      97.358218
      11.375429      94.381766
      11.509475      91.238893
      11.355054      88.338289
      11.129961      86.849961
      10.893568      87.193187
      10.685513      88.626388
      10.407837      90.388574
      10.059263      92.164739
       9.620521      93.883222
       9.088177      95.583102
       8.494255      97.539803
       7.922044     100.002790
       7.410178     103.009346
       6.676429     106.013240
       6.027619     108.575271
       5.493663     110.503208
       5.188393     111.612611
       5.030427     111.361056
       4.897260     109.450594
       4.851062     106.542461
       4.944158     103.820983
       5.307427     101.242176
       5.644102      98.722313
       5.784068      97.247410
       5.812016      97.072120
       5.635304      98.197211
       5.283465     100.290306
       5.067131     103.337729
       5.037406     106.807101
       4.637226     109.737294
       3.730553     111.578631
       2.855477     112.337628
       1.723552     112.201117
      -0.186083     111.160752
      -3.105493     110.057547
      -6.088434     109.756557
      -8.523042     110.584563
     -10.275679     112.287096
     -11.433732     114.532196
     -12.007199     116.733739
     -12.114569     118.890345
     -11.920420     121.308424
     -11.542597     123.957386
     -11.208775     126.346469
     -10.877132     128.717085
     -10.536726     131.068603
      -9.976743     133.406745
      -9.210951     135.543000
      -8.274591     137.535079
      -7.355933     139.331157
      -6.543715     140.648324
      -5.956233     141.079637
      -5.578937     140.618113
      -5.228787     139.576214
      -4.839704     138.132425
      -4.320708     136.331586
      -3.658364     133.966400
      -2.932707     131.179032
      -2.151553     128.228031
      -1.444010     125.412755
      -1.227150     123.037826
      -1.130043     121.076793
      -1.032028     119.285173
      -1.061095     117.562416
      -1.113275     115.629136
      -1.197019     113.160816
      -1.509675     109.920764
      -1.740263     106.507665
      -1.801555     103.123301
      -2.242153      99.879917
      -2.630315      96.731847
      -2.615114      93.792444
      -3.028879      91.156848
      -3.662896      88.720740
      -4.128344      86.806549
      -4.528022      84.677628
      -4.769145      81.382201
      -4.535313      76.886185
      -3.964970      71.934547
      -3.336390      66.644253
      -2.811825      61.080838
      -2.557033      55.327519
      -2.476684      50.266710
      -2.387528      46.056914
      -2.566879      41.883691
      -2.935522      37.374705
      -2.939969      32.661746
      -2.259424      27.720206
      -1.455634      22.592304
      -0.883720      17.685918
      -0.627474      13.360615
      -0.652683       9.731591
      -0.691330       6.931271
      -0.678435       4.816438
      -0.588944       3.054664
      -0.495943       1.381853
      -0.435706      -0.313979
      -0.348397      -2.180731
      -0.176714      -4.016730
       0.012229      -5.714264
       0.282195      -7.347980
       0.537586      -8.964690
       0.865569     -10.539455
       1.129139     -12.083860
       1.340905     -13.561472
       1.530565     -14.987024
       1.725485     -16.182996
       1.980684     -17.002568
       2.254686     -17.505442
       2.548319     -17.857678
       2.790357     -18.293458
       3.090046     -18.897406
       3.481712     -19.582673
       3.741738     -20.151980
       3.956952     -20.477070
       4.029069     -20.489977
       4.019387     -20.156274
       3.825467     -19.566543
       3.844932     -18.853726
       3.993163     -18.028610
       4.137650     -17.046663
       4.167772     -16.052020
       4.076210     -15.109437
       3.883565     -14.330452
       3.683062     -13.644912
       3.575759     -13.157928
       3.365006     -12.963776
       2.808770     -13.100518
       2.253506     -13.546372
       1.844209     -14.165379
       1.523387     -14.908066
       1.234151     -15.750908
       1.143271     -16.652195
       1.237553     -17.711707
       1.356241     -18.993651
       1.593852     -20.569956
       1.786960     -22.455076
       1.712661     -24.495409
       1.289934     -26.308279
       0.824011     -27.731697
       0.313220     -28.723460
      -0.136432     -29.373364
      -0.377381     -29.961168
      -0.149006     -30.938309
       1.018763     -32.688421
       2.590398     -35.165308
       3.894808     -37.884275
       4.924995     -40.648706
       5.649263     -43.259910
       5.948981     -45.642182
       5.992622     -47.653248
       5.825188     -49.347251
       5.419539     -50.877165
       5.114605     -52.436201
       4.725270     -54.266959
       4.274069     -56.277961
       4.013877     -58.317799
       3.958241     -60.254474
       3.968130     -62.002837
       3.846401     -63.577188
       3.423454     -65.149499
       2.485269     -66.830248
       1.316637     -68.655517
       0.708535     -70.872044
       0.108355     -73.318230
      -0.183742     -75.777186
      -0.292880     -78.207674
      -0.211090     -80.399192
      -0.142483     -82.347704
      -0.145113     -84.084945
      -0.187506     -85.708958
      -0.176479     -87.121507
      -0.238872     -88.401158
      -0.319768     -89.718888
      -0.396048     -91.115612
      -0.498669     -92.527423
      -0.639346     -93.925158
      -0.963507     -95.163932
      -1.389638     -96.245406
      -1.694188     -97.360627
      -1.835489     -98.656433
      -1.991330     -99.894128
      -2.083165    -100.885185
      -2.129266    -101.723351
      -2.071048    -102.593351
      -1.943812    -103.509075
      -1.794957    -104.389964
