      13.594800      35.529114
      13.486516      35.499887
      13.399630      35.437280
      13.331750      35.372606
      13.334799      35.305795
      13.355168      35.192450
      13.371500      34.923696
      13.366814      34.626269
      13.325476      34.390730
      13.294108      34.256003
      13.264100      34.252652
      13.259401      34.339840
      13.304621      34.409779
      13.341084      34.442027
      13.315872      34.393447
      13.223816      34.191101
      13.085035      33.846704
      12.921339      33.425972
      12.736585      33.023842
      12.538921      32.747922
      12.381990      32.620044
      12.270517      32.619429
      12.211559      32.637065
      12.156632      32.680747
      12.142229      32.700102
      12.096871      32.659257
      12.053386      32.608894
      12.004948      32.538839
      11.973520      32.532710
      11.967390      32.559003
      11.963640      32.520803
      11.934175      32.449975
      11.888614      32.369934
      11.814961      32.241487
      11.689737      32.007512
      11.360825      31.668745
      10.770475      31.178222
       9.903457      30.238487
       8.581044      28.880488
       7.036864      27.429923
       5.475875      25.942809
       4.226873      24.550442
       3.202326      23.485993
       2.664832      22.682749
       2.740875      21.950999
       3.406500      21.097385
       4.425114      20.230390
       5.361571      19.356841
       6.076940      18.149802
       6.991673      17.186083
       7.876887      16.205918
       8.091854      15.296975
       8.146632      14.436781
       8.406974      13.358333
       8.681288      12.425194
       8.597806      11.791516
       8.215020      11.430446
       6.927456      12.025705
       5.223094      13.016910
       3.796382      13.749470
       2.883169      14.137795
       2.262262      14.384445
       2.085511      14.522637
       1.776894      14.662172
       1.608670      14.901032
       1.937742      14.973787
       2.766874      14.816842
       3.498027      14.360672
       3.859702      13.781851
       3.859958      13.508000
       4.001547      13.334853
       4.380610      13.185218
       4.959179      12.976579
       5.425999      12.617054
       5.383922      12.013291
       4.581054      11.317053
       4.089912      10.610663
       4.515475       9.632003
       5.141915       8.535719
       5.463238       7.634615
       5.358943       7.124844
       5.032162       6.951245
       4.621017       6.985438
       4.467453       7.166663
       4.515044       7.496252
       4.520814       7.872005
       4.561690       8.195770
       4.659673       8.505504
       4.701182       8.792725
       4.620725       8.954950
       4.535872       8.969358
       4.455885       8.931067
       4.399757       8.959319
       4.408630       9.115133
       4.426409       9.290768
       4.443275       9.448466
       4.352217       9.542365
       4.198945       9.606776
       4.079310       9.651899
       4.026223       9.670150
       3.958859       9.652972
       3.888864       9.565869
       3.814616       9.407854
       3.726938       9.254419
       3.660610       9.166655
       3.640990       9.150038
       3.663039       9.180878
       3.729639       9.231402
       3.771236       9.318616
       3.798744       9.387813
       3.780685       9.399574
       3.752564       9.403422
       3.764509       9.356622
       3.781665       9.285119
       3.770554       9.218626
       3.734269       9.167651
       3.711880       9.144978
       3.710153       9.141733
       3.683885       9.115139
       3.689306       9.039387
       3.674939       8.961443
       3.639118       8.905499
       3.593806       8.859668
       3.583785       8.815658
       3.571272       8.796211
       3.555829       8.755287
       3.523014       8.742955
       3.511861       8.753147
       3.493230       8.755718
       3.477014       8.753556
       3.445847       8.742074
       3.443073       8.701456
       3.442873       8.683537
       3.480567       8.647606
       3.453525       8.595305
       3.398376       8.556146
       3.364926       8.530962
       3.345675       8.513215
       3.320855       8.514253
       3.312683       8.515973
       3.289247       8.515563
       3.251106       8.503638
       3.196216       8.463989
       3.150305       8.442970
       3.126013       8.454509
       3.099623       8.466934
       3.076988       8.490204
       3.096000       8.511722
       3.096083       8.520167
       3.107345       8.533374
       3.122027       8.515388
       3.092833       8.459677
       3.068763       8.414194
       3.054863       8.425534
       3.060862       8.457574
       3.051413       8.472324
       3.021526       8.463570
       2.983049       8.430481
       2.976744       8.416077
       2.967390       8.400980
       2.935137       8.398125
       2.930908       8.396912
       2.940048       8.380830
       2.921736       8.376096
       2.893670       8.383520
       2.886853       8.379334
       2.899340       8.397721
       2.878288       8.403779
       2.870410       8.366824
       2.840681       8.344201
       2.814095       8.339697
       2.801160       8.346498
       2.791908       8.356474
       2.788019       8.361162
       2.774773       8.364494
       2.760935       8.362428
       2.750203       8.358817
       2.749634       8.323014
       2.722225       8.311741
       2.714644       8.330349
       2.704496       8.335220
       2.693574       8.336271
       2.675011       8.332953
       2.654502       8.318580
       2.646435       8.315228
       2.641148       8.301864
       2.609493       8.274808
       2.607724       8.246823
       2.596513       8.253814
       2.582377       8.280468
       2.575620       8.297496
       2.563063       8.299453
       2.528596       8.292774
       2.512705       8.292407
       2.497149       8.282969
       2.458936       8.255940
       2.408305       8.268047
       2.367364       8.275288
       2.339484       8.270448
       2.293050       8.282245
       2.229215       8.297387
       2.157934       8.313286
       2.095012       8.332230
       2.040836       8.333632
       1.985090       8.329099
       1.931863       8.321607
       1.867767       8.333714
       1.794743       8.352248
       1.746555       8.376859
       1.696531       8.395000
       1.653846       8.405733
       1.597990       8.416141
       1.504443       8.403810
       1.439814       8.421193
       1.412906       8.442638
       1.388273       8.462134
       1.386992       8.503760
       1.431506       8.541804
       1.540007       8.610609
       1.655094       8.731636
       1.716007       8.882518
       1.728544       8.998542
       1.790490       9.045365
       1.859814       9.073446
       1.921014       9.135846
       1.957198       9.212105
       1.986480       9.269290
       1.994808       9.292372
       1.997952       9.303949
       2.018135       9.300125
       2.124979       9.264976
       2.276368       9.165597
       2.259576       9.105886
       2.107521       9.131999
       1.988582       9.265734
       1.975166       9.428674
       2.011680       9.560647
       2.045932       9.637840
       2.035840       9.660638
       2.015915       9.638097
       1.994603       9.602493
       2.008820       9.581712
       2.006379       9.548514
       1.995739       9.516630
       1.972978       9.507968
       1.968450       9.496987
       1.980371       9.486551
       1.983240       9.477141
       1.969966       9.453593
       1.954448       9.467625
       1.936664       9.491078
       1.911632       9.501398
       1.876577       9.494992
       1.845702       9.490653
       1.797393       9.496235
       1.758058       9.500851
       1.702475       9.500234
       1.638074       9.476600
       1.572057       9.435073
       1.508349       9.447748
       1.434782       9.480858
       1.368910       9.487232
       1.316880       9.485090
       1.292839       9.467332
       1.294862       9.459600
       1.296657       9.459938
       1.306568       9.444191
       1.331951       9.421956
       1.358375       9.425405
       1.367815       9.437280
       1.391721       9.434784
       1.409403       9.423036
       1.424495       9.384759
       1.420462       9.350443
       1.437770       9.358698
       1.445767       9.354272
       1.463885       9.332706
       1.485378       9.308854
       1.499101       9.264455
       1.500324       9.235078
       1.505211       9.217328
       1.514950       9.192486
       1.527035       9.177307
       1.532586       9.174375
       1.535661       9.169032
       1.539341       9.144612
       1.534589       9.123701
       1.520556       9.069390
       1.507707       9.039264
       1.511734       9.038715
       1.511749       9.042626
       1.493205       9.054901
       1.492406       9.076496
       1.481178       9.085138
       1.476124       9.096300
       1.459517       9.089815
       1.442233       9.070052
       1.430178       9.075746
       1.430547       9.098562
       1.428497       9.116556
       1.430000       9.110154
       1.431124       9.105696
       1.416764       9.069720
       1.398757       9.054742
       1.420603       9.077822
       1.420523       9.078029
       1.410499       9.060553
       1.405685       9.063724
       1.402487       9.062188
       1.391636       9.069938
       1.381843       9.064889
       1.369208       9.039859
       1.343856       9.027514
       1.326719       9.038697
       1.307557       9.034084
       1.308508       9.008785
       1.311991       8.991644
       1.291212       8.988659
       1.285061       8.966111
       1.272379       8.965955
       1.262712       8.981052
       1.274380       8.971950
       1.258513       8.965321
       1.258311       8.973992
       1.251708       8.972685
       1.237986       8.974037
       1.222422       8.970842
       1.179216       8.954056
       1.145716       8.919194
       1.124581       8.892853
       1.078771       8.884481
       1.042625       8.876153
       0.999157       8.876509
       0.950906       8.858650
       0.889615       8.851668
       0.823172       8.817517
       0.784009       8.807260
       0.737487       8.803740
       0.695584       8.776253
       0.687227       8.749917
       0.700998       8.738520
       0.707323       8.685893
       0.736421       8.559540
       0.730811       8.304281
       0.686946       7.776847
       0.652663       6.983104
       0.574754       6.179071
       0.406421       5.554811
       0.217992       5.191958
       0.059995       4.945313
       0.037905       4.801766
       0.065377       4.772292
       0.054002       4.832135
       0.059243       4.914365
       0.091501       4.915685
       0.092313       4.852474
       0.108801       4.789205
       0.121597       4.742944
       0.101662       4.731793
       0.103294       4.736475
       0.086325       4.745160
       0.068737       4.772492
       0.058770       4.807551
       0.057780       4.845493
       0.048526       4.855307
       0.032634       4.852958
       0.016725       4.858727
       0.004379       4.886976
      -0.017158       4.886307
      -0.044913       4.913918
      -0.069608       4.946158
      -0.099580       4.961486
      -0.124062       4.957479
      -0.149184       4.958784
      -0.176737       4.947101
      -0.221382       4.953622
      -0.293565       4.944670
      -0.383321       4.904702
      -0.445010       4.868113
      -0.485944       4.854631
      -0.517068       4.880994
      -0.560859       4.902673
      -0.621173       4.897795
      -0.674697       4.878553
      -0.708516       4.865017
      -0.749984       4.846033
      -0.803738       4.874848
      -0.860506       4.887912
      -0.892986       4.864385
      -0.921699       4.840273
      -0.933761       4.818162
      -0.937323       4.791802
      -0.923000       4.786560
      -0.912904       4.777821
      -0.888402       4.766937
      -0.878593       4.756285
      -0.866548       4.763017
      -0.861247       4.756053
      -0.848290       4.736400
      -0.848872       4.714572
      -0.851868       4.664105
      -0.845077       4.650386
      -0.831011       4.657501
      -0.823004       4.640508
      -0.805678       4.625343
      -0.793161       4.620617
      -0.773027       4.603534
      -0.744594       4.597206
      -0.731242       4.589431
      -0.723743       4.570538
      -0.700843       4.562242
      -0.697359       4.577370
      -0.681035       4.597623
      -0.660373       4.613174
      -0.651345       4.632314
      -0.652355       4.637244
      -0.648259       4.613148
      -0.644315       4.614994
      -0.639799       4.611502
      -0.637449       4.613143
      -0.636297       4.625664
      -0.618317       4.628858
      -0.619140       4.622755
      -0.629089       4.616517
      -0.631665       4.585403
      -0.639363       4.552285
      -0.653433       4.530791
      -0.654131       4.541745
      -0.655925       4.553871
      -0.660758       4.551129
      -0.674354       4.539138
      -0.690382       4.533644
      -0.704963       4.522209
      -0.727837       4.491109
      -0.747211       4.505184
      -0.772036       4.522908
      -0.796944       4.521889
      -0.826700       4.527644
      -0.855830       4.533682
      -0.900220       4.536789
      -0.940627       4.547508
      -0.968206       4.546018
      -1.023427       4.536154
      -1.066372       4.532175
      -1.085693       4.561758
      -1.109581       4.613068
      -1.160449       4.648708
      -1.225697       4.645757
      -1.260206       4.638034
      -1.282260       4.616129
      -1.329531       4.617447
      -1.390078       4.653425
      -1.448856       4.656248
      -1.458459       4.633991
      -1.437444       4.637985
      -1.421064       4.637784
      -1.395478       4.635567
      -1.344601       4.625264
      -1.305309       4.600082
      -1.289528       4.569154
      -1.249716       4.552808
      -1.209141       4.550381
      -1.179977       4.549648
      -1.149825       4.538931
      -1.110635       4.512054
      -1.108031       4.465518
      -1.095897       4.455970
      -1.068144       4.456916
      -1.037150       4.439706
      -1.014604       4.421638
      -1.006283       4.406053
      -0.994598       4.395528
      -0.984235       4.421645
      -0.973178       4.439557
      -0.969242       4.427936
