     -10.509366      11.312227
     -10.601102      11.151977
     -10.689916      11.022505
     -10.770345      10.916877
     -10.871224      10.798927
     -10.901781      10.730900
     -10.903850      10.715234
     -10.925851      10.751184
     -11.006389      10.764438
     -11.059464      10.724544
     -11.111331      10.632178
     -11.152872      10.537666
     -11.181026      10.477187
     -11.212887      10.470725
     -11.217309      10.496955
     -11.200885      10.566017
     -11.191225      10.634275
     -11.187319      10.636137
     -11.215819      10.583118
     -11.217194      10.504499
     -11.238870      10.437683
     -11.260228      10.394322
     -11.272485      10.363516
     -11.249273      10.305716
     -11.272615      10.243993
     -11.295346      10.171357
     -11.266830      10.074533
     -11.193075       9.983836
     -11.154123       9.923913
     -11.182079       9.928220
     -11.217191       9.963876
     -11.248252       9.949276
     -11.291838       9.884139
     -11.345976       9.793198
     -11.413261       9.756882
     -11.460817       9.761562
     -11.490536       9.749393
     -11.494426       9.713471
     -11.519622       9.665093
     -11.569735       9.628482
     -11.594465       9.604200
     -11.608486       9.573496
     -11.643894       9.530646
     -11.677992       9.504626
     -11.681398       9.490008
     -11.720908       9.459249
     -11.764499       9.407852
     -11.824347       9.342227
     -11.864984       9.300969
     -11.898482       9.254533
     -11.929534       9.208971
     -11.975689       9.164770
     -12.021810       9.124240
     -12.069851       9.089520
     -12.107055       9.061303
     -12.163287       9.041256
     -12.211663       9.028888
     -12.266233       8.990774
     -12.351754       8.918497
     -12.412983       8.855319
     -12.476252       8.795949
     -12.548753       8.745762
     -12.634930       8.676768
     -12.712030       8.618783
     -12.788985       8.550474
     -12.860332       8.496108
     -12.941978       8.436574
     -13.009914       8.395267
     -13.091439       8.346258
     -13.173995       8.314404
     -13.240778       8.288150
     -13.284451       8.323901
     -13.352076       8.439289
     -13.340700       8.633910
     -13.266889       8.890378
     -13.076458       9.222556
     -12.764693       9.679334
     -12.297258      10.381555
     -11.833484      11.300492
     -11.418713      12.240000
     -10.872896      13.060787
     -10.081510      13.754392
      -9.094752      14.473372
      -7.786024      15.151815
      -6.193513      15.787202
      -4.287792      16.518500
      -1.937190      17.677771
       0.574062      19.408888
       3.196152      21.512172
       5.455814      23.828788
       7.177682      26.131318
       8.330989      28.290903
       9.027972      30.221121
       9.577314      31.558048
       9.982185      32.278809
      10.091252      32.578016
       9.801035      32.659424
       9.217834      32.473816
       8.767323      32.108606
       8.377786      31.780884
       8.104454      31.560190
       7.951084      31.311715
       7.815802      30.845528
       7.739437      30.213789
       7.775323      29.528179
       7.732962      28.830786
       7.635349      28.169041
       7.593315      27.671810
       7.530925      27.313889
       7.434716      27.058839
       7.323184      26.851636
       7.205334      26.682454
       7.113904      26.509464
       7.014405      26.360708
       6.865783      26.203112
       6.716520      26.040176
       6.606927      25.886359
       6.503791      25.789296
       6.406010      25.731507
       6.391502      25.699633
       6.356045      25.687568
       6.297024      25.729122
       6.231200      25.789915
       6.144705      25.830029
       6.055893      25.833053
       5.997964      25.779456
       5.957561      25.727726
       5.904765      25.681992
       5.860637      25.635272
       5.852418      25.598298
       5.804254      25.594095
       5.758328      25.619448
       5.714956      25.656762
       5.698444      25.670860
       5.638100      25.673310
       5.600155      25.689489
       5.592779      25.718073
       5.568774      25.731485
       5.525238      25.755105
       5.484139      25.769474
       5.406718      25.765834
       5.324915      25.741947
       5.245481      25.679530
       5.181293      25.601693
       5.129894      25.536631
       5.059851      25.472514
       5.012438      25.424135
       4.944406      25.361769
       4.874130      25.287830
       4.794171      25.219936
       4.712441      25.163381
       4.646498      25.079772
       4.571895      24.981886
       4.498406      24.890598
       4.432263      24.807704
       4.353909      24.728481
       4.279318      24.643718
       4.222769      24.537286
       4.173485      24.433703
       4.139267      24.348737
       4.122485      24.305470
       4.125784      24.291203
       4.134404      24.272540
       4.145937      24.231979
       4.159018      24.214525
       4.178950      24.209126
       4.186083      24.224669
       4.201298      24.275575
       4.235116      24.283874
       4.245273      24.249389
       4.248958      24.217398
       4.268091      24.193861
       4.280509      24.182364
       4.271292      24.213850
       4.281311      24.267034
       4.266894      24.335164
       4.293865      24.348608
       4.257214      24.334122
       4.225195      24.310757
       4.224440      24.288396
       4.216155      24.252128
       4.202793      24.250472
       4.207998      24.267542
       4.182074      24.298355
       4.170082      24.310442
       4.171700      24.298590
       4.171852      24.276095
       4.138252      24.273098
       4.131972      24.291030
       4.122881      24.326805
       4.116740      24.357873
       4.111581      24.360277
       4.097609      24.362582
       4.071529      24.348975
       4.067138      24.333641
       4.076710      24.334032
       4.093302      24.347991
       4.099252      24.383299
       4.075551      24.412216
       4.081857      24.398227
       4.080808      24.370428
       4.073576      24.365209
       4.071773      24.381170
       4.073166      24.397069
       4.056845      24.415907
       4.060225      24.438771
       4.051623      24.462644
       4.055759      24.455409
       4.037455      24.449063
       4.039995      24.443395
       4.014660      24.432462
       3.993960      24.410987
       4.003579      24.405520
       4.009657      24.417235
       3.981296      24.442931
       3.965268      24.436421
       3.956204      24.395731
       3.940265      24.374151
       3.907190      24.378221
       3.899609      24.389689
       3.879768      24.403837
       3.871389      24.426255
       3.869914      24.455895
       3.862369      24.477749
       3.870221      24.472414
       3.866385      24.473555
       3.868850      24.494797
       3.872419      24.522159
       3.839104      24.553402
       3.827726      24.585774
       3.822232      24.636642
       3.815654      24.696597
       3.818528      24.750255
       3.829686      24.777398
       3.820448      24.791051
       3.779941      24.794106
       3.756622      24.759393
       3.710798      24.681137
       3.725508      24.542464
       3.914433      24.336541
       4.304620      24.189295
       4.861813      24.213580
       5.270630      24.361295
       5.402551      24.598606
       5.338801      24.881028
       5.186848      25.062013
       4.899045      25.054411
       4.530409      24.979424
       4.407588      24.976684
       4.365299      25.118650
       4.292820      25.274449
       4.308567      25.635761
       4.374817      25.800839
       3.826921      25.584373
       2.869037      24.806137
       1.770401      23.754247
       1.122530      22.754421
       0.836684      21.740607
       0.221466      21.131044
      -1.297663      20.186052
      -1.722876      19.272823
      -2.252614      18.626612
      -3.438050      17.684331
      -4.914742      16.121563
      -6.220631      14.453421
      -7.129210      13.114791
      -7.351146      12.248626
      -7.033062      11.540555
      -6.247907      10.829051
      -5.004247      10.207309
      -3.876373       9.867042
      -2.993493       9.815795
      -2.554933       9.952914
      -2.376924      10.199605
      -2.417255      10.439613
      -2.571870      10.572259
      -2.754211      10.797793
      -2.554332      11.047249
      -2.238926      11.246092
      -1.853342      11.534896
      -1.562594      11.928443
      -1.223935      12.326625
      -0.928244      12.643159
      -0.731806      12.947281
      -0.658396      13.214658
      -0.641473      13.412877
      -0.672407      13.544489
      -0.703833      13.637232
      -0.788586      13.705135
      -0.911240      13.770436
      -0.912951      13.794404
      -0.906559      13.728650
      -0.977729      13.603311
      -1.090277      13.466456
      -1.217726      13.300865
      -1.381549      13.120167
      -1.566141      12.906203
      -1.732363      12.669413
      -1.833664      12.382749
      -1.682193      12.109780
      -1.313894      11.888694
      -0.912396      11.761580
      -0.745271      11.745938
      -0.929104      11.804699
      -1.207728      11.959548
      -1.377362      12.246598
      -1.464750      12.611673
      -1.497687      12.915268
      -1.586012      13.078739
      -1.681975      13.088973
      -1.674897      13.050947
      -1.702718      12.998891
      -1.745921      12.945231
      -1.774835      12.891878
      -1.799912      12.789197
      -1.839952      12.648082
      -1.851324      12.512864
      -1.883472      12.388746
      -1.898526      12.295813
      -1.939541      12.209236
      -1.983863      12.105606
      -2.053838      11.962002
      -2.061693      11.812305
      -2.090915      11.680221
      -2.129290      11.584796
      -2.165177      11.526420
      -2.188870      11.500228
      -2.174897      11.492316
      -2.106402      11.518387
      -2.043065      11.528521
      -2.062161      11.467047
      -2.084431      11.334721
      -2.049622      11.162346
      -1.959849      11.069706
      -1.866119      11.047799
      -1.845643      11.057638
      -1.866248      11.073176
      -1.893263      11.005067
      -1.920828      10.887313
      -1.919086      10.859885
      -1.914259      10.897326
      -1.898482      10.974073
      -1.935559      11.003381
      -1.948211      10.963301
      -1.954440      10.838290
      -2.038108      10.682654
      -2.109854      10.563770
      -2.179852      10.463320
      -2.308358      10.314383
      -2.389836      10.142821
      -2.453998       9.976342
      -2.506505       9.863231
      -2.539374       9.798433
      -2.597380       9.753596
      -2.641689       9.709557
      -2.683056       9.615674
      -2.736456       9.475003
      -2.822103       9.313719
      -2.884773       9.173285
      -2.927916       9.069034
      -2.957307       8.974645
      -3.024896       8.885141
      -3.093925       8.810889
      -3.182949       8.726137
      -3.264375       8.625868
      -3.341843       8.515162
      -3.423375       8.424570
      -3.523148       8.336044
      -3.607092       8.248987
      -3.682410       8.165527
      -3.742531       8.096593
      -3.801732       8.033259
      -3.852361       7.990078
      -3.902754       7.942925
      -3.961940       7.912171
      -4.021173       7.880676
      -4.075363       7.837907
      -4.114697       7.802658
      -4.142991       7.776498
      -4.146137       7.765863
      -4.165103       7.738212
      -4.181965       7.679344
      -4.176782       7.618246
      -4.169469       7.595263
      -4.170960       7.627346
      -4.177575       7.658595
      -4.189656       7.692136
      -4.211254       7.709332
      -4.225940       7.710660
      -4.253936       7.676303
      -4.284425       7.611495
      -4.308933       7.555248
      -4.332956       7.530503
      -4.341207       7.514490
      -4.356372       7.495063
      -4.357551       7.481831
      -4.372085       7.490646
      -4.385058       7.508044
      -4.389784       7.495177
      -4.389135       7.495845
      -4.392061       7.517265
      -4.409036       7.527348
      -4.435178       7.510971
      -4.471568       7.453697
      -4.515355       7.399815
      -4.544101       7.366164
      -4.576423       7.336140
      -4.610822       7.319390
      -4.628332       7.314989
      -4.650710       7.331058
      -4.680206       7.324012
      -4.694997       7.310450
      -4.712478       7.300079
      -4.714507       7.290016
      -4.730127       7.284720
      -4.729339       7.272898
      -4.729294       7.267361
      -4.743288       7.277294
      -4.760652       7.268433
      -4.777100       7.228378
      -4.790721       7.172135
      -4.820828       7.127712
      -4.849143       7.101523
      -4.883260       7.081770
      -4.914065       7.030277
      -4.946614       6.977427
      -4.983427       6.934486
      -5.036182       6.887343
      -5.083261       6.836549
      -5.130862       6.787132
      -5.199401       6.752657
      -5.269143       6.708525
      -5.328558       6.648976
      -5.386370       6.594795
      -5.432858       6.571775
      -5.476030       6.575244
      -5.506701       6.595384
      -5.539486       6.608551
      -5.576401       6.593461
      -5.623264       6.587267
      -5.659787       6.578935
      -5.695105       6.554947
      -5.723246       6.536524
      -5.785343       6.515602
      -5.854449       6.511482
      -5.904073       6.511488
      -5.940300       6.512094
      -5.930760       6.522758
      -5.918197       6.526889
      -5.910654       6.519232
      -5.915407       6.501079
      -5.908516       6.466311
      -5.860923       6.486603
      -5.810749       6.561207
      -5.794138       6.614363
      -5.766794       6.617567
      -5.739117       6.576456
      -5.705452       6.534863
      -5.681263       6.500323
      -5.660590       6.458181
      -5.640739       6.432982
      -5.613592       6.426441
      -5.583766       6.460524
      -5.544447       6.486020
      -5.507157       6.473335
      -5.497365       6.453651
      -5.490814       6.453163
      -5.465109       6.477748
      -5.426259       6.510468
      -5.398659       6.528018
      -5.390868       6.535665
      -5.379583       6.539043
      -5.367613       6.533139
      -5.363317       6.520326
      -5.369229       6.534482
      -5.368921       6.584892
      -5.381966       6.693466
      -5.406883       6.829264
      -5.419234       6.964085
      -5.453236       7.040282
      -5.537983       7.056692
      -5.583683       7.068233
      -5.561256       7.111071
      -5.512285       7.211127
      -5.404314       7.365432
      -5.186237       7.544835
      -4.880397       7.764965
      -4.572301       8.012581
      -4.304320       8.294910
      -4.220856       8.563800
      -4.323455       8.741648
      -4.459065       8.879432
      -4.491894       9.013208
      -4.510672       9.139579
      -4.541147       9.235580
