      18.386975      22.157017
      18.352353      22.131741
      18.368994      22.142854
      18.434012      22.177186
      18.456991      22.185873
      18.514200      22.159858
      18.539063      22.126751
      18.578251      22.104134
      18.560462      22.073770
      18.492635      22.059112
      18.430796      22.070676
      18.412795      22.087149
      18.385353      22.110868
      18.339505      22.143799
      18.297201      22.133116
      18.228711      22.046651
      18.030868      21.830200
      17.724003      21.476619
      17.249279      20.968297
      16.616084      20.228394
      15.833340      19.325791
      14.934509      18.304082
      14.010439      17.177447
      13.036951      15.926073
      12.032027      14.630832
      11.021589      13.376522
       9.993207      12.231257
       8.962351      11.149501
       7.960609      10.153298
       7.024579       9.231247
       6.167591       8.316598
       5.355951       7.386082
       4.581057       6.423609
       3.862810       5.428136
       3.113138       4.490713
       2.333140       3.725800
       1.542932       3.187210
       0.789445       2.889172
       0.172893       2.692769
      -0.344175       2.527015
      -0.736255       2.343725
      -1.025581       2.106047
      -1.187205       1.693053
      -1.323131       1.075283
      -1.464836       0.149700
      -1.652129      -1.145528
      -1.799790      -2.732536
      -1.907537      -4.361107
      -1.983101      -5.986612
      -2.025332      -7.553649
      -1.986394      -9.265998
      -1.979854     -10.909073
      -2.081173     -12.368791
      -2.244750     -13.662602
      -2.413529     -14.954395
      -2.631313     -16.247642
      -2.826582     -17.425741
      -3.016031     -18.396689
      -3.255428     -19.182016
      -3.473300     -19.869785
      -3.800802     -20.272688
      -4.084806     -20.631477
      -4.368246     -21.017232
      -4.644276     -21.322571
      -4.856089     -21.500309
      -5.072519     -21.668515
      -5.285395     -21.902300
      -5.514181     -22.142295
      -5.736846     -22.316949
      -5.909117     -22.407227
      -6.040248     -22.452756
      -6.155926     -22.472184
      -6.260894     -22.465989
      -6.363035     -22.417286
      -6.432030     -22.303391
      -6.472678     -22.196483
      -6.493440     -22.055636
      -6.483010     -21.834173
      -6.444154     -21.554943
      -6.264903     -21.366282
      -6.047296     -21.330956
      -5.982489     -21.341052
      -6.004711     -21.336214
      -6.013747     -21.271013
      -6.043797     -21.125703
      -5.931837     -21.102336
      -5.823994     -21.191142
      -5.895667     -21.149129
      -5.940803     -20.970407
      -5.952903     -20.648358
      -5.962235     -20.147601
      -5.889709     -19.664039
      -5.881572     -19.368364
      -6.011772     -19.077786
      -6.178919     -18.636540
      -6.285524     -18.070015
      -6.309879     -17.391863
      -6.308758     -16.660643
      -6.281247     -15.870356
      -6.303491     -14.994254
      -6.308661     -14.114595
      -6.364940     -13.267100
      -6.391652     -12.448490
      -6.540347     -11.566424
      -6.743839     -10.641077
      -6.993033      -9.554171
      -7.181383      -8.302561
      -7.368354      -6.900560
      -7.632049      -5.325370
      -7.965724      -3.562465
      -8.164379      -1.699547
      -8.331870       0.143032
      -8.460474       1.870835
      -8.502295       3.407339
      -8.466784       4.721281
      -8.370798       5.820889
      -8.223349       6.804948
      -8.094054       7.813213
      -8.033175       8.989180
      -7.917998      10.267242
      -7.847879      11.643338
      -7.787029      13.105981
      -7.657408      14.775734
      -7.480487      16.443662
      -7.280772      17.983144
      -7.182286      19.338212
      -7.148559      20.398146
      -7.159483      21.126971
      -7.172268      21.641682
      -7.136280      22.397415
      -7.113063      23.671891
      -7.049749      25.292996
      -6.729668      27.140955
      -6.262395      29.106888
      -5.898975      31.231700
      -5.621010      33.483722
      -5.471024      35.667704
      -5.307027      37.707511
      -5.138778      39.657348
      -4.966616      41.487990
      -4.686291      43.276938
      -4.423478      44.979816
      -4.207838      46.605685
      -4.003867      48.176703
      -3.730478      49.708337
      -3.459506      51.171131
      -3.108944      52.527596
      -2.753520      53.769245
      -2.407190      54.887925
      -1.983640      55.912028
      -1.532155      56.891039
      -1.133552      57.859136
      -0.762953      58.932961
      -0.450872      60.117302
      -0.161172      61.306797
       0.040028      62.468335
       0.156545      63.547541
       0.232819      64.516872
       0.489228      65.484109
       0.719992      66.507770
       0.685881      67.532894
       0.395072      68.530046
      -0.094686      69.382244
      -0.509317      70.012458
      -0.889997      70.649699
      -1.512808      71.309191
      -2.225703      72.018039
      -3.059934      72.582420
      -3.844468      72.971813
      -3.955683      73.528394
      -4.481407      74.144055
      -5.499396      74.524030
      -6.203761      74.585297
      -6.607882      74.369475
      -6.764737      74.041621
      -6.595513      73.701527
      -6.148270      73.130356
      -5.258170      72.141723
      -4.095997      70.614029
      -2.852051      68.421258
      -1.840762      65.499117
      -0.818357      61.982341
       0.176927      58.271526
       1.360420      54.823127
       2.140804      51.332690
       2.850735      47.957618
       3.674615      44.731563
       4.371540      41.690076
       4.840400      38.679936
       5.086240      35.784873
       5.400628      32.967411
       5.528234      30.268307
       5.616381      27.582256
       5.653362      24.791661
       5.803369      22.298789
       5.786316      20.069647
       5.904133      18.148410
       5.924287      16.365549
       5.826031      14.693167
       5.727762      13.068228
       5.613131      11.594504
       5.511716      10.261401
       5.369726       9.091157
       5.284520       8.067626
       5.192805       7.166133
       5.094253       6.443977
       4.985164       5.921336
       4.806537       5.553530
       4.645552       5.197600
       4.493460       4.944229
       4.366597       4.689807
       4.284351       4.555779
       4.239007       4.729749
       4.204081       5.130654
       4.215132       5.509915
       4.173485       5.775604
       4.164396       5.922621
       4.172051       5.969194
       4.161102       5.981156
       4.133758       6.013139
       4.095250       6.064078
       4.039153       6.092660
       3.972943       6.100679
       3.917224       6.107059
       3.858973       6.116383
       3.805727       6.078123
       3.793460       6.028146
       3.808720       5.959227
       3.868133       5.853018
       3.896213       5.730591
       3.932419       5.609652
       4.002285       5.530730
       4.090356       5.506191
       4.127116       5.542746
       4.120589       5.608218
       4.085565       5.662619
       4.037381       5.679593
       3.985716       5.663438
       3.928224       5.653128
       3.866331       5.668615
       3.806181       5.740039
       3.739457       5.902115
       3.664166       6.281370
       3.595203       6.902652
       3.512449       7.626478
       3.426601       8.379573
       3.329750       9.152223
       3.211189       9.926760
       3.087308      10.590172
       2.923218      11.125822
       2.756530      11.520773
       2.596384      11.782394
       2.449110      11.959285
       2.348061      12.064681
       2.238520      12.138395
       2.150685      12.179743
       2.195728      12.194452
       2.295370      12.195594
       2.454332      12.136957
       2.895369      11.902119
       3.617454      11.514003
       4.746403      11.090556
       6.090308      10.770551
       7.371014      10.603647
       8.459642      10.670912
       9.279083      11.013775
       9.928245      11.503527
      10.424043      11.977234
      10.823288      12.296533
      11.184981      12.417096
      11.488460      12.409577
      11.827931      12.380108
      12.156124      12.401922
      12.467650      12.516874
      12.880684      12.919494
      13.371450      13.935551
      13.442124      15.538340
      13.271814      17.359975
      13.031612      19.336185
      12.817657      21.369638
      12.593035      23.318336
      12.365767      24.971941
      12.137955      26.309743
      11.811115      27.512529
      11.415554      28.589644
      11.162484      29.503960
      10.907995      30.270337
      10.627828      31.105116
      10.413814      32.133591
      10.180403      33.213514
       9.869876      34.222092
       9.533523      35.106589
       9.229766      35.828666
       9.015907      36.451016
       8.825804      36.936441
       8.696018      37.306445
       8.586486      37.612753
       8.434763      37.863140
       8.284744      38.032089
       8.144143      38.156752
       8.024842      38.227329
       7.907787      38.269969
       7.800705      38.296032
       7.710867      38.367566
       7.586050      38.477048
       7.375460      38.621571
       7.144035      38.821358
       6.870823      39.149214
       6.547117      39.552789
       6.244691      39.992748
       5.974455      40.406044
       5.649482      40.765255
       5.345322      41.055511
       5.048836      41.261410
       4.769337      41.379552
       4.485463      41.433125
       4.230656      41.465944
       4.030683      41.451402
       3.873599      41.413002
       3.748486      41.263780
       3.610789      40.802945
       3.454303      39.724055
       3.432322      38.003923
       3.378379      35.647142
       3.267949      33.115025
       3.126960      30.551901
       2.786409      27.928533
       2.460734      25.429852
       2.098106      23.028999
       1.710359      20.849186
       1.229136      18.671979
       0.782931      16.651582
       0.370984      14.941587
      -0.113370      13.515304
      -0.412354      12.296547
      -0.650127      11.212532
      -0.808156      10.177057
      -0.982678       9.164782
      -1.184833       8.279302
      -1.410542       7.500764
      -1.611608       6.873002
      -1.797718       6.364558
      -1.927188       5.952180
      -2.021476       5.586818
      -2.068227       5.269677
      -2.076374       4.963400
      -2.069774       4.721734
      -2.085357       4.531126
      -2.151067       4.390744
      -2.233770       4.299569
      -2.311201       4.273252
      -2.362002       4.273766
      -2.393442       4.304689
      -2.381252       4.353604
      -2.389996       4.391162
      -2.415369       4.393660
      -2.423024       4.400243
      -2.418300       4.413711
      -2.414290       4.452201
      -2.454903       4.478734
      -2.470414       4.526150
      -2.483126       4.625096
      -2.471943       4.757217
      -2.452553       4.820724
      -2.401307       4.820772
      -2.389996       4.784374
      -2.376941       4.782629
      -2.364901       4.786883
      -2.361973       4.792317
      -2.378986       4.786634
      -2.404766       4.788950
      -2.406822       4.804904
      -2.427320       4.812071
      -2.428447       4.806121
      -2.403111       4.787773
      -2.402536       4.776520
      -2.421247       4.786412
      -2.412395       4.820208
      -2.392761       4.852061
      -2.377425       4.875612
      -2.370862       4.888617
      -2.351669       4.932210
      -2.326427       5.002475
      -2.298012       5.056156
      -2.288938       5.076550
      -2.283098       5.083321
      -2.293696       5.106339
      -2.298552       5.157740
      -2.286350       5.222437
      -2.275230       5.290078
      -2.255016       5.344914
      -2.223322       5.405931
      -2.166481       5.472473
      -2.125388       5.539240
      -2.027088       5.619917
      -1.892931       5.700160
      -1.681942       5.762087
      -1.396723       5.842214
      -1.009902       5.940606
      -0.602407       6.108236
      -0.172576       6.325515
       0.234503       6.528252
       0.634224       6.790726
       1.008457       7.166785
       1.382250       7.597303
       1.747123       8.032777
       2.116105       8.454070
       2.496356       8.853604
       3.018716       9.481791
       3.593356      10.492840
       4.220081      11.649986
       4.877672      12.830692
       5.775041      13.951518
       6.836614      14.942908
       7.946549      15.681501
       9.229521      16.061419
      10.920932      16.039444
      12.800350      15.747545
      14.359541      15.266335
      15.259051      14.676625
      15.954842      13.935615
      16.547742      13.318996
      16.870874      12.910530
      16.992179      12.563823
      17.020878      12.231749
      17.102251      11.801445
      17.189913      11.255644
      17.192389      10.599368
      17.089553       9.708682
      16.955721       8.431428
      16.854539       6.757189
      16.610975       4.696254
      16.302378       2.424144
      16.020748       0.039774
      15.849100      -2.410660
      15.765835      -5.008380
      15.709696      -7.574496
      15.647656     -10.116336
      15.589168     -12.633140
      15.460628     -15.006627
      15.318097     -17.182427
      15.212185     -19.064848
      15.112486     -20.669911
      14.917941     -21.955446
      14.740970     -23.007387
      14.640286     -23.766210
      14.549199     -24.376934
      14.531116     -24.906658
      14.514939     -25.316778
      14.440414     -25.707994
      14.313740     -26.207889
      14.190131     -26.881330
      14.053987     -27.712723
      13.774753     -28.539491
      13.368324     -29.294508
      13.028203     -30.032656
      12.784430     -30.786920
      12.565957     -31.408211
      12.430130     -31.850592
      12.341501     -32.123692
      12.229845     -32.279860
      12.117499     -32.357621
      11.998650     -32.392985
      11.959286     -32.354928
      11.986283     -32.246641
      12.034614     -32.080773
      12.094774     -31.973605
      12.162896     -31.951778
      12.230381     -31.946255
      12.250053     -31.899514
      12.254322     -31.810407
      12.245668     -31.640188
      12.228170     -31.379203
      12.200848     -31.047679
      12.160776     -30.637487
      12.136257     -30.193424
      12.157408     -29.728063
      12.174007     -29.257789
      12.185480     -28.757136
      12.215628     -28.234091
      12.321505     -27.670178
      12.415784     -27.088552
      12.509838     -26.458081
      12.596581     -25.808340
      12.664472     -25.139251
      12.731652     -24.433628
      12.784134     -23.680979
      12.851266     -22.854262
      12.790539     -21.988418
      12.516215     -21.288377
      12.137544     -20.829738
      11.630633     -20.268819
      11.360838     -19.564283
      11.340960     -18.910849
      11.278513     -18.393061
      11.419954     -17.902095
      11.942492     -17.363844
      12.534054     -16.824525
      12.922875     -16.410359
      13.081993     -16.132742
      13.105314     -15.929938
      13.091888     -15.724067
      12.985206     -15.498094
      12.821258     -15.366346
      12.653763     -15.319105
      12.478454     -15.344584
      12.356390     -15.442260
      12.254187     -15.544250
      12.236612     -15.544108
      12.307033     -15.363486
      12.530145     -15.017947
      12.806732     -14.604671
      12.971089     -14.024160
      12.930579     -13.084789
      12.903665     -11.909289
      13.059903     -10.690729
      13.269044      -9.556115
      13.343807      -8.525368
      13.280400      -7.586351
      13.114847      -6.771563
      13.023210      -6.156745
      13.018293      -5.783025
      13.096788      -5.546174
      13.162502      -5.316894
      13.209660      -5.064239
      13.229445      -4.752942
      13.233298      -4.340456
      13.220775      -3.837590
      13.208219      -3.273665
      13.192150      -2.730175
      13.169271      -2.252982
      13.115173      -1.880596
      13.038038      -1.658847
      12.972710      -1.596294
      12.889761      -1.667448
      12.794213      -1.825266
      12.730549      -2.061442
      12.709717      -2.369089
      12.734580      -2.707792
      12.742582      -3.117180
      12.729208      -3.654594
      12.672704      -4.287069
      12.603257      -5.004625
      12.593747      -5.810053
      12.569954      -6.737105
      12.541006      -7.788097
      12.484051      -8.888526
      12.436799     -10.006733
      12.390049     -11.119128
      12.343565     -12.233979
      12.262882     -13.394918
      12.208054     -14.589229
      12.197100     -15.790743
      12.177534     -17.008658
      12.143825     -18.201070
      12.129891     -19.372749
      12.117625     -20.543987
      12.105802     -21.699728
      12.062595     -22.846396
      12.013787     -23.944696
      11.958572     -24.984873
      11.903214     -25.962677
      11.838466     -26.908653
      11.765713     -27.788211
      11.692302     -28.580292
      11.642079     -29.344156
      11.602930     -30.013107
      11.576085     -30.585199
      11.546201     -31.035731
      11.504400     -31.396540
      11.470320     -31.718665
      11.473304     -32.002561
      11.437100     -32.199972
      11.417530     -32.273119
      11.419215     -32.268026
      11.437848     -32.213528
      11.448583     -32.157750
      11.445877     -32.161749
      11.428545     -32.150277
      11.404059     -32.075192
      11.394089     -31.963394
      11.395199     -31.867217
      11.381723     -31.772090
      11.366520     -31.649071
      11.363621     -31.526788
      11.362604     -31.410706
      11.366422     -31.310447
      11.362420     -31.211451
      11.356937     -31.104169
      11.380683     -30.998602
      11.421486     -30.913033
      11.424378     -30.836406
      11.422442     -30.760367
      11.406636     -30.712647
      11.423577     -30.692971
      11.438622     -30.650987
      11.430969     -30.637011
      11.413854     -30.630505
      11.410869     -30.598330
      11.420161     -30.570538
      11.417523     -30.555986
      11.414490     -30.533882
      11.411629     -30.508982
      11.416605     -30.484146
      11.427171     -30.459358
      11.428358     -30.450960
      11.432525     -30.454775
      11.423857     -30.455093
      11.416719     -30.451827
      11.437302     -30.453758
      11.449943     -30.460728
      11.433859     -30.467025
      11.409852     -30.464550
      11.418082     -30.467836
      11.447744     -30.459341
      11.451348     -30.437348
      11.449747     -30.445695
      11.439412     -30.454928
      11.432873     -30.433509
      11.430430     -30.425203
      11.423570     -30.422233
      11.416782     -30.415907
      11.417978     -30.405348
      11.410506     -30.404979
      11.402376     -30.415276
      11.412477     -30.427792
      11.419143     -30.436887
      11.413224     -30.438271
      11.404670     -30.424834
      11.415945     -30.420545
      11.437195     -30.411485
      11.431538     -30.417527
      11.416248     -30.408694
      11.395229     -30.400906
      11.420067     -30.407827
      11.423568     -30.393528
      11.424845     -30.401076
      11.401525     -30.423771
      11.385111     -30.422840
      11.391765     -30.412114
      11.387023     -30.427141
      11.366981     -30.446832
      11.347410     -30.454472
      11.344256     -30.451592
      11.330861     -30.451482
      11.327113     -30.458506
      11.330646     -30.474082
      11.322255     -30.492740
      11.308854     -30.506527
      11.308897     -30.523189
      11.337026     -30.555508
      11.319487     -30.569530
      11.306690     -30.564442
      11.296295     -30.558553
      11.321746     -30.566832
      11.333995     -30.550726
      11.337939     -30.551323
      11.329925     -30.556209
      11.322836     -30.545607
      11.337875     -30.530457
      11.335353     -30.537357
      11.320261     -30.547277
      11.313377     -30.541279
      11.320567     -30.536772
      11.326797     -30.538506
      11.333143     -30.533277
      11.328673     -30.541201
      11.321275     -30.544193
      11.337687     -30.543931
      11.373357     -30.556409
      11.359822     -30.559534
      11.346185     -30.543486
      11.344735     -30.541051
      11.376848     -30.543547
      11.378515     -30.514614
      11.378010     -30.519481
      11.366466     -30.540528
      11.364916     -30.539934
      11.369101     -30.539309
      11.361799     -30.552540
      11.358522     -30.555163
      11.355845     -30.536470
      11.362779     -30.521827
      11.366631     -30.520843
      11.363164     -30.525826
      11.366511     -30.538122
      11.364021     -30.541327
      11.364482     -30.540184
      11.371728     -30.525773
      11.397699     -30.525863
      11.385332     -30.531334
      11.362765     -30.536257
      11.361378     -30.548557
      11.387172     -30.555435
