      25.562830       4.805418
      25.588106       4.771627
      25.611330       4.711656
      25.611050       4.669981
      25.625422       4.655021
      25.618958       4.656795
      25.613955       4.654151
      25.607063       4.642846
      25.622477       4.627149
      25.642536       4.604073
      25.628456       4.594694
      25.632890       4.584198
      25.635275       4.578566
      25.640465       4.596691
      25.631836       4.613452
      25.629247       4.618746
      25.608059       4.613902
      25.607345       4.597756
      25.603090       4.572679
      25.597154       4.543858
      25.579718       4.528667
      25.540845       4.531355
      25.448221       4.485048
      25.278679       4.390622
      25.037618       4.253031
      24.632185       4.014184
      23.936798       3.602981
      23.090673       3.202959
      22.187803       2.878843
      21.329667       2.600913
      20.581510       2.381147
      19.949954       2.211281
      19.395501       2.055977
      18.907780       1.916863
      18.418369       1.781123
      17.885112       1.629877
      17.397327       1.450516
      17.004296       1.260135
      16.724564       1.110257
      16.551966       0.990162
      16.492697       0.907645
      16.520836       0.881915
      16.618844       0.911545
      16.694188       0.925045
      16.732886       0.918966
      16.790430       0.937856
      16.876699       1.003986
      16.958351       1.032863
      17.055004       1.000844
      17.159235       0.971375
      17.305576       0.969946
      17.442715       1.010921
      17.581214       1.054981
      17.715909       1.092766
      17.787927       1.123988
      17.845856       1.141828
      17.920289       1.128250
      18.005123       1.082759
      18.117313       1.040680
      18.237298       1.034494
      18.364378       1.053173
      18.487380       1.072668
      18.584625       1.077163
      18.684519       1.086654
      18.817025       1.114875
      18.943381       1.171389
      19.034262       1.219404
      19.108334       1.255103
      19.177108       1.266472
      19.260361       1.285288
      19.357485       1.319377
      19.462815       1.344050
      19.539380       1.366929
      19.595265       1.415919
      19.661396       1.454220
      19.720239       1.459616
      19.783259       1.476299
      19.859076       1.496469
      19.971172       1.522072
      20.093661       1.555064
      20.198377       1.590880
      20.310655       1.637656
      20.446087       1.734918
      20.605011       1.810047
      20.738905       1.852887
      20.807469       1.846595
      20.856605       1.795593
      20.904243       1.700888
      20.945797       1.664183
      20.985420       1.633831
      21.023534       1.592031
      21.033592       1.546345
      21.046721       1.486102
      21.074326       1.407854
      21.081988       1.339582
      21.100629       1.304693
      21.114037       1.298399
      21.127629       1.296136
      21.140551       1.297431
      21.144745       1.299041
      21.139150       1.311593
      21.133773       1.328530
      21.151657       1.351082
      21.166692       1.391409
      21.171593       1.391454
      21.165548       1.358559
      21.160878       1.320607
      21.185129       1.305472
      21.202821       1.322171
      21.226506       1.360250
      21.222434       1.397639
      21.207294       1.419532
      21.196643       1.426234
      21.175095       1.397458
      21.153682       1.403072
      21.141338       1.456994
      21.130886       1.511405
      21.119805       1.556194
      21.118294       1.585614
      21.121801       1.609934
      21.121658       1.620755
      21.119469       1.631596
      21.134405       1.638451
      21.149318       1.651910
      21.119003       1.649841
      21.099179       1.648403
      21.093727       1.651970
      21.111232       1.672936
      21.119428       1.702183
      21.134679       1.711218
      21.119426       1.724880
      21.095298       1.777394
      21.112963       1.774609
      21.123525       1.702718
      21.133142       1.683818
      21.118836       1.693362
      21.112944       1.713194
      21.106229       1.723501
      21.116021       1.715613
      21.120528       1.716647
      21.139315       1.711620
      21.183718       1.703378
      21.200023       1.706805
      21.181868       1.725185
      21.180233       1.719339
      21.205706       1.687913
      21.227104       1.668196
      21.228738       1.650491
      21.241179       1.627117
      21.224770       1.627323
      21.213897       1.630668
      21.213919       1.622344
      21.213368       1.601036
      21.204011       1.589780
      21.202537       1.595250
      21.208069       1.612867
      21.209043       1.622896
      21.200919       1.607001
      21.205177       1.591485
      21.217326       1.589029
      21.244973       1.589101
      21.220850       1.587405
      21.197925       1.597566
      21.206264       1.601888
      21.213552       1.622730
      21.212979       1.639210
      21.218337       1.654707
      21.215976       1.659523
      21.199489       1.672967
      21.210320       1.661102
      21.201420       1.657292
      21.202041       1.673764
      21.195601       1.709193
      21.186892       1.721842
      21.185836       1.734516
      21.164166       1.731014
      21.136474       1.729359
      21.088215       1.791927
      21.055102       1.886439
      21.006886       2.013724
      20.960128       2.170356
      20.962027       2.306747
      20.983621       2.424703
      20.974614       2.548096
      20.978120       2.670379
      20.956441       2.805017
      20.923170       2.959359
      20.906161       3.140627
      20.893409       3.317625
      20.868752       3.495754
      20.835574       3.673209
      20.801378       3.873754
      20.781821       4.071798
      20.750821       4.277887
      20.737256       4.488157
      20.749624       4.735688
      20.735002       5.003851
      20.696530       5.314819
      20.663191       5.657427
      20.637573       6.021261
      20.632373       6.390978
      20.625522       6.758456
      20.633600       7.121145
      20.625360       7.454014
      20.640511       7.732819
      20.657433       7.968663
      20.652034       8.150854
      20.659133       8.295979
      20.664539       8.394739
      20.678520       8.451014
      20.703252       8.453422
      20.736566       8.412660
      20.776777       8.354935
      20.806808       8.283089
      20.810594       8.223262
      20.814599       8.177044
      20.843061       8.168825
      20.857008       8.188702
      20.873112       8.189107
      20.875562       8.186366
      20.849628       8.191629
      20.854157       8.188010
      20.851233       8.171819
      20.844734       8.189036
      20.827354       8.215371
      20.820702       8.233062
      20.815631       8.236021
      20.823531       8.207436
      20.828614       8.183865
      20.846519       8.186583
      20.856068       8.186480
      20.836261       8.184395
      20.828199       8.175639
      20.831671       8.180022
      20.838940       8.216070
      20.847989       8.247840
      20.845065       8.280447
      20.824660       8.301998
      20.809366       8.298106
      20.816187       8.282065
      20.807649       8.296242
      20.785969       8.326930
      20.764805       8.363106
      20.755064       8.397900
      20.743038       8.417027
      20.743232       8.403493
      20.740398       8.391984
      20.762369       8.401238
      20.756910       8.408209
      20.726633       8.420374
      20.706139       8.433726
      20.706037       8.443951
      20.705756       8.463891
      20.704155       8.479966
      20.705467       8.483133
      20.663750       8.498894
      20.652571       8.518604
      20.666724       8.532128
      20.665724       8.542400
      20.650021       8.574823
      20.630073       8.608472
      20.625282       8.643878
      20.626115       8.665141
      20.635989       8.668967
      20.666246       8.666353
      20.690721       8.668076
      20.685473       8.654798
      20.686313       8.622539
      20.702482       8.583457
      20.712444       8.584703
      20.699138       8.599656
      20.691816       8.603563
      20.683039       8.610103
      20.675902       8.614711
      20.685905       8.596799
      20.683867       8.580963
      20.678080       8.588611
      20.664417       8.616148
      20.667264       8.640662
      20.665289       8.638689
      20.661940       8.620445
      20.657168       8.605673
      20.675047       8.609951
      20.692850       8.619974
      20.679591       8.614167
      20.671443       8.611663
      20.676001       8.603361
      20.692984       8.622126
      20.689103       8.648773
      20.689628       8.676880
      20.660925       8.714858
      20.640926       8.748211
      20.633886       8.767433
      20.608205       8.796752
      20.530415       8.897036
      20.374402       9.156993
      20.081301       9.758144
      19.712346      10.850278
      19.229796      12.448782
      18.619475      14.443875
      17.831741      16.681886
      16.879998      19.178186
      15.776494      21.903077
      14.549035      24.893661
      13.187518      28.360458
      11.732887      32.538123
      10.167064      36.913094
       8.483419      41.023129
       6.814443      44.902137
       5.262276      48.319349
       3.854571      51.187956
       2.806951      53.535899
       2.165963      55.531349
       1.829048      56.988519
       1.775831      57.958792
       1.930530      58.569684
       2.168918      59.025540
       2.394103      59.453595
       2.624406      59.952333
       2.803737      60.466823
       2.988803      60.925394
       3.217838      61.235797
       3.459867      61.433351
       3.812551      61.617132
       4.125521      61.799153
       4.416286      61.936607
       4.734905      62.049659
       4.997886      62.147858
       5.144710      62.207114
       5.200827      62.237728
       5.214577      62.249574
       5.198601      62.258579
       5.223247      62.296114
       5.275758      62.354889
       5.289838      62.412595
       5.252562      62.442039
       5.249383      62.451884
       5.245830      62.422416
       5.270800      62.370189
       5.269960      62.329759
       5.303016      62.374366
       5.348119      62.347817
       5.409945      62.308859
       5.453805      62.319001
       5.492812      62.348556
       5.508873      62.328889
       5.584862      62.311506
       5.640572      62.304949
       5.678911      62.316475
       5.672650      62.302477
       5.666917      62.278265
       5.666006      62.256292
       5.637314      62.265622
       5.604401      62.280174
       5.611030      62.302307
       5.646789      62.300826
       5.660928      62.271960
       5.679008      62.250978
       5.683623      62.224255
       5.690688      62.202466
       5.663235      62.180124
       5.668786      62.158942
       5.710803      62.130631
       5.787803      62.094931
       5.847769      62.085188
       5.874239      62.055424
       5.884540      62.024820
       5.857565      62.028861
       5.831379      62.036458
       5.833826      62.044652
       5.829537      62.035632
       5.839209      62.024335
       5.811447      62.054652
       5.817376      62.065343
       5.797911      62.033563
       5.840667      61.997854
       5.945096      61.939876
       6.176819      61.819558
       6.498395      61.663079
       6.843707      61.441657
       7.044689      61.144665
       7.054086      60.754942
       6.958500      60.218178
       6.801479      59.557248
       6.507034      58.904178
       6.115896      58.332123
       5.621937      57.872362
       4.959698      57.573159
       4.117070      57.557151
       3.281713      57.681048
       2.619281      57.715111
       2.185047      57.625159
       1.858198      57.486078
       1.554159      57.508483
       1.402184      57.737890
       1.352944      58.158902
       1.430356      58.720364
       1.565362      59.376965
       1.735097      60.122188
       1.981800      60.858838
       2.328402      61.570072
       2.710008      62.200067
       3.101738      62.763180
       3.435630      63.225715
       3.700542      63.608569
       3.926928      63.897533
       4.242610      64.110538
       4.630013      64.349970
       5.065310      64.742709
       5.565768      65.129619
       6.128026      65.409019
       6.678304      65.664081
       7.210886      65.680493
       7.802987      65.532228
       8.575540      65.266276
       9.141753      65.337092
       9.724014      65.329170
      10.079897      65.159568
      10.358712      64.993914
      10.440757      64.873382
      10.493472      64.678785
      10.557156      64.600864
      10.579498      64.561993
      10.575614      64.463838
      10.594377      64.380890
      10.664275      64.363939
      10.722137      64.343539
      10.778364      64.339372
      10.829943      64.325194
      10.859566      64.252752
      10.886555      63.991118
      10.920672      63.225341
      10.947869      61.257493
      10.960992      57.626033
      11.227952      52.987376
      11.753307      48.404775
      12.417218      43.838410
      13.194626      39.135308
      14.156648      34.393081
      15.080300      29.581769
      15.899437      24.799221
      16.834869      20.084433
      17.854564      15.680882
      18.781712      11.624437
      19.369647       8.279820
      19.620524       5.326775
      19.520705       2.587222
      19.034559      -0.001478
      18.519648      -2.208801
      17.891964      -4.064027
      17.324806      -5.660597
      16.869672      -7.169872
      16.395043      -8.625986
      15.967197     -10.265079
      15.471556     -12.048738
      15.051386     -14.021287
      14.541085     -16.030942
      13.877900     -18.090795
      13.218120     -20.162463
      12.496654     -22.222859
      11.718826     -24.029800
      10.851979     -25.986450
       9.791045     -28.286403
       8.544861     -30.764124
       7.106074     -33.513845
       5.725408     -36.909223
       4.451628     -40.747464
       3.490491     -44.266348
       2.668085     -47.638142
       2.073129     -50.626780
       1.575145     -53.109972
       1.285307     -54.937204
       1.131991     -56.282502
       1.153627     -57.158389
       1.232587     -57.758178
       1.309938     -58.271789
       1.296539     -58.763553
       1.278709     -59.259775
       1.244568     -59.636486
       1.160646     -59.874611
       1.089112     -59.989577
       1.003339     -59.864353
       0.961618     -59.766319
       0.946708     -59.588304
       1.028469     -59.361146
       1.213791     -59.129714
       1.541415     -58.942544
       1.859377     -58.662410
       2.175127     -58.310999
       2.615620     -57.958962
       3.173082     -57.552561
       3.965736     -57.022742
       5.017360     -56.466768
       6.173028     -55.943531
       7.409667     -55.467353
       8.683781     -55.058173
      10.053570     -54.700303
      11.445650     -53.779183
      13.058106     -52.934372
      14.445202     -52.085427
      15.618537     -51.050284
      16.777004     -49.967988
      18.006749     -49.172962
      19.028138     -48.261507
      20.074736     -47.336764
      20.987103     -46.424887
      22.050442     -45.251969
      23.368903     -43.589837
      24.736582     -41.594771
      26.343463     -39.210153
      27.926702     -36.414122
      29.246122     -33.026040
      30.272707     -29.215210
      31.035491     -25.496551
      31.363461     -21.993243
      31.772981     -18.636945
      32.021185     -15.395150
      32.015852     -12.155760
      32.065117      -8.984561
      31.799741      -6.021772
      31.518867      -3.084337
      31.117897      -0.489502
      30.559937       1.736763
      29.978503       3.462876
      29.227345       4.602212
      28.512928       5.203851
      27.976108       5.278713
      27.541428       4.923067
      27.381003       4.521932
      27.251238       4.334876
      27.123707       4.182795
      27.039457       4.031829
      26.907842       4.067249
      26.775821       4.301000
      26.642286       4.740396
      26.379330       5.543831
      25.881558       6.802602
      25.273278       8.293962
      24.426396       9.887532
      23.080405      11.643573
      21.421404      13.521452
      19.769018      15.315532
      18.370312      16.813048
      17.274153      18.076975
      16.553738      18.796004
      15.972297      19.071782
      15.554308      19.104026
      15.252089      19.040515
      15.106954      18.886487
      15.083509      18.624104
      15.176584      18.393653
      15.395752      18.318552
      15.672867      18.397074
      15.917776      18.552365
      16.053791      18.706225
      16.070096      18.766301
      16.014888      18.674239
      16.029954      18.487208
      16.120546      18.326679
      16.177780      18.127445
      16.187864      17.784057
      16.219636      17.362983
      16.278905      16.972723
      16.388006      16.608894
      16.476839      16.204966
      16.533201      15.774176
      16.612463      15.363518
      16.732903      15.014803
      16.882556      14.721957
      17.080226      14.382785
      17.232003      14.019357
      17.381554      13.616101
      17.484564      13.196479
      17.591683      12.784902
      17.664970      12.422400
      17.697550      12.193684
      17.711846      12.129222
      17.749046      12.180250
      17.745633      12.244991
      17.741266      12.261491
      17.785032      12.229963
      17.840761      12.184422
      17.875720      12.120869
      17.933058      12.085447
      17.969882      12.105837
      17.981475      12.189816
      18.004170      12.288090
      17.996673      12.360343
      17.982509      12.387776
      17.986986      12.348777
      17.993359      12.269782
      17.998599      12.210602
      17.994379      12.179258
      17.999873      12.158715
      18.004634      12.156114
      18.010172      12.169560
      18.010046      12.179329
      18.004492      12.193328
      18.021779      12.242203
      18.045773      12.270693
      18.029742      12.284940
      18.017156      12.287594
      18.013500      12.294232
      18.004954      12.320950
      17.999700      12.353024
      17.979879      12.381316
      17.932858      12.423406
      17.913703      12.440324
      17.925046      12.424761
      17.924090      12.415067
      17.918651      12.420417
      17.905413      12.431408
      17.896072      12.450964
      17.898522      12.471107
