       7.335751       3.369810
       7.387776       3.305957
       7.439680       3.227668
       7.540290       3.155702
       7.630881       3.075577
       7.733368       3.002714
       7.915042       2.931744
       8.088924       2.834633
       8.211344       2.707437
       8.339589       2.561377
       8.532750       2.440849
       8.768206       2.340954
       8.997126       2.228786
       9.152670       2.081151
       9.192415       1.915372
       9.178232       1.765435
       9.120593       1.638437
       9.073370       1.548497
       9.039664       1.496832
       8.989063       1.457502
       8.930328       1.431258
       8.857627       1.414029
       8.796372       1.409199
       8.766644       1.407236
       8.693980       1.400687
       8.601417       1.365575
       8.528450       1.369574
       8.487148       1.404697
       8.420169       1.455994
       8.359330       1.495914
       8.285074       1.507577
       8.236996       1.497651
       8.202930       1.477008
       8.172733       1.447112
       8.113699       1.430867
       8.049773       1.439783
       7.986097       1.463526
       7.921164       1.487106
       7.846649       1.510094
       7.800580       1.553885
       7.802327       1.620905
       7.783087       1.680207
       7.764305       1.719084
       7.744864       1.740295
       7.770099       1.761343
       7.778638       1.789422
       7.782582       1.814823
       7.783362       1.823518
       7.761066       1.801560
       7.772026       1.766687
       7.816110       1.756342
       7.853670       1.756674
       7.898940       1.735045
       7.941283       1.724167
       8.015531       1.743001
       8.139385       1.797934
       8.249702       1.849121
       8.371797       1.887670
       8.556006       1.952969
       8.827687       1.998478
       9.202906       2.083185
       9.726661       2.208237
      10.549001       2.384095
      11.602511       2.587912
      12.858823       2.822380
      14.457832       3.091162
      16.397045       3.416961
      18.445025       3.773836
      20.626355       4.152131
      22.874329       4.555804
      25.206747       4.975716
      27.448637       5.385431
      29.717661       5.741364
      31.968389       6.005801
      34.166649       6.222560
      36.291417       6.436182
      38.364236       6.796869
      40.395091       7.495192
      42.340562       8.723839
      43.989765      10.163099
      45.334267      11.497371
      46.434217      12.779144
      47.346046      13.911658
      48.200022      15.152387
      49.060444      16.315947
      49.937170      17.025027
      50.830989      16.878210
      51.465914      15.811257
      52.128689      14.103230
      52.754336      11.912939
      53.362528       9.245739
      54.052424       6.118310
      54.496653       3.001916
      54.664905       0.415915
      54.656886      -1.810053
      54.609850      -3.547606
      54.580087      -4.740213
      54.527849      -5.349239
      54.349344      -5.514857
      53.590755      -5.487460
      52.445964      -5.358412
      50.979595      -5.219969
      48.909050      -5.258059
      46.379755      -5.417687
      43.604642      -5.650448
      40.562690      -5.701929
      37.559911      -5.493404
      34.867466      -4.943417
      32.181663      -4.307560
      29.641098      -3.625594
      27.123481      -2.972463
      25.030830      -2.386069
      22.921959      -1.942004
      20.984646      -1.651211
      19.183543      -1.421505
      17.742911      -1.182461
      16.387354      -0.966393
      15.304347      -0.668301
      14.289625      -0.346777
      13.454176      -0.023700
      12.656311       0.236074
      11.970030       0.356889
      11.402477       0.345107
      10.821384       0.275438
      10.219548       0.222274
       9.551606       0.186650
       9.044062       0.134894
       8.522943       0.062723
       7.967168       0.061402
       7.493312       0.128914
       7.130438       0.205715
       6.865703       0.220966
       6.739805       0.199126
       6.659896       0.224570
       6.600113       0.306957
       6.501931       0.422460
       6.374067       0.545718
       6.261859       0.649950
       6.252586       0.741597
       6.301074       0.808113
       6.389903       0.805061
       6.484957       0.766379
       6.516013       0.719748
       6.541608       0.650441
       6.564253       0.502623
       6.557752       0.317124
       6.575788       0.114592
       6.582526      -0.133562
       6.560737      -0.437759
       6.568092      -0.677372
       6.627640      -0.801316
       6.703832      -0.802056
       6.764763      -0.733271
       6.830778      -0.606184
       6.854089      -0.249613
       6.805869       0.373923
       6.734951       1.060577
       6.666986       1.790676
       6.575172       2.572275
       6.534613       3.576980
       6.454756       4.787790
       6.227626       6.213930
       5.558832       8.140652
       4.564952      10.540485
       3.458462      13.046367
       2.457157      15.529714
       1.494573      18.225333
       0.750028      20.737581
       0.261949      22.850015
      -0.073424      24.415480
      -0.327297      25.564034
      -0.577599      26.545037
      -0.905395      27.399691
      -1.242710      28.102439
      -1.539630      28.640864
      -1.754327      29.115908
      -1.908602      29.484711
      -1.981329      29.737148
      -2.016585      29.892917
      -2.004180      29.996501
      -1.926857      30.030985
      -1.771538      29.955949
      -1.654674      29.835872
      -1.560943      29.666643
      -1.541873      29.454483
      -1.575289      29.149819
      -1.637506      28.773558
      -1.737483      28.242180
      -1.817264      27.637104
      -1.882904      27.105673
      -2.076113      26.538973
      -2.435274      25.857472
      -2.936335      25.017566
      -3.387635      24.047985
      -3.848755      23.081874
      -4.279321      22.264367
      -4.624216      21.564737
      -4.661643      21.153665
      -4.573513      21.099956
      -4.421072      21.361816
      -4.334227      21.637065
      -4.503897      21.584850
      -4.741719      21.085237
      -4.894468      20.586761
      -5.144905      20.002542
      -5.496502      19.275793
      -5.826136      18.507996
      -6.298864      17.684620
      -6.889005      16.765522
      -7.573907      15.773398
      -8.318537      14.697832
      -8.959474      13.642693
      -9.548068      12.738365
     -10.091323      11.925046
     -10.617110      10.939107
     -10.989908       9.648133
     -11.373346       7.584390
     -11.639571       4.219103
     -11.585991       0.100712
     -11.613908      -4.747603
     -11.569131     -10.005689
     -11.668967     -15.708056
     -11.794609     -21.210046
     -11.988335     -26.774487
     -12.267374     -32.466501
     -12.492698     -37.957483
     -12.767874     -43.084712
     -13.071678     -48.047473
     -13.363209     -52.664991
     -13.701368     -56.862475
     -14.037236     -60.601339
     -14.251022     -63.860591
     -14.420020     -66.694946
     -14.520805     -68.941134
     -14.667174     -70.114810
     -14.689132     -69.801794
     -14.843232     -68.478105
     -15.517233     -66.063702
     -16.251395     -63.529992
     -17.207827     -61.402126
     -17.990134     -59.747153
     -18.319737     -58.569699
     -18.483129     -57.868185
     -18.554355     -57.249142
     -18.498208     -56.758836
     -18.530115     -56.373858
     -18.511128     -55.856891
     -18.476608     -55.164780
     -18.366173     -54.324933
     -18.123379     -53.648777
     -17.879024     -53.045238
     -17.640106     -52.567933
     -17.513993     -52.134162
     -17.512962     -51.806027
     -17.553965     -51.635647
     -17.621593     -51.572011
     -17.643782     -51.516077
     -17.653941     -51.365985
     -17.601289     -51.085021
     -17.507240     -50.593927
     -17.333717     -49.646915
     -17.113858     -48.139897
     -16.851707     -46.100394
     -16.649995     -43.779626
     -16.476737     -41.482739
     -16.338132     -39.257499
     -16.186981     -37.129200
     -16.099123     -35.099520
     -16.007367     -33.087756
     -15.966293     -31.073451
     -15.874961     -28.911735
     -15.547701     -25.985474
     -15.134147     -22.197423
     -14.658684     -17.606257
     -14.145884     -12.536620
     -13.779456      -7.470403
     -13.601091      -2.613665
     -13.635740       2.176118
     -13.198365       6.991371
     -13.122954      11.607189
     -14.037570      15.586752
     -15.478991      18.722209
     -16.980023      20.778098
     -18.461427      22.067650
     -19.884733      23.093507
     -21.319848      24.172138
     -22.686401      25.305978
     -23.936905      26.390727
     -25.120345      27.370587
     -26.122092      28.132513
     -27.057916      28.673154
     -27.842797      29.026281
     -28.563429      29.179819
     -29.251739      29.228612
     -29.804347      29.306354
     -30.237064      29.292077
     -30.465560      29.237894
     -30.569287      29.189159
     -30.637431      29.145601
     -30.670415      29.093075
     -30.569559      29.065822
     -30.530997      29.083198
     -30.410846      29.103088
     -30.253670      29.065939
     -30.055834      28.929723
     -29.723176      28.760837
     -29.410836      28.536377
     -29.037187      28.285481
     -28.481483      28.019529
     -27.860744      27.879278
     -27.221076      27.674812
     -26.613307      27.478224
     -25.947887      27.229309
     -25.235571      26.979502
     -24.391872      26.744736
     -23.556984      26.548733
     -22.723849      26.289781
     -21.958773      26.054504
     -21.192325      25.886259
     -20.436521      25.778839
     -19.619843      25.650905
     -18.742720      25.516744
     -17.855148      25.433298
     -17.002620      25.390758
     -16.254434      25.494691
     -15.334585      25.794291
     -14.181832      26.184473
     -13.064253      26.603663
     -11.985434      26.901783
     -10.951166      27.059735
      -9.839631      26.914149
      -8.736377      26.597665
      -7.729916      26.194012
      -6.785641      25.708375
      -5.872535      25.180881
      -5.005447      24.558584
      -4.101640      23.988525
      -3.209058      23.464882
      -2.314757      22.978031
      -1.513890      22.479647
      -0.859266      21.885378
      -0.197257      21.169681
       0.413150      20.220536
       1.011616      19.168680
       1.588293      18.013690
       2.150242      16.720632
       2.773015      15.487115
       3.507031      14.374516
       4.212210      13.465875
       4.988326      12.624489
       5.817584      11.987086
       6.673685      11.574874
       7.636122      11.327735
       8.543799      11.197139
       9.571359      11.199519
      10.688077      11.337466
      11.962392      11.580404
      13.465715      11.871031
      15.040469      12.150246
      16.599709      12.398604
      18.323922      12.618686
      19.761163      12.802808
      20.857928      12.887332
      21.484419      12.876310
      21.828335      12.840027
      22.016673      12.777267
      22.086743      12.684697
      22.081248      12.458129
      22.011702      12.158407
      21.860360      11.680556
      21.649133      11.041167
      21.361808      10.237555
      21.139366       9.339897
      20.931355       8.380247
      20.653477       7.387983
      20.287926       6.390184
      19.905620       5.558186
      19.415403       4.803810
      19.116762       4.268863
      18.729606       3.741652
      18.456280       3.333453
      18.176717       3.220843
      18.016436       3.833448
      17.819964       4.654594
      17.505961       5.464470
      17.050026       6.148020
      16.512040       6.666619
      15.904874       7.109555
      15.298202       7.591566
      14.740098       8.094739
      14.309153       8.560815
      13.991163       8.951889
      13.672225       9.265305
      13.345906       9.423402
      13.048500       9.363500
      12.703863       9.131711
      12.394727       8.753849
      12.134509       8.328134
      11.887434       7.788095
      11.802357       7.158108
      11.725962       6.441074
      11.629259       5.632028
      11.556973       4.766882
      11.526178       3.802398
      11.457677       2.776444
      11.372357       1.737675
      11.301100       0.617459
      11.317832      -0.590615
      11.364151      -1.841940
      11.571806      -3.183543
      11.903802      -4.510494
      12.220785      -5.733899
      12.598255      -6.858973
      12.953276      -7.931064
      13.349080      -8.934810
      13.685300     -10.071785
      13.959369     -11.382060
      14.267197     -13.039223
      14.509898     -15.004771
      14.728613     -17.283193
      14.927995     -20.091965
      15.144110     -23.166802
      15.201701     -26.361390
      15.189902     -29.484563
      15.068882     -32.542334
      14.904283     -35.243589
      14.855564     -37.603104
      14.802666     -39.491666
      14.746063     -40.907609
      14.679304     -42.011460
      14.735912     -42.601535
      14.805060     -42.739756
      14.893229     -42.468414
      14.971460     -42.080838
      14.974969     -41.652589
      15.068309     -41.238115
      15.224378     -40.933084
      15.370385     -40.671366
      15.536599     -40.469394
      15.707425     -40.361721
      15.878882     -40.299158
      16.020399     -40.108636
      16.187129     -39.785873
      16.363239     -39.382021
      16.538208     -39.039025
      16.722417     -38.816879
      16.898430     -38.836941
      17.020591     -38.981843
      17.088491     -39.118794
      17.089388     -39.173324
      17.060586     -39.188641
      17.042536     -39.244348
      17.018802     -39.295150
      17.053609     -39.359902
      17.048053     -39.439098
      17.023861     -39.506528
      16.988166     -39.617671
      16.957274     -39.771236
      16.911465     -39.878377
      16.878822     -39.927018
      16.903537     -39.942827
      16.930842     -39.930874
      16.967109     -39.886445
      17.010210     -39.852096
      17.020734     -39.836318
      17.010352     -39.823250
      16.973128     -39.805303
      16.912040     -39.777696
      16.883352     -39.754477
      16.874208     -39.755708
      16.910279     -39.744075
      16.930928     -39.724198
      16.936461     -39.709659
      16.947430     -39.713889
      16.981027     -39.727911
      16.999943     -39.737450
      17.018121     -39.723195
      17.053635     -39.699396
      17.058774     -39.688521
      17.041657     -39.692329
      17.017599     -39.711366
      16.994146     -39.737659
      16.971153     -39.747886
      16.949032     -39.742470
      16.948185     -39.725152
      16.920771     -39.718943
      16.907484     -39.738949
      16.916500     -39.749843
      16.949998     -39.745069
      16.963336     -39.706778
      16.991070     -39.659223
      17.053422     -39.590989
      17.118391     -39.492054
      17.170490     -39.310912
      17.212471     -39.046315
      17.267386     -38.661763
      17.324528     -38.061034
      17.418123     -37.133692
      17.478628     -35.773881
      17.455199     -33.991368
      17.488209     -31.790491
      17.492971     -29.152969
      17.557648     -26.355945
      17.590078     -23.765270
      17.672847     -21.545693
      17.782387     -19.486609
      18.020638     -17.631331
      18.245059     -16.054252
      18.526410     -14.678441
      18.892904     -13.373478
      19.338755     -12.262283
      19.766997     -11.396026
      20.180953     -10.672243
      20.650820     -10.006903
      21.174779      -9.320329
      21.752041      -8.638455
      22.373041      -7.998242
      22.944224      -7.531343
      23.398803      -7.244633
      23.554298      -7.413603
      23.491853      -8.261783
      23.372604      -9.735457
      23.257621     -11.504588
      23.132808     -13.254799
      23.001578     -14.821506
      22.705523     -16.263580
      22.461608     -17.594074
      22.221526     -18.821870
      22.108799     -19.905165
      22.001041     -20.923952
      21.984503     -21.886403
      21.994166     -22.957428
      21.971549     -24.164915
      22.005429     -25.584504
      21.950705     -27.222149
      22.008431     -28.999893
      22.199120     -30.863576
      22.435288     -32.714666
      22.622488     -34.542364
      22.865448     -36.326594
      23.169359     -38.033551
      23.432318     -39.573990
      23.682807     -40.834749
      23.898918     -41.801098
      24.159830     -42.532444
      24.429164     -43.099380
      24.668421     -43.534215
      24.918616     -43.803435
      25.151612     -43.983888
      25.373156     -44.072256
      25.579453     -44.157249
      25.619757     -44.211031
      25.486436     -44.161062
      25.302005     -44.070294
      25.159325     -43.976704
      24.949286     -43.911965
      24.745959     -43.844151
      24.540732     -43.703579
      24.364313     -43.459893
      24.161858     -43.179837
      23.817796     -42.802271
      23.357324     -42.076778
      22.883944     -41.065414
      22.327331     -39.842389
      21.589372     -38.226234
      20.706421     -36.196037
      19.492499     -33.659371
      18.329545     -30.858015
      16.951072     -28.018012
      15.555543     -25.215995
      14.053033     -22.560959
      12.590522     -19.969300
      11.468698     -17.617450
      10.489222     -15.595627
       9.737751     -13.868095
       9.161590     -12.454208
       8.778693     -11.291785
       8.542446     -10.450782
       8.306015      -9.852806
       8.115217      -9.404582
       7.945790      -8.986252
       7.912795      -8.566404
       7.994371      -8.175134
       8.102273      -7.833122
       8.233201      -7.615062
       8.321255      -7.514357
       8.449026      -7.497786
       8.585655      -7.558726
       8.698837      -7.694591
       8.806307      -7.820974
       8.878157      -7.915799
       8.957160      -7.966838
       8.985001      -7.955016
       9.000588      -7.908874
       9.001640      -8.068348
