      23.736310      24.973637
      23.641122      24.955777
      23.571324      24.925948
      23.542291      24.932794
      23.537148      24.966543
      23.497148      24.999031
      23.458665      24.998684
      23.442108      24.971589
      23.456222      24.928024
      23.419731      24.863042
      23.377866      24.782333
      23.347580      24.715670
      23.330243      24.692527
      23.302388      24.712224
      23.309139      24.739288
      23.279203      24.758164
      23.250175      24.767563
      23.253619      24.806737
      23.265358      24.862384
      23.262718      24.935120
      23.232831      24.985444
      23.152083      25.035024
      23.038394      25.088631
      22.989074      25.158250
      22.970192      25.193465
      22.960891      25.217338
      22.934442      25.230306
      22.897118      25.232137
      22.835492      25.242410
      22.722270      25.271596
      22.412091      25.396171
      21.755222      25.787300
      20.725028      26.567223
      19.508550      27.817538
      18.268462      29.732963
      16.914212      32.238240
      15.173691      35.255965
      13.072732      38.536126
      10.669563      41.762582
       8.114886      44.796273
       5.532942      47.997217
       2.972765      51.490442
       0.500835      54.760899
      -1.444566      57.494393
      -2.760338      59.743651
      -3.443991      61.254817
      -3.579601      62.142302
      -3.487597      62.496554
      -3.386791      62.525322
      -3.308135      62.507055
      -3.172153      62.637077
      -3.007656      63.011772
      -2.915211      63.526253
      -2.827338      64.066154
      -2.647957      64.534804
      -2.540455      64.706048
      -2.357719      64.468962
      -1.983512      63.517214
      -1.296069      61.753167
      -0.361752      58.863704
       0.899073      55.038633
       2.405959      50.837905
       3.789340      46.436325
       4.940532      41.947406
       5.946980      37.242934
       6.737227      32.280283
       7.566499      27.482032
       8.636578      23.125301
       9.792093      18.961150
      10.824509      14.936420
      11.737914      11.076103
      12.446165       7.450616
      13.068831       3.866262
      13.811364       0.362223
      14.917626      -3.022374
      16.131377      -6.064995
      17.125431      -8.970631
      17.814537     -11.489102
      18.446744     -13.178736
      19.014391     -13.937056
      19.234081     -13.846285
      19.268228     -13.306823
      19.337864     -12.782202
      19.432901     -12.474729
      19.468568     -12.459287
      19.468636     -12.562543
      19.404013     -12.663176
      19.331129     -12.661134
      19.292228     -12.662617
      19.313164     -12.703054
      19.331441     -12.790611
      19.306537     -12.923466
      19.187019     -13.117131
      19.035028     -13.461656
      18.802491     -13.868294
      18.505623     -14.387923
      18.104481     -14.993618
      17.618417     -15.811326
      17.077138     -16.805963
      16.571480     -17.843340
      16.086528     -18.790677
      15.654196     -19.583069
      15.290857     -20.182936
      15.110489     -20.637310
      15.071975     -21.044331
      15.049828     -21.367646
      15.029068     -21.598724
      14.986683     -21.678683
      14.975132     -21.624894
      15.008347     -21.543937
      15.030405     -21.412926
      15.096340     -21.241233
      15.222589     -21.020342
      15.396899     -20.795538
      15.580554     -20.497751
      15.802208     -20.156120
      16.035186     -19.852939
      16.215919     -19.643267
      16.296303     -19.521318
      16.311600     -19.478009
      16.296353     -19.498077
      16.260439     -19.529672
      16.244601     -19.588443
      16.202128     -19.627331
      16.172506     -19.628142
      16.135715     -19.591915
      16.129728     -19.584648
      16.134392     -19.577773
      16.138072     -19.549007
      16.142763     -19.520472
      16.145746     -19.512380
      16.140342     -19.522827
      16.138591     -19.544812
      16.140215     -19.572573
      16.143811     -19.597431
      16.116015     -19.577057
      16.072566     -19.552574
      16.059766     -19.550916
      16.061727     -19.587519
      16.069792     -19.597543
      16.081675     -19.605088
      16.078812     -19.583339
      16.080796     -19.558325
      16.092460     -19.558641
      16.091968     -19.584702
      16.077466     -19.593033
      16.063722     -19.602744
      16.060413     -19.606095
      16.045833     -19.613479
      16.037352     -19.625461
      16.017248     -19.643623
      16.028860     -19.669941
      16.019340     -19.676632
      16.014899     -19.683837
      16.009645     -19.689438
      16.041522     -19.712560
      16.047464     -19.716094
      16.051747     -19.720346
      16.048566     -19.678896
      16.078900     -19.637588
      16.095066     -19.627878
      16.089903     -19.642418
      16.065017     -19.641199
      16.041560     -19.642133
      16.050524     -19.637097
      16.066219     -19.644056
      16.080013     -19.647818
      16.083999     -19.652548
      16.108280     -19.656725
      16.150505     -19.686668
      16.178112     -19.705785
      16.182390     -19.704662
      16.150866     -19.694429
      16.147785     -19.708273
      16.167112     -19.711985
      16.171235     -19.711025
      16.169999     -19.725892
      16.182122     -19.749495
      16.176922     -19.795162
      16.161670     -19.826270
      16.124966     -19.838190
      16.099677     -19.843070
      16.086709     -19.830006
      16.083830     -19.816462
      16.081829     -19.823457
      16.076520     -19.826997
      16.054334     -19.816069
      16.038413     -19.820020
      16.052997     -19.839620
      16.076133     -19.840215
      16.081387     -19.820613
      16.079685     -19.788486
      16.089298     -19.761998
      16.119915     -19.775688
      16.141547     -19.780501
      16.155086     -19.779317
      16.132169     -19.771523
      16.122492     -19.764789
      16.099226     -19.771564
      16.096273     -19.812393
      16.082526     -19.828153
      16.073019     -19.801046
      16.086213     -19.777578
      16.096570     -19.754718
      16.105157     -19.742196
      16.104233     -19.757765
      16.082753     -19.765244
      16.078775     -19.766185
      16.081224     -19.747927
      16.085952     -19.744489
      16.091107     -19.709958
      16.068804     -19.674193
      16.075844     -19.690057
      16.081154     -19.716857
      16.074251     -19.729109
      16.069038     -19.739355
      16.053594     -19.734498
      16.056282     -19.711354
      16.055951     -19.712730
      16.058401     -19.732925
      16.049852     -19.732942
      16.045488     -19.724665
      16.044817     -19.731049
      16.050730     -19.738096
      16.039828     -19.741919
      16.031059     -19.764809
      16.033224     -19.783333
      16.035896     -19.797575
      16.062300     -19.825875
      16.057010     -19.822047
      16.049232     -19.803495
      16.046230     -19.811180
      16.063336     -19.839299
      16.074394     -19.832684
      16.069859     -19.830094
      16.065426     -19.839384
      16.063007     -19.822904
      16.062730     -19.824520
      16.047186     -19.861471
      16.037730     -19.875912
      16.023562     -19.864422
      16.026360     -19.863515
      16.030962     -19.866407
      16.025965     -19.868570
      16.024604     -19.879769
      16.015948     -19.889236
      16.005126     -19.897123
      16.021598     -19.905803
      16.043604     -19.911406
      16.036876     -19.895253
      16.030567     -19.889680
      16.010359     -19.891024
      16.025494     -19.921225
      16.029001     -19.939668
      16.030673     -19.958393
      16.017719     -19.970264
      16.011501     -19.959974
      16.009254     -19.957102
      16.002095     -19.982310
      15.996962     -19.999882
      15.991133     -19.981451
      15.989430     -19.964896
      15.995922     -19.959586
      16.000667     -19.955536
      16.002204     -19.962211
      15.998719     -19.971284
      15.994681     -19.969398
      15.995186     -19.964202
      16.007770     -19.968030
      16.017361     -19.971874
      15.994230     -19.962049
      15.993441     -19.953132
      15.972487     -19.947909
      15.998123     -19.951697
      16.020195     -19.934486
      16.034880     -19.918059
      16.023177     -19.921481
      16.019579     -19.918382
      15.999602     -19.920842
      15.979518     -19.956652
      15.950435     -19.970867
      15.915089     -19.953261
      15.899414     -19.965732
      15.892699     -19.974265
      15.897364     -19.982802
      15.903531     -19.992157
      15.899770     -19.982123
      15.902287     -19.981585
      15.902951     -19.986690
      15.919422     -20.007834
      15.913366     -20.001396
      15.895531     -19.966620
      15.883930     -19.950587
      15.883030     -19.966519
      15.905265     -19.989538
      15.915910     -20.001205
      15.900118     -20.017275
      15.868760     -20.020971
      15.844560     -20.028671
      15.829532     -20.061910
      15.820336     -20.088439
      15.808693     -20.080957
      15.821387     -20.057932
      15.837801     -20.034837
      15.843353     -20.031040
      15.820989     -20.048136
      15.793420     -20.062703
      15.794937     -20.098636
      15.823085     -20.112776
      15.837278     -20.092528
      15.831072     -20.075512
      15.794603     -20.110057
      15.784222     -20.170439
      15.779878     -20.217715
      15.768038     -20.243672
      15.751698     -20.264431
      15.756868     -20.244303
      15.785917     -20.207705
      15.823358     -20.160181
      15.859465     -20.111371
      15.887519     -20.072092
      15.913176     -20.054708
      15.912399     -20.052083
      15.903542     -20.073755
      15.881552     -20.083392
      15.891159     -20.102261
      15.906069     -20.126032
      15.904068     -20.129403
      15.900083     -20.128719
      15.880637     -20.128193
      15.878463     -20.150297
      15.882686     -20.162331
      15.887732     -20.165424
      15.888226     -20.171120
      15.889348     -20.151453
      15.886978     -20.119913
      15.897603     -20.123047
      15.896216     -20.125612
      15.894154     -20.107375
      15.894868     -20.091765
      15.903344     -20.085913
      15.901938     -20.075208
      15.904581     -20.075066
      15.915774     -20.092588
      15.923971     -20.110454
      15.909203     -20.112361
      15.887831     -20.095954
      15.868872     -20.106976
      15.910471     -20.170223
      16.102181     -20.266348
      16.240719     -20.279184
      16.255881     -20.228531
      16.205903     -20.142405
      16.151384     -20.094630
      16.116448     -20.127353
      16.102939     -20.191888
      16.072364     -20.200052
      16.063082     -20.166648
      16.124748     -20.111529
      16.299627     -20.090437
      16.344692     -20.067155
      16.349947     -20.068714
      16.303246     -20.062484
      16.268908     -20.066847
      16.248033     -20.093788
      16.246942     -20.121756
      16.258281     -20.117143
      16.280367     -20.098518
      16.268721     -20.100338
      16.250287     -20.094980
      16.229960     -20.096653
      16.203942     -20.149969
      16.162227     -20.190658
      16.122866     -20.206487
      16.116511     -20.221781
      16.111768     -20.233314
      16.114052     -20.236874
      16.116489     -20.236027
      16.132051     -20.255151
      16.131300     -20.278289
      16.126333     -20.274267
      16.114807     -20.276391
      16.117902     -20.298064
      16.121975     -20.311196
      16.113298     -20.317623
      16.097622     -20.333710
      16.086004     -20.347158
      16.079153     -20.340216
      16.070447     -20.356200
      16.066455     -20.370368
      16.056853     -20.365236
      16.057940     -20.358402
      16.060243     -20.361550
      16.057500     -20.359555
      16.064467     -20.362722
      16.073991     -20.381408
      16.116639     -20.405791
