      17.664088       2.099802
      17.642891       2.119859
      17.635665       2.145692
      17.637554       2.177229
      17.629646       2.215804
      17.632490       2.239532
      17.649386       2.251038
      17.652815       2.260571
      17.634720       2.275456
      17.622830       2.291096
      17.643657       2.300057
      17.657608       2.320945
      17.666552       2.337218
      17.666143       2.338825
      17.650503       2.337998
      17.647035       2.314837
      17.637943       2.272949
      17.630501       2.235017
      17.616742       2.204757
      17.603998       2.174185
      17.603720       2.155953
      17.591563       2.140014
      17.581656       2.129869
      17.594433       2.135689
      17.615353       2.146232
      17.618739       2.143466
      17.599953       2.141161
      17.604408       2.120812
      17.629396       2.082117
      17.637276       2.020180
      17.652882       1.928454
      17.649855       1.822881
      17.630038       1.707522
      17.612485       1.578093
      17.594714       1.447692
      17.571056       1.358009
      17.551817       1.311460
      17.536088       1.293911
      17.538489       1.298012
      17.546423       1.325250
      17.536064       1.372700
      17.532140       1.459194
      17.559294       1.596373
      17.582438       1.789429
      17.623144       2.123628
      17.669804       2.756731
      17.722671       3.837800
      17.714133       5.294520
      17.590419       7.018610
      17.391982       8.924443
      17.057514      11.021522
      16.624173      13.227202
      16.156856      15.503870
      15.711927      17.733833
      15.277868      19.758093
      14.862046      21.419039
      14.436431      22.709739
      14.036509      23.731990
      13.760523      24.618899
      13.734262      25.371211
      13.719667      26.102321
      13.675592      26.735209
      13.494405      27.327928
      13.227524      27.868816
      12.978011      28.382296
      12.826792      28.765656
      12.766511      28.898340
      12.783110      28.783981
      12.892167      28.494299
      13.033560      28.144425
      13.182736      27.820841
      13.290792      27.617783
      13.363866      27.469683
      13.482748      27.337448
      13.557405      27.181523
      13.631027      26.990635
      13.770974      26.767595
      13.967272      26.559460
      14.163725      26.412440
      14.177351      26.432376
      14.089760      26.726495
      13.982653      27.320973
      14.148723      28.396145
      14.546020      30.405260
      14.534442      32.807889
      14.122063      35.308095
      13.205528      37.683119
      12.098196      39.891574
      11.014293      42.023399
      10.066526      44.057700
       9.338693      45.965009
       8.829457      47.675094
       8.254566      49.464864
       7.691284      51.251928
       7.140936      52.711706
       6.935362      53.693379
       6.930604      54.229652
       6.973340      54.535329
       7.060513      54.665274
       7.314922      54.639080
       7.545496      54.554378
       7.670095      54.420461
       7.619080      54.329634
       7.528744      54.322091
       7.491050      54.340601
       7.454937      54.381677
       7.413085      54.442541
       7.342620      54.495443
       7.261326      54.550813
       7.276366      54.649513
       7.240923      54.833633
       7.143458      55.258826
       6.858938      56.144393
       6.506820      57.481590
       6.022302      59.110582
       5.360337      60.952487
       4.518685      62.872118
       3.822760      64.708515
       3.450326      65.834320
       3.549708      66.555160
       3.655317      66.787336
       3.845043      66.778103
       4.098520      66.878823
       4.243910      67.015732
       4.299417      67.088520
       4.432679      66.759505
       4.712165      65.889802
       4.726118      65.400578
       4.593099      65.399097
       4.531495      65.547333
       4.448019      65.568354
       4.446184      65.397707
       4.503349      65.327897
       4.413701      65.252604
       4.385247      65.103425
       4.434981      64.858782
       4.561921      64.576768
       4.816776      64.282802
       5.036007      64.155912
       5.125684      64.125430
       5.159490      64.116070
       5.120360      64.053123
       5.104568      63.915135
       5.097404      63.800344
       5.080122      63.742759
       5.091536      63.713748
       5.205865      63.727324
       5.422392      63.750156
       5.664413      63.709265
       5.943535      63.636852
       6.293226      63.570913
       6.697805      63.477935
       7.203387      63.229411
       7.736567      62.722114
       8.231977      61.834508
       8.789491      60.622292
       9.478762      59.004616
      10.161363      57.123365
      10.920240      54.591816
      11.673938      51.337305
      12.430422      47.362623
      13.186979      43.213054
      13.653064      38.695252
      13.807113      33.404895
      14.106181      27.726007
      14.195809      21.873311
      14.432838      16.401895
      14.439544      11.287306
      14.254822       6.264465
      14.122295       1.579143
      14.116850      -2.714036
      14.026122      -6.634754
      13.984316     -10.236769
      13.966334     -13.293990
      13.938110     -15.925590
      13.877739     -18.357867
      13.942467     -20.926743
      14.044900     -23.366319
      14.190343     -25.780352
      14.420362     -28.099945
      14.704938     -30.303251
      14.992957     -32.350778
      15.108252     -34.273756
      14.981319     -36.021592
      14.693895     -37.586697
      14.419071     -39.141656
      14.113534     -40.704800
      13.819653     -42.277411
      13.427690     -43.643804
      12.952926     -44.726172
      12.498924     -45.467470
      12.125884     -45.889779
      11.882261     -46.094551
      11.787334     -46.159135
      11.757858     -46.135573
      11.770943     -46.152456
      11.752870     -46.123805
      11.738503     -46.061946
      11.745621     -46.040750
      11.805913     -46.046466
      11.942667     -46.059172
      12.102820     -46.013954
      12.184176     -45.866655
      12.229741     -45.825268
      12.201789     -45.891770
      12.103237     -45.911684
      11.988286     -45.920203
      11.931737     -45.895092
      11.919705     -45.854347
      11.945956     -45.848038
      11.980256     -45.882658
      12.004964     -45.866519
      12.009180     -45.841947
      11.992804     -45.798579
      12.021718     -45.828784
      11.999984     -45.787189
      11.990446     -45.793552
      11.980782     -45.797840
      11.962283     -45.775158
      11.952007     -45.806889
      11.949965     -45.871643
      11.947908     -45.860758
      11.969200     -45.885082
      11.961768     -45.882887
      11.935291     -45.871672
      11.886768     -45.880152
      11.857575     -45.874814
      11.847153     -45.832811
      11.866465     -45.802654
      11.882268     -45.758212
      11.884513     -45.716043
      11.880831     -45.643809
      11.958088     -45.458572
      12.244812     -44.948395
      12.751524     -44.146763
      13.374927     -43.109755
      13.963761     -41.748015
      14.493461     -40.167314
      14.757165     -38.297222
      14.769818     -36.114247
      14.888256     -33.786941
      14.958821     -31.315488
      14.981246     -28.768720
      14.962099     -26.385850
      14.854981     -24.313676
      14.623775     -22.503721
      14.248195     -21.087814
      13.807358     -20.110249
      13.408726     -19.627380
      12.993577     -19.435453
      12.581531     -19.404344
      12.211674     -19.387941
      11.875397     -19.356697
      11.574509     -19.308428
      11.338886     -19.190103
      11.161885     -18.995786
      11.014458     -18.707494
      10.895536     -18.325798
      10.846734     -17.801995
      10.834079     -17.070504
      10.844728     -16.169672
      10.797641     -15.204539
      10.697708     -14.230909
      10.550153     -13.340310
      10.386300     -12.602468
      10.185466     -12.019981
       9.980982     -11.597770
       9.767767     -11.395310
       9.567092     -11.370475
       9.404998     -11.406122
       9.323755     -11.351601
       9.272392     -11.156878
       9.281926     -10.778785
       9.258595     -10.121370
       9.111616      -8.715368
       9.146490      -6.541140
       9.340534      -4.472142
       9.309678      -3.232124
       9.136032      -2.757665
       8.996807      -2.605968
       8.896819      -2.348536
       8.831552      -1.953507
       8.793048      -1.231442
       8.829392      -0.317258
       8.819426       0.845795
       8.776814       2.081490
       8.757934       3.378344
       8.867000       4.474810
       8.925019       5.297787
       8.998778       5.862121
       9.044984       6.259343
       9.106987       6.676774
       9.364061       7.558970
       9.730418       9.618887
      10.109191      12.777926
      10.584292      16.856773
      11.137972      21.700629
      11.665487      27.075662
      12.008639      32.536287
      12.295770      37.576230
      12.657965      41.659112
      13.117454      44.770560
      13.451487      46.754198
      13.652092      47.860030
      13.699338      48.527429
      13.507060      49.022297
      13.215652      49.531240
      12.948255      50.268614
      12.623353      51.181797
      12.425790      51.931829
      12.381437      52.394339
      12.390004      52.623556
      12.367490      52.690083
      12.378997      52.644033
      12.395263      52.501854
      12.397669      52.293235
      12.419698      52.075354
      12.479281      51.893725
      12.536077      51.798785
      12.621788      51.725900
      12.656213      51.606704
      12.669200      51.446491
      12.675403      51.265503
      12.654703      51.058584
      12.662185      50.874129
      12.693231      50.764351
      12.686686      50.703822
      12.732272      50.651182
      12.769190      50.605128
      12.744572      50.542705
      12.712845      50.436662
      12.728656      50.337666
      12.736881      50.249030
      12.774253      50.170118
      12.830755      50.079977
      12.866975      50.023412
      12.858521      50.036205
      12.852355      50.076722
      12.845965      50.106559
      12.816168      50.099711
      12.785689      50.053418
      12.758721      50.020974
      12.726835      50.050028
      12.711388      50.096884
      12.728832      50.124768
      12.744937      50.146673
      12.748620      50.124472
      12.744300      50.076684
      12.753175      50.040829
      12.750618      50.038546
      12.740754      50.041436
      12.724856      50.046099
      12.720883      50.036803
      12.693896      50.041558
      12.661580      50.032358
      12.665467      50.008370
      12.619453      50.002065
      12.576665      50.014383
      12.539624      50.025228
      12.543286      50.031552
      12.544527      50.054434
      12.534603      50.071268
      12.541673      50.088399
      12.556013      50.134623
      12.546430      50.153070
      12.526276      50.159855
      12.529975      50.151550
      12.539892      50.160370
      12.556631      50.195341
      12.575627      50.243994
      12.583983      50.298766
      12.564046      50.372593
      12.568881      50.422033
      12.583325      50.435287
      12.580621      50.423903
      12.587891      50.427715
      12.575276      50.461214
      12.551255      50.500362
      12.551211      50.516900
      12.558192      50.514321
      12.559292      50.520868
      12.564521      50.524623
      12.571741      50.560739
      12.589634      50.602044
      12.608370      50.609664
      12.622338      50.591465
      12.639926      50.574480
      12.657633      50.584165
      12.649249      50.600378
      12.665514      50.610781
      12.659479      50.601752
      12.644417      50.593699
      12.656241      50.582402
      12.664846      50.536537
      12.641905      50.492081
      12.624367      50.468602
      12.604565      50.467922
      12.593996      50.495053
      12.613661      50.496957
      12.628744      50.489336
      12.622555      50.492848
      12.599992      50.474202
      12.577554      50.476363
      12.567543      50.509852
      12.531776      50.511436
      12.512712      50.495864
      12.514582      50.485796
      12.527524      50.492319
      12.531185      50.528071
      12.536486      50.558243
      12.516444      50.555261
      12.502577      50.555028
      12.516603      50.581304
      12.508002      50.598357
      12.496513      50.616843
      12.482951      50.652022
      12.511339      50.708539
      12.545343      50.772986
      12.536527      50.836570
      12.502634      50.826899
      12.450715      50.745088
      12.441497      50.618310
      12.496774      50.510144
      12.535754      50.472147
      12.532024      50.493173
      12.479648      50.515491
      12.462978      50.525978
      12.547145      50.471370
      12.643654      50.336131
      12.706154      50.254932
      12.751080      50.192169
      12.935760      49.947317
      13.560001      49.074723
      14.646938      47.335302
