      15.421784      -9.125679
      14.784544      -9.123277
      13.723249      -8.792844
      12.467723      -8.210663
      11.021129      -7.454855
      10.350806      -7.092008
      10.361568      -7.051766
      10.348449      -7.080317
      10.433827      -7.070878
      10.606360      -7.046638
      10.789399      -6.907353
      11.079529      -6.590770
      11.320702      -6.133999
      11.248736      -5.672904
      10.957112      -5.288234
      10.684597      -5.049104
      10.511830      -4.959563
      10.305783      -5.086966
      10.118183      -5.276054
       9.953185      -5.505812
       9.774501      -5.713828
       9.610184      -5.848054
       9.496764      -5.863710
       9.362251      -5.828754
       9.208738      -5.783410
       9.060080      -5.782487
       8.956810      -5.858588
       8.829376      -5.961412
       8.718281      -6.059237
       8.611844      -6.139250
       8.545245      -6.211298
       8.463489      -6.258810
       8.387422      -6.287895
       8.315989      -6.274625
       8.274827      -6.250630
       8.253668      -6.211024
       8.226818      -6.205734
       8.210002      -6.217573
       8.194353      -6.241449
       8.188725      -6.253114
       8.141762      -6.317431
       8.083985      -6.401219
       8.016362      -6.515194
       7.952028      -6.638217
       7.884384      -6.764488
       7.819730      -6.904655
       7.747467      -7.063120
       7.686476      -7.218869
       7.626310      -7.359167
       7.568785      -7.456131
       7.500237      -7.516085
       7.450030      -7.522879
       7.371453      -7.540459
       7.328637      -7.591728
       7.264807      -7.682050
       7.219256      -7.755589
       7.174296      -7.807760
       7.154196      -7.852986
       7.099755      -7.912440
       7.050617      -7.977787
       6.973116      -8.062897
       6.904265      -8.180410
       6.787999      -8.445908
       6.579512      -8.974407
       6.291189      -9.762820
       5.887248     -11.092050
       5.213367     -12.999182
       4.158675     -15.387412
       3.084450     -18.227429
       1.935113     -21.270176
       0.719059     -24.471481
      -0.741517     -27.560635
      -2.069866     -30.157258
      -3.043439     -31.998070
      -3.695584     -33.150924
      -4.091064     -33.780462
      -4.229713     -33.968222
      -4.174858     -33.828731
      -3.954683     -33.507990
      -3.650674     -33.125390
      -3.364358     -32.788172
      -3.052348     -32.426955
      -2.749781     -31.965941
      -2.416014     -31.338965
      -1.962181     -30.522970
      -1.461233     -29.730734
      -1.011822     -29.018418
      -0.614767     -28.374823
      -0.250283     -27.717879
       0.210234     -26.661773
       0.960740     -24.612325
       1.852587     -21.745338
       2.796224     -18.228080
       3.661439     -14.358296
       4.279666     -10.561481
       4.694241      -7.087892
       5.006258      -3.931935
       5.533537      -1.037552
       6.108866       1.746317
       6.829261       4.487533
       7.577091       7.101022
       8.373789       9.484200
       9.197910      11.570124
       9.887721      13.371341
      10.510351      14.920361
      10.892232      16.231922
      11.118822      17.362341
      11.259911      18.441314
      11.327368      19.566467
      11.344576      20.886590
      11.333677      22.386366
      11.315225      24.021318
      11.250802      25.650519
      11.145899      27.288909
      11.094591      29.048708
      11.090236      31.055800
      11.145812      33.255119
      11.149624      35.508535
      11.159547      37.875183
      11.176670      40.266040
      11.218731      42.644753
      11.341860      45.002731
      11.416499      47.264404
      11.334821      49.690813
      11.205736      52.346390
      10.889901      55.227013
      10.511048      57.925119
      10.360725      60.394036
      10.399542      62.959564
      10.502446      65.506665
      10.764610      67.911863
      11.427806      70.303170
      12.152297      72.658015
      12.657254      75.180199
      13.068848      77.835490
      13.344169      80.306025
      13.591713      82.199934
      13.951622      83.717899
      14.250497      85.381945
      14.536548      87.352177
      14.652880      89.629324
      14.811233      92.203391
      14.875437      95.186031
      14.587288      98.614410
      13.750814     102.750223
      11.793047     107.750772
       8.777786     113.151316
       5.373447     118.572861
       2.334769     123.690901
      -0.466790     128.429452
      -3.134649     133.020738
      -5.753326     137.511299
      -7.913524     141.810396
      -9.588562     145.577523
     -10.858415     148.529981
     -11.646290     150.997271
     -11.742762     153.582257
     -10.917566     156.255485
      -9.188920     159.028301
      -7.237539     161.678720
      -6.070678     163.894621
      -5.700809     165.710118
      -5.790501     167.480173
      -6.084671     169.801053
      -6.414875     172.781672
      -6.660774     176.236006
      -6.875738     179.481955
      -7.176714    -177.719477
      -7.688841    -175.332231
      -8.279651    -173.437137
      -8.879984    -172.181072
      -9.319598    -171.805779
      -9.487274    -172.093451
      -9.361798    -172.755930
      -9.181046    -173.376793
      -8.988021    -173.944677
      -8.857543    -174.405239
      -8.908873    -174.747348
      -8.974145    -175.072031
      -8.974326    -175.425894
      -8.920862    -175.827006
      -8.884166    -176.232723
      -8.882655    -176.658723
      -8.865653    -177.090143
      -8.872385    -177.533706
      -8.894041    -178.116549
      -9.019176    -178.957863
      -9.383234    -179.713519
      -9.606109     179.957186
      -9.650229     179.865097
      -9.704717     179.910384
      -9.879076    -179.956350
     -10.064958    -179.866495
     -10.133172    -179.808405
     -10.148075    -179.736580
     -10.239902    -179.664657
     -10.478315    -179.632193
     -10.643546    -179.587741
     -10.656080    -179.583273
     -10.613665    -179.599107
     -10.544506    -179.660169
     -10.502604    -179.766946
     -10.505481    -179.824434
     -10.542877    -179.841200
     -10.568907    -179.930861
     -10.501769     179.833565
     -10.181727     179.329989
      -9.571164     178.271119
      -8.815427     176.781392
      -7.972810     175.011881
      -7.103221     172.953688
      -6.348785     170.598537
      -5.558878     168.031989
      -4.681845     165.538393
      -3.705580     163.090201
      -2.760130     160.529801
      -1.857710     157.880237
      -0.940702     155.239065
      -0.035081     152.666203
       0.756032     150.189305
       1.339152     147.782990
       1.777962     145.501501
       2.077081     143.234611
       2.465015     140.866900
       2.896801     138.528369
       3.266869     136.317734
       3.550931     134.353301
       3.756941     132.639102
       3.888291     131.125935
       3.981371     129.709404
       4.069083     128.142450
       4.259469     126.082150
       4.733144     123.446175
       5.411199     120.411769
       6.080330     116.938230
       6.750450     113.331783
       7.252799     109.773489
       7.670709     106.562530
       7.969766     103.743038
       7.902823     101.292990
       7.693082      99.048550
       7.755379      96.703103
       7.972186      93.951667
       8.204246      90.525523
       8.530320      86.481837
       8.950026      81.760402
       9.478556      76.500707
       9.930080      70.840638
      10.158814      64.877302
      10.043902      59.113579
       9.641627      53.757448
       9.112566      48.632987
       8.286463      43.531947
       7.080489      38.488802
       5.723920      33.612511
       4.431743      29.015829
       4.261765      24.995010
       4.558078      22.101057
       4.506124      19.661848
       4.560544      17.340420
       4.721907      15.115445
       5.090043      13.107138
       5.658750      11.459163
       6.322100      10.137431
       7.151087       9.112742
       8.250271       8.308619
       9.149570       7.323685
       9.622038       6.101659
       9.758421       4.434752
       9.404843       2.181623
       8.529286      -0.383433
       7.696007      -2.778403
       7.161857      -4.849651
       6.449498      -6.745954
       5.906307      -8.605435
       5.304913     -10.349636
       4.880805     -11.929533
       4.759765     -13.533474
       4.894796     -15.029973
       5.138829     -16.427945
       5.374542     -17.538618
       5.490193     -18.287322
       5.633332     -18.711754
       5.674422     -18.948669
       5.515902     -19.209488
       5.257418     -19.496037
       4.974990     -19.647974
       4.746269     -19.833945
       4.649571     -20.062909
       4.643579     -20.285057
       4.616926     -20.543793
       4.567818     -20.774390
       4.578890     -20.782977
       4.650888     -20.478600
       4.702421     -20.094254
       4.627773     -19.780189
       4.497712     -19.549219
       4.481797     -19.248483
       4.627029     -18.856497
       4.832484     -18.446172
       4.915763     -18.104494
       5.088533     -17.731164
       5.309475     -17.348059
       5.413468     -17.182550
       5.450876     -17.280521
       5.624845     -17.503518
       6.593329     -17.712870
       8.654766     -18.074037
      10.698558     -18.718582
      12.235861     -19.153654
      13.573807     -19.380930
      14.280855     -19.433676
      14.583051     -19.381861
      14.735978     -19.225290
      14.786902     -19.105658
      14.925440     -18.990129
      15.075421     -18.925652
      15.276320     -18.882572
      15.510545     -18.884619
      15.631344     -18.980117
      15.755329     -18.996101
      15.824719     -19.060377
      15.856378     -19.187633
      15.888263     -19.302640
      15.979305     -19.366843
      16.107398     -19.379103
      16.245803     -19.339968
      16.363363     -19.277673
      16.443233     -19.210408
      16.470889     -19.166238
      16.485891     -19.111735
      16.483227     -19.081985
      16.499664     -19.086137
      16.480511     -19.165053
      16.448327     -19.303784
      16.339633     -19.571914
      16.036234     -20.224434
      15.439039     -21.683688
      14.207879     -24.327555
      12.705891     -26.972290
      11.207284     -29.074247
       9.942253     -30.586775
       8.932123     -31.608190
       8.137088     -32.222521
       7.431908     -32.718027
       6.754383     -33.207076
       6.121456     -33.661516
       5.623819     -34.031618
       5.263622     -34.313829
       5.095424     -34.471155
       5.093695     -34.489490
       5.204508     -34.389802
       5.360447     -34.245063
       5.520583     -34.099515
       5.647676     -34.003297
       5.709970     -33.982677
       5.740874     -33.995091
       5.765046     -33.958146
       5.808757     -33.875492
       5.868361     -33.783495
       5.950982     -33.688368
       6.066374     -33.585341
       6.192379     -33.493703
       6.339035     -33.405417
       6.493805     -33.344899
       6.615277     -33.288970
       6.706014     -33.238061
       6.799878     -33.192762
       6.878540     -33.131216
       6.954417     -33.007688
       7.029701     -32.842061
       7.224020     -32.512699
       7.515982     -32.023625
       7.896382     -31.404401
       8.320586     -30.709043
       8.638090     -30.089957
       8.877635     -29.598502
       9.031861     -29.302109
       9.082388     -29.190682
       9.100590     -29.153649
       9.100100     -29.126270
       9.075266     -29.112697
       9.017167     -29.119575
       8.927516     -29.159912
       8.812686     -29.211443
       8.713312     -29.228576
       8.651224     -29.220239
       8.582770     -29.191767
       8.530802     -29.004206
       8.570061     -28.598411
       8.721563     -28.022665
       8.921503     -27.335483
       9.059027     -26.520751
       9.200641     -25.572794
       9.404136     -24.532840
       9.670793     -23.462464
       9.955254     -22.433421
      10.248485     -21.553860
      10.518564     -20.853759
      10.726288     -20.384510
      10.843563     -20.150793
      10.873894     -20.114318
      10.826944     -20.234605
      10.744944     -20.389920
      10.694325     -20.511921
      10.648334     -20.555766
      10.620353     -20.574696
      10.582166     -20.608107
      10.542315     -20.678444
      10.483532     -20.751822
      10.436397     -20.840127
      10.410926     -20.878775
      10.399706     -20.897105
      10.435354     -20.881492
      10.435699     -20.895721
      10.418960     -20.903045
      10.400518     -20.932894
      10.360303     -20.961776
      10.306117     -21.019679
      10.268364     -21.082787
      10.231519     -21.141241
      10.202741     -21.173463
      10.199103     -21.180877
      10.194665     -21.193702
      10.168030     -21.231278
      10.144424     -21.267842
      10.129749     -21.294638
      10.113726     -21.328156
      10.098809     -21.357335
      10.084341     -21.386645
      10.056122     -21.396587
      10.019845     -21.416365
      10.008701     -21.457200
       9.968239     -21.507762
       9.957895     -21.525449
       9.966170     -21.502543
       9.983359     -21.479783
       9.963343     -21.492178
       9.934045     -21.534823
       9.883069     -21.580148
       9.852195     -21.610607
       9.833032     -21.627293
       9.825784     -21.636313
       9.823287     -21.650408
       9.804403     -21.667606
       9.792491     -21.685519
       9.773507     -21.709928
       9.751436     -21.745780
       9.701086     -21.780501
       9.660107     -21.813878
       9.613203     -21.843603
       9.597326     -21.871252
       9.560964     -21.901972
       9.562706     -21.914057
       9.566125     -21.899981
       9.564563     -21.901771
       9.535434     -21.938852
       9.515140     -21.987633
       9.491269     -22.008475
       9.483713     -22.023056
       9.482867     -22.019694
       9.476612     -22.022798
       9.467320     -22.034159
       9.444182     -22.073467
       9.417264     -22.108095
       9.397879     -22.138033
       9.382923     -22.156221
       9.369952     -22.174391
       9.359080     -22.171389
       9.338669     -22.174430
       9.346038     -22.181203
       9.323763     -22.211484
       9.315802     -22.218779
       9.327382     -22.195390
       9.339517     -22.164213
       9.325053     -22.168283
       9.330370     -22.167851
       9.304937     -22.171241
       9.288144     -22.183296
       9.280891     -22.188257
       9.273686     -22.182803
       9.261469     -22.184991
       9.228604     -22.228578
       9.195891     -22.288001
       9.161393     -22.343180
       9.134331     -22.374961
       9.113841     -22.396748
       9.102900     -22.397241
       9.071096     -22.433501
       9.072016     -22.497426
       9.029815     -22.566522
       8.994337     -22.611285
       8.971014     -22.629297
       8.966372     -22.619848
       8.934032     -22.635417
       8.916094     -22.645850
       8.883836     -22.668605
       8.850823     -22.703321
       8.841844     -22.744375
       8.835394     -22.760930
       8.829812     -22.752959
       8.829986     -22.745688
       8.815102     -22.751568
       8.801381     -22.781077
       8.779590     -22.828867
       8.751517     -22.872690
       8.736650     -22.888293
       8.716921     -22.899955
       8.736187     -22.893784
       8.717981     -22.901689
       8.713812     -22.913387
       8.719280     -22.910706
       8.722670     -22.888541
       8.701037     -22.910711
       8.696970     -22.928118
       8.674269     -22.934588
       8.676520     -22.925600
       8.682280     -22.930022
       8.691943     -22.918798
       8.695577     -22.915747
       8.687647     -22.921605
       8.676721     -22.931746
       8.672371     -22.933271
       8.659350     -22.942354
       8.664705     -22.922486
       8.651445     -22.911660
       8.668775     -22.902580
       8.647570     -22.921124
       8.633385     -22.925172
       8.649491     -22.906024
       8.668582     -22.866320
       8.676412     -22.843417
       8.678670     -22.843395
       8.662255     -22.819221
       8.689478     -22.686238
       8.805045     -22.384151
       9.127814     -21.788692
       9.722447     -20.737343
      10.553736     -19.311081
      11.377457     -17.636870
      12.163809     -15.902501
      12.992485     -14.172304
      13.923792     -12.537252
      14.686479     -11.141826
      15.233391     -10.030965
      15.770523      -9.189324
      16.273176      -8.778504
      16.467389      -8.996882
      16.242223      -9.784559
      15.900812     -10.766264
      15.376601     -11.459527
      14.965768     -11.657234
      14.771177     -11.258333
      14.840790     -10.481019
      14.960112      -9.641827
      14.959098      -8.985565
      14.916318      -8.488107
      14.874692      -8.156584
      14.842443      -7.970646
      14.684386      -7.832743
      14.549843      -7.676566
      14.456417      -7.435125
      14.730067      -7.303119
      15.011546      -7.196363
      14.954869      -7.074410
      14.883836      -6.928056
      15.025621      -6.722355
      15.131087      -6.512727
      14.978294      -6.254093
      14.679070      -5.848342
      14.902039      -5.667418
      15.009734      -5.506512
      15.090322      -5.364913
      15.142251      -5.285434
      15.120085      -5.160575
      15.148665      -4.945898
      15.165302      -4.713026
      15.195847      -4.552405
      15.256520      -4.479345
      15.298219      -4.409580
      15.346320      -4.308993
      15.403190      -4.165296
      15.464545      -3.992739
      15.516071      -3.797085
      15.539268      -3.550160
      15.556485      -3.166357
      15.336816      -2.328166
      15.126895      -1.108783
      14.888174       0.325255
      14.647948       1.913153
      14.377717       3.458234
      14.209806       4.753878
      14.281113       5.675860
      14.542317       6.354532
      14.701468       6.816262
      14.704404       7.224350
      14.598721       7.688529
      14.408421       8.198511
      14.212245       8.633414
      14.006226       8.982928
      13.757748       9.290163
      13.493874       9.538186
      13.254249       9.703449
      13.088089       9.753347
      12.988738       9.794872
      12.870893       9.853439
      12.784976       9.938030
      12.692212      10.027381
      12.614190      10.030014
      12.570093       9.993636
      12.553866       9.955009
      12.516609       9.898385
      12.524886       9.860193
      12.520329       9.768393
      12.491230       9.666545
      12.426753       9.556815
      12.405008       9.474515
      12.380879       9.411009
      12.344891       9.385690
      12.294129       9.334952
      12.221418       9.286334
      12.143680       9.233768
      12.058063       9.192053
      11.951403       9.147897
      11.844003       9.102629
      11.716368       9.038683
      11.569813       8.963521
      11.363460       8.877411
      11.183930       8.817592
      11.012846       8.742289
      10.864579       8.646193
      10.695278       8.541223
      10.558370       8.453410
      10.401030       8.408116
      10.321351       8.406148
      10.227438       8.446303
      10.261364       8.394134
      10.275833       8.324227
      10.267965       8.229370
      10.220457       8.128816
      10.107496       8.003059
       9.955848       7.890722
       9.832462       7.797731
       9.714236       7.717898
       9.608206       7.686102
       9.557772       7.695299
       9.497616       7.719076
       9.460930       7.718202
       9.435762       7.733830
       9.415704       7.735532
       9.363162       7.732203
       9.301974       7.732438
       9.267058       7.734393
       9.235102       7.718311
       9.194509       7.673597
       9.125936       7.602840
       9.022442       7.516365
       8.899903       7.458590
       8.695938       7.471449
       8.482813       7.521534
       8.218407       7.605418
       7.844520       7.716850
       7.169209       7.852675
       6.210307       7.998635
       5.190868       8.174255
       4.014398       8.320051
       2.488830       8.479722
       0.506603       8.753847
      -1.822260       9.119207
      -4.249652       9.403102
      -6.283036       9.361203
      -7.566867       9.102693
      -8.201241       8.650118
      -8.570082       8.037457
      -8.866757       7.448415
      -9.184496       6.969319
      -9.456586       6.650006
      -9.664580       6.557405
      -9.781846       6.586238
      -9.707835       6.632818
      -9.419031       6.597279
      -9.107528       6.521358
      -8.891847       6.467308
      -8.810438       6.424072
      -8.922730       6.400307
      -9.121749       6.390517
      -9.243887       6.386895
      -9.245796       6.387261
      -9.169156       6.359669
      -9.009160       6.287885
      -8.786553       6.187782
      -8.640572       6.092042
      -8.581045       6.040764
