       0.809918      -6.003272
       0.808406      -6.672235
       0.797742      -7.317956
       0.769074      -7.958360
       0.763083      -8.636596
       0.774711      -9.261542
       0.777801      -9.871315
       0.793415     -10.461685
       0.787472     -11.030314
       0.782029     -11.549073
       0.764184     -11.978534
       0.769791     -12.361162
       0.737564     -12.661340
       0.716718     -12.872183
       0.662185     -13.030387
       0.624546     -13.121447
       0.543455     -13.128850
       0.507696     -13.069727
       0.443645     -12.997981
       0.387046     -13.092476
       0.383956     -13.308727
       0.389834     -13.512438
       0.454136     -13.730902
       0.527179     -13.994287
       0.586137     -14.226415
       0.655839     -14.416078
       0.674684     -14.620894
       0.689857     -14.786591
       0.670400     -14.861372
       0.656492     -14.834189
       0.645272     -14.737166
       0.593146     -14.612565
       0.552737     -14.522853
       0.536210     -14.479741
       0.533617     -14.457597
       0.529153     -14.492876
       0.544824     -14.534364
       0.494700     -14.511319
       0.420882     -14.463945
       0.389283     -14.406231
       0.375598     -14.365404
       0.336674     -14.330112
       0.316533     -14.286840
       0.304608     -14.241944
       0.303750     -14.217801
       0.302711     -14.228846
       0.289818     -14.269796
       0.287542     -14.303588
       0.296996     -14.329088
       0.292075     -14.353644
       0.292114     -14.349918
       0.278198     -14.338176
       0.270020     -14.321100
       0.265618     -14.293819
       0.255461     -14.268194
       0.229950     -14.235832
       0.240805     -14.230635
       0.229886     -14.218680
       0.225539     -14.207669
       0.229892     -14.199180
       0.235348     -14.176242
       0.250928     -14.155033
       0.227412     -14.140060
       0.228010     -14.126715
       0.221730     -14.124923
       0.216387     -14.118496
       0.210845     -14.086621
       0.191517     -14.065794
       0.197792     -14.036796
       0.187040     -14.021500
       0.168266     -14.015024
       0.158755     -13.983614
       0.170130     -13.981194
       0.160847     -13.974183
       0.140088     -13.955036
       0.123643     -13.944791
       0.121034     -13.927606
       0.100888     -13.925471
       0.085750     -13.935401
       0.063019     -13.933768
       0.061611     -13.920920
       0.048428     -13.913794
       0.011903     -13.904736
       0.003175     -13.879836
      -0.018078     -13.862959
      -0.033238     -13.860080
      -0.053092     -13.850335
      -0.087348     -13.839069
      -0.098527     -13.821424
      -0.120932     -13.831330
      -0.105951     -13.844773
      -0.105567     -13.883962
      -0.090934     -13.923963
      -0.098908     -13.960572
      -0.103525     -13.997436
      -0.092385     -14.023918
      -0.062884     -14.049143
      -0.066229     -14.090652
      -0.074328     -14.126003
      -0.058425     -14.144667
      -0.061918     -14.147986
      -0.061319     -14.183635
      -0.027045     -14.212570
      -0.022470     -14.252040
      -0.025292     -14.299780
      -0.050605     -14.297330
      -0.102151     -14.262405
      -0.200460     -14.177200
      -0.300705     -14.113819
      -0.340658     -14.068911
      -0.344616     -14.025600
      -0.329719     -14.020517
      -0.330584     -14.019405
      -0.346178     -14.010878
      -0.339242     -14.007313
      -0.320652     -14.046735
      -0.292264     -14.103604
      -0.295643     -14.130215
      -0.312354     -14.091088
      -0.299196     -14.051476
      -0.309803     -14.015585
      -0.310229     -13.990996
      -0.323118     -13.994636
      -0.300043     -13.982877
      -0.308020     -13.983222
      -0.296203     -13.999223
      -0.309613     -14.029943
      -0.299974     -14.061555
      -0.286884     -14.080905
      -0.288287     -14.065618
      -0.301713     -14.006503
      -0.312175     -13.967676
      -0.301410     -13.958340
      -0.297294     -13.966990
      -0.298902     -13.973097
      -0.284178     -13.989045
      -0.271779     -14.008325
      -0.252354     -14.009816
      -0.257346     -14.029794
      -0.246401     -14.028319
      -0.241973     -14.016983
      -0.244724     -14.011324
      -0.260563     -13.998556
      -0.270177     -13.992707
      -0.277804     -13.991897
      -0.289776     -13.986228
      -0.305148     -13.963682
      -0.316810     -13.953588
      -0.322125     -13.943119
      -0.329468     -13.946005
      -0.333981     -13.948436
      -0.338905     -13.951714
      -0.338172     -13.982569
      -0.348656     -13.975240
      -0.374090     -13.958330
      -0.383998     -13.936883
      -0.387113     -13.911473
      -0.407350     -13.907284
      -0.417903     -13.916835
      -0.430357     -13.936187
      -0.434292     -13.953781
      -0.438994     -13.958714
      -0.460844     -13.945756
      -0.459944     -13.921470
      -0.462162     -13.913773
      -0.448364     -13.922592
      -0.429329     -13.912482
      -0.392916     -13.928733
      -0.391197     -13.953891
      -0.386199     -13.964305
      -0.397214     -13.946791
      -0.398933     -13.914937
      -0.396652     -13.890170
      -0.385269     -13.882893
      -0.389252     -13.893497
      -0.384607     -13.910249
      -0.374605     -13.937000
      -0.354440     -14.023330
      -0.262642     -14.208736
      -0.265792     -14.452326
      -0.303396     -14.670268
      -0.395399     -14.679639
      -0.450856     -14.560535
      -0.459038     -14.381680
      -0.447583     -14.154664
      -0.350687     -13.895905
      -0.327626     -13.643120
      -0.366527     -13.497188
      -0.333739     -13.506552
      -0.178367     -13.669353
       0.075982     -13.939690
       0.159995     -14.326175
       0.342815     -14.856968
       0.702051     -15.161046
       0.996588     -15.259819
       1.167549     -15.268842
       1.309461     -15.274191
       1.370190     -15.070111
       1.337997     -14.825470
       1.335794     -14.738322
       1.288782     -14.716278
       1.254657     -14.735206
       1.339167     -14.850585
       1.479897     -15.125963
       1.508231     -15.452448
       1.515028     -15.608784
       1.377749     -15.742816
       1.354181     -15.838809
       1.350600     -15.749030
       1.538307     -15.754737
       2.051133     -15.924873
       1.955155     -16.237282
       1.650747     -16.482288
       1.220263     -16.527691
       1.103519     -16.221626
       1.141456     -15.890470
       1.145463     -15.783163
       1.104975     -15.969818
       1.377874     -16.098700
       1.630317     -16.195473
       1.659068     -16.318905
       1.340130     -16.306176
       1.001785     -16.194631
       1.039857     -16.172164
       1.332348     -15.982008
       1.313434     -16.047661
       1.194007     -16.168183
       1.065350     -16.260903
       1.074095     -16.226843
       1.173097     -16.066697
       1.158662     -15.918202
       1.107579     -15.900518
       1.103817     -16.022029
       1.159953     -16.142935
       1.207878     -16.227892
       1.213803     -16.013915
       0.925497     -15.777891
       0.757362     -15.555860
       0.709283     -15.338643
       0.733063     -15.146906
       0.790117     -15.010077
       0.799010     -14.912160
       0.881686     -14.780109
       0.739249     -14.684767
       0.488025     -14.604244
       0.323615     -14.440068
       0.327282     -14.231341
       0.278842     -14.055492
       0.241920     -14.001459
       0.266107     -14.035627
       0.333465     -14.132441
       0.372355     -14.239180
       0.331235     -14.640333
       0.368324     -15.001957
       0.277052     -15.166017
       0.483637     -15.307635
       0.546875     -15.375721
       0.527686     -15.298056
       0.498091     -15.247366
       0.473254     -15.266444
       0.407292     -15.283253
       0.249322     -15.146392
       0.202110     -14.901313
       0.111734     -14.613081
       0.038495     -14.553691
       0.038827     -14.751106
       0.040112     -14.964700
       0.072263     -15.052345
       0.028228     -15.086720
       0.002556     -15.135706
      -0.022581     -15.213214
      -0.021164     -15.287811
      -0.025303     -15.383411
      -0.057916     -15.394759
      -0.299143     -15.314826
      -0.405390     -15.162171
      -0.468609     -14.997733
      -0.559053     -14.886451
      -0.654198     -14.898054
      -0.669398     -14.995160
      -0.709915     -14.958857
      -0.867975     -15.081801
      -0.962205     -15.050750
      -1.053055     -14.883757
      -1.087375     -14.719642
      -1.175887     -14.644615
      -1.229257     -14.694746
      -1.258696     -14.868205
      -1.136709     -15.137393
      -0.904834     -15.306818
      -0.861881     -15.381060
      -0.920437     -15.442179
      -0.925088     -15.420052
      -0.910969     -15.409797
      -0.848367     -15.579750
      -0.794529     -16.220451
      -0.752665     -16.786621
      -0.693415     -17.030403
      -0.696605     -17.062514
      -0.629909     -17.009487
      -0.548316     -16.938487
      -0.594040     -16.878920
      -0.645533     -16.950086
      -0.574418     -17.016879
      -0.531517     -16.988983
      -0.552455     -16.866272
      -0.612651     -16.693090
      -0.622036     -16.536947
      -0.623120     -16.484512
      -0.601678     -16.529428
      -0.571193     -16.653577
      -0.550416     -16.755666
      -0.541609     -16.805262
      -0.541391     -16.842951
      -0.499681     -16.937944
      -0.409353     -17.190074
      -0.378613     -17.454520
      -0.337898     -17.700084
      -0.311774     -17.901022
      -0.277860     -18.026096
      -0.290648     -18.061829
      -0.304786     -18.051863
      -0.311556     -18.033812
      -0.340926     -17.990008
      -0.360840     -17.936561
      -0.370893     -17.880005
      -0.382920     -17.830694
      -0.400196     -17.778318
      -0.423221     -17.742584
      -0.440418     -17.739090
      -0.434408     -17.752003
      -0.430267     -17.770079
      -0.453001     -17.769736
      -0.441725     -17.749857
      -0.456371     -17.722571
      -0.461049     -17.691887
      -0.474462     -17.634027
      -0.487549     -17.575452
      -0.488821     -17.548715
      -0.507511     -17.531570
      -0.509809     -17.529373
      -0.503808     -17.540921
      -0.491386     -17.591364
      -0.493139     -17.589380
      -0.517274     -17.563282
      -0.540693     -17.533874
      -0.567140     -17.477752
      -0.589218     -17.456678
      -0.601513     -17.467227
      -0.638690     -17.459968
      -0.641543     -17.479018
      -0.655801     -17.520730
      -0.705027     -17.563944
      -0.757643     -17.596996
      -0.793118     -17.602380
      -0.783577     -17.604091
      -0.793608     -17.625213
      -0.820521     -17.645975
      -0.831789     -17.656420
      -0.840746     -17.661706
      -0.826034     -17.654108
      -0.846605     -17.636268
      -0.846355     -17.634618
      -0.811682     -17.655602
      -0.783986     -17.669612
      -0.818544     -17.603521
      -0.930097     -17.494491
      -0.898874     -17.356539
      -0.884469     -17.248305
      -0.887501     -17.218675
      -0.875729     -17.168380
      -0.831286     -17.207109
      -0.773738     -17.188106
      -0.716457     -17.199110
      -0.685226     -17.229788
      -0.656028     -17.249749
      -0.646736     -17.308860
      -0.626750     -17.321479
      -0.637513     -17.367531
      -0.644143     -17.342993
      -0.685881     -17.258404
      -0.752164     -17.128819
      -0.834212     -16.933859
      -0.890449     -16.729936
      -0.932062     -16.527256
      -0.980917     -16.376970
      -1.011008     -16.262024
      -1.031400     -16.190458
      -1.052860     -16.152822
      -1.018576     -16.084119
      -1.009440     -16.038094
      -1.003316     -16.013341
      -1.003043     -16.040011
      -0.941976     -16.160376
      -0.873072     -16.553134
      -0.914741     -16.729232
      -0.826138     -16.815236
      -0.737594     -16.885166
      -0.747316     -16.868845
      -0.788376     -16.877510
      -0.776900     -16.866090
      -0.727567     -16.801601
      -0.766831     -16.664952
      -0.842199     -16.517314
      -0.867495     -16.410255
      -0.856661     -16.298794
      -0.851545     -16.268017
      -0.853359     -16.288815
      -0.841865     -16.355078
      -0.823634     -16.434910
      -0.789673     -16.458298
      -0.783279     -16.489656
      -0.791587     -16.492195
      -0.809230     -16.484575
      -0.813794     -16.467202
      -0.835769     -16.402378
      -0.902705     -16.350713
      -0.915160     -16.309916
      -0.896472     -16.360103
      -0.869782     -16.460881
      -0.872018     -16.564499
      -0.875764     -16.645187
      -0.887613     -16.691143
      -0.876922     -16.752997
      -0.873492     -16.817498
      -0.897580     -16.860954
      -0.896255     -16.889419
      -0.902210     -16.891886
      -0.919272     -16.874839
      -0.951262     -16.849802
      -0.977712     -16.818970
      -0.977477     -16.805733
      -0.988036     -16.810839
      -0.977836     -16.787505
      -0.976936     -16.726468
      -0.978997     -16.650605
      -0.993544     -16.590111
      -1.001847     -16.546774
      -0.983081     -16.520239
      -0.992641     -16.515918
      -0.993280     -16.511218
      -0.992293     -16.533555
      -0.978582     -16.559995
      -0.965582     -16.615674
      -0.943956     -16.676510
      -0.934542     -16.714878
      -0.915327     -16.721290
      -0.917266     -16.680296
      -0.945287     -16.636118
      -0.980209     -16.566617
      -0.979893     -16.503486
      -0.996486     -16.480808
      -1.009697     -16.478338
      -1.011439     -16.484538
      -0.999020     -16.497457
      -0.976903     -16.576865
      -0.935277     -16.651460
      -0.921137     -16.717870
      -0.919539     -16.743807
      -0.899640     -16.750329
      -0.895246     -16.740765
      -0.901718     -16.730030
      -0.921097     -16.710317
      -0.907710     -16.686395
      -0.895851     -16.693605
      -0.882514     -16.711296
      -0.881527     -16.713716
      -0.869451     -16.720921
      -0.859024     -16.727705
      -0.860470     -16.703634
      -0.886301     -16.617963
      -0.930728     -16.487812
      -0.937472     -16.339689
      -0.933020     -16.262863
      -0.962449     -16.235688
      -0.993900     -16.197565
      -1.010083     -16.153309
      -1.006685     -16.106230
      -1.038808     -16.115759
      -1.047425     -16.155561
      -1.029051     -16.224426
      -1.017852     -16.303745
      -1.022307     -16.380450
      -1.049127     -16.416182
      -1.096563     -16.412115
      -1.106382     -16.375692
      -1.122404     -16.337990
      -1.146630     -16.323450
