      -5.342032     -13.631417
      -5.357460     -13.904134
      -5.369472     -14.166058
      -5.354781     -14.421689
      -5.345051     -14.690786
      -5.332341     -14.964244
      -5.337420     -15.227992
      -5.322803     -15.427049
      -5.327245     -15.592728
      -5.345255     -15.745540
      -5.368055     -15.861693
      -5.386642     -15.958937
      -5.399025     -16.056502
      -5.397914     -16.126969
      -5.403983     -16.185629
      -5.425162     -16.223024
      -5.439707     -16.216573
      -5.452312     -16.237267
      -5.440964     -16.264689
      -5.428038     -16.293388
      -5.431804     -16.322328
      -5.432315     -16.320373
      -5.425374     -16.318163
      -5.419385     -16.325983
      -5.411108     -16.302934
      -5.385122     -16.268838
      -5.380350     -16.227208
      -5.394626     -16.103879
      -5.415047     -15.926432
      -5.433633     -15.796167
      -5.436381     -15.722044
      -5.411998     -15.669962
      -5.370574     -15.614333
      -5.352432     -15.523318
      -5.340376     -15.337765
      -5.339268     -15.074971
      -5.354538     -14.762240
      -5.374415     -14.412216
      -5.371335     -14.031480
      -5.384896     -13.632384
      -5.409112     -13.197007
      -5.413611     -12.712846
      -5.423047     -12.188001
      -5.430103     -11.628016
      -5.447674     -11.040230
      -5.453609     -10.442572
      -5.465709      -9.851699
      -5.470124      -9.257925
      -5.473836      -8.646613
      -5.475476      -8.044398
      -5.484969      -7.446176
      -5.491101      -6.825811
      -5.513056      -6.257664
      -5.521553      -5.717817
      -5.535282      -5.215925
      -5.592375      -4.757794
      -5.688829      -4.297975
      -5.845572      -3.821144
      -6.002011      -3.363130
      -6.105156      -2.898826
      -6.178079      -2.461992
      -6.232644      -2.104855
      -6.280209      -1.810983
      -6.303837      -1.530332
      -6.316199      -1.247268
      -6.322655      -1.006118
      -6.346562      -0.787637
      -6.365959      -0.597683
      -6.394630      -0.421074
      -6.429187      -0.283915
      -6.439117      -0.182277
      -6.436782      -0.118276
      -6.449501      -0.040096
      -6.461947       0.073851
      -6.492569       0.200247
      -6.512373       0.340077
      -6.532381       0.451315
      -6.540819       0.535081
      -6.549564       0.615254
      -6.555812       0.675008
      -6.558003       0.732853
      -6.550717       0.807290
      -6.535843       0.899991
      -6.530140       0.994978
      -6.512560       1.098027
      -6.503441       1.246561
      -6.503221       1.420725
      -6.485892       1.604110
      -6.494789       1.778412
      -6.490731       1.918510
      -6.492361       2.008553
      -6.483815       2.088747
      -6.480728       2.169011
      -6.476277       2.264530
      -6.465044       2.385912
      -6.463876       2.498311
      -6.467387       2.597987
      -6.460169       2.702288
      -6.432968       2.822639
      -6.382843       2.944076
      -6.373093       3.027642
      -6.373072       3.095820
      -6.363519       3.153833
      -6.322897       3.204496
      -6.269604       3.241055
      -6.191515       3.274489
      -6.110250       3.288800
      -6.058981       3.256535
      -6.014521       3.199262
      -5.916570       3.060981
      -5.748999       2.875169
      -5.620724       2.712829
      -5.547886       2.546903
      -5.520770       2.442179
      -5.529945       2.432986
      -5.538293       2.397074
      -5.524580       2.258687
      -5.484273       2.043406
      -5.430091       1.808629
      -5.369472       1.570931
      -5.295172       1.305280
      -5.203599       0.997125
      -5.109264       0.659428
      -5.041452       0.263219
      -4.994838      -0.325849
      -4.940458      -1.051304
      -4.920155      -1.794488
      -4.924121      -2.511033
      -4.935287      -3.175890
      -4.949459      -3.800686
      -4.962252      -4.516862
      -4.972626      -5.377229
      -4.948316      -6.306482
      -4.889423      -7.252659
      -4.843188      -8.270074
      -4.808793      -9.365431
      -4.799618     -10.491579
      -4.783536     -11.634977
      -4.737006     -12.761884
      -4.691694     -13.858012
      -4.686416     -14.955533
      -4.695163     -16.049684
      -4.676829     -17.149039
      -4.690037     -18.265565
      -4.688405     -19.348010
      -4.681244     -20.354267
      -4.710196     -21.373113
      -4.709027     -22.413084
      -4.683046     -23.410119
      -4.662951     -24.333126
      -4.638570     -25.262678
      -4.610329     -26.218980
      -4.545820     -27.270601
      -4.421800     -28.460533
      -4.314441     -29.781342
      -4.208869     -31.090222
      -4.172225     -32.396448
      -4.140598     -33.624826
      -4.092137     -34.635798
      -4.111403     -35.334559
      -4.172717     -35.856140
      -4.250113     -36.294044
      -4.323641     -36.682174
      -4.370381     -37.046526
      -4.422822     -37.433827
      -4.454749     -37.814732
      -4.465102     -38.176933
      -4.427619     -38.516349
      -4.367506     -38.752903
      -4.360584     -38.871183
      -4.410018     -38.914486
      -4.484252     -38.894453
      -4.525530     -38.877580
      -4.506628     -38.919307
      -4.480009     -38.981987
      -4.431265     -39.008460
      -4.384111     -39.042923
      -4.328155     -39.105073
      -4.287019     -39.165660
      -4.264736     -39.236550
      -4.245311     -39.319236
      -4.251518     -39.380331
      -4.248446     -39.359941
      -4.256228     -39.279691
      -4.249536     -39.213346
      -4.188647     -39.146419
      -4.159349     -39.094228
      -4.140795     -39.081143
      -4.141271     -39.077998
      -4.143745     -39.080528
      -4.160651     -39.109056
      -4.188562     -39.143888
      -4.209345     -39.178140
      -4.295689     -39.210757
      -4.449296     -39.198756
      -4.597123     -39.094895
      -4.737813     -38.977710
      -4.835428     -38.873563
      -4.872397     -38.617615
      -4.883721     -38.058033
      -5.005882     -37.444088
      -5.312013     -37.107945
      -5.749923     -36.957419
      -6.208546     -36.807441
      -6.721884     -36.844294
      -7.118635     -37.173865
      -7.336087     -37.917915
      -7.277964     -39.030256
      -6.987009     -40.416513
      -6.651722     -42.024497
      -6.353178     -43.725543
      -6.260373     -45.333285
      -6.390553     -46.813444
      -6.750566     -48.225487
      -7.187086     -49.727415
      -7.407384     -51.350977
      -7.322206     -53.008796
      -7.167885     -54.787783
      -7.006673     -56.815454
      -6.885405     -58.944569
      -6.846252     -61.226267
      -6.960586     -63.747024
      -7.078023     -66.484578
      -7.247833     -69.384998
      -7.429828     -72.242667
      -7.709409     -75.205708
      -8.146073     -78.306670
      -8.610180     -81.461229
      -9.143877     -84.676792
      -9.544898     -87.911696
      -9.752182     -91.353412
      -9.865871     -95.087676
      -9.879325     -99.096226
      -9.891045    -103.448255
      -9.925891    -108.187010
     -10.012757    -113.185888
     -10.127573    -118.279866
     -10.341448    -123.264114
     -10.647740    -127.914209
     -10.994984    -132.296293
     -11.291924    -136.622949
     -11.478407    -140.534028
     -11.488197    -143.948137
     -11.299903    -146.927892
     -10.925507    -149.603490
     -10.373778    -152.125033
      -9.855690    -154.391553
      -9.487425    -156.252532
      -9.158186    -157.710260
      -8.991965    -159.086498
      -8.948460    -160.729775
      -9.013846    -162.373887
      -9.215874    -163.657598
      -9.380558    -164.664342
      -9.454754    -165.554596
      -9.419822    -166.344581
      -9.353965    -167.115624
      -9.263789    -167.748921
      -9.026110    -168.162720
      -8.625579    -168.386687
      -8.163102    -168.688853
      -7.828645    -169.171738
      -7.772474    -169.736357
      -8.115344    -170.379777
      -8.724114    -171.099549
      -9.283286    -171.733468
      -9.768329    -172.272772
      -9.960702    -172.621682
      -9.883745    -172.632115
      -9.655503    -172.374653
      -9.455427    -172.056169
      -9.328272    -171.802885
      -9.343038    -171.634773
      -9.438204    -171.561957
      -9.572407    -171.543442
      -9.648454    -171.562617
      -9.758416    -171.622495
      -9.910224    -171.662070
     -10.049297    -171.686141
     -10.206302    -171.660904
     -10.351138    -171.576062
     -10.583148    -171.432741
     -10.816215    -171.296472
     -10.879040    -171.303058
     -10.949433    -171.362702
     -11.090153    -171.391534
     -11.225050    -171.409563
     -11.300551    -171.413818
     -11.214147    -171.438919
     -10.970972    -171.420229
     -10.684217    -171.317124
     -10.372549    -171.120939
     -10.047250    -170.808496
      -9.669576    -170.460442
      -9.141962    -170.117400
      -8.360780    -169.791902
      -7.227860    -169.351448
      -5.674553    -168.702180
      -3.437905    -167.869434
      -1.087625    -166.917418
       0.357609    -165.830184
       1.003151    -164.848016
       1.223528    -164.227521
       1.237212    -163.939325
       1.123155    -163.734281
       0.929943    -163.635839
       0.628847    -163.643843
       0.286023    -163.813917
      -0.248562    -164.157813
      -0.845489    -164.616705
      -1.412489    -165.151036
      -1.996316    -165.698170
      -2.452280    -166.180258
      -2.749300    -166.450309
      -2.856492    -166.527341
      -2.759114    -166.440556
      -2.652038    -166.256416
      -2.632251    -166.046302
      -2.701216    -165.909761
      -2.913897    -165.885262
      -3.317473    -165.895812
      -3.760370    -165.894296
      -4.146103    -165.965578
      -4.383808    -166.140178
      -4.610222    -166.304909
      -4.846526    -166.418136
      -5.091512    -166.497111
      -5.335907    -166.556969
      -5.613124    -166.549839
      -5.845411    -166.438458
      -6.068970    -166.258845
      -6.303795    -166.101847
      -6.612115    -166.014168
      -6.942898    -166.067148
      -7.273271    -166.223622
      -7.551543    -166.377939
      -7.734357    -166.504533
      -7.848075    -166.566431
      -7.923579    -166.583119
      -7.980910    -166.579234
      -8.054030    -166.559903
      -8.127277    -166.518735
      -8.191754    -166.438671
      -8.254675    -166.349652
      -8.306540    -166.279322
      -8.392789    -166.242176
      -8.482410    -166.253833
      -8.598277    -166.302325
      -8.691883    -166.349438
      -8.787621    -166.353596
      -8.885593    -166.315070
      -8.913840    -166.261001
      -8.949546    -166.201493
      -8.983751    -166.130095
      -9.029698    -166.063185
      -9.081424    -166.009097
      -9.159116    -165.939680
      -9.200339    -165.928742
      -9.307731    -165.965092
      -9.398862    -166.051625
      -9.488255    -166.129804
      -9.587625    -166.185135
      -9.686739    -166.226031
      -9.758938    -166.280721
      -9.828252    -166.313088
      -9.897442    -166.324609
      -9.937228    -166.320277
      -9.965774    -166.316372
      -9.994122    -166.297449
     -10.026585    -166.273299
     -10.096680    -166.164036
     -10.217804    -166.042591
     -10.289107    -166.053840
     -10.330522    -166.132912
     -10.351320    -166.158849
     -10.360055    -166.169942
     -10.349286    -166.169748
     -10.363124    -166.161180
     -10.367217    -166.160325
     -10.399835    -166.160286
     -10.419026    -166.183075
     -10.475113    -166.215579
     -10.505068    -166.222029
     -10.528383    -166.211149
     -10.586470    -166.206894
     -10.605421    -166.227197
     -10.609204    -166.239339
     -10.638567    -166.248024
     -10.638633    -166.242331
     -10.634526    -166.248432
     -10.664547    -166.263255
     -10.674512    -166.297351
     -10.688311    -166.296633
     -10.707935    -166.300518
     -10.717208    -166.337121
     -10.742819    -166.363601
     -10.773200    -166.389829
     -10.819182    -166.428413
     -10.849660    -166.439371
     -10.886922    -166.435641
     -10.904457    -166.464122
     -10.899029    -166.469970
     -10.928852    -166.477994
     -10.924275    -166.487339
     -10.929139    -166.502240
     -10.949896    -166.500394
     -10.967908    -166.523786
     -10.986390    -166.540844
     -11.014268    -166.548557
     -11.026356    -166.548693
     -11.031541    -166.562020
     -11.051216    -166.564429
     -11.073710    -166.574221
     -11.101879    -166.576378
     -11.149873    -166.560330
     -11.149998    -166.530508
     -11.163513    -166.521629
     -11.188838    -166.527069
     -11.223664    -166.534238
     -11.247626    -166.541582
     -11.283919    -166.545914
     -11.296812    -166.537522
     -11.323891    -166.534704
     -11.359373    -166.541601
     -11.380723    -166.540688
     -11.406828    -166.516151
     -11.444638    -166.500841
     -11.505234    -166.508749
     -11.564931    -166.523067
     -11.629392    -166.559922
     -11.679094    -166.617060
     -11.701316    -166.633593
     -11.748753    -166.654790
     -11.782648    -166.662444
     -11.805989    -166.651254
     -11.828815    -166.650379
     -11.835198    -166.664931
     -11.852067    -166.654867
     -11.885192    -166.647290
     -11.920427    -166.628775
     -11.985844    -166.572220
     -12.067986    -166.516248
     -12.140426    -166.534141
     -12.179245    -166.626094
     -12.175465    -166.699746
     -12.171333    -166.797333
     -12.212523    -166.838035
     -12.216437    -166.821502
     -12.196218    -166.804891
     -12.184052    -166.796692
     -12.190866    -166.801025
     -12.224798    -166.832731
     -12.238179    -166.854549
     -12.229899    -166.866595
     -12.266354    -166.880253
     -12.287314    -166.913261
     -12.309346    -166.939392
     -12.342731    -166.943821
     -12.352127    -166.966805
     -12.361588    -166.979219
     -12.378096    -166.978112
     -12.380746    -167.003252
     -12.412805    -167.028333
     -12.410021    -167.028100
     -12.439260    -167.002475
     -12.454296    -166.998220
     -12.467108    -167.011878
     -12.479597    -167.027498
     -12.512304    -167.042322
     -12.521818    -167.048034
     -12.530066    -167.050171
     -12.555458    -167.074922
     -12.571718    -167.086793
     -12.557517    -167.079915
     -12.562785    -167.074359
     -12.583106    -167.089843
     -12.604971    -167.117139
     -12.630759    -167.146689
     -12.649782    -167.154111
     -12.667260    -167.154189
     -12.675730    -167.141813
     -12.675136    -167.122482
     -12.695661    -167.096487
     -12.703386    -167.064819
     -12.736982    -167.020251
     -12.746512    -167.010421
     -12.749156    -167.021786
     -12.744231    -167.025478
     -12.765246    -167.013860
     -12.793968    -166.998026
     -12.784213    -166.979200
     -12.805964    -166.945783
     -12.832357    -166.946230
     -12.850743    -166.960510
     -12.878198    -166.973954
     -12.898507    -166.987787
     -12.897733    -166.979841
     -12.921703    -166.970515
