      -2.628813      19.654654
      -1.253000      19.902443
       0.165276      19.876800
       1.627409      19.628560
       2.961205      19.187586
       4.251301      18.576796
       5.493984      17.864176
       6.612651      17.041327
       7.484210      16.030611
       7.569088      14.895096
       7.171062      14.099394
       6.722191      13.580138
       6.433395      13.123821
       6.228971      12.526036
       6.171501      11.974406
       5.929869      11.615014
       5.506551      11.282511
       5.065954      10.832064
       4.824151      10.389288
       4.670732       9.945928
       4.461593       9.520191
       4.455265       9.122483
       4.446603       8.734714
       4.471049       8.369126
       4.465912       7.916202
       4.356395       7.427542
       4.232532       6.848036
       4.052208       6.324432
       3.855303       5.913816
       3.656482       5.625662
       3.459340       5.417877
       3.467690       5.242713
       3.546089       5.074090
       3.613790       4.982086
       3.653295       4.981600
       3.628458       5.020837
       3.650060       5.048426
       3.655907       5.087719
       3.620057       5.147372
       3.611521       5.206362
       3.585366       5.297546
       3.535016       5.418595
       3.460000       5.509768
       3.340202       5.678958
       3.182663       6.118077
       2.964675       6.681845
       2.589637       7.174826
       2.098040       7.442038
       1.681668       7.578393
       1.073322       7.795067
       0.387335       8.195825
      -0.200721       8.808061
      -0.639728       9.573471
      -1.029441      10.364986
      -1.294406      11.023718
      -1.400818      11.375772
      -1.533699      11.365674
      -1.663875      11.092712
      -1.700226      10.772952
      -1.740920      10.497582
      -1.712658      10.258526
      -1.547225      10.072660
      -1.435064       9.887725
      -1.359065       9.656096
      -1.381213       9.417292
      -1.434759       9.236702
      -1.445666       9.159568
      -1.379521       9.160778
      -1.334789       9.251018
      -1.318299       9.385038
      -1.308802       9.515244
      -1.291521       9.615883
      -1.275094       9.693073
      -1.261404       9.756129
      -1.211827       9.826685
      -1.213807       9.932012
      -1.221922      10.052556
      -1.237834      10.132788
      -1.254775      10.132900
      -1.277755      10.094796
      -1.310371      10.087487
      -1.335733      10.133765
      -1.360189      10.192505
      -1.409974      10.239487
      -1.408271      10.285470
      -1.404202      10.307042
      -1.396242      10.282384
      -1.371704      10.226307
      -1.406628      10.215547
      -1.431138      10.263352
      -1.439296      10.325462
      -1.469315      10.365070
      -1.477352      10.375137
      -1.506542      10.378383
      -1.562900      10.412155
      -1.570750      10.477157
      -1.577019      10.545220
      -1.603858      10.593824
      -1.619725      10.617187
      -1.608240      10.637936
      -1.650381      10.672917
      -1.669798      10.724689
      -1.671916      10.768777
      -1.664993      10.810570
      -1.674546      10.852674
      -1.711824      10.891434
      -1.732112      10.903086
      -1.745990      10.914828
      -1.780128      10.963595
      -1.791822      11.029249
      -1.810326      11.063663
      -1.825061      11.072307
      -1.843135      11.102756
      -1.866548      11.163211
      -1.895283      11.229071
      -1.902883      11.267517
      -1.911699      11.275991
      -1.918303      11.279349
      -1.939363      11.271430
      -1.957886      11.264752
      -1.963107      11.254255
      -1.989410      11.250210
      -2.009319      11.271516
      -2.047953      11.313769
      -2.074061      11.353598
      -2.131109      11.375019
      -2.135041      11.394374
      -2.168538      11.435394
      -2.193169      11.467997
      -2.182539      11.484391
      -2.195883      11.508086
      -2.217994      11.539232
      -2.233457      11.553212
      -2.252232      11.545063
      -2.244082      11.522753
      -2.233158      11.512525
      -2.249376      11.535919
      -2.270879      11.560302
      -2.287371      11.563156
      -2.295663      11.554565
      -2.305621      11.552362
      -2.346064      11.562890
      -2.312842      11.593226
      -2.312726      11.624678
      -2.340354      11.648433
      -2.343801      11.654452
      -2.341306      11.658499
      -2.348807      11.659319
      -2.367687      11.660920
      -2.357702      11.670531
      -2.418737      11.679520
      -2.460952      11.704075
      -2.483233      11.740172
      -2.514903      11.781623
      -2.517769      11.807995
      -2.535976      11.817236
      -2.558274      11.819832
      -2.584629      11.841960
      -2.634738      11.869934
      -2.662240      11.903061
      -2.650151      11.950903
      -2.681780      11.999947
      -2.692990      12.025892
      -2.677461      12.013337
      -2.669011      11.971477
      -2.659312      11.947590
      -2.656714      11.934769
      -2.651759      11.940475
      -2.627508      11.933136
      -2.611083      11.939020
      -2.613059      11.951379
      -2.614022      11.962920
      -2.610050      11.962374
      -2.593433      11.956278
      -2.608902      11.943251
      -2.601074      11.955252
      -2.578084      11.984041
      -2.594831      12.008952
      -2.551871      12.017114
      -2.522075      12.014646
      -2.509515      12.006629
      -2.514491      11.996230
      -2.514058      11.990382
      -2.522588      11.975829
      -2.532322      11.959625
      -2.525695      11.979006
      -2.531995      12.008276
      -2.530552      12.029753
      -2.537468      12.034671
      -2.532439      12.045556
      -2.567948      12.051992
      -2.537309      12.056572
      -2.526092      12.081821
      -2.526377      12.112542
      -2.523041      12.127595
      -2.491249      12.124937
      -2.505330      12.122713
      -2.497697      12.122742
      -2.501285      12.129735
      -2.489606      12.122935
      -2.497914      12.109409
      -2.500521      12.122331
      -2.524370      12.152705
      -2.541641      12.167764
      -2.538725      12.158558
      -2.540341      12.142877
      -2.569459      12.135666
      -2.596387      12.134464
      -2.576220      12.158105
      -2.588129      12.201584
      -2.616146      12.228091
      -2.614647      12.235337
      -2.619722      12.228046
      -2.641550      12.212594
      -2.667593      12.196662
      -2.673502      12.190086
      -2.658272      12.158079
      -2.654442      12.115025
      -2.646122      12.097210
      -2.665622      12.088223
      -2.686141      12.057063
      -2.689466      11.997140
      -2.695090      11.954563
      -2.733410      11.929458
      -2.740925      11.930371
      -2.755557      11.939298
      -2.784908      11.945720
      -2.786629      11.939169
      -2.767963      11.919082
      -2.777952      11.896298
      -2.785796      11.893061
      -2.793741      11.901052
      -2.806564      11.891878
      -2.799589      11.871739
      -2.809432      11.867641
      -2.829985      11.886377
      -2.841674      11.927341
      -2.884478      11.950854
      -2.910576      11.952234
      -2.898711      11.949389
      -2.906968      11.961773
      -2.921740      11.974246
      -2.917367      11.976575
      -2.923126      11.978197
      -2.925616      11.985742
      -2.932148      11.986861
      -2.926045      11.965641
      -2.919056      11.939926
      -2.898298      11.943591
      -2.904436      11.979047
      -2.901270      12.007129
      -2.889367      12.018435
      -2.888816      12.011330
      -2.917978      12.001039
      -2.903394      12.007238
      -2.897594      12.035053
      -2.910543      12.060013
      -2.897428      12.061834
      -2.874743      12.048353
      -2.880997      12.033241
      -2.881838      12.019322
      -2.873117      12.008290
      -2.890702      11.989419
      -2.885479      11.989344
      -2.886826      12.018192
      -2.897052      12.045934
      -2.915288      12.052450
      -2.924702      12.029627
      -2.930964      12.016599
      -2.953132      12.025377
      -2.987160      12.032942
      -2.969428      12.045153
      -2.980806      12.064302
      -3.006630      12.082227
      -3.001425      12.092925
      -2.992850      12.091902
      -3.010205      12.082688
      -3.031071      12.058643
      -3.063491      12.049349
      -3.072467      12.037161
      -3.076729      12.035521
      -3.070446      12.051084
      -3.082589      12.075399
      -3.107578      12.073481
      -3.107376      12.053199
      -3.135698      12.035200
      -3.154761      12.034485
      -3.125609      12.046451
      -3.139503      12.064188
      -3.146283      12.058681
      -3.136302      12.035036
      -3.138243      12.013284
      -3.145259      12.022636
      -3.149508      12.040902
      -3.142270      12.044373
      -3.147273      12.020327
      -3.152833      12.004813
      -3.162146      12.023128
      -3.178006      12.074461
      -3.192101      12.109691
      -3.204084      12.104303
      -3.186576      12.088257
      -3.177041      12.092912
      -3.171837      12.119014
      -3.163476      12.131876
      -3.136167      12.133511
      -3.139021      12.135509
      -3.142083      12.123724
      -3.141495      12.107293
      -3.143206      12.087524
      -3.130145      12.087331
      -3.132835      12.115838
      -3.135740      12.144754
      -3.129411      12.154203
      -3.119118      12.151061
      -3.112769      12.146215
      -3.109932      12.141940
      -3.070192      12.155222
      -3.059336      12.189755
      -3.075118      12.202929
      -3.041294      12.190043
      -3.048501      12.169991
      -3.047477      12.150298
      -3.042030      12.148630
      -3.046742      12.144605
      -3.045645      12.136966
      -3.046401      12.144136
      -3.048355      12.163504
      -3.061535      12.171437
      -3.056185      12.162086
      -3.054694      12.154336
      -3.072778      12.139859
      -3.075962      12.134551
      -3.070832      12.172866
      -3.085281      12.230537
      -3.085955      12.250582
      -3.073979      12.232600
      -3.090318      12.199013
      -3.113541      12.177239
      -3.136541      12.177289
      -3.136917      12.176716
      -3.147917      12.155770
      -3.148269      12.152683
      -3.168170      12.165984
      -3.184342      12.174365
      -3.204954      12.174887
      -3.224639      12.161588
      -3.199884      12.155500
      -3.201105      12.164804
      -3.220635      12.181738
      -3.221931      12.184381
      -3.192929      12.183287
      -3.203951      12.177580
      -3.211100      12.175519
      -3.220102      12.177020
      -3.227940      12.161025
      -3.232535      12.152683
      -3.240314      12.185102
      -3.235556      12.240319
      -3.248046      12.271047
      -3.266915      12.261156
      -3.249390      12.255736
      -3.245635      12.276190
      -3.261489      12.303163
      -3.274874      12.309907
      -3.270078      12.309118
      -3.278644      12.303004
      -3.275906      12.290007
      -3.277094      12.280482
      -3.285000      12.269437
      -3.290944      12.275545
      -3.302653      12.314657
      -3.304040      12.357689
      -3.303838      12.381760
      -3.307724      12.386934
      -3.340554      12.370244
      -3.342562      12.369949
      -3.333906      12.406331
      -3.357577      12.464403
      -3.368713      12.541907
      -3.408722      12.717665
      -3.547624      13.079572
      -3.880621      13.719411
      -4.282933      14.642912
      -4.664657      15.690205
      -4.935458      16.639502
      -5.172338      17.393528
      -5.350759      17.905819
      -5.516644      18.233200
      -5.684971      18.494728
      -5.829761      18.766149
      -5.898384      19.089226
      -5.949814      19.418765
      -5.958892      19.720777
      -5.993126      19.922968
      -5.995476      20.018346
      -6.027608      20.033718
      -6.057011      20.011819
      -6.087954      19.971655
      -6.081523      19.933965
      -6.081374      19.913520
      -6.105953      19.910809
      -6.080804      19.925420
      -6.093005      19.910152
      -6.075643      19.865448
      -6.058634      19.796398
      -6.068083      19.690687
      -6.077071      19.537507
      -6.021658      19.410691
      -6.030792      19.323135
      -6.040157      19.251677
      -6.067339      19.136497
      -6.094153      18.943182
      -6.105969      18.693321
      -6.107122      18.456197
      -6.120080      18.245593
      -6.132644      18.062089
      -6.138196      17.867681
      -6.097259      17.646868
      -6.059198      17.430034
      -6.036757      17.223917
      -5.981863      17.047492
      -5.941008      16.902924
      -5.904097      16.775217
      -5.892085      16.655688
      -5.842813      16.532436
      -5.793852      16.405831
      -5.737508      16.288676
      -5.689885      16.185735
      -5.653575      16.094734
      -5.640555      15.995829
      -5.599034      15.871526
      -5.501638      15.735820
      -5.414557      15.588802
      -5.327558      15.437085
      -5.248924      15.301207
      -5.235671      15.197929
      -5.230041      15.118541
      -5.198297      15.070364
      -5.157886      15.061336
      -5.135589      15.066568
      -5.122382      15.084047
      -5.126010      15.114347
      -5.127356      15.143223
      -5.113493      15.167821
      -5.139530      15.192224
      -5.112513      15.217431
      -5.074656      15.245921
      -5.079375      15.280721
      -5.052588      15.306348
      -5.011118      15.314044
      -5.000307      15.315796
      -4.999216      15.304427
      -5.022469      15.277861
      -5.036551      15.232418
      -5.037866      15.178819
      -5.046575      15.168742
      -5.073646      15.203421
      -5.084448      15.255874
      -5.091488      15.272273
      -5.074769      15.250969
      -5.044392      15.246150
      -5.051404      15.259627
      -5.058118      15.282274
      -5.023281      15.306782
      -5.021518      15.326277
      -5.008802      15.335001
      -5.010267      15.323103
      -4.998957      15.294032
      -5.004277      15.255676
      -5.010490      15.237379
      -4.996916      15.252923
      -4.996891      15.292821
      -4.990912      15.320590
      -4.992835      15.312354
      -4.971896      15.300649
      -4.975944      15.307699
      -4.982168      15.323766
      -4.944544      15.335640
      -4.952184      15.345944
      -4.935665      15.344824
      -4.946052      15.334528
      -4.936654      15.317164
      -4.926439      15.298130
      -4.925652      15.311149
      -4.919564      15.349119
      -4.930390      15.370116
      -4.936971      15.362021
      -4.934983      15.347583
      -4.951638      15.337818
      -4.972465      15.332807
      -4.949817      15.340615
      -4.937793      15.380435
      -4.949694      15.421925
      -4.944096      15.428199
      -4.918028      15.418061
      -4.931057      15.405535
      -4.939440      15.394399
      -4.938685      15.390085
      -4.940287      15.383420
      -4.951897      15.380383
      -4.943847      15.390556
      -4.948174      15.408321
      -4.966802      15.414229
      -4.974416      15.414872
      -4.956574      15.423213
      -4.967215      15.447589
      -4.981263      15.455403
      -4.967786      15.456739
      -4.963983      15.476095
      -4.959495      15.504698
      -4.942080      15.503366
      -4.909286      15.486082
      -4.925008      15.466318
      -4.936871      15.460959
      -4.939465      15.471024
