      -0.675962      13.327880
      -0.711565      13.375314
      -0.737244      13.415458
      -0.769541      13.458434
      -0.805544      13.520911
      -0.836857      13.577028
      -0.863372      13.616496
      -0.892997      13.672973
      -0.923382      13.753325
      -0.954250      13.862242
      -0.970580      13.960234
      -0.986456      14.044621
      -0.991410      14.075983
      -1.014965      14.099282
      -1.072140      14.143554
      -1.140313      14.186208
      -1.188390      14.209682
      -1.226945      14.252199
      -1.336372      14.274285
      -1.405083      14.251047
      -1.479237      14.210167
      -1.576591      14.151816
      -1.724046      14.103071
      -1.909073      13.975961
      -2.057024      13.717696
      -2.180873      13.413240
      -2.365755      13.079018
      -2.553421      12.651605
      -2.824115      12.181883
      -3.223762      11.677684
      -3.601860      11.092936
      -3.975047      10.437675
      -4.442874       9.768664
      -5.055476       9.117416
      -5.637578       8.447761
      -6.105164       7.728067
      -6.494698       6.950513
      -6.826359       6.149854
      -7.172041       5.351852
      -7.441881       4.654629
      -7.698717       3.952437
      -7.931375       3.406632
      -8.132004       2.988299
      -8.287241       2.692037
      -8.385954       2.469101
      -8.461325       2.261277
      -8.498416       2.001170
      -8.535676       1.719835
      -8.605404       1.435791
      -8.659554       1.121593
      -8.642935       0.829026
      -8.618185       0.605997
      -8.597976       0.413722
      -8.579081       0.242235
      -8.483684       0.090637
      -8.355690       0.024674
      -8.230423      -0.038090
      -8.092159      -0.150926
      -7.924327      -0.268611
      -7.779676      -0.402991
      -7.591736      -0.542717
      -7.439125      -0.682251
      -7.297865      -0.853590
      -7.176347      -1.046744
      -7.074644      -1.236148
      -6.962943      -1.375902
      -6.855029      -1.481251
      -6.725327      -1.586701
      -6.545900      -1.701405
      -6.383977      -1.838554
      -6.232933      -1.994177
      -6.043472      -2.145634
      -5.844249      -2.273727
      -5.608945      -2.394646
      -5.366592      -2.549307
      -5.130641      -2.770377
      -4.906680      -3.033006
      -4.720666      -3.302289
      -4.526323      -3.545143
      -4.350729      -3.753913
      -4.150392      -3.919285
      -4.011172      -4.071828
      -3.851979      -4.195177
      -3.720347      -4.303364
      -3.637444      -4.397477
      -3.539048      -4.468019
      -3.463488      -4.526124
      -3.390856      -4.573538
      -3.311558      -4.633021
      -3.235855      -4.710828
      -3.113737      -4.823351
      -2.991415      -4.962462
      -2.893516      -5.110495
      -2.844830      -5.228170
      -2.809159      -5.295597
      -2.747492      -5.305388
      -2.697041      -5.291546
      -2.626823      -5.294190
      -2.540258      -5.329591
      -2.484065      -5.373264
      -2.429172      -5.425590
      -2.395497      -5.516264
      -2.384511      -5.643570
      -2.452677      -5.767140
      -2.506762      -5.845003
      -2.583882      -5.876068
      -2.705026      -5.861872
      -2.794458      -5.793507
      -2.851834      -5.703682
      -2.836738      -5.664958
      -2.789913      -5.677420
      -2.777121      -5.720597
      -2.781380      -5.764450
      -2.798033      -5.821592
      -2.793146      -5.883940
      -2.782907      -5.954265
      -2.801336      -5.999139
      -2.813693      -6.026142
      -2.818600      -6.032923
      -2.809135      -6.040183
      -2.816037      -6.043574
      -2.818295      -6.040315
      -2.803662      -6.041402
      -2.769983      -6.043557
      -2.737611      -6.060836
      -2.717322      -6.067297
      -2.731543      -6.071054
      -2.748266      -6.082657
      -2.746969      -6.096856
      -2.714532      -6.116668
      -2.704773      -6.127049
      -2.698540      -6.123350
      -2.738979      -6.128364
      -2.743896      -6.130560
      -2.765096      -6.131132
      -2.791998      -6.121947
      -2.809886      -6.109254
      -2.798926      -6.103263
      -2.802999      -6.101481
      -2.811708      -6.104593
      -2.829920      -6.109416
      -2.831496      -6.094776
      -2.823949      -6.043189
      -2.807073      -5.975415
      -2.803922      -5.930394
      -2.789061      -5.921192
      -2.772853      -5.938189
      -2.775218      -5.972778
      -2.760977      -6.003220
      -2.737713      -6.019168
      -2.744157      -6.015800
      -2.758875      -6.005833
      -2.752294      -5.998285
      -2.762917      -5.998568
      -2.747761      -5.998754
      -2.737967      -6.016883
      -2.729718      -6.049058
      -2.726244      -6.074915
      -2.711941      -6.068791
      -2.709227      -6.039369
      -2.695682      -6.017606
      -2.699741      -6.024528
      -2.687794      -6.049591
      -2.680062      -6.074500
      -2.685426      -6.073188
      -2.717427      -6.069514
      -2.705380      -6.052659
      -2.704207      -6.031680
      -2.727032      -6.008341
      -2.728429      -5.986570
      -2.717069      -5.969454
      -2.723428      -5.960394
      -2.716888      -5.952862
      -2.706785      -5.950545
      -2.711307      -5.956898
      -2.704215      -5.957724
      -2.720840      -5.949446
      -2.737691      -5.928507
      -2.752904      -5.915161
      -2.748239      -5.916162
      -2.744434      -5.933655
      -2.742574      -5.954798
      -2.786609      -5.954054
      -2.808943      -5.940806
      -2.795928      -5.910628
      -2.797495      -5.873866
      -2.803137      -5.847201
      -2.770722      -5.844217
      -2.769653      -5.862758
      -2.766382      -5.878403
      -2.763182      -5.892439
      -2.768121      -5.919739
      -2.775536      -5.943166
      -2.776276      -5.945941
      -2.785929      -5.930594
      -2.788170      -5.919125
      -2.795602      -5.918729
      -2.798713      -5.928380
      -2.777748      -5.941640
      -2.806780      -5.954957
      -2.796704      -5.965278
      -2.777322      -5.960734
      -2.803014      -5.938097
      -2.828211      -5.905835
      -2.796636      -5.886689
      -2.831541      -5.902964
      -2.848212      -5.914637
      -2.864343      -5.926898
      -2.884562      -5.953139
      -2.871331      -5.967035
      -2.847838      -5.955176
      -2.874552      -5.962905
      -2.875934      -5.980023
      -2.891981      -5.979100
      -2.908901      -5.979795
      -2.878701      -5.980009
      -2.888567      -5.983534
      -2.919472      -5.990846
      -2.939106      -6.002509
      -2.947171      -6.008078
      -2.954733      -6.000743
      -2.949102      -5.992084
      -2.946319      -5.998916
      -2.935887      -6.034553
      -2.939503      -6.052159
      -2.954849      -6.032903
      -2.958806      -5.995960
      -2.971637      -5.981315
      -2.959392      -5.975552
      -2.961844      -5.991336
      -2.938921      -5.996186
      -2.961664      -5.991457
      -3.012037      -5.987709
      -3.021239      -5.978784
      -2.996744      -5.972886
      -2.971653      -5.976120
      -2.923123      -5.978853
      -2.899982      -6.024794
      -2.882806      -6.088502
      -2.880642      -6.117021
      -2.893605      -6.114435
      -2.905566      -6.103183
      -2.892571      -6.099012
      -2.883784      -6.112912
      -2.911732      -6.158634
      -2.912876      -6.174251
      -2.916524      -6.152689
      -2.941819      -6.090613
      -2.946288      -6.037759
      -2.927112      -6.000815
      -2.930076      -6.006516
      -2.894458      -6.025798
      -2.890552      -6.049835
      -2.893770      -6.066091
      -2.889474      -6.053025
      -2.904785      -6.021803
      -2.908314      -5.992064
      -2.909050      -5.988349
      -2.895762      -6.006331
      -2.901959      -6.016689
      -2.931703      -6.026346
      -2.924499      -6.004472
      -2.933093      -5.970826
      -2.962176      -5.936984
      -2.953047      -5.933468
      -2.945483      -5.960247
      -2.938855      -5.997446
      -2.929018      -6.031294
      -2.922034      -6.058692
      -2.907503      -6.082529
      -2.892446      -6.096978
      -2.894641      -6.085256
      -2.898427      -6.057932
      -2.907655      -6.045036
      -2.902460      -6.042021
      -2.926326      -6.053450
      -2.926279      -6.064116
      -2.897283      -6.057100
      -2.910294      -6.033708
      -2.907326      -6.006332
      -2.887678      -5.995448
      -2.877209      -6.007313
      -2.869732      -6.023405
      -2.852384      -6.042443
      -2.853949      -6.067219
      -2.847209      -6.080843
      -2.842915      -6.066205
      -2.852338      -6.034793
      -2.860666      -6.020698
      -2.861031      -6.035146
      -2.849695      -6.052388
      -2.869499      -6.068269
      -2.862663      -6.062719
      -2.842814      -6.043901
      -2.859882      -6.011772
      -2.868011      -6.001503
      -2.848505      -6.001004
      -2.856975      -6.019153
      -2.851812      -6.018040
      -2.847852      -6.017187
      -2.846056      -6.022076
      -2.836540      -6.018323
      -2.833778      -6.003949
      -2.846206      -5.986309
      -2.853071      -5.977503
      -2.843581      -5.971486
      -2.835881      -5.959728
      -2.855214      -5.958295
      -2.852544      -5.957725
      -2.842776      -5.950633
      -2.863961      -5.925575
      -2.863879      -5.906971
      -2.824348      -5.908924
      -2.827435      -5.936284
      -2.825604      -5.950676
      -2.809508      -5.970544
      -2.819139      -5.986606
      -2.798885      -5.986837
      -2.805373      -5.973123
      -2.818454      -5.955868
      -2.826699      -5.948738
      -2.829447      -5.956569
      -2.827012      -5.960357
      -2.842590      -5.956079
      -2.857891      -5.947633
      -2.837041      -5.925821
      -2.848700      -5.890878
      -2.848550      -5.875989
      -2.818937      -5.879894
      -2.812485      -5.901942
      -2.810263      -5.924369
      -2.801930      -5.949569
      -2.815622      -5.978366
      -2.828845      -5.983482
      -2.820660      -5.968160
      -2.826475      -5.952324
      -2.834273      -5.951841
      -2.832035      -5.972554
      -2.850345      -6.004515
      -2.860652      -6.018047
      -2.895104      -6.021237
      -2.877720      -6.001415
      -2.865546      -5.955571
      -2.880693      -5.916453
      -2.873297      -5.909503
      -2.866295      -5.927281
      -2.892157      -5.953883
      -2.906684      -5.960010
      -2.907857      -5.942818
      -2.937102      -5.950005
      -2.924108      -5.959102
      -2.940400      -5.962766
      -2.951787      -5.967424
      -2.952861      -5.967815
      -2.935942      -5.964774
      -2.964388      -5.977024
      -2.966972      -5.984329
      -2.963540      -5.981006
      -2.974543      -5.952601
      -2.978526      -5.918995
      -2.966332      -5.902081
      -2.994919      -5.935643
      -3.006533      -6.085772
      -3.068997      -6.662278
      -3.318090      -7.943008
      -3.513644     -10.079453
      -3.598472     -12.650184
      -3.584211     -15.231262
      -3.536094     -17.539398
      -3.436174     -19.526355
      -3.289544     -21.202041
      -3.179899     -22.610534
      -3.067079     -23.792775
      -2.868360     -24.750874
      -2.713623     -25.555831
      -2.484492     -26.276067
      -2.150635     -26.983050
