      -1.744393       0.751520
      -1.816656       0.270265
      -1.823082      -0.202079
      -1.890931      -0.753497
      -1.931244      -1.246876
      -1.867311      -1.630676
      -1.907242      -1.924980
      -2.001980      -1.949830
      -2.034551      -1.789122
      -1.937333      -1.677337
      -1.842516      -1.737513
      -1.790421      -1.948786
      -1.704598      -2.186560
      -1.625444      -2.313391
      -1.671350      -2.391643
      -1.866276      -2.565143
      -2.050158      -2.844275
      -2.210485      -3.125636
      -2.263034      -3.358476
      -2.164024      -3.508851
      -1.888694      -3.595512
      -1.395586      -3.499454
      -0.382831      -3.106652
       2.215457      -2.370475
       6.713077      -1.238623
      11.577316       0.130032
      15.457980       1.149217
      18.139755       1.430345
      20.167943       1.392728
      21.726406       1.552350
      22.750412       2.140428
      22.877972       3.391748
      21.846619       5.651572
      19.784384       9.322658
      16.589503      14.316341
      12.251998      20.234707
       7.556723      26.099463
       3.361789      31.264397
      -0.022664      35.472595
      -2.534737      38.654869
      -4.214329      41.027116
      -5.034305      43.092673
      -5.298778      44.913367
      -5.416934      46.329704
      -5.620887      47.446047
      -6.084229      48.277880
      -7.127707      48.673839
      -9.168159      48.815096
     -12.130445      48.876688
     -15.407633      48.963352
     -18.047242      49.496080
     -19.905391      50.821460
     -20.972588      52.924891
     -21.259388      55.553089
     -20.948881      58.625137
     -19.864066      62.615245
     -18.154113      66.948871
     -16.429122      70.254444
     -15.252200      72.293986
     -14.724046      73.891029
     -14.548644      75.366967
     -14.603201      76.651212
     -14.692961      77.758439
     -14.718062      79.027030
     -14.498466      80.377919
     -14.100893      81.757585
     -13.655922      83.153280
     -13.061044      84.542671
     -12.300752      85.671695
     -11.464522      86.248360
     -10.638307      85.920307
      -9.971816      84.503513
      -9.333577      82.632267
      -8.788671      80.673469
      -8.325284      78.981976
      -7.925931      77.764520
      -7.477068      76.839971
      -6.871905      76.300618
      -6.321159      76.141667
      -5.847839      76.206702
      -5.363754      76.232595
      -5.044443      76.129009
      -4.938325      75.809199
      -5.010676      75.248625
      -5.164419      74.540257
      -5.340024      73.688608
      -5.575835      72.559374
      -6.184553      70.536093
      -7.233949      67.099851
      -8.597398      61.841915
     -10.055431      55.050815
     -11.347425      47.813855
     -12.393838      41.080850
     -13.213771      35.141759
     -13.674193      30.254797
     -14.164709      25.920766
     -14.526695      22.099576
     -14.762574      19.166991
     -14.890778      16.981573
     -14.925561      15.203043
     -14.936921      13.547471
     -14.892943      12.120306
     -14.740999      11.031839
     -14.707145      10.462816
     -14.705267      10.272987
     -14.978840      10.213509
     -15.798173       9.887252
     -17.115234       9.168660
     -18.822639       8.192804
     -21.087819       7.145050
     -23.785174       5.975037
     -26.475127       4.563765
     -28.943549       2.789830
     -31.132034       0.799135
     -32.857785      -1.130302
     -34.302067      -3.032428
     -35.024756      -4.941431
     -35.514249      -6.736270
     -36.081635      -8.463273
     -36.869730     -10.297092
     -37.757159     -12.402624
     -39.045815     -15.064702
     -41.150451     -18.134039
     -43.870063     -21.768368
     -46.884356     -25.973588
     -49.377549     -30.867326
     -51.628182     -36.065424
     -52.915152     -41.154453
     -53.646562     -46.217050
     -54.156690     -51.251753
     -55.516647     -56.261661
     -57.177414     -61.118034
     -58.317794     -66.087866
     -58.230805     -71.616577
     -56.908986     -77.039283
     -55.017729     -81.836638
     -52.700375     -86.000642
     -50.043248     -89.572497
     -47.133089     -92.908417
     -43.987968     -95.891145
     -40.946315     -98.672645
     -38.182499    -101.601664
     -35.587780    -104.695966
     -33.254580    -107.728294
     -31.139997    -110.414344
     -29.414408    -112.854134
     -27.909778    -115.125462
     -26.688705    -117.374381
     -25.505267    -119.432001
     -24.263520    -121.224174
     -23.128329    -122.818152
     -22.257876    -124.160002
     -21.753690    -125.173391
     -21.393629    -125.949368
     -21.362275    -126.291206
     -21.464432    -126.240858
     -21.581861    -126.068997
     -21.660095    -125.874735
     -21.498890    -125.590735
     -21.301479    -125.180521
     -20.955984    -124.696713
     -20.617027    -124.296203
     -20.405013    -123.856040
     -20.353086    -123.137589
     -20.463519    -122.305386
     -20.565235    -121.579864
     -20.647109    -121.095084
     -20.720504    -120.686424
     -20.759953    -120.268089
     -20.647024    -119.720702
     -20.493970    -119.039602
     -20.402398    -118.392199
     -20.426525    -117.903466
     -20.387608    -117.608276
     -20.259761    -117.543687
     -20.163307    -117.520412
     -20.000626    -117.475524
     -19.762716    -117.320954
     -19.430906    -116.972278
     -19.061357    -116.376331
     -18.699348    -115.406130
     -18.264397    -113.512241
     -17.828921    -109.958765
     -17.707111    -104.343356
     -18.175954     -96.166761
     -19.017276     -86.066455
     -19.736723     -75.247348
     -20.214123     -64.220049
     -20.668016     -52.878404
     -20.340101     -42.078181
     -19.476904     -32.662975
     -18.542151     -24.496332
     -17.880440     -18.144725
     -17.606403     -14.120379
     -17.927111     -12.097123
     -18.543762     -11.729561
     -20.052789     -13.548662
     -22.650024     -17.313886
     -25.886077     -21.877534
     -29.925651     -26.021899
     -33.998586     -29.071675
     -37.436394     -30.965134
     -39.119693     -31.798260
     -39.596014     -31.335992
     -39.742329     -29.862561
     -39.431453     -27.949540
     -38.971840     -25.940976
     -38.472563     -23.920318
     -38.042556     -22.000128
     -37.751336     -20.207231
     -37.462241     -18.240918
     -36.656505     -15.818041
     -35.463848     -12.987163
     -34.403535     -10.311954
     -33.488008      -8.051705
     -32.531218      -6.300788
     -31.237679      -4.886625
     -29.600299      -3.597484
     -27.884108      -2.515514
     -26.554802      -1.515045
     -25.344327      -0.739553
     -24.323745      -0.186627
     -23.435534       0.134650
     -22.514739       0.291952
     -21.683156       0.267923
     -20.828439      -0.176450
     -19.812066      -1.375594
     -18.586398      -3.013524
     -16.940760      -5.196254
     -14.339249      -8.581541
     -11.020603     -12.852325
      -7.778989     -17.099788
      -5.010774     -20.826797
      -3.028892     -23.829497
      -1.785195     -26.044996
      -1.059682     -27.638100
      -0.826446     -28.704115
      -0.806354     -29.437846
      -0.789415     -29.943059
      -0.839423     -30.350434
      -0.803564     -30.758252
      -0.720961     -31.216779
      -0.605320     -31.746217
      -0.529076     -32.336131
      -0.543235     -32.930422
      -0.496044     -33.428107
      -0.485220     -33.671796
      -0.265781     -33.334752
      -0.003701     -32.218008
       0.306276     -30.706296
       0.568167     -29.203888
       0.765160     -28.005641
       0.800893     -27.191264
       1.021646     -26.937115
       1.148655     -27.242736
       1.282353     -27.923501
       1.591607     -28.798700
       1.967181     -29.764029
       2.373938     -30.908591
       2.793961     -32.213389
       3.195627     -33.526687
       3.651133     -34.790890
       4.137769     -35.793142
       4.963203     -36.574994
       7.147714     -37.162524
      10.140896     -37.715085
      12.832909     -38.240768
      15.489393     -38.632767
      18.215872     -38.850670
      20.864566     -38.986156
      23.312345     -38.927916
      25.707994     -38.652569
      28.721488     -38.031117
      32.132843     -36.910226
      35.701101     -34.801590
      38.792560     -31.949170
      40.446508     -28.583226
      41.416115     -24.876375
      42.878220     -20.810978
      44.387521     -16.424553
      45.420008     -11.870326
      45.335486      -7.598774
      43.903295      -3.574130
      41.256523       0.461843
      36.447099       4.310745
      29.380834       7.653255
      21.027368      10.756861
      12.734882      13.447988
       5.955192      15.330824
       0.949060      16.258299
      -1.581190      16.152738
      -3.165629      15.581308
      -4.274633      15.642819
      -4.794742      16.639690
      -4.996980      18.791039
      -5.046986      21.811748
      -5.084988      25.089596
      -5.139351      28.296397
      -5.414234      31.224281
      -5.632504      33.671577
      -5.816987      35.450306
      -6.019748      36.480423
      -6.182341      36.846120
      -6.329883      37.003634
      -6.410327      37.199044
      -6.377399      37.306872
      -6.343276      37.309378
      -6.455249      37.374798
      -6.676163      37.573506
      -6.947627      37.912310
      -7.264510      38.416634
      -7.582336      39.078964
      -7.862641      40.125920
      -7.870049      42.325681
      -7.819469      46.057604
      -7.853055      50.271086
      -8.079101      53.971613
      -8.619260      56.781052
      -9.330856      58.741793
     -10.163422      60.154114
     -10.988054      61.378914
     -11.761076      62.719010
     -12.391752      64.558506
     -12.823975      66.697685
     -13.005655      68.722816
     -13.081568      70.459537
     -12.991048      72.000418
     -12.806963      73.547404
     -12.481308      75.095872
     -12.145669      76.563120
     -11.892487      78.053648
     -11.593542      79.752412
     -11.202665      81.896370
     -10.853444      84.532471
     -10.573430      87.764635
     -10.311663      91.585821
     -10.003008      95.457636
      -9.884173      98.994423
      -9.928262     102.147768
     -10.114821     105.087909
     -10.452019     107.863552
     -10.796056     110.212195
     -11.006438     112.033501
     -11.082242     113.552379
     -11.047720     114.924790
     -11.047649     116.143941
     -11.047228     117.234819
     -11.008618     118.066614
     -10.922593     118.574979
     -10.782236     118.817966
     -10.647720     118.841930
     -10.530316     118.661589
     -10.487848     118.288657
     -10.483566     117.852166
     -10.521021     117.316573
     -10.463039     116.756966
     -10.649197     116.231106
     -10.699014     115.418118
     -10.689088     114.410101
     -10.649336     113.437734
     -10.532946     112.504749
     -10.450645     111.579729
     -10.306101     110.472648
     -10.221562     109.354036
     -10.220162     108.358181
     -10.225899     107.162518
     -10.120492     105.218067
      -9.942802     102.583521
      -9.682839      99.646712
      -9.393538      96.687949
      -9.208621      94.031138
      -9.107392      91.545323
      -9.012511      89.092720
      -8.987395      86.812970
      -8.996283      84.705157
      -9.120117      82.650792
      -9.368057      80.734381
      -9.762769      78.811660
     -10.402797      76.705285
     -11.398072      73.978888
     -13.735075      70.372465
     -17.220562      67.047799
     -21.051964      64.195240
     -24.569207      61.313388
     -28.257368      57.879448
     -31.251866      54.549225
     -32.988420      51.891282
     -34.703034      49.361312
     -35.879718      46.545822
     -36.906224      43.461233
     -37.670005      40.722044
     -37.996506      38.500282
     -38.351380      36.613335
     -38.863699      35.029411
     -39.592578      33.798819
     -40.647887      32.758479
     -41.986539      31.707530
     -43.577739      30.583618
     -45.536328      29.394883
     -47.549283      28.187507
     -49.650713      26.981960
     -51.680633      25.972158
     -53.510381      25.031933
     -55.329394      23.923058
     -57.093081      22.355106
     -58.465210      20.483221
     -60.156693      18.637473
     -62.025296      16.816189
     -63.938745      14.687039
     -65.382587      12.207108
     -66.126407       9.657049
     -66.706306       7.363136
     -67.102110       5.208812
     -67.297493       3.231616
     -67.502945       1.243534
     -67.782763      -0.886278
     -68.126699      -3.100262
     -68.433502      -5.499764
     -68.656076      -7.884410
     -68.807212     -10.165456
     -68.745129     -12.197306
     -68.584099     -14.204778
     -68.413040     -16.354138
     -68.349403     -18.656480
     -68.331267     -20.958279
     -68.279617     -23.166532
     -68.164705     -25.293382
     -68.037344     -27.281128
     -67.928931     -29.316848
     -67.851616     -31.463633
     -67.783103     -33.804266
     -67.817059     -36.418838
     -67.901173     -39.048198
     -67.920003     -41.120823
     -67.925910     -42.533984
     -67.984680     -43.479855
     -67.897574     -44.111088
     -67.832703     -44.782834
     -67.934696     -45.762010
     -68.014701     -46.894308
     -68.003622     -48.031712
     -67.917920     -49.264978
     -67.788869     -50.364195
     -67.565868     -51.125548
     -67.382991     -51.449419
     -67.039911     -51.557988
     -66.582369     -51.707099
     -66.104322     -52.063774
     -65.604165     -52.246394
     -65.079772     -52.387354
     -64.639327     -52.526139
     -64.290622     -52.712245
     -63.937511     -52.831898
     -63.671152     -52.905127
     -63.413608     -52.816866
     -63.099631     -52.641250
     -62.761179     -52.257745
     -62.334145     -51.720339
     -61.818178     -51.227929
     -61.389488     -50.764569
     -61.100699     -50.380714
     -60.872560     -49.934761
     -60.532048     -49.436421
     -59.789264     -48.706984
     -58.804050     -48.035646
     -58.067065     -47.566064
     -57.415369     -47.128529
     -56.899354     -46.739680
     -56.478007     -46.461868
     -56.132639     -46.274951
     -55.746277     -46.285257
     -55.306697     -46.290891
     -54.832686     -46.318984
     -54.385184     -46.307332
     -53.954546     -46.334444
     -53.474176     -46.654012
     -53.016159     -47.381618
     -52.527494     -48.185480
     -52.029178     -48.861369
     -51.578844     -49.418785
     -51.129895     -50.057358
     -50.604088     -51.030176
     -50.081919     -52.270135
     -49.712587     -53.565440
     -49.480474     -54.737406
     -49.324671     -55.704900
     -49.134033     -56.668888
     -48.874998     -57.789724
     -48.499764     -59.228345
     -47.957550     -61.369904
     -47.248832     -64.081833
     -46.446272     -67.171551
     -45.766687     -70.312947
     -45.372778     -73.151600
     -45.213477     -75.681124
     -44.932328     -78.477220
     -44.285353     -81.632935
     -43.508249     -85.587368
     -42.531492     -90.155554
     -41.265305     -94.750929
     -39.471307     -98.894155
     -37.442772    -102.503438
     -35.490027    -105.649274
     -33.726522    -108.220368
     -32.180553    -110.040217
     -30.841351    -111.257086
     -29.729168    -111.945997
     -28.739437    -112.131321
     -27.537710    -112.092212
     -26.171855    -112.170644
     -24.780541    -112.483621
     -23.592795    -112.896234
     -22.721020    -112.617344
     -22.210609    -111.186271
     -21.899605    -109.146933
     -21.553670    -107.440690
     -21.185093    -106.577383
     -20.778477    -106.236265
     -20.381938    -106.069280
     -19.883546    -105.959414
     -19.835608    -105.744306
     -20.300971    -105.425792
     -20.845628    -105.072969
     -21.172054    -104.693285
     -21.368360    -104.318381
     -21.539233    -104.059444
     -21.665863    -103.863220
     -21.432993    -103.646927
     -21.086643    -103.498691
     -20.677577    -103.457736
     -20.097228    -103.548582
     -19.419077    -103.777455
     -18.647951    -104.153534
     -17.822737    -104.652409
     -17.049880    -105.157044
     -16.316650    -105.674589
     -15.572633    -106.175493
     -14.801021    -106.669890
     -13.984120    -107.195187
     -13.147723    -107.864951
     -12.241883    -108.706877
     -11.308149    -109.786515
     -10.190056    -110.967423
      -8.882775    -112.327875
      -7.516450    -113.948023
      -6.332648    -115.903519
      -5.404491    -118.110026
      -4.711510    -120.283233
      -4.118529    -122.454750
      -3.535859    -124.853167
      -3.059380    -127.317019
      -2.541873    -129.405908
      -2.263039    -130.854962
      -1.991636    -131.883165
      -1.812572    -132.736621
      -1.669053    -133.514639
      -1.477378    -134.038750
      -1.406628    -134.264262
      -1.145171    -134.259143
      -0.944048    -134.448207
      -0.802941    -134.983772
      -0.751299    -135.827544
      -0.885350    -136.704401
      -1.093201    -137.388746
      -1.343525    -137.919716
      -1.574601    -138.608578
      -1.746433    -139.488059
      -1.848098    -140.436723
      -2.016389    -141.274550
      -2.251456    -141.977002
      -2.355312    -142.656752
      -2.333661    -143.368811
      -2.362155    -144.070291
      -2.435310    -144.680275
      -2.434823    -145.138428
      -2.343245    -145.301770
      -2.213661    -145.183638
      -2.136638    -145.140828
      -1.976791    -145.251578
      -1.763446    -145.217345
      -1.553503    -144.719151
      -1.470813    -143.325933
      -1.488713    -141.035759
      -1.394549    -138.135018
      -1.300699    -134.951045
      -1.103519    -131.772590
      -0.914525    -128.753289
      -0.686730    -126.253865
      -0.198460    -124.692779
       0.016912    -123.817261
       0.155109    -123.102822
       0.293132    -122.268784
       0.493330    -121.247099
       0.638313    -120.388999
       0.723553    -119.867608
       0.733198    -119.585968
       0.638044    -119.361234
       0.375047    -118.946570
       0.073833    -118.229732
      -0.144120    -117.140486
      -0.527303    -114.044901
      -0.926148    -109.657134
      -2.542782    -105.714494
      -5.430275    -102.335123
      -8.799117     -98.778354
     -11.730042     -95.450409
     -14.313471     -91.877135
     -15.592115     -87.789698
     -16.560415     -82.985353
     -16.927683     -77.403837
     -16.894907     -71.379098
     -16.657711     -65.370634
     -16.356255     -58.869620
     -16.355389     -51.841206
     -16.362843     -45.656666
     -16.545725     -40.856810
     -16.828379     -37.288792
     -17.137874     -34.729255
     -17.306910     -32.861698
     -17.091139     -31.077999
     -16.612833     -28.973879
     -15.906206     -26.759413
     -14.929828     -24.722876
     -13.960100     -22.823486
     -13.134539     -21.068123
     -12.438157     -19.492091
     -11.855856     -18.327680
     -11.587356     -17.477173
     -11.417923     -16.551915
     -11.220780     -15.304250
     -10.898091     -14.250346
     -10.506253     -13.503948
     -10.330259     -12.990164
     -10.160081     -12.548005
     -10.114941     -12.211737
     -10.088633     -11.878448
     -10.111676     -11.491994
     -10.192097     -11.115131
     -10.245948     -11.135473
     -10.256072     -11.649631
     -10.167619     -12.643013
      -9.942487     -13.604999
      -9.740720     -13.861222
      -9.524081     -12.274334
      -9.123674      -8.854649
      -8.460991      -4.528038
      -7.801001       0.017077
      -7.313811       4.168973
      -7.104504       7.711918
      -7.082312      10.657547
      -7.086273      12.876829
      -6.969679      14.117985
      -6.861296      14.617248
      -6.801158      14.727787
      -6.755162      14.618202
      -6.644068      14.392819
      -6.458532      14.103810
      -6.346548      13.540529
      -6.330535      11.659848
      -6.767872       7.311858
      -7.128950       0.198457
      -7.365367      -9.004156
      -7.530228     -19.137544
      -7.353951     -28.584163
      -7.155447     -36.443172
      -6.812332     -42.082106
      -6.528876     -46.064413
      -6.210535     -48.871098
      -5.840442     -50.681602
      -5.636252     -51.756179
      -5.497818     -52.390191
      -5.517560     -52.667940
      -5.503535     -52.668042
      -5.493629     -52.565068
      -5.482720     -52.708782
      -5.431115     -53.179394
      -5.415533     -53.741541
      -5.317793     -54.238016
      -5.197246     -54.655526
      -4.964903     -55.056264
      -4.690962     -55.397266
      -4.420695     -55.588104
      -4.170021     -55.678337
      -3.996864     -55.666666
      -3.862624     -55.584325
      -3.869095     -55.475833
      -3.927706     -55.345568
      -4.021942     -55.174693
      -4.044371     -55.025961
      -4.019984     -54.885540
      -3.980951     -54.807696
      -4.005238     -54.808342
      -4.052367     -54.831350
      -4.078472     -54.865650
      -4.105997     -54.895409
      -4.047500     -54.982122
      -3.977324     -55.100220
      -3.872006     -55.238121
      -3.751095     -55.401667
      -3.659466     -55.667628
      -3.529895     -56.363741
      -3.355409     -57.562008
      -3.243262     -59.033579
      -3.161591     -60.684763
      -3.262814     -62.289931
      -3.395291     -63.810748
      -3.568295     -65.261332
      -3.726135     -66.566744
      -3.842821     -67.684506
      -3.803113     -68.600788
      -3.718568     -69.279305
      -3.518940     -69.742446
      -3.285465     -70.104008
      -3.115370     -70.423930
      -3.063137     -70.671886
      -3.010809     -70.819088
      -2.967627     -70.902595
      -2.947432     -70.931154
      -2.915955     -70.910070
      -2.919818     -70.911692
      -2.897548     -70.971695
      -2.994802     -71.130268
      -3.131785     -71.432195
      -3.340281     -71.987843
      -3.553471     -73.070182
      -3.887408     -75.098771
      -4.380967     -77.726440
      -4.883169     -80.270229
      -5.246365     -82.016980
      -5.451502     -82.910759
      -5.586155     -83.110820
      -5.656956     -82.969539
      -5.705806     -82.891535
      -5.729398     -83.176846
      -5.764069     -83.988601
      -5.829033     -85.241859
      -6.012484     -86.723571
      -6.208588     -88.241129
      -6.270812     -89.622457
      -6.401901     -90.761273
      -6.506019     -91.786940
      -6.642590     -92.802563
      -6.641189     -93.786150
      -6.571321     -94.770785
      -6.503563     -95.848655
      -6.349327     -97.111180
      -6.337782     -98.468981
      -6.292847     -99.779736
      -6.230341    -100.989008
      -6.078612    -102.099071
      -6.030206    -103.228446
      -6.009612    -104.373198
      -6.151664    -105.673335
      -6.448162    -107.031806
      -7.120684    -108.319860
      -8.329281    -109.755499
      -9.953019    -111.469707
     -11.608826    -113.682907
     -13.132029    -116.582336
     -14.585560    -120.066027
     -15.973632    -123.812501
     -17.220703    -127.294375
     -18.228665    -130.087766
     -19.223558    -132.067673
     -20.232324    -133.443998
     -21.113541    -134.427011
     -21.749438    -135.300731
     -22.132013    -136.123171
     -22.252115    -136.854134
     -22.137608    -137.723220
     -21.656690    -139.023552
     -20.721147    -140.612013
     -19.292160    -142.231519
     -17.902721    -143.493131
     -16.718671    -144.220140
     -15.787025    -145.012117
     -14.875636    -146.245111
     -13.900914    -147.732050
     -12.899376    -149.360882
     -11.787460    -151.268954
     -10.310352    -153.687586
      -8.709944    -156.654499
      -7.252295    -159.466366
      -5.975467    -161.578180
      -5.093101    -163.055502
      -4.529778    -164.209337
      -4.367078    -165.262242
      -4.581767    -166.528721
      -5.021220    -168.079840
      -5.186759    -169.560125
      -5.213741    -170.786329
      -5.189344    -171.820137
      -5.104148    -172.810212
      -4.923358    -173.824708
      -4.887863    -174.819912
      -4.884024    -175.762796
      -5.038148    -176.690060
      -5.256147    -177.595954
      -5.495562    -178.498175
      -5.663583    -179.425439
      -5.734354     179.749849
      -5.642881     179.115794
      -5.352924     178.552865
      -5.115420     177.845741
      -4.927253     177.066829
      -4.806402     176.495566
      -4.693341     176.214694
      -4.580502     176.023793
      -4.647341     175.793007
      -4.782717     175.459602
      -4.854769     175.185821
      -4.962753     175.264135
      -5.198333     175.436638
      -5.353400     175.500439
      -5.463481     175.436754
      -5.614462     175.360810
      -5.793763     175.362791
      -5.951076     175.221918
      -6.083680     174.652675
      -6.218234     173.895232
      -6.547244     173.375103
      -6.988842     173.208507
      -7.536301     173.175188
      -7.982724     173.322764
      -8.751339     173.708645
      -9.687500     174.334424
     -10.915373     175.123942
     -12.209797     176.163365
     -13.583399     177.529296
     -15.153385     179.163043
     -16.956919    -178.927555
     -19.356936    -176.088256
     -22.267038    -172.088361
     -25.402286    -167.252048
     -28.285721    -162.048767
     -30.456096    -157.247056
     -32.323819    -152.859794
     -33.867767    -149.129571
     -34.889937    -146.479375
     -35.750524    -144.495825
     -36.163963    -143.090688
     -36.566191    -141.902699
     -36.967835    -140.542179
     -37.408916    -139.131009
     -37.851116    -137.825267
     -38.342671    -136.813976
     -38.782208    -136.122870
     -39.195091    -135.663716
     -39.657497    -135.295855
     -40.323067    -134.822839
     -41.040284    -134.322993
     -41.877460    -133.911953
     -42.772381    -133.622533
     -43.666899    -133.427747
     -44.759180    -133.239488
     -45.884402    -133.019543
     -46.561078    -132.723653
     -47.179022    -132.304618
     -47.932012    -131.643237
     -48.728821    -130.569486
     -49.600074    -129.290641
     -50.473478    -128.038355
     -51.100107    -126.895856
     -51.527583    -126.070502
     -51.687540    -125.677268
     -51.602464    -125.406382
     -51.496202    -125.015984
     -51.466089    -124.558025
     -51.438763    -124.163849
     -51.408955    -124.004723
     -51.278588    -124.165685
     -51.041439    -124.640935
     -50.675224    -125.217949
