      -2.332752      29.053784
      -2.319588      29.067626
      -2.329824      29.075750
      -2.324812      29.057045
      -2.308554      29.047429
      -2.306502      29.026932
      -2.324962      29.002822
      -2.327234      28.979170
      -2.332538      28.951085
      -2.323531      28.928815
      -2.320737      28.931336
      -2.327884      28.945477
      -2.325260      28.941514
      -2.317272      28.921275
      -2.303493      28.865941
      -2.276476      28.789241
      -2.274829      28.695661
      -2.297901      28.549552
      -2.290633      28.286602
      -2.276383      27.747643
      -2.281701      26.715353
      -2.222704      24.853930
      -2.182510      22.227245
      -2.184040      19.469251
      -2.094660      17.001787
      -2.027570      14.832585
      -2.004959      12.881556
      -2.116143      11.098099
      -2.229006       9.394490
      -2.218201       7.707060
      -2.156627       5.801231
      -2.133470       3.747277
      -2.112637       1.697119
      -1.928371      -0.169827
      -1.781264      -1.766217
      -1.717780      -3.022708
      -1.701342      -3.961839
      -1.671581      -4.771415
      -1.589319      -5.449531
      -1.441490      -6.112513
      -1.299025      -7.016854
      -1.205611      -8.240127
      -1.163651      -9.747375
      -1.072264     -11.353556
      -0.970993     -13.029479
      -0.886895     -14.750717
      -0.876831     -16.040954
      -1.000491     -16.772064
      -1.100189     -17.251591
      -1.192176     -17.579818
      -1.272840     -17.748525
      -1.351180     -17.837323
      -1.474387     -17.855757
      -1.545901     -17.965369
      -1.463235     -18.188870
      -1.335881     -18.468528
      -1.316329     -18.850728
      -1.391422     -19.351348
      -1.417127     -19.897361
      -1.418097     -20.391681
      -1.498899     -20.684365
      -1.547746     -20.877675
      -1.594553     -21.158741
      -1.584180     -21.504918
      -1.580616     -21.813832
      -1.594977     -22.112859
      -1.636409     -22.339855
      -1.659702     -22.555980
      -1.630489     -22.727564
      -1.613920     -22.908845
      -1.605606     -23.103153
      -1.593184     -23.321403
      -1.522444     -23.508571
      -1.417915     -23.701213
      -1.223117     -23.802856
      -0.957919     -23.740790
      -0.763798     -23.545917
      -0.644535     -23.375302
      -0.573715     -23.286037
      -0.521462     -23.307969
      -0.511606     -23.468520
      -0.534763     -23.765899
      -0.559160     -24.119505
      -0.531445     -24.565948
      -0.481446     -25.050909
      -0.449822     -25.459385
      -0.456875     -25.802854
      -0.466282     -26.053950
      -0.468204     -26.260864
      -0.472601     -26.394811
      -0.491346     -26.476043
      -0.540060     -26.530458
      -0.584161     -26.566315
      -0.607052     -26.568851
      -0.632180     -26.600045
      -0.661100     -26.656493
      -0.674916     -26.775284
      -0.655268     -26.921434
      -0.615271     -27.032883
      -0.520931     -26.941955
      -0.494463     -26.632465
      -0.567686     -25.940323
      -0.630194     -24.737194
      -0.639258     -23.095991
      -0.647079     -21.171277
      -0.712091     -18.955687
      -0.841916     -16.565654
      -0.960517     -14.106138
      -1.023806     -11.647389
      -1.065328      -9.135785
      -1.029758      -6.552514
      -1.043765      -3.912849
      -1.145545      -1.281333
      -1.161388       1.427662
      -1.235286       4.274584
      -1.420299       7.226563
      -1.515467      10.516155
      -1.418146      14.265072
      -1.052962      18.430233
      -1.032894      22.835104
      -1.090066      27.484611
      -0.879614      32.545500
      -0.429708      37.945491
       0.144058      43.299358
       0.656685      48.227819
       0.843323      52.583617
       0.572953      56.331316
       0.005892      59.744676
      -0.172598      63.136156
       0.085630      66.752613
       0.435345      70.617730
       0.671000      74.630064
       0.827373      78.868142
       0.767583      83.354342
       0.574405      87.759730
       0.348108      92.192531
       0.258323      96.429517
       0.193523     100.442457
       0.221647     104.344502
       0.236210     108.145522
       0.329261     111.816567
       0.364442     115.348380
       0.316680     118.868382
       0.190546     122.494966
      -0.032758     126.111700
      -0.238986     129.561818
      -0.316502     132.898079
      -0.440978     136.191257
      -0.478931     139.498472
      -0.569269     142.907151
      -0.600373     146.261469
      -0.576399     149.410618
      -0.518730     152.169951
      -0.329032     154.558752
      -0.256613     156.763976
      -0.259416     159.197685
      -0.294819     161.862345
      -0.248690     164.540780
       0.154230     167.475646
       0.317145     170.575690
       0.308286     173.051295
       0.282536     174.736682
      -0.018614     176.122818
       0.004009     177.377290
       0.274432     178.616744
       0.217320     179.699453
       0.336256    -179.553645
       0.569309    -179.114434
       0.877794    -178.800651
       1.117513    -178.424465
       1.289721    -178.282737
       1.374442    -178.404026
       1.332921    -178.637707
       1.440588    -178.606700
       1.408733    -178.270866
       1.237782    -178.141980
       1.019782    -178.330433
       0.807427    -178.618590
       0.716180    -178.793404
       0.741910    -178.657563
       0.842869    -178.274499
       0.881063    -177.920597
       0.836732    -177.677590
       0.694940    -177.446940
       0.536521    -177.170964
       0.446229    -177.021426
       0.372778    -177.048237
       0.326162    -177.162241
       0.306106    -177.214036
       0.242598    -177.210112
       0.140424    -177.229909
       0.022623    -177.295770
      -0.118456    -177.388073
      -0.181361    -177.535221
      -0.148468    -177.769777
      -0.030329    -178.149227
       0.129037    -178.600872
       0.252437    -179.015992
       0.247917    -179.353516
       0.117085    -179.591471
      -0.074152    -179.758164
      -0.228598    -179.822005
      -0.334921    -179.828261
      -0.312862    -179.763527
      -0.138851    -179.682706
       0.107372    -179.558521
       0.256341    -179.488677
       0.225141    -179.441001
       0.133533    -179.355945
       0.027154    -179.225660
      -0.112096    -179.007327
      -0.183119    -178.655523
      -0.223492    -178.225638
      -0.202733    -177.787243
      -0.122546    -177.492965
      -0.059634    -177.335326
       0.001476    -177.179648
      -0.011824    -177.047829
      -0.103996    -176.983735
      -0.194769    -176.955137
      -0.255626    -176.963122
      -0.209840    -177.044643
      -0.171572    -177.187225
      -0.165573    -177.359844
      -0.145091    -177.596634
      -0.122528    -177.846207
      -0.086994    -178.057837
      -0.077898    -178.197447
      -0.089142    -178.281066
      -0.085890    -178.326761
      -0.053941    -178.332045
      -0.023189    -178.297716
      -0.030883    -178.265621
      -0.059790    -178.236498
      -0.075945    -178.224006
      -0.082048    -178.236051
      -0.092085    -178.270380
      -0.075106    -178.276364
      -0.083519    -178.267738
      -0.079074    -178.285126
      -0.052617    -178.312054
      -0.046469    -178.338515
      -0.061340    -178.378886
      -0.078112    -178.405483
      -0.089770    -178.435344
      -0.100025    -178.461961
      -0.134517    -178.478669
      -0.171481    -178.486013
      -0.194156    -178.510920
      -0.188485    -178.536370
      -0.180557    -178.585524
      -0.175169    -178.609673
      -0.188151    -178.614841
      -0.199720    -178.617386
      -0.200110    -178.614394
      -0.214339    -178.616317
      -0.221155    -178.615559
      -0.226178    -178.606350
      -0.227151    -178.615754
      -0.238014    -178.623797
      -0.245091    -178.597297
      -0.270881    -178.583542
      -0.269080    -178.572954
      -0.264422    -178.586340
      -0.251239    -178.632520
      -0.233422    -178.688900
      -0.234157    -178.715187
      -0.261324    -178.745922
      -0.253587    -178.781281
      -0.233685    -178.806557
      -0.238803    -178.810423
      -0.248917    -178.805780
      -0.252268    -178.797737
      -0.266930    -178.806965
      -0.269581    -178.792957
      -0.293518    -178.782932
      -0.304508    -178.771217
      -0.304900    -178.756918
      -0.320539    -178.745456
      -0.337733    -178.761542
      -0.323039    -178.753693
      -0.365139    -178.751517
      -0.374708    -178.767681
      -0.379651    -178.770634
      -0.389646    -178.777687
      -0.424625    -178.785769
      -0.419115    -178.783923
      -0.432412    -178.805916
      -0.432175    -178.832765
      -0.452348    -178.861733
      -0.473811    -178.880500
      -0.468735    -178.916345
      -0.464338    -178.966916
      -0.454504    -179.050399
      -0.445028    -179.128111
      -0.461384    -179.175127
      -0.460940    -179.214625
      -0.443662    -179.224922
      -0.452567    -179.243281
      -0.462095    -179.236792
      -0.466549    -179.245321
      -0.459045    -179.260591
      -0.464791    -179.268304
      -0.478351    -179.236034
      -0.492616    -179.189776
      -0.476737    -179.131647
      -0.473809    -179.104875
      -0.448231    -179.116804
      -0.445238    -179.157331
      -0.430094    -179.159449
      -0.444377    -179.153174
      -0.434928    -179.149074
      -0.442455    -179.130404
      -0.441773    -179.121428
      -0.460792    -179.117737
      -0.449765    -179.105478
      -0.463770    -179.133512
      -0.394477    -179.242970
      -0.289642    -179.522288
      -0.249138    -179.828805
      -0.290530     179.936475
      -0.304001     179.611910
      -0.170567     179.005403
      -0.001663     177.948088
       0.104344     176.447889
       0.080856     174.582287
      -0.035210     172.519393
      -0.090895     170.376765
      -0.120198     168.183470
      -0.223181     165.921185
      -0.346668     163.683165
      -0.399921     161.388436
      -0.457357     158.942672
      -0.576455     156.404129
      -0.691728     153.898449
      -0.796500     151.405776
      -0.909684     148.779457
      -1.024300     146.019444
      -1.118023     143.173442
      -1.196996     140.249669
      -1.266931     137.134452
      -1.368391     133.684780
      -1.488532     130.246707
      -1.626523     127.099715
      -1.669724     124.199995
      -1.765329     121.576017
      -1.733432     119.335054
      -1.573930     117.539850
      -1.352798     116.097168
      -1.130566     114.801042
      -1.054877     113.569612
      -1.148178     112.468632
      -1.349194     111.607880
      -1.520278     110.821644
      -1.667204     110.027336
      -1.823302     109.250242
      -1.955223     108.643240
      -2.037126     108.178608
      -2.135301     107.889459
      -2.200991     107.758553
      -2.171319     107.544513
      -2.078630     106.395177
      -2.071737     104.528593
      -2.103627     102.567949
      -1.981465     100.876869
      -1.484708      99.333259
      -1.613533      97.775262
      -1.871237      96.128566
      -2.027033      94.423624
      -2.107248      92.939852
      -2.346583      91.714610
      -2.591315      90.709575
      -2.543382      89.873749
      -2.619140      89.019622
      -2.787974      88.152712
      -2.830025      87.549566
      -2.738408      87.294621
      -2.609665      87.201561
      -2.578804      86.792735
      -2.396515      85.849744
      -2.221564      84.281120
      -2.084978      82.219245
      -1.873765      79.678323
      -1.703276      76.680364
      -1.643019      73.332287
      -1.578083      69.754914
      -1.541289      66.162149
      -1.403519      62.878127
      -1.317341      60.314934
      -1.677079      58.482370
      -2.138136      56.973322
      -2.145397      55.102289
      -1.930545      52.834657
      -1.880857      50.427142
      -1.995845      47.944343
      -2.100300      45.341567
      -2.014794      42.611249
      -1.809612      39.857329
      -1.632445      37.217425
      -1.664759      34.803531
      -1.756752      32.699267
      -1.859395      30.902986
      -1.999159      29.211059
      -2.113426      27.462463
      -2.315790      25.639615
      -2.354520      23.723116
      -2.039548      21.626390
      -1.655979      19.172235
      -1.600232      16.671190
      -1.627337      14.497285
      -1.486135      12.583246
      -1.452117      10.987834
      -1.452077       9.609822
      -1.412497       8.277092
      -1.311793       6.783268
      -1.281634       4.960294
      -1.198406       2.789417
      -1.256212       0.761447
      -1.294586      -0.880956
      -1.152257      -2.290051
      -0.927548      -3.615655
      -0.852207      -4.771186
      -0.788174      -5.653133
      -0.786315      -6.385413
      -0.822612      -7.186065
      -0.943687      -8.084420
      -1.045420      -8.936290
      -1.022157      -9.711193
      -0.997725     -10.443036
      -0.989060     -11.079190
      -1.153518     -11.676373
      -1.358849     -12.391196
      -1.227081     -13.259565
      -0.909800     -14.008788
      -0.824229     -14.671390
      -0.871286     -15.193364
      -0.867188     -15.598694
      -0.790239     -15.971144
      -0.756380     -16.323652
      -0.784895     -16.479207
      -0.879214     -16.624150
      -0.991253     -16.856040
      -1.100691     -17.170529
      -1.162548     -17.470119
      -1.162249     -17.750395
      -1.144521     -18.024796
      -1.101687     -18.126570
      -1.112563     -18.050165
      -1.140228     -17.958033
      -1.156003     -17.809716
      -1.162706     -17.599440
      -1.198942     -17.418828
      -1.236694     -17.331898
      -1.251571     -17.298056
      -1.249646     -17.337688
      -1.224570     -17.418567
      -1.209865     -17.537804
      -1.215989     -17.556918
      -1.232714     -17.459220
      -1.264184     -17.265883
      -1.273203     -16.976908
      -1.259864     -16.621182
      -1.252879     -16.197568
      -1.329477     -15.586286
      -1.412148     -14.785020
      -1.409380     -13.876705
      -1.372109     -12.935351
      -1.400543     -11.932068
      -1.505123     -10.835911
      -1.541055      -9.736402
      -1.502600      -8.717604
      -1.438693      -7.754146
      -1.395478      -6.845690
      -1.317576      -6.003826
      -1.259277      -5.146863
      -1.280589      -4.062485
      -1.283375      -2.874141
      -1.288291      -1.842476
      -1.248423      -1.039237
      -1.337874      -0.539096
      -1.473146      -0.403483
      -1.717153      -0.535314
      -1.942434      -0.836058
      -2.017297      -1.116138
      -2.002777      -1.174953
      -1.961028      -0.965007
      -1.941752      -0.567804
      -1.905826      -0.024294
      -1.841788       0.565295
      -1.788035       1.024109
      -1.742434       1.237136
      -1.747959       1.224929
      -1.746907       1.067702
      -1.751761       0.792892
      -1.782309       0.478126
      -1.825948       0.217734
      -1.883650       0.064747
      -1.901934      -0.043655
      -1.889835      -0.024816
      -1.893958       0.021871
      -1.848124       0.071108
      -1.806363       0.060436
      -1.800477       0.014993
      -1.812408      -0.068359
      -1.813628      -0.245666
      -1.851819      -0.460667
      -1.892803      -0.670861
      -1.904107      -0.876553
      -1.884077      -1.065633
      -1.833842      -1.209851
      -1.753078      -1.304229
      -1.724522      -1.381236
      -1.703027      -1.461695
      -1.699885      -1.502487
      -1.708345      -1.549174
      -1.747681      -1.633488
      -1.789583      -1.707615
