       3.543568      11.779961
       3.458497      11.830177
       3.420804      11.880113
       3.398846      11.913822
       3.365538      11.926806
       3.302952      11.907613
       3.224227      11.844596
       3.196314      11.762169
       3.207930      11.660522
       3.224609      11.544289
       3.204711      11.450328
       3.177583      11.394559
       3.159748      11.349840
       3.152200      11.313195
       3.139677      11.308196
       3.126076      11.334006
       3.093791      11.364791
       3.054560      11.397252
       3.028852      11.413173
       2.994430      11.423469
       2.965750      11.436514
       2.948489      11.462683
       2.949986      11.489975
       2.969742      11.508625
       2.966456      11.509779
       2.957668      11.504161
       2.954255      11.476532
       2.934505      11.442609
       2.922731      11.432378
       2.908993      11.425959
       2.895417      11.422536
       2.890795      11.427310
       2.896779      11.413525
       2.905022      11.374940
       2.900199      11.372688
       2.893188      11.392331
       2.886407      11.395258
       2.886970      11.397894
       2.893258      11.397670
       2.878282      11.401266
       2.873057      11.385927
       2.862613      11.350894
       2.871136      11.341172
       2.870436      11.356508
       2.837938      11.381702
       2.808947      11.394896
       2.775446      11.397172
       2.768779      11.397761
       2.767089      11.408360
       2.787839      11.473695
       2.764800      11.643883
       2.667931      11.852485
       2.582035      12.290119
       2.460253      13.700244
       2.022175      16.303805
       1.405916      19.834500
       0.708027      23.877831
       0.019145      27.845539
      -0.657151      31.262724
      -1.249347      33.791220
      -1.752644      35.309244
      -2.168420      35.986111
      -2.463712      36.230752
      -2.776214      36.246139
      -3.186318      35.761430
      -4.010841      33.517913
      -5.400747      28.659129
      -6.492854      21.575304
      -7.356352      13.328149
      -8.006807       5.095705
      -8.592218      -2.447868
      -8.852583      -8.848680
      -9.091324     -14.102944
      -9.266482     -18.431723
      -9.337669     -22.033658
      -9.468830     -24.853787
      -9.493994     -26.568919
      -9.371684     -27.233563
      -9.252142     -27.050519
      -9.177994     -26.343116
      -9.209193     -25.343130
      -9.400573     -24.112647
      -9.667242     -22.791665
     -10.095111     -21.244382
     -10.782392     -19.450449
     -11.707619     -17.227453
     -12.888101     -14.706256
     -13.981731     -12.400474
     -14.878610     -10.495276
     -15.637954      -8.912369
     -16.237470      -7.613639
     -16.769062      -6.545226
     -17.270361      -5.729565
     -17.691619      -5.173996
     -18.014865      -4.859673
     -18.346812      -4.756627
     -18.622736      -4.810684
     -18.878797      -4.912184
     -19.008335      -4.969077
     -19.033168      -4.850998
     -18.961823      -4.428007
     -18.852406      -3.812731
     -18.691650      -3.174116
     -18.555359      -2.666652
     -18.433284      -2.161975
     -18.279700      -1.555685
     -18.056718      -0.606636
     -17.781468       0.810006
     -17.424942       2.653053
     -16.966571       4.873642
     -16.336683       7.761207
     -15.327798      11.848690
     -14.062659      16.896035
     -12.349360      22.454954
     -10.219943      28.150912
      -8.178002      33.600329
      -6.599035      38.645606
      -5.241522      42.802422
      -4.108987      45.762612
      -3.229790      47.676178
      -2.501096      48.907865
      -2.064084      49.722932
      -1.839042      50.431654
      -1.811211      51.108549
      -1.967583      51.876866
      -2.256811      52.978337
      -2.603824      54.415822
      -3.068138      55.971527
      -3.680931      57.459971
      -4.384579      58.840536
      -5.324111      60.074876
      -6.474739      61.144436
      -7.906376      62.111314
      -9.681457      63.149960
     -11.810025      64.338891
     -14.049921      65.542141
     -15.970347      66.674099
     -17.523916      67.722575
     -18.812572      68.542664
     -19.830095      68.968499
     -20.586756      69.031329
     -21.105639      68.785860
     -21.419787      68.493186
     -21.631290      68.163554
     -21.859857      67.731162
     -22.122153      67.094630
     -22.552896      66.297306
     -23.325136      65.249578
     -24.947253      63.265664
     -27.322733      60.134987
     -30.146211      56.434794
     -32.857113      52.759286
     -34.899233      49.641533
     -36.104866      47.267488
     -36.672392      45.441213
     -37.000882      44.180524
     -37.413581      43.136585
     -37.861148      41.991007
     -38.234583      40.749018
     -38.367410      39.607831
     -38.248132      38.639073
     -38.018234      37.805132
     -37.807357      36.979263
     -37.654217      36.017753
     -37.548006      34.690469
     -37.397390      32.830209
     -37.364744      30.270837
     -37.373600      27.111900
     -37.491847      23.541907
     -37.623994      19.596308
     -37.618941      15.269616
     -37.469357      10.488323
     -37.170565       5.112852
     -36.725819      -0.702049
     -36.250894      -6.298588
     -35.886455     -11.469152
     -35.686882     -16.300253
     -35.622284     -20.995902
     -35.706026     -25.567060
     -35.730440     -30.009389
     -35.601268     -34.234581
     -35.390444     -38.182164
     -35.104338     -41.740463
     -34.993525     -44.799319
     -35.064348     -47.268804
     -35.287509     -49.172403
     -35.655831     -50.176214
     -35.977563     -50.054060
     -36.233747     -48.734839
     -36.466034     -46.529400
     -36.776859     -43.827302
     -37.135752     -40.755385
     -37.485846     -37.138703
     -37.901882     -32.947754
     -38.409397     -28.096015
     -38.740126     -22.743092
     -38.881050     -17.327464
     -38.769778     -12.018838
     -38.423184      -7.028015
     -37.941102      -2.153480
     -37.467382       1.901709
     -37.138275       4.977974
     -36.957332       7.368468
     -36.777403       9.552572
     -36.489209      11.839377
     -36.193470      14.195978
     -35.891276      16.550749
     -35.629426      18.892245
     -35.295627      21.264277
     -34.870414      23.751277
     -34.413997      26.354389
     -33.938582      28.790553
     -33.476172      30.816983
     -33.161279      32.217479
     -33.137083      32.924394
     -33.263713      33.356381
     -33.381166      33.868250
     -33.487185      34.587136
     -33.574109      35.284514
     -33.727729      35.858870
     -33.950521      36.305842
     -34.448196      36.386930
     -35.311396      35.743595
     -36.181643      34.605413
     -36.671940      33.697256
     -36.647466      33.402153
     -36.407240      33.383138
     -36.204388      33.181622
     -36.141619      32.687165
     -36.115408      31.873641
     -35.981412      30.669325
     -35.744200      28.906925
     -35.551709      26.948845
     -35.177674      24.747746
     -34.749423      22.593923
     -34.261514      20.551428
     -33.607799      18.483163
     -32.962661      16.566598
     -32.407228      14.768743
     -31.907652      12.983104
     -31.388832      11.137032
     -30.814703       9.150934
     -30.179601       7.064254
     -29.527424       5.061155
     -28.901696       3.176063
     -28.360553       1.377866
     -27.974476      -0.327642
     -27.631276      -1.984607
     -27.406265      -3.513306
     -27.249305      -4.828616
     -27.137392      -5.960295
     -27.110015      -6.973819
     -27.026562      -7.911159
     -26.900347      -8.837754
     -26.708298      -9.698017
     -26.527571     -10.512021
     -26.386440     -11.254319
     -26.319350     -11.892396
     -26.273245     -12.469766
     -26.142103     -13.030518
     -25.948308     -13.504042
     -25.714687     -13.735100
     -25.420373     -13.683424
     -25.262355     -13.265058
     -25.310362     -12.323741
     -25.647245     -10.679561
     -26.175036      -8.459986
     -26.759846      -6.434955
     -27.482379      -5.003096
     -28.441095      -3.998103
     -29.419957      -3.308894
     -31.214848      -2.719412
     -34.128854      -2.381962
     -37.337277      -2.295331
     -38.911030      -2.279153
     -39.129813      -2.329471
     -38.947888      -2.727257
     -38.695177      -3.327965
     -38.612894      -3.814620
     -38.730864      -3.914981
     -38.779354      -3.737627
     -38.723566      -3.454829
     -38.549942      -3.074281
     -38.192259      -2.513321
     -37.738987      -1.747656
     -37.318811      -1.041546
     -37.102049      -0.741906
     -37.185704      -0.972424
     -37.488986      -1.166735
     -37.658853      -1.088373
     -37.747212      -0.856674
     -37.781056      -0.540321
     -37.612073      -0.073370
     -37.163223       0.594907
     -36.617323       1.281646
     -36.071850       1.885987
     -35.655394       2.345023
     -35.427500       2.677800
     -35.482710       2.910161
     -35.815958       2.992677
     -36.062129       2.958198
     -36.284148       2.881072
     -36.525617       2.678160
     -36.750034       2.293724
     -37.033801       1.642700
     -37.315212       0.793383
     -37.596370      -0.126302
     -37.768833      -0.987414
     -37.858222      -1.909187
     -37.951433      -2.809733
     -38.013185      -3.500328
     -37.965132      -3.874197
     -37.619531      -3.836135
     -36.934477      -3.486784
     -36.123655      -2.955442
     -35.344474      -2.310091
     -34.570102      -1.559344
     -33.589661      -0.598688
     -32.415094       0.561430
     -30.987445       1.787913
     -29.460756       2.873457
     -28.079144       3.971947
     -26.889931       5.234892
     -25.741884       6.633333
     -24.649355       8.092108
     -23.533131       9.582719
     -22.374393      11.257130
     -21.178541      13.061492
     -20.084706      14.929697
     -19.139719      16.703245
     -18.261441      18.254024
     -17.643651      19.447596
     -17.252521      20.268716
     -17.188479      20.469449
     -17.387032      20.181902
     -17.570829      19.704706
     -17.727055      19.411405
     -17.866833      19.417153
     -17.965473      19.599800
     -18.034085      19.776039
     -17.975173      19.844485
     -17.844192      19.881406
     -17.318532      19.974899
     -15.603229      20.098806
     -13.157662      20.238507
     -10.184960      20.374572
      -7.435029      20.486206
      -5.232636      20.545445
      -3.429113      20.562738
      -1.906151      20.534443
      -0.636434      20.470863
       0.476338      20.488802
       1.579219      20.532097
       2.613545      20.556013
       3.481337      20.519843
       4.279357      20.431931
       5.010616      20.343871
       5.644701      20.372804
       6.197976      20.535619
       6.824284      20.794182
       7.392213      21.084275
       7.974992      21.346810
       8.642322      21.531192
       9.266731      21.628694
       9.939222      21.643967
      10.534288      21.591050
      11.107658      21.551694
      11.697932      21.583325
      12.263133      21.705586
      12.880567      21.840055
      13.339349      21.973497
      13.768162      22.102074
      14.151791      22.260715
      14.536408      22.426186
      14.960673      22.610814
      15.358270      22.819136
      15.750098      23.042380
      16.190675      23.272923
      16.543172      23.487329
      16.857791      23.639844
      16.990050      23.732798
      17.124677      23.792863
      17.273711      23.830995
      17.442613      23.868754
      17.613398      23.899880
      17.757214      23.919983
      17.857276      23.918094
      17.965836      23.871126
      18.038278      23.774469
      18.076350      23.628863
      18.109345      23.500980
      18.149453      23.392340
      18.253761      23.257704
      18.345099      23.107240
      18.410467      22.943153
      18.443010      22.728300
      18.429044      22.485869
      18.410295      22.236704
      18.405670      22.048608
      18.405398      21.936999
      18.389838      21.881665
      18.361461      21.886155
      18.361196      21.893883
      18.281088      21.851260
      18.197364      21.749569
      18.115986      21.690648
      18.078606      21.721286
      18.013370      21.815364
      17.921243      21.901356
      17.769210      21.930114
      17.636468      21.871703
      17.495142      21.699937
      17.303786      21.303913
      17.063312      20.534038
      16.722829      19.456185
      16.294893      18.071545
      15.869081      16.372017
      15.458175      14.238118
      15.153463      11.698009
      14.963570       8.818970
      14.695986       5.554239
      14.308932       2.151163
      13.909666      -1.108180
      13.489519      -4.194111
      13.138979      -7.238298
      12.805400     -10.282260
      12.413030     -13.425359
      11.975188     -16.756363
      11.491238     -20.373999
      10.952939     -24.324007
      10.410760     -28.526901
       9.837879     -33.095204
       9.236873     -38.211869
       8.505897     -44.184361
       7.580828     -51.273138
       6.695998     -59.300691
       5.885214     -67.978293
       4.988743     -76.760243
       4.062276     -84.807048
       3.065512     -91.749289
       2.081371     -97.484617
       1.135920    -102.020096
       0.364865    -105.672102
      -0.047751    -108.871676
      -0.171988    -111.934097
      -0.115065    -114.981792
       0.097005    -118.216462
       0.402190    -121.663929
       0.825072    -125.219892
       1.253963    -128.591735
       1.644361    -131.569848
       2.072701    -134.238889
       2.405862    -136.953703
       2.779601    -139.938635
       3.161280    -143.196503
       3.377182    -146.562653
       3.510647    -149.905947
       3.794943    -153.165748
       4.257576    -156.097797
       4.779608    -158.592140
       5.199233    -160.911631
       5.619150    -163.266802
       5.975842    -165.617038
       6.360799    -167.721644
       6.790097    -169.588315
       7.091565    -171.428330
       7.214729    -173.542437
       7.145184    -175.875343
       6.916285    -178.191638
       6.587177     179.529845
       6.178080     177.249337
       5.832139     175.012581
       5.561458     172.803412
       5.393009     170.620471
       5.258803     168.543084
       5.079770     166.397426
       4.870212     164.290973
       4.641285     162.256473
       4.414402     160.288689
       4.232401     158.448363
       4.080897     156.699485
       4.010958     155.013272
       4.023730     153.302958
       4.040752     151.646752
       3.981443     150.057933
       3.962465     148.488609
       3.967977     146.898118
       4.001591     145.361618
       4.073414     143.948380
       4.129082     142.601401
       4.170949     141.190047
       4.154259     139.772195
       4.137817     138.354400
       4.084801     136.984535
       4.001725     135.731695
       3.877927     134.637097
       3.719139     133.670753
       3.560825     132.773642
       3.435955     131.951095
       3.303270     131.282137
       3.066297     130.715177
       2.456747     130.317289
       1.009582     130.119152
      -1.530605     130.271760
      -4.705434     130.737199
      -8.133707     131.170639
     -12.209582     131.365464
     -16.459849     131.163878
     -20.333663     130.669103
     -23.442508     130.212815
     -25.757220     130.037496
     -27.265787     130.179612
     -28.337067     130.532660
     -29.284337     130.974979
     -30.131642     131.389341
     -30.851252     131.773027
     -31.551554     132.260798
     -32.239042     133.048695
     -32.957247     134.120125
     -33.687005     135.363348
     -34.513345     136.584355
     -35.581109     137.676632
     -36.903584     138.758922
     -38.081354     139.821746
     -38.793010     140.787303
     -39.082559     141.640322
     -38.967391     142.283946
     -38.533472     142.728645
     -38.038427     143.195736
     -37.677878     143.860643
     -37.092743     144.701714
     -36.039043     145.603401
     -34.050583     146.290660
     -31.339091     146.573902
     -27.641893     146.474868
     -22.166882     145.930900
     -15.660662     145.268985
      -9.069909     144.931597
      -3.798915     145.287976
       0.490404     146.446891
       4.202750     147.909797
       6.922692     149.436059
       8.810997     151.212564
      10.116924     153.372501
      11.048718     155.977342
      11.919387     158.929121
      12.445558     161.955639
      12.681330     164.849803
      12.935250     167.909553
      13.271288     171.209317
      13.541305     174.691298
      13.921347     178.151422
      14.328707    -178.452325
      14.989747    -175.358595
      15.640044    -172.239589
      16.019480    -169.061989
      15.828813    -165.619408
      15.344660    -161.751751
      14.412158    -157.091893
      13.251077    -151.930296
      11.986457    -146.406549
      11.236742    -141.263981
      10.869682    -136.759169
      10.682532    -132.962366
      10.812121    -129.862322
      10.970595    -127.381102
      11.218254    -125.103877
      11.520433    -122.819570
      11.780131    -120.601348
      12.071909    -118.196830
      12.418657    -115.507681
      13.129877    -112.821038
      14.123500    -110.377003
      15.185924    -108.461063
      16.064612    -107.011756
      16.757010    -105.863624
      17.333264    -104.766180
      17.925053    -103.541083
      18.540896    -102.224800
      19.125794    -100.989659
      19.693478    -100.077044
      20.139121     -99.601940
      20.522313     -99.069348
      21.036492     -97.990408
      21.625428     -96.303826
      22.229328     -94.101157
      22.742767     -91.626727
      22.787561     -89.119677
      22.366989     -86.461787
      21.873736     -83.595124
      21.397590     -80.635220
      20.943776     -77.716435
      20.513104     -74.854682
      20.029893     -72.002706
      19.415331     -69.095233
      18.436829     -66.129078
      17.055965     -63.177727
      15.177617     -60.171045
      12.766698     -57.071681
      10.356700     -53.927599
       8.131221     -50.773254
       6.180263     -47.605843
       4.613913     -44.354823
       3.354681     -41.187908
       2.338096     -38.217528
       1.596022     -35.534124
       1.067434     -33.119110
       0.651035     -30.995333
       0.343104     -28.916194
       0.123759     -26.893608
       0.024693     -24.813576
       0.038517     -22.704343
       0.252594     -20.570334
       0.601573     -18.518072
       1.025196     -16.526502
       1.473359     -14.653096
       1.865723     -12.892950
       2.163932     -11.130114
       2.277674      -9.442198
       2.180331      -7.957019
       1.996041      -6.628869
       1.830931      -5.237899
       1.740468      -3.652976
       1.736725      -2.051869
       1.823705      -0.627452
       1.939900       0.643560
       2.130534       1.769495
       2.392079       2.820654
       2.690971       3.744733
       3.013591       4.552958
       3.406794       5.185855
       3.840381       5.692723
       4.265074       6.043181
       4.743130       6.156223
       5.246773       5.969197
       5.701183       5.551623
       6.068624       4.929649
       6.302803       4.205522
       6.389522       3.424417
       6.304682       2.675783
       6.124463       1.919230
       5.885508       1.116446
       5.663091       0.349256
       5.470472      -0.421087
       5.259899      -1.161954
       5.012636      -1.884340
       4.742216      -2.463815
       4.403753      -2.771987
       4.029946      -2.814045
       3.656039      -2.647419
       3.281143      -2.311487
       2.935042      -1.780344
       2.652449      -1.137264
       2.445416      -0.579515
       2.478622      -0.212882
       2.529859      -0.029056
       2.557390       0.100693
       2.579423       0.127154
       2.646459       0.110015
       2.750078      -0.101968
       2.851181      -0.426858
       2.952879      -0.787949
       3.020245      -1.132401
       3.034941      -1.476728
       2.964162      -1.763750
       2.843959      -1.957162
       2.697064      -2.052864
       2.498788      -2.169679
       2.305458      -2.250115
       2.116460      -2.312816
       1.992229      -2.352233
       1.899251      -2.425086
       1.844205      -2.593957
       1.816539      -2.930622
       1.750992      -3.458581
       1.667780      -4.057565
       1.526245      -4.636348
       1.356214      -5.140530
       1.192894      -5.581077
       1.037774      -6.048616
       0.815125      -6.581056
       0.574239      -7.143322
       0.254446      -7.752109
      -0.033922      -8.381188
      -0.299075      -8.987140
      -0.569816      -9.551711
      -0.814095     -10.080881
      -1.026624     -10.557124
      -1.216910     -11.011037
      -1.463568     -11.515284
      -1.718546     -12.093354
      -1.937596     -12.825836
      -2.065050     -13.858449
      -2.105736     -15.107538
      -2.044701     -16.271373
