       8.622616       4.209702
       8.576009       4.176974
       8.458701       4.201954
       8.404268       4.219409
       8.339335       4.239991
       8.272225       4.271655
       8.203968       4.348325
       8.190685       4.394519
       8.175336       4.395525
       8.178773       4.348946
       8.216340       4.275777
       8.263642       4.138227
       8.352967       3.937509
       8.486229       3.677138
       8.722414       3.390559
       9.223730       3.150189
      10.134185       3.001345
      11.697217       2.900408
      13.843687       2.684694
      16.184707       2.326050
      18.298519       1.778861
      20.000863       1.086226
      21.259451       0.235197
      22.208040      -0.593992
      22.948503      -1.286580
      23.611703      -1.699881
      24.207499      -1.893518
      24.893974      -1.937424
      25.764180      -2.055238
      26.669345      -2.150846
      27.549683      -2.253440
      28.312388      -2.353341
      29.002380      -2.376475
      29.575239      -2.267664
      29.987707      -2.027007
      30.110750      -1.616773
      30.053211      -1.178901
      29.984567      -0.717072
      29.894916      -0.307344
      29.834492       0.057291
      29.843373       0.370629
      29.923905       0.712353
      30.066306       1.099168
      30.121989       1.428435
      30.072132       1.631444
      29.885008       1.678656
      29.657170       1.612889
      29.472311       1.497520
      29.308280       1.355910
      29.196039       1.214154
      29.106121       1.031315
      29.110079       0.887831
      29.138590       0.716717
      29.128147       0.518477
      29.028314       0.174352
      28.835123      -0.770985
      28.685291      -2.821792
      28.651423      -5.555457
      28.594234      -8.595182
      28.513265     -11.421531
      28.427451     -13.725921
      28.367661     -15.495362
      28.237347     -16.872878
      28.062077     -17.896878
      27.937208     -18.710711
      27.795562     -19.316343
      27.672930     -19.802713
      27.559317     -20.220534
      27.463284     -20.537809
      27.398216     -20.689960
      27.324521     -20.696330
      27.287042     -20.618215
      27.250155     -20.572977
      27.216758     -20.590389
      27.129643     -20.624279
      27.017156     -20.644659
      26.921502     -20.696993
      26.828813     -20.717818
      26.692462     -20.639530
      26.546093     -20.529919
      26.406274     -20.480419
      26.274908     -20.367818
      26.185483     -20.142392
      26.088234     -19.783317
      26.019254     -19.287092
      26.005567     -18.557796
      25.996538     -17.729548
      25.910554     -16.953698
      25.746717     -16.228601
      25.470760     -15.570952
      24.970190     -14.923924
      24.188414     -14.165967
      23.045435     -13.195168
      21.221253     -11.855160
      18.339882     -10.331183
      14.658703      -9.625154
      11.121447      -9.194307
       8.164943      -8.596727
       5.461138      -7.639947
       2.795440      -6.254036
       0.134847      -4.631499
      -2.495789      -3.044751
      -5.069139      -1.721138
      -7.495048      -0.810263
      -9.548244      -0.415784
     -11.208667      -0.466682
     -12.737805      -0.764969
     -14.228004      -1.084956
     -15.550597      -1.412611
     -16.701470      -1.820243
     -18.025875      -2.486723
     -20.212432      -3.460585
     -23.150009      -4.332020
     -26.157840      -4.927354
     -29.295627      -5.161509
     -32.286947      -5.271263
     -34.816028      -5.419085
     -36.793873      -5.517971
     -38.274194      -5.652914
     -39.143844      -5.956243
     -39.474525      -6.312625
     -39.472199      -6.610071
     -39.336882      -6.764595
     -39.414016      -6.933038
     -39.961425      -7.311192
     -40.677513      -8.123497
     -41.257597      -9.072042
     -41.844869      -9.451805
     -42.727269      -8.871728
     -44.325098      -7.045927
     -45.993331      -3.416359
     -47.244840       1.890922
     -48.456638       7.166596
     -49.729688      10.796269
     -51.046447      12.813334
     -52.657954      13.251281
     -54.511297      11.644765
     -56.130716       8.198841
     -56.309192       4.752148
     -55.770388       1.681704
     -55.794444      -1.657467
     -56.022763      -5.033827
     -56.305578      -7.900736
     -56.955492     -10.287428
     -57.771481     -12.443560
     -58.514130     -13.807993
     -58.962341     -14.565809
     -59.048699     -15.355237
     -59.051938     -16.675674
     -58.822687     -18.329314
     -57.923647     -20.273297
     -56.568717     -22.827867
     -55.023513     -26.013591
     -53.057988     -29.706094
     -49.385524     -34.500477
     -43.834359     -39.838826
     -37.826982     -44.626385
     -32.571585     -48.857352
     -28.158501     -52.773094
     -24.635350     -56.047549
     -21.956733     -58.761819
     -19.840284     -61.114060
     -17.835371     -63.351861
     -15.520618     -66.026726
     -13.037460     -69.030406
     -10.270121     -72.386896
      -7.664032     -75.834086
      -5.299751     -79.465104
      -3.080432     -83.551197
      -1.247055     -87.908636
       0.352772     -92.526131
       1.872103     -97.434765
       2.922177    -102.009848
       3.727459    -106.106844
       4.383837    -109.399178
       4.773096    -111.956187
       4.967964    -114.047213
       4.904735    -115.708606
       4.494399    -116.645060
       4.193080    -117.265768
       4.095570    -118.158421
       4.072371    -119.391648
       4.186374    -120.777386
       4.478627    -122.302025
       5.137855    -124.489026
       6.057004    -127.537974
       7.141924    -131.062386
       8.220576    -134.301282
       9.242316    -137.148965
      10.196534    -139.782336
      10.827971    -142.496363
      11.218425    -145.179383
      11.587995    -147.484643
      11.942578    -149.072909
      12.135323    -150.343312
      12.249288    -151.633706
      12.131645    -152.943607
      11.944799    -154.051503
      11.783316    -154.983654
      11.727996    -155.835741
      11.825997    -156.669886
      12.000244    -157.400441
      12.226381    -158.014009
      12.587925    -158.590052
      13.103445    -159.116718
      13.442355    -159.585625
      13.627626    -159.951514
      13.951482    -160.244335
      14.301411    -160.320221
      14.703111    -160.112340
      15.144703    -159.810797
      15.581666    -159.618789
      15.953310    -159.560679
      16.134621    -159.453349
      16.135066    -159.340598
      16.111848    -159.266130
      16.125752    -159.257582
      16.146854    -159.332341
      16.109881    -159.473350
      16.060773    -159.896261
      16.009490    -160.426114
      15.992885    -160.948554
      15.986010    -161.494299
      15.933607    -162.157477
      15.786935    -162.974934
      15.565413    -163.926347
      15.294887    -164.921842
      15.031409    -165.852623
      14.806868    -166.756243
      14.543272    -167.748591
      14.368483    -168.955678
      14.437080    -170.428192
      14.353742    -171.938648
      14.131797    -173.274174
      13.869812    -174.449477
      13.671048    -175.576831
      13.582966    -176.675295
      13.747722    -177.819066
      14.282488    -179.403679
      14.569568     178.631160
      14.758449     176.844183
      15.264460     175.410740
      15.924953     173.845341
      16.900263     172.151522
      18.704459     170.752757
      20.992072     169.850789
      23.345849     169.352866
      25.674639     169.234549
      28.407307     169.370565
      31.249481     169.492612
      33.626739     169.555656
      35.729814     169.707040
      37.982088     170.007748
      39.947796     170.652761
      41.314672     171.812968
      42.510889     173.468455
      43.434762     175.579395
      44.167338     177.834239
      44.864597     179.784373
      45.395334    -178.438686
      45.532239    -176.386924
      45.395620    -174.309148
      45.044569    -171.904766
      44.484283    -168.099404
      43.477703    -161.993893
      41.200915    -153.517037
      37.615245    -143.967070
      33.766330    -134.652251
      30.136189    -126.097877
      26.836089    -118.558096
      24.337410    -112.068044
      22.353272    -106.806809
      20.809718    -102.730659
      19.616249     -99.467643
      18.830364     -96.507219
      18.242098     -93.728293
      17.730134     -91.172935
      17.503637     -89.012162
      17.667328     -87.283489
      17.801138     -86.222657
      17.663150     -86.036196
      17.470287     -86.503665
      17.247261     -87.414221
      16.942571     -88.714689
      16.622432     -90.331485
      16.344797     -92.216894
      16.231089     -94.762751
      16.422201     -99.016940
      16.416711    -105.077029
      16.474971    -112.933556
      16.732035    -122.404829
      16.954425    -132.304385
      17.333508    -141.582388
      18.560231    -150.399304
      20.001560    -158.218791
      21.004108    -165.348192
      21.595215    -171.525549
      21.588357    -176.263381
      21.282027    -179.091664
      21.009793     179.657099
      20.506737     179.354643
      19.805700     179.657993
      19.051875    -179.398784
      18.245756    -177.848402
      17.724812    -175.774298
      17.785169    -173.581138
      18.621386    -171.162535
      20.501972    -168.900366
      22.103313    -166.736193
      23.135875    -164.408902
      23.694911    -161.600940
      23.664329    -157.728503
      22.893444    -152.189398
      21.598214    -145.086662
      20.358371    -137.253741
      19.278332    -129.496025
      18.549096    -121.978431
      17.811110    -114.292706
      17.017519    -106.625623
      15.864663     -99.555779
      14.435125     -93.123137
      12.983856     -87.413133
      11.631228     -82.380227
      10.700760     -78.142454
      10.170833     -74.723615
       9.883492     -71.801824
      10.029818     -69.249798
      10.269777     -67.040751
      10.493124     -65.163099
      10.691846     -63.435086
      10.949387     -61.585741
      11.378920     -59.465606
      11.604759     -57.255330
      11.695225     -55.171725
      11.747950     -53.352799
      11.667704     -51.942077
      11.423548     -50.904728
      11.228021     -49.928190
      11.106555     -48.864473
      11.058765     -47.747785
      11.245247     -46.722710
      11.489693     -45.668454
      11.861266     -44.466350
      12.364505     -43.001103
      12.840246     -41.421070
      13.307502     -39.860654
      13.640701     -38.411381
      13.872630     -37.146158
      14.102400     -36.100691
      14.180294     -35.263996
      14.164461     -34.648618
      13.921730     -34.133176
      13.654190     -33.607290
      13.690781     -32.906793
      13.875937     -32.031249
      14.983854     -30.512042
      18.911918     -27.976581
      21.081080     -25.125263
      22.497978     -21.979626
      23.814683     -19.061256
      24.563208     -16.345723
      25.217649     -13.897475
      25.808634     -11.732093
      26.471147      -9.675319
      27.652715      -7.781579
      29.295030      -6.156909
      31.013962      -4.689266
      32.192902      -3.199489
      33.133951      -1.814539
      33.547495      -0.661527
      33.619349       0.064030
      33.354557       0.479937
      32.873396       0.690345
      32.597942       0.971203
      32.376860       1.216276
      31.980821       1.369584
      31.654880       1.542509
      31.284787       2.233696
      31.158886       4.014340
      31.299817       7.091984
      31.444790      10.614445
      31.442611      14.026064
      31.241501      17.112049
      30.733700      19.986899
      30.061296      22.703478
      29.236262      25.137510
      28.406192      27.290604
      27.721799      29.300479
      27.207683      31.195428
      26.729489      32.975668
      26.207784      34.621434
      25.583795      36.288413
      25.035163      37.998102
      24.590597      39.686233
      24.420181      41.314084
      24.663766      42.992147
      25.042711      44.651199
      25.247218      46.251379
      25.424048      47.505701
      25.702562      48.292359
      26.059854      48.554546
      26.374055      48.220718
      26.633036      47.333082
      26.899002      45.943536
      27.296319      44.070571
      27.735597      41.661215
      28.396738      38.804863
      29.064295      35.698937
      29.583603      32.529705
      30.014022      29.358892
      30.363339      26.310741
      30.628647      23.120437
      30.957975      19.827830
      31.190117      16.671280
      31.253015      13.977720
      31.205314      11.800267
      31.161817      10.134494
      31.259200       8.907745
      31.361025       8.084529
      31.578205       7.522479
      31.734773       7.066236
      31.886638       6.698406
      32.006631       6.400147
      32.168532       6.046287
      32.233412       5.805301
      32.181433       5.716403
      32.073383       5.723785
      31.768003       5.725924
      31.308951       5.713053
      30.902911       5.683592
      30.538816       5.492619
      30.208466       5.067450
      29.949536       4.411419
      29.714650       3.487784
      29.231058       2.087801
      28.343418       0.539810
      27.916721      -0.788517
      27.502288      -2.056059
      27.212321      -3.169127
      26.963319      -4.108606
      26.795657      -4.852486
      26.836905      -5.355371
      27.021292      -5.565979
      27.275237      -5.488980
      27.691195      -5.134208
      28.042153      -4.592320
      28.197265      -3.887628
      28.166491      -3.154614
      28.146900      -2.465340
      28.244599      -1.843263
      28.438083      -1.296387
      28.663692      -0.805225
      28.998377      -0.344934
      29.277940       0.055699
      29.520299       0.288434
      29.788812       0.342163
      30.025966       0.229023
      30.172327       0.062429
      30.241671      -0.105361
      30.266155      -0.225858
      30.230473      -0.292424
      30.209904      -0.330976
      30.164393      -0.380028
      30.125068      -0.421263
      30.069660      -0.451046
      30.004981      -0.465088
      29.964075      -0.453142
      29.924903      -0.401035
      29.859635      -0.339548
      29.782112      -0.278701
      29.697233      -0.239608
      29.611970      -0.210009
      29.544557      -0.219058
      29.536604      -0.251529
      29.534284      -0.279159
      29.520211      -0.313160
      29.496247      -0.374865
      29.473329      -0.428866
      29.427692      -0.448708
      29.381589      -0.420087
      29.305276      -0.405964
      29.258498      -0.390309
      29.198615      -0.354513
      29.128330      -0.308989
      29.094721      -0.277903
      29.091848      -0.280489
      29.094447      -0.286609
      29.102400      -0.306158
      29.085520      -0.335425
      29.077506      -0.373609
      29.048468      -0.356738
      29.023590      -0.278467
      28.983112      -0.207247
      28.947486      -0.163532
      28.911235      -0.122420
      28.865941      -0.062859
      28.848735      -0.008938
      28.836966       0.019456
      28.802115       0.039540
      28.771202       0.044085
      28.756719       0.038914
      28.727455       0.019979
      28.691438       0.017605
      28.635310       0.051289
      28.563050       0.108507
      28.478329       0.157016
      28.426434       0.193918
      28.346099       0.236366
      28.267777       0.291478
      28.249585       0.324932
      28.220052       0.342016
      28.203492       0.340873
      28.215799       0.322317
      28.200036       0.281817
      28.162408       0.269216
      28.125252       0.312965
      28.057315       0.378062
      28.013922       0.408347
      27.996036       0.400524
      27.978067       0.396752
      27.943687       0.398901
      27.961031       0.405293
      27.976720       0.396903
      27.978359       0.387579
      27.991011       0.361484
      27.998603       0.307810
      28.015345       0.245460
      28.011515       0.229707
      28.017679       0.272579
      28.002921       0.304628
      27.986536       0.291302
      27.980865       0.261323
      27.951878       0.255156
      27.978857       0.261993
      28.001335       0.223757
      28.000521       0.177234
      27.999183       0.137384
      27.980773       0.105529
      27.953816       0.081532
      27.898551       0.111444
      27.816824       0.206274
      27.725723       0.323446
      27.618206       0.403363
      27.518224       0.495794
      27.430912       0.608172
      27.334354       0.753922
      27.265860       0.974759
      27.188077       1.357780
      27.085434       1.813976
      27.038503       2.250216
      27.081864       2.714273
      26.969217       3.130373
      26.812161       3.389263
      26.638563       3.471255
      26.479321       3.421512
      26.332921       3.380965
      26.189301       3.425150
      26.033913       3.526822
      25.923976       3.595857
      25.862863       3.631185
      25.791571       3.645019
      25.724156       3.626624
      25.674418       3.591475
      25.615849       3.550588
      25.534098       3.546043
      25.483226       3.585881
      25.443284       3.628835
      25.386663       3.665994
      25.344478       3.709659
      25.267161       3.759196
      25.236331       3.807106
      25.222348       3.817375
      25.183035       3.825201
      25.157290       3.822347
      25.133190       3.790983
      25.101566       3.740186
      25.053513       3.710394
      24.989648       3.711456
      24.923223       3.722483
      24.828548       3.734882
      24.779863       3.750910
      24.727738       3.779551
      24.683048       3.821170
      24.647167       3.842324
      24.572102       3.840840
      24.435119       3.856908
      24.301063       3.901278
      24.158120       3.960717
      24.023615       4.039642
      23.876947       4.187011
      23.728968       4.339644
      23.577114       4.469401
      23.397685       4.582105
      23.194492       4.661944
      22.984200       4.719491
