       5.963988      13.151703
       5.854683      12.993411
       5.974315      12.941396
       6.061809      12.986924
       6.010908      12.970033
       6.311072      13.004123
       6.294365      13.106128
       6.344782      13.219551
       6.289463      13.183581
       6.219165      12.793618
       6.174683      12.126508
       6.098547      11.407568
       5.903856      10.588929
       5.546137       9.566098
       5.096011       8.200770
       4.402874       6.564094
       3.298317       4.733480
       1.803096       2.644254
      -0.657257       0.308799
      -4.788871      -2.405862
      -9.173207      -4.818932
     -12.006743      -6.641015
     -14.102842      -8.140682
     -16.192764      -9.366476
     -18.188995     -10.480717
     -20.026861     -11.659014
     -21.782290     -12.884085
     -23.450724     -13.998118
     -25.357963     -15.117822
     -27.650991     -16.240866
     -29.882378     -17.180211
     -31.881497     -17.831715
     -33.788082     -18.363479
     -35.702998     -18.809684
     -37.516234     -19.159875
     -39.228716     -19.222867
     -40.603839     -18.886380
     -41.636950     -18.183679
     -42.387331     -17.208816
     -42.987771     -16.211167
     -43.425728     -15.206133
     -43.717067     -14.404318
     -43.988254     -13.993556
     -44.137350     -13.744398
     -44.191739     -13.606259
     -44.175332     -13.528916
     -44.115775     -13.492178
     -44.084477     -13.425336
     -44.077240     -13.318591
     -44.096474     -13.145184
     -44.154918     -12.654794
     -44.304893     -11.811573
     -44.465831     -10.875616
     -44.594012     -10.000639
     -44.682221      -9.316573
     -44.749437      -8.846688
     -44.809101      -8.577854
     -44.857210      -8.511036
     -44.874632      -8.562016
     -44.853494      -8.662439
     -44.870717      -8.773192
     -44.890553      -8.827708
     -44.898086      -8.773686
     -44.902584      -8.723478
     -44.917175      -8.741658
     -44.912803      -8.842281
     -44.918670      -8.917037
     -44.889732      -8.972072
     -44.841794      -9.006826
     -44.815493      -9.024067
     -44.790392      -9.038352
     -44.757233      -9.053430
     -44.740903      -9.106974
     -44.737664      -9.146685
     -44.746824      -9.108843
     -44.728358      -9.046556
     -44.693989      -9.057158
     -44.671040      -9.079351
     -44.678670      -9.038162
     -44.662953      -8.975022
     -44.642743      -8.933133
     -44.629707      -8.931576
     -44.601045      -8.908103
     -44.577222      -8.903883
     -44.568970      -8.939921
     -44.555550      -8.929556
     -44.549464      -8.857993
     -44.545413      -8.830062
     -44.515547      -8.855302
     -44.467317      -8.876202
     -44.433230      -8.866300
     -44.391737      -8.844456
     -44.367141      -8.856666
     -44.341078      -8.876772
     -44.306802      -8.867644
     -44.287568      -8.862265
     -44.283692      -8.878950
     -44.274619      -8.891177
     -44.265420      -8.889182
     -44.249577      -8.914757
     -44.201677      -8.986972
     -44.170475      -8.992852
     -44.142533      -8.932051
     -44.097732      -8.884592
     -44.062319      -8.900875
     -44.023793      -8.929388
     -43.985364      -8.924952
     -43.950947      -8.948409
     -43.928780      -8.996193
     -43.926628      -9.004170
     -43.930679      -8.942225
     -43.927449      -8.919555
     -43.882682      -8.969307
     -43.865095      -8.978395
     -43.841611      -8.923502
     -43.810745      -8.876372
     -43.777595      -8.892532
     -43.738516      -8.917340
     -43.714984      -8.906528
     -43.701238      -8.909925
     -43.702695      -8.955573
     -43.706396      -8.963034
     -43.709704      -8.893957
     -43.723100      -8.828866
     -43.708869      -8.863230
     -43.690402      -8.930313
     -43.696998      -8.905145
     -43.685914      -8.824916
     -43.657156      -8.795917
     -43.629879      -8.832629
     -43.615381      -8.850925
     -43.599775      -8.856280
     -43.585461      -8.884714
     -43.588555      -8.929379
     -43.591989      -8.910396
     -43.592553      -8.832733
     -43.591746      -8.814409
     -43.553415      -8.905384
     -43.515010      -8.988760
     -43.479811      -8.958970
     -43.062340      -9.181760
     -39.468685     -10.391719
     -33.170233     -12.284487
     -27.345137     -14.169319
     -22.380345     -15.779722
     -17.861370     -17.221758
     -13.884577     -18.473203
     -10.695289     -19.847997
      -8.502669     -21.240419
      -7.367914     -22.574896
      -6.590499     -23.734913
      -5.537735     -24.837195
      -4.562357     -25.880341
      -3.834940     -26.891656
      -3.116208     -27.931710
      -2.506314     -29.063092
      -1.906272     -30.318274
      -1.433369     -31.699592
      -1.099163     -33.127746
      -0.877484     -34.553761
      -0.671466     -36.068562
      -0.368441     -37.775024
       0.042403     -39.493970
       0.553220     -40.994526
       0.996608     -42.159765
       1.294795     -43.057279
       1.435913     -43.789340
       1.569310     -44.362396
       1.756078     -44.727891
       2.110821     -44.942858
       2.587017     -45.153610
       3.072000     -45.523146
       3.489415     -45.949258
       3.821137     -46.346130
       4.093503     -46.696778
       4.349493     -46.963604
       4.667481     -47.177589
       5.039757     -47.378223
       5.484040     -47.591102
       6.008570     -47.797725
       6.569094     -47.956146
       7.087600     -48.119065
       7.560208     -48.315867
       7.999759     -48.626119
       8.374780     -49.058443
       8.718407     -49.659062
       9.023018     -50.621205
       9.337571     -51.833979
       9.526710     -53.052621
       9.594667     -54.140113
       9.624817     -55.022892
       9.796653     -55.651944
       9.990337     -56.054591
      10.096820     -56.171864
      10.092645     -55.998988
      10.054089     -55.590964
      10.047755     -54.775591
      10.113033     -53.048497
      10.333200     -49.894973
      10.789417     -44.527248
      11.382536     -37.414190
      12.052467     -30.135873
      12.688811     -23.542177
      13.144110     -18.066614
      13.553412     -13.853417
      13.971758     -10.562417
      14.418731      -7.899872
      14.776277      -5.773438
      15.033098      -3.990527
      15.213424      -2.323348
      15.486197      -0.889071
      15.852502       0.275407
      16.364276       1.225838
      17.024169       2.141489
      17.441176       3.666449
      17.701447       6.024254
      17.923357       8.500135
      18.087964      10.810894
      18.233780      12.753905
      18.399807      14.286515
      18.612278      15.550068
      18.795434      16.632052
      18.908441      17.598097
      18.960025      18.522322
      18.995009      19.339653
      19.030282      20.170995
      19.032050      20.974244
      18.984014      21.768006
      18.922645      22.450313
      18.881557      22.999592
      18.852816      23.329636
      18.848561      23.530768
      18.876063      23.545611
      18.905165      23.419289
      18.930568      23.253663
      18.949866      23.057536
      18.990422      22.872233
      19.014737      22.710611
      19.032017      22.548702
      18.984575      22.377932
      18.847973      21.986553
      18.629158      21.064852
      18.231040      18.973970
      17.653932      15.240587
      16.955283       9.859890
      16.128654       2.884366
      15.109765      -5.088371
      14.000578     -13.999033
      12.747696     -23.775802
      11.495604     -33.705103
      10.081269     -42.132376
       8.754703     -48.643828
       7.790078     -53.668554
       6.982737     -57.243202
       6.274657     -59.897663
       5.713809     -61.815949
       5.187778     -63.316439
       4.701109     -64.494422
       4.269813     -65.581332
       3.882229     -66.557312
       3.534807     -67.318325
       3.356808     -67.803566
       3.200734     -68.178232
       3.041969     -68.485492
       2.876189     -68.736984
       2.732782     -68.962000
       2.679695     -69.040247
       2.688015     -69.080405
       2.765339     -69.030353
       2.878007     -68.967236
       3.010093     -68.847010
       3.115602     -68.809052
       3.156173     -68.752895
       3.053184     -68.600919
       2.824831     -68.270515
       2.399304     -67.986953
       1.865761     -67.765346
       1.284505     -67.256403
       0.550470     -66.223110
      -0.283739     -64.361767
      -1.254832     -62.034578
      -1.886748     -59.870065
      -2.213445     -57.694264
      -2.446672     -55.610106
      -2.980622     -53.111405
      -4.033041     -49.961538
      -5.520576     -45.793304
      -6.981148     -41.080534
      -8.025974     -36.247274
      -8.709576     -31.698644
      -9.182830     -27.855967
      -9.586229     -24.545371
      -9.870944     -21.493917
      -9.947957     -18.570978
      -9.709599     -15.906380
      -9.235519     -13.418628
      -8.618015     -11.065984
      -7.866343      -8.794304
      -7.231979      -6.745988
      -6.765053      -4.941035
      -6.062194      -2.882656
      -5.107758      -0.725605
      -3.898221       1.094168
      -2.580029       2.581647
      -1.037800       3.805137
       0.805456       4.822397
       3.578510       5.640656
       6.418830       6.218052
       9.533863       6.638972
      12.767974       6.968879
      15.741428       7.175919
      18.456429       7.357207
      21.100420       7.615209
      23.916799       7.894982
      27.092396       7.884611
      30.065373       7.881803
      33.035394       7.754600
      35.987095       7.601554
      38.683450       7.377212
      41.022089       7.200799
      43.707290       7.641811
      47.100577       8.415440
      49.834794       9.165238
      52.054425      10.215409
      54.057558      11.529350
      55.990756      13.089273
      57.972110      14.386080
      59.941080      15.256365
      61.822788      15.734813
      63.912090      16.076592
      66.112890      16.359633
      67.596934      16.197434
      68.300813      15.380106
      68.404428      14.690355
      68.415629      14.536447
      68.968329      14.977868
      69.871279      15.704438
      70.677195      16.344429
      71.589970      17.333755
      72.451014      18.259827
      73.026683      18.858682
      73.829145      19.932616
      74.889847      21.425838
      75.067618      20.887481
      74.592830      19.522096
      74.231977      18.151798
      73.978081      16.813366
      74.159171      15.878302
      74.634892      15.088972
      74.945911      13.907527
      74.947767      11.853195
      74.801157       9.777491
      74.692953       8.288369
      74.596521       7.274719
      74.468451       6.080601
      74.248219       4.173142
      74.144867       2.173305
      73.818232       0.597513
      73.221430      -0.508634
      72.376050      -1.245331
      71.403563      -1.278242
      70.638212      -0.888429
      70.065657      -0.375707
      69.601719      -0.038226
      69.304469      -0.002418
      69.192762       0.065176
      69.306266       0.564062
      69.244417       1.181514
      69.217737       1.548777
      69.181120       1.644008
      68.810864       1.846720
      68.408868       2.129141
      67.909570       2.656213
      67.623798       3.151709
      67.523311       3.435949
      67.546192       3.613969
      67.580862       3.793768
      67.650162       4.117014
      67.714619       4.469923
      67.761970       4.607130
      67.811080       4.653565
      67.826812       4.717613
      67.851272       4.881429
      67.886820       5.058938
      67.950573       5.223778
      68.049637       5.329242
      68.070183       5.311505
      68.057739       5.298029
      68.053334       5.377237
      68.128234       5.531751
      68.264599       5.677388
      68.368962       5.682071
      68.422841       5.707001
      68.476511       5.786002
      68.511239       5.830058
      68.598806       5.842448
      68.699755       5.844325
