       5.554444      13.545288
       5.488473      13.408941
       5.407769      13.310850
       5.336194      13.247271
       5.291847      13.188950
       5.237110      13.089240
       5.167887      12.918904
       5.099372      12.694148
       5.044897      12.441014
       4.982663      12.216685
       4.921580      11.950914
       4.865207      11.635760
       4.862556      11.241212
       4.839781      10.830313
       4.817512      10.391308
       4.838287       9.952542
       4.864177       9.448396
       4.868372       8.801899
       4.855627       7.834300
       4.846027       6.245832
       4.916347       4.075989
       5.054164       1.673180
       5.134106      -0.684761
       5.309918      -2.859099
       5.562263      -4.715077
       5.935004      -6.210666
       6.318725      -7.290313
       6.630094      -8.163837
       6.870809      -8.907452
       7.134555      -9.530236
       7.365022     -10.076763
       7.620650     -10.466315
       7.897537     -10.665585
       8.193709     -10.702364
       8.357886     -10.629642
       8.458449     -10.448351
       8.518926     -10.204425
       8.606788      -9.916647
       8.609527      -9.591327
       8.641873      -9.261083
       8.756159      -8.993108
       8.902454      -8.838937
       9.065935      -8.757763
       9.164232      -8.711965
       9.173195      -8.697945
       9.143969      -8.710242
       9.087790      -8.743411
       9.043969      -8.781467
       9.070642      -8.790306
       9.075933      -8.745383
       9.088840      -8.598357
       9.056631      -8.303117
       8.966391      -7.942817
       8.846494      -7.565866
       8.692097      -7.190288
       8.567777      -6.817466
       8.447440      -6.405822
       8.360154      -5.994510
       8.295129      -5.659053
       8.237468      -5.317534
       8.200287      -4.879346
       8.138617      -4.352397
       8.072430      -3.852956
       8.019510      -3.368586
       7.948394      -2.954049
       7.849966      -2.699031
       7.785214      -2.573676
       7.741359      -2.512378
       7.674844      -2.484978
       7.606439      -2.503005
       7.535451      -2.519013
       7.456169      -2.483346
       7.384169      -2.385424
       7.329362      -2.118762
       7.294131      -1.581191
       7.265937      -0.730796
       7.211200       0.559744
       7.164960       2.302506
       7.172587       4.101816
       7.205188       5.826830
       7.201320       7.472973
       7.171889       9.166337
       7.158704      10.818725
       7.126390      12.602808
       7.110676      14.884084
       7.173583      17.914644
       7.253013      21.285160
       7.285678      24.858209
       7.411361      28.895035
       7.443727      33.233321
       7.364728      37.351316
       7.380361      41.304836
       7.474165      45.296527
       7.280305      49.141877
       6.941700      52.407132
       6.483493      54.750554
       6.042603      56.184395
       5.617904      57.285871
       5.227952      58.328558
       4.900514      59.441982
       4.652656      60.541825
       4.463273      61.741904
       4.335240      63.061756
       4.219611      64.501135
       4.121068      66.056694
       4.021305      67.919474
       3.995585      70.476881
       4.060250      74.374434
       4.160711      79.380043
       3.876988      84.864856
       3.482710      90.276328
       2.956089      95.170256
       2.394855      99.571836
       1.811963     103.762291
       1.316182     107.667882
       1.263469     110.976302
       1.331661     113.540528
       1.535927     115.558787
       1.464913     117.602797
       1.278109     119.952440
       0.966741     122.444268
       0.645671     124.731703
       0.281014     126.683265
      -0.202991     128.539366
      -0.750881     130.443154
      -1.285266     132.352042
      -1.635483     134.141010
      -1.765615     135.776623
      -2.145957     137.397829
      -2.950719     139.217017
      -3.565982     140.776676
      -3.974619     142.039278
      -4.067173     143.055037
      -4.026741     143.974122
      -3.895680     144.905486
      -3.734741     146.048965
      -3.622868     147.281881
      -3.501053     148.344404
      -3.535692     149.003881
      -3.390241     149.171361
      -3.073554     149.736067
      -2.661279     150.863674
      -2.186792     152.171816
      -1.626799     153.454187
      -0.961042     154.947401
      -0.069618     156.675481
       1.449946     158.218431
       3.659855     159.602586
       5.199562     161.031240
       6.123392     162.687893
       6.754092     164.563491
       7.372872     166.323171
       7.735861     167.950294
       7.937970     169.651359
       7.818688     171.314132
       7.702300     172.891577
       7.562182     174.369588
       7.571015     175.804023
       7.605890     177.168963
       7.727268     178.481020
       7.795301     179.779399
       7.804476    -178.903697
       7.784322    -177.547267
       7.758248    -176.267927
       7.681007    -175.156659
       7.529258    -174.062508
       7.349064    -172.880114
       7.116248    -171.688453
       6.988817    -170.588687
       6.946427    -169.578718
       7.100152    -168.773093
       7.314281    -168.351115
       7.718468    -168.460709
       8.024482    -168.746399
       8.306735    -169.136787
       8.448400    -169.666824
       8.388872    -170.312556
       8.211031    -170.934760
       7.998317    -171.780231
       7.838592    -173.143870
       7.772447    -174.695281
       7.828324    -175.973047
       7.861767    -176.776962
       7.957694    -177.402644
       8.071281    -178.229776
       8.158696    -178.919259
       8.054195    -179.021432
       7.773585    -178.715225
       7.493062    -178.393321
       7.230344    -178.104872
       7.006670    -177.766319
       6.832026    -177.488944
       6.744285    -177.386480
       6.679807    -177.411600
       6.612951    -177.426463
       6.438245    -177.498347
       6.051261    -177.649381
       5.457468    -177.906007
       4.370057    -178.392952
       2.495168    -179.233722
       0.533898     179.865660
      -1.013213     178.641807
      -1.909098     176.983697
      -2.167433     174.780085
      -2.289194     172.275920
      -2.266662     170.059077
      -2.382348     168.127420
      -2.654956     166.421011
      -2.971868     164.811199
      -3.441823     163.164960
      -3.821184     161.713448
      -4.094380     160.477530
      -4.286102     159.414250
      -4.333085     158.370174
      -4.369491     157.295461
      -4.408991     156.183727
      -4.451049     155.304091
      -4.595330     154.684811
      -4.832758     154.249932
      -5.174706     153.965767
      -5.764812     153.977599
      -6.998106     155.130103
      -9.013860     157.550153
     -11.301442     159.807766
     -13.977650     160.853998
     -17.346277     160.511150
     -21.005526     159.004492
     -24.423809     156.633585
     -27.052719     153.880225
     -28.966190     151.092537
     -29.948654     148.154990
     -29.982061     144.847094
     -29.678329     140.860586
     -29.208716     136.048664
     -28.434118     131.471221
     -27.211930     127.543074
     -25.606832     123.986898
     -23.931591     120.793599
     -22.109460     117.955261
     -19.982103     115.543944
     -17.084755     113.627731
     -14.341162     111.930814
     -12.348105     110.125856
     -10.791983     108.334411
      -9.399969     106.571584
      -8.235125     104.749957
      -7.310974     102.552659
      -6.743744      99.063694
      -6.154411      95.245841
      -5.805004      92.106659
      -5.665578      89.371815
      -5.136398      85.927903
      -4.399327      81.950720
      -3.777476      77.852403
      -3.316722      74.165747
      -2.931847      70.846787
      -2.499220      67.686070
      -1.991888      64.630332
      -1.538730      61.766296
      -1.070051      58.977660
      -0.568003      56.173797
      -0.023574      53.331725
       0.631822      50.442534
       1.301934      47.441540
       2.060958      44.093462
       2.786204      40.544231
       3.459326      36.919379
       3.930399      33.287251
       4.346823      29.628814
       4.567327      26.139531
       4.573921      22.790414
       4.413357      19.530029
       4.174989      16.471456
       4.120250      13.749371
       4.084337      11.318143
       4.004616       9.075019
       3.910149       7.008731
       3.933406       4.966385
       4.041293       2.992064
       4.149277       1.201021
       4.102498      -0.411287
       3.891767      -1.788136
       3.787380      -3.069106
       3.829529      -4.334592
       3.959618      -5.649472
       4.003401      -6.978333
       3.861645      -8.365334
       3.727671      -9.980838
       3.584884     -12.198622
       3.345501     -15.191622
       3.130143     -19.102929
       3.038895     -23.824982
       3.112098     -28.873596
       3.258163     -33.780812
       3.333890     -37.888331
       3.485812     -41.189084
       3.679186     -44.013890
       3.837671     -46.633409
       3.943070     -49.018353
       4.011828     -51.383301
       4.052274     -53.707901
       3.990774     -56.048603
       3.838100     -58.266218
       3.483857     -60.125671
       2.911704     -61.762648
       2.415065     -63.758783
       2.147089     -66.392630
       2.194548     -69.757848
       2.460348     -73.505206
       2.690322     -76.558472
       3.060560     -78.910345
       3.493600     -81.231021
       3.824454     -83.799653
       3.888901     -86.453054
       3.403255     -88.778393
       2.877706     -90.798760
       2.482365     -92.796230
       2.381847     -94.742128
       2.459777     -96.541626
       2.645051     -98.325611
       2.855877    -100.179032
       2.906242    -102.067297
       2.737296    -103.581114
       2.428245    -104.553306
       2.362024    -105.465785
       2.526403    -106.729748
       2.904785    -108.292981
       3.517458    -109.908825
       3.949128    -111.596048
       3.994028    -113.527929
       3.551751    -115.591649
       2.538771    -117.535080
       1.089318    -119.169041
      -0.604255    -120.351289
      -2.432168    -121.356285
      -4.519961    -122.531899
      -6.770890    -123.819729
      -8.482529    -125.089656
      -9.631338    -126.518281
     -10.390552    -128.149823
     -10.863979    -129.674977
     -11.074443    -130.264727
     -10.992317    -130.319028
     -10.987138    -130.660730
     -10.881669    -131.024890
     -10.521883    -130.908010
      -9.770915    -130.295705
      -8.315356    -129.863789
      -6.102535    -129.582296
      -3.038446    -129.060049
      -0.551239    -128.038763
       1.641487    -127.309345
       3.638281    -127.197643
       5.264169    -127.567748
       6.652245    -128.049244
       7.864269    -128.281857
       8.834541    -128.173263
       9.592679    -127.943322
      10.055369    -127.799700
      10.451712    -127.873779
      10.692981    -128.008464
      10.857729    -128.104566
      10.947481    -128.195907
      10.944231    -128.383757
      10.949600    -128.751473
      10.853514    -129.233794
      10.694659    -129.767144
      10.636586    -130.326877
      10.716184    -130.798242
      10.893791    -131.076170
      11.062411    -131.128743
      11.154089    -131.016254
      11.149013    -130.883580
      11.134640    -130.656863
      11.365990    -130.101706
      11.868190    -129.291000
      12.453888    -128.573123
      12.923971    -127.748594
      12.974841    -126.146243
      12.185027    -123.791432
      11.420791    -121.496595
      10.918506    -119.835396
      10.666527    -118.356131
      10.635309    -117.333660
      10.976685    -116.273012
      11.435324    -114.678947
      11.807606    -112.460686
      11.898808    -110.524812
      11.724274    -109.422802
      11.412747    -109.034328
      11.095519    -108.943938
      10.828911    -109.023885
      10.672542    -109.425833
      10.558570    -110.023791
      10.550798    -110.738065
      10.596404    -111.507650
      10.722869    -112.422014
      10.874773    -113.491424
      11.020211    -114.753813
      11.158771    -116.081160
      11.149328    -117.378849
      11.069751    -118.497830
      11.035319    -119.408716
      11.085159    -120.053564
      11.193248    -120.311365
      11.244331    -120.270634
      11.266441    -120.191250
      11.222689    -120.133326
      11.151555    -120.124175
      11.146047    -120.265203
      11.223328    -120.614705
      11.537811    -120.878179
      11.731647    -121.173088
      11.819801    -121.687767
      11.845595    -122.287804
      11.873450    -122.694939
      11.854231    -122.765687
      11.700855    -122.946106
      11.495038    -123.429768
      11.302089    -123.968082
      11.101762    -124.459612
      10.951837    -124.979168
      10.880417    -125.536414
      10.717774    -126.036018
      10.572005    -126.594439
      10.436952    -127.224444
      10.335663    -127.928100
      10.294171    -128.658208
      10.254255    -129.269406
      10.160463    -129.823126
      10.074958    -130.286933
      10.027446    -130.677593
       9.987486    -130.874458
       9.965180    -130.951558
       9.966436    -130.884784
      10.034256    -130.705628
      10.125490    -130.474560
      10.180668    -130.282251
      10.195192    -130.078946
      10.143293    -129.871949
      10.058061    -129.670421
       9.875252    -129.470827
       9.633841    -129.034705
       9.400846    -128.499782
       9.223511    -127.876072
       9.084156    -127.159603
       8.918130    -126.374970
       8.720736    -125.563507
       8.480248    -124.754647
       8.222476    -123.913576
       7.964007    -122.979347
       7.666303    -121.886633
       7.295001    -120.680197
       6.978809    -119.444464
       6.593118    -118.231267
       6.210615    -117.158020
       5.662580    -116.269010
       4.943014    -115.504825
       4.000124    -114.759884
       2.524604    -114.059618
       0.463832    -113.348482
      -1.636392    -112.769116
      -3.702455    -112.459442
      -5.438634    -112.473265
      -6.810344    -112.519504
      -7.855683    -112.277731
      -8.596280    -111.670992
      -8.820836    -110.774453
      -8.837577    -109.352026
      -8.741096    -107.201957
      -7.852783    -104.053508
      -5.418105    -100.178177
      -2.638316     -95.809479
       1.252010     -91.626804
       6.282385     -88.240119
      11.777843     -85.216874
      17.619224     -82.295190
      23.496174     -79.630117
      28.806802     -77.561807
      33.035579     -76.057771
      36.292818     -74.746627
      39.139840     -72.987598
      41.365976     -70.522814
      43.387251     -67.419706
      45.104699     -64.064231
      47.003358     -60.564202
      48.991095     -56.980160
      51.302023     -53.165993
      53.082831     -49.771468
      54.655011     -46.942267
      55.992378     -44.889965
      57.331294     -43.431814
      58.433251     -42.426294
      59.324344     -41.772436
      59.889736     -41.111969
      60.313302     -40.239669
      60.546658     -39.121451
      60.285506     -37.889222
      59.278227     -36.922162
      57.496579     -36.130618
      54.828844     -35.384236
      51.377997     -34.774614
      46.863685     -34.385390
      41.164031     -34.033323
      34.287423     -33.186533
      26.429221     -31.290203
      17.633771     -28.515223
       8.417197     -25.051320
      -0.739897     -21.422057
      -9.200976     -18.158490
     -17.098821     -15.119871
     -23.904076     -12.221080
     -28.620440      -9.476790
     -31.427737      -7.577721
     -34.039584      -6.728675
