      15.877664      20.684882
      15.958090      20.528316
      16.074756      20.275941
      16.168285      19.983789
      16.266069      19.696471
      16.357026      19.455338
      16.399981      19.266987
      16.448513      19.137792
      16.468061      19.041309
      16.462177      18.954240
      16.455679      18.841869
      16.385107      18.726537
      16.301336      18.637552
      16.097481      18.623170
      15.844232      18.661070
      15.608895      18.740346
      15.400862      18.793567
      15.152648      18.794672
      14.918928      18.744965
      14.615831      18.664170
      14.218845      18.611766
      13.672704      18.589168
      12.792827      18.607599
      11.282403      18.674129
       8.908090      18.630394
       6.057785      18.714483
       3.498981      19.018222
       1.423903      19.407139
      -0.217523      19.747534
      -1.670254      19.930316
      -2.917584      19.986180
      -4.073052      19.944749
      -5.192833      19.836674
      -6.268163      19.641693
      -7.176919      19.434245
      -7.834371      19.206690
      -8.435401      19.070671
      -9.105691      19.090340
      -9.954851      19.241792
     -11.049240      19.558281
     -12.351142      20.026752
     -13.812867      20.615235
     -15.459358      21.299335
     -17.334573      22.124317
     -19.472108      23.167533
     -21.683176      24.315243
     -23.897847      25.349978
     -25.933214      26.314207
     -27.842481      27.278773
     -29.715056      28.405364
     -31.501797      29.869742
     -33.029828      31.735956
     -34.238717      33.798409
     -35.221594      36.177138
     -35.655042      38.754726
     -35.673285      41.426655
     -35.653315      44.232130
     -35.699018      47.379710
     -35.828477      50.607896
     -36.067646      53.288181
     -36.559947      55.552628
     -37.109624      57.369145
     -37.492427      58.939144
     -37.675282      60.499152
     -37.708453      62.259973
     -37.686388      64.028624
     -37.747074      65.775220
     -37.800285      67.429012
     -37.788616      69.021013
     -37.603928      70.786832
     -37.159002      72.943020
     -36.690203      75.073957
     -36.291152      76.869161
     -36.051210      78.324646
     -35.870189      79.485188
     -35.695181      80.599506
     -35.472105      81.851472
     -35.238499      83.187580
     -34.969779      84.448639
     -34.780380      85.604814
     -34.656290      86.789306
     -34.655515      87.958265
     -34.773942      89.163643
     -35.018175      90.443954
     -35.289245      91.907764
     -35.514662      93.537985
     -35.498818      95.409289
     -35.661094      97.423487
     -36.039677      99.247843
     -36.550114     100.780186
     -37.225600     102.150925
     -37.913517     103.485858
     -38.490502     104.828884
     -39.099255     106.078149
     -39.594474     107.104108
     -40.186334     107.859385
     -40.866053     108.488466
     -41.535705     109.074592
     -42.280602     109.716837
     -43.093401     110.439552
     -43.873604     111.332904
     -44.550027     112.477627
     -45.143862     113.493347
     -45.913904     114.424011
     -46.713957     115.309767
     -47.209486     115.853793
     -47.463284     116.092904
     -47.540118     116.138715
     -47.707505     116.259752
     -47.936019     116.389007
     -48.201916     116.394758
     -48.414003     116.518768
     -48.360012     116.560829
     -47.986682     116.256634
     -47.509008     115.668361
     -47.142735     115.143550
     -46.870402     114.992701
     -46.663163     114.991681
     -46.410209     114.596037
     -46.202459     114.012553
     -46.080524     113.461534
     -45.925653     113.084328
     -45.838999     112.843108
     -45.721590     112.682321
     -45.584709     112.690374
     -45.470958     112.743510
     -45.351106     112.700516
     -45.276240     112.492771
     -45.120684     111.998443
     -44.818611     111.076774
     -44.367136     109.581714
     -43.790345     107.430082
     -43.112232     104.828456
     -42.393237     102.178047
     -41.764903      99.768701
     -41.251030      97.661520
     -40.817502      95.942989
     -40.498633      94.556736
     -40.394101      93.537470
     -40.369604      92.703908
     -40.376710      91.940189
     -40.335838      91.271503
     -40.254913      90.790600
     -40.144547      90.603507
     -39.967333      90.578853
     -39.777001      90.551926
     -39.512990      90.414414
     -39.091925      90.165384
     -38.408341      89.872953
     -37.566176      89.538469
     -36.502707      88.969692
     -35.159805      88.052987
     -33.310103      86.599911
     -30.977282      84.524952
     -28.480167      82.113994
     -25.990797      79.633381
     -23.559310      77.366166
     -21.202767      75.283999
     -19.088690      73.408760
     -17.185316      71.721022
     -15.398622      70.157250
     -13.691741      68.610512
     -11.973925      66.754172
     -10.192332      64.259542
      -8.452040      61.463805
      -6.971407      58.713632
      -5.671762      56.219978
      -4.531994      54.094661
      -3.563892      52.394013
      -2.729171      51.050983
      -1.970375      49.955409
      -1.500660      49.066636
      -1.250754      48.441008
      -1.296617      48.107457
      -1.578185      48.052883
      -1.900323      48.176329
      -2.290043      48.394522
      -2.644041      48.591061
      -2.868902      48.736577
      -3.013130      48.758070
      -3.128099      48.634502
      -3.269995      48.419020
      -3.688724      48.082817
      -4.578177      47.794232
      -5.379205      47.746726
      -6.056070      47.819911
      -6.661745      47.925824
      -7.156552      48.059066
      -7.594648      48.296395
      -8.106802      48.598259
      -8.882530      49.023647
      -9.942007      49.604013
     -11.335152      50.351518
     -13.119897      51.367185
     -14.874057      52.660338
     -16.567674      54.288009
     -17.847368      56.150867
     -18.912845      58.023600
     -19.850375      59.688888
     -20.565303      61.126893
     -21.081305      62.187521
     -21.467492      62.766842
     -21.682865      62.804586
     -21.740947      62.390535
     -21.695954      61.887012
     -21.543706      61.461988
     -21.256122      61.148914
     -20.848979      60.914573
     -20.354469      60.940616
     -19.898312      61.591307
     -19.575077      63.045534
     -19.261798      65.142228
     -18.965779      67.780393
     -18.636972      70.850469
     -18.180816      74.060456
     -17.683565      77.041420
     -17.242631      79.484707
     -16.843021      81.293647
     -16.489110      82.457065
     -16.179601      83.063270
     -15.858968      83.240337
     -15.497171      83.193020
     -15.033165      83.084427
     -14.452885      82.917258
     -13.717535      82.645041
     -12.759271      82.298988
     -11.755087      81.952809
     -10.786820      81.594195
      -9.842848      81.152478
      -8.955057      80.660559
      -8.048966      80.181277
      -7.108340      79.702010
      -6.089317      79.220942
      -5.040112      78.595241
      -4.006953      77.854141
      -2.996564      77.017378
      -2.098979      76.093927
      -1.315384      75.080397
      -0.573426      73.910073
       0.193323      72.729137
       0.914596      71.548627
       1.636069      70.427155
       2.298646      69.372953
       2.861497      68.365932
       3.185575      67.414601
       3.423273      66.465757
       3.605763      65.385832
       3.746203      64.041102
       3.835720      62.197002
       3.918555      60.040333
       3.978449      57.805879
       3.923626      55.669935
       3.860192      53.747729
       3.787546      51.936341
       3.718955      50.138028
       3.663250      48.269730
       3.762363      46.204650
       4.010917      44.037300
       4.141820      41.737150
       3.579570      39.432614
       2.596751      37.199112
       1.702947      35.111107
       0.873758      33.182344
       0.134341      31.281504
      -0.621708      29.388064
      -1.376281      27.465129
      -2.141553      25.535567
      -2.985556      23.581031
      -3.801797      21.698228
      -4.785404      19.893702
      -5.770736      18.250466
      -6.562432      16.771127
      -7.233941      15.376373
      -7.806717      14.049120
      -8.411714      12.681930
      -8.920189      11.212389
      -9.223578       9.084555
      -9.336303       5.783387
      -9.309475       2.177626
      -9.328389      -0.964911
      -9.373233      -3.449603
      -9.429889      -5.497538
      -9.395753      -7.560685
      -9.220301      -9.803102
      -8.812737     -12.097972
      -8.370938     -14.304178
      -7.938174     -16.435713
      -7.570252     -18.388734
      -7.234702     -20.257627
      -7.056327     -22.074982
      -6.912695     -23.773148
      -6.747825     -25.338210
      -6.452476     -27.021127
      -5.993191     -28.830652
      -5.585095     -30.687791
      -5.363139     -32.476655
      -5.310623     -34.187264
      -5.440234     -35.848616
      -5.806326     -37.512001
      -6.318844     -39.087481
      -6.874714     -40.528038
      -7.375089     -41.833110
      -8.037250     -43.168496
      -8.931472     -44.609434
     -10.051564     -46.127880
     -11.654439     -47.650129
     -13.373733     -49.184890
     -15.467660     -50.741756
     -17.396692     -52.231900
     -19.024493     -53.609017
     -20.327573     -54.860201
     -21.393758     -55.949077
     -22.229192     -56.759958
     -22.652108     -57.429625
     -22.860644     -58.040162
     -22.869414     -58.570190
     -22.798807     -58.991269
     -22.764597     -59.319973
     -22.614051     -59.591855
     -22.474839     -59.781240
     -22.306431     -59.959128
     -22.161017     -60.304191
     -21.942424     -60.777347
     -21.644186     -61.355153
     -21.468366     -62.021688
     -21.468580     -62.729079
     -21.614677     -63.519603
     -21.794681     -64.378247
     -21.825877     -65.279866
     -21.698946     -66.147219
     -21.384126     -67.134040
     -20.777870     -68.451881
     -19.832046     -69.807656
     -18.860342     -70.932951
     -17.972237     -71.890916
     -17.003198     -72.788130
     -15.858007     -73.616068
     -14.424213     -74.432169
     -12.885976     -75.226900
     -11.516171     -75.883326
     -10.395278     -76.366076
      -9.558935     -76.748819
      -8.936258     -77.094352
      -8.516313     -77.420127
      -8.274329     -77.763106
      -8.125778     -78.117159
      -8.040669     -78.500592
      -7.998574     -78.915731
      -7.969536     -79.320064
      -7.952702     -79.727981
      -7.921201     -80.142484
      -7.843665     -80.505158
      -7.746527     -80.897028
      -7.714190     -81.369266
      -7.735472     -81.859369
      -7.776941     -82.485974
      -7.844044     -83.269538
      -7.947032     -84.162696
      -8.000466     -85.144194
      -8.016393     -86.206007
      -8.113378     -87.354061
      -8.280799     -88.599023
      -8.454002     -90.203998
      -8.454381     -91.957577
      -8.402983     -93.509115
      -8.401413     -94.811506
      -8.576944     -96.157815
      -8.495795     -98.117526
      -8.074883    -100.237335
      -7.833576    -101.949407
      -7.714077    -103.230564
      -7.717847    -104.095357
      -7.513616    -104.616719
      -6.971094    -104.995344
      -6.292891    -104.975673
      -5.614973    -104.552198
      -5.198300    -104.313699
      -5.175906    -104.794836
      -5.163720    -105.597343
      -5.347815    -106.234137
      -5.917796    -106.983964
      -6.677232    -108.290523
      -7.431885    -109.905678
      -8.247983    -111.424789
      -9.281825    -113.043023
     -10.452868    -114.793873
     -11.855222    -116.548376
     -13.006362    -118.043883
     -13.836139    -119.297616
     -14.397086    -120.530679
     -14.716356    -121.723428
     -14.903871    -122.910513
     -15.086604    -124.092295
     -15.124775    -124.800002
     -15.033869    -125.189633
     -14.745021    -125.450183
     -14.222936    -125.480918
     -13.591379    -125.369061
     -13.054064    -125.112153
     -12.526194    -124.529349
     -11.739974    -123.440570
     -10.403829    -121.707089
      -8.874911    -119.902199
      -7.415089    -118.228119
      -6.267826    -116.783874
      -5.390743    -115.530548
      -4.783816    -114.423710
      -4.379837    -113.333211
      -3.915495    -112.172567
      -3.302759    -110.931831
      -2.777365    -109.914440
      -2.520122    -109.404064
      -2.531210    -109.557857
      -3.116392    -110.929645
      -4.125468    -113.221966
      -5.275360    -115.682068
      -6.204862    -117.492727
      -6.957827    -118.441925
      -7.566925    -119.107678
      -8.011209    -119.622872
      -8.347154    -119.905094
      -8.609731    -120.011113
      -8.844343    -120.107700
      -8.958779    -120.123456
      -8.947670    -119.967031
      -8.821368    -119.766698
      -8.590224    -119.570057
      -8.283618    -119.189013
      -7.907314    -118.260234
      -7.212829    -116.214971
      -6.570228    -112.366654
      -5.886939    -107.796282
      -5.624225    -103.363053
      -5.602515     -99.471567
      -5.670509     -96.178719
      -5.766215     -93.475601
      -5.878196     -91.590707
      -6.055250     -90.287004
      -6.215160     -89.275228
      -6.488306     -88.326680
      -6.765577     -87.389459
      -7.294253     -86.354573
      -7.982957     -85.516970
      -8.834429     -84.839464
      -9.693295     -84.323755
     -10.555922     -83.921933
     -11.209669     -83.549312
     -11.649816     -83.027571
     -12.027314     -82.279074
     -12.230486     -81.406889
     -12.340454     -80.487794
     -12.384477     -79.445409
     -12.296292     -78.379433
     -12.098530     -77.212611
     -11.972750     -75.862305
     -11.984305     -74.295177
     -11.980196     -72.503955
     -11.943782     -70.751089
     -11.940640     -69.171386
     -11.924009     -67.838838
     -11.999655     -66.835634
     -12.041268     -66.152411
     -12.111100     -65.734508
     -12.156962     -65.470776
     -12.261563     -65.320403
     -12.410585     -65.149664
     -12.674513     -64.926649
     -13.180158     -64.582398
     -13.991219     -64.092747
     -14.854165     -63.556988
     -15.444307     -63.046170
     -15.971213     -62.596900
     -16.578688     -62.122476
     -16.876924     -61.603532
     -16.916411     -61.105323
     -16.973857     -60.554080
     -16.864645     -59.967074
     -16.368946     -59.313916
     -15.566951     -58.578529
     -14.498618     -57.795004
     -13.100099     -57.020051
     -11.548570     -56.312883
      -9.950554     -55.697430
      -8.314238     -55.217430
      -6.892457     -54.830719
      -5.761482     -54.465811
      -4.778653     -54.104880
      -3.972466     -53.745548
      -3.199230     -53.448993
      -2.424347     -53.475648
      -1.678376     -53.792865
      -1.008343     -54.218549
      -0.451840     -54.366514
      -0.246465     -53.869295
      -0.367381     -52.411649
      -0.770041     -50.305697
