      11.554269      14.527376
      11.566828      14.493326
      11.562120      14.471947
      11.575361      14.452161
      11.582657      14.397273
      11.574445      14.333580
      11.552408      14.283090
      11.535822      14.258169
      11.502899      14.230759
      11.481167      14.204653
      11.456131      14.166802
      11.430645      14.056129
      11.381955      13.926815
      11.335948      13.812842
      11.266480      13.730730
      11.196386      13.689042
      11.148373      13.670278
      11.104335      13.670080
      11.047422      13.701555
      11.037253      13.773235
      10.964122      13.867048
      10.935878      14.038625
      10.891803      14.362638
      10.868803      15.086244
      10.863403      16.224246
      10.932999      17.563259
      10.980432      18.845803
      11.007539      19.904226
      11.019087      20.731481
      11.001906      21.282801
      10.939157      21.639336
      10.927132      21.883963
      10.914061      22.061807
      10.915790      22.248798
      10.943345      22.421703
      10.940956      22.573092
      10.937661      22.708360
      10.910583      22.877554
      10.840105      23.070395
      10.750466      23.289053
      10.682843      23.578617
      10.646878      23.901767
      10.615456      24.283167
      10.593693      24.702100
      10.551149      25.147659
      10.485901      25.628106
      10.445678      26.152023
      10.352031      26.730298
      10.273872      27.369239
      10.194801      28.050592
      10.148004      28.713715
      10.110960      29.340802
      10.082510      29.887842
      10.033346      30.305662
      10.005777      30.640083
       9.968810      30.933275
       9.976401      31.120824
      10.022571      31.219050
      10.076261      31.268135
      10.145092      31.278636
      10.167056      31.260356
      10.220555      31.230602
      10.234698      31.220614
      10.246154      31.250484
      10.216631      31.326293
      10.154783      31.443568
      10.080168      31.615825
       9.989611      31.847957
       9.919999      32.274277
       9.828987      32.955909
       9.716028      33.857385
       9.609224      34.734777
       9.571752      35.483436
       9.490501      36.073385
       9.397188      36.542158
       9.288708      36.897488
       9.243953      37.244445
       9.266169      37.570538
       9.342893      37.882104
       9.463765      38.168401
       9.483636      38.453763
       9.451420      38.838826
       9.372428      39.267635
       9.228574      39.740219
       8.986837      40.347068
       8.736678      40.830927
       8.782039      40.976589
       8.726336      40.812412
       8.555527      40.459743
       8.508387      39.822162
       8.453044      38.840353
       8.364170      37.604569
       8.605245      36.036027
       8.871606      34.332365
       9.118826      32.551343
       9.371406      30.844061
       9.560814      29.444716
       9.637100      28.502269
       9.630657      28.006870
       9.559207      27.925359
       9.503111      28.068435
       9.514916      28.354314
       9.578589      28.646265
       9.679294      28.795784
       9.797988      28.776161
       9.888208      28.586312
       9.996772      28.200859
      10.085299      27.678904
      10.165327      27.164001
      10.201152      26.672441
      10.283079      26.247083
      10.320963      25.919056
      10.405868      25.600035
      10.246680      25.331507
       9.482877      25.251492
       8.527895      25.367143
       7.688116      25.692746
       7.113013      26.168049
       6.681186      26.619436
       6.396890      26.964836
       6.192566      27.077269
       6.001030      26.988927
       5.777498      26.832810
       5.572250      26.704527
       5.366107      26.578205
       5.253423      26.296767
       5.183571      25.568338
       5.135091      24.229383
       5.224430      22.482219
       5.323189      20.475683
       5.398337      18.493634
       5.372991      16.833585
       5.325064      15.702714
       5.244120      15.133374
       5.342259      15.079477
       5.462408      15.427606
       5.633534      15.990070
       5.804603      16.682735
       5.961687      17.567176
       6.049455      18.608454
       6.121468      19.771596
       6.159806      21.003564
       6.262801      22.254330
       6.341477      23.452388
       6.435855      24.581478
       6.514121      25.679243
       6.561982      26.799625
       6.624128      27.886556
       6.711093      28.952294
       6.851998      29.867634
       6.988245      30.687424
       7.082570      31.361441
       7.105805      31.833262
       7.095377      32.061994
       7.040998      32.094674
       7.014483      32.081215
       7.003931      32.170140
       7.005380      32.325866
       6.987882      32.428133
       6.921527      32.536396
       6.848017      32.696532
       6.823732      32.869687
       6.803548      33.084654
       6.796134      33.315577
       6.755757      33.557520
       6.732977      33.750841
       6.704919      33.870863
       6.652627      33.916449
       6.631295      33.955084
       6.598677      34.005364
       6.590099      34.040825
       6.588513      34.057407
       6.594954      34.061501
       6.624053      34.037857
       6.642566      34.026793
       6.646759      34.058400
       6.624173      34.087778
       6.615890      34.113102
       6.616480      34.122204
       6.604680      34.164142
       6.605331      34.218417
       6.611514      34.280973
       6.584355      34.334998
       6.570272      34.404793
       6.529199      34.497555
       6.548277      34.627745
       6.565589      34.768497
       6.594277      34.944375
       6.620201      35.133425
       6.650336      35.274545
       6.672313      35.419265
       6.677846      35.616618
       6.687442      35.822915
       6.732824      36.042679
       6.797858      36.221272
       6.834518      36.392423
       6.865713      36.576296
       6.878336      36.771754
       6.864338      36.975735
       6.846086      37.204204
       6.829209      37.448401
       6.826025      37.731043
       6.824611      38.019856
       6.845297      38.321397
       6.855880      38.677337
       6.867011      39.128525
       6.880181      39.687838
       6.918754      40.278018
       6.932073      40.847907
       6.988204      41.386662
       7.088810      41.885892
       7.161737      42.326841
       7.209602      42.662389
       7.262830      42.858666
       7.244318      42.936704
       7.224479      42.963043
       7.169774      43.029060
       7.133875      43.118672
       7.113697      43.217974
       7.113084      43.332289
       7.116726      43.446016
       7.131684      43.567077
       7.141450      43.702987
       7.139023      43.818016
       7.141629      43.927993
       7.162771      44.016401
       7.135015      44.146491
       7.188674      44.441308
       7.212949      44.958051
       7.201048      45.482148
       7.124923      45.865955
       6.989510      45.992563
       6.851645      45.955839
       6.776793      45.835176
       6.766746      45.777854
       6.739015      45.773672
       6.714163      45.767382
       6.645549      45.779388
       6.581515      45.846007
       6.552143      45.970658
       6.579348      46.107733
       6.613197      46.151160
       6.623084      46.120837
       6.618436      46.095906
       6.600118      46.126340
       6.550173      46.189409
       6.505254      46.260413
       6.465991      46.340088
       6.388400      46.432075
       6.263593      46.522780
       6.026302      46.537055
       5.580782      46.182570
       5.039930      45.410080
       4.393881      44.309556
       3.295073      42.572660
       1.716959      40.144629
      -0.143271      37.035226
      -1.927047      33.400864
      -3.812369      29.852988
      -5.060137      26.972309
      -5.792348      24.914063
      -6.668229      23.212424
      -7.588410      21.595722
      -8.279847      20.033763
      -8.718618      18.305357
      -9.029619      16.386334
      -9.168886      14.281343
      -9.278372      11.972865
      -9.490802       9.493620
      -9.865645       7.113958
     -10.295118       4.914273
     -10.603514       2.932040
     -10.857862       1.138828
     -11.127470      -0.541807
     -11.377081      -2.050429
     -11.544686      -3.546561
     -11.695782      -4.969302
     -11.759855      -6.249965
     -11.820236      -7.352583
     -11.787993      -8.350123
     -11.688701      -9.247702
     -11.606149     -10.196163
     -11.649130     -11.244275
     -11.855036     -12.368916
     -12.354094     -13.470515
     -12.907180     -14.733913
     -13.569516     -16.196552
     -14.189289     -17.643771
     -14.599843     -19.094533
     -14.958749     -20.554535
     -15.300619     -22.081639
     -15.670454     -23.530272
     -16.044434     -24.867542
     -16.416667     -26.031686
     -16.649161     -26.902701
     -16.767977     -27.538774
     -16.765198     -28.091367
     -16.586297     -28.518688
     -16.393371     -28.781307
     -16.308361     -29.034861
     -16.332017     -29.249595
     -16.358859     -29.415088
     -16.347387     -29.527140
     -16.256910     -29.525272
     -15.904740     -29.354448
     -15.190541     -28.777699
     -14.082092     -27.669914
     -12.970541     -26.246449
     -12.033767     -24.822413
     -11.216687     -23.500152
     -10.467400     -22.261909
      -9.675177     -21.219471
      -8.547164     -20.403114
      -7.208424     -19.844305
      -5.939318     -19.521647
      -4.710610     -19.403937
      -3.568243     -19.445036
      -2.446000     -19.787238
      -1.354239     -20.597709
      -0.396679     -21.863104
       0.574977     -23.384785
       1.540431     -25.071858
       2.521521     -26.899233
       3.471086     -28.913950
       4.427697     -31.347015
       5.312445     -34.413407
       6.032974     -37.369710
       6.566133     -39.848038
       6.918661     -41.703132
       7.077446     -43.017559
       7.137375     -43.908589
       7.149400     -44.574827
       7.075438     -45.131583
       6.907608     -45.840160
       6.730427     -46.681731
       6.754455     -47.464581
       6.868628     -48.127847
       6.941783     -48.557722
       7.049147     -48.785376
       7.195768     -48.892561
       7.337939     -49.003821
       7.438921     -49.134615
       7.472386     -49.243884
       7.423889     -49.275532
       7.407429     -49.186804
       7.392594     -49.062566
       7.297702     -48.911605
       7.198218     -48.693491
       7.031594     -48.428632
       6.901208     -48.148887
       6.757969     -47.887885
       6.674491     -47.528301
       6.574352     -47.167603
       6.506563     -46.767560
       6.339058     -46.321418
       6.135640     -45.775075
       5.838917     -45.164999
       5.407952     -44.551431
       4.859711     -44.001154
       4.461372     -43.496539
       3.989507     -43.087204
       3.446998     -42.735006
       2.574155     -42.375936
       1.010288     -41.985121
      -0.959456     -41.526666
      -2.840200     -41.025188
      -5.148330     -40.686078
      -7.188066     -40.462963
      -8.420526     -40.451979
      -9.219867     -40.635699
      -9.647417     -41.000272
      -9.905706     -41.384812
     -10.121985     -41.684383
     -10.318128     -41.892954
     -10.453609     -42.092514
     -10.442173     -42.324170
     -10.340146     -42.574443
     -10.189290     -42.845416
     -10.081619     -43.114092
     -10.124542     -43.366764
     -10.270000     -43.588555
     -10.555014     -43.822295
     -10.980829     -44.122395
     -11.498605     -44.537622
     -12.130791     -45.079079
     -13.247109     -45.670669
     -14.594480     -46.259262
     -15.795503     -46.733206
     -16.698508     -47.161819
     -17.494884     -47.596381
     -18.108283     -47.986046
     -18.529110     -48.261701
     -18.818189     -48.392826
     -18.999316     -48.461568
     -19.097583     -48.547892
     -19.027067     -48.618634
     -18.818765     -48.663096
     -18.592779     -48.664800
     -18.411517     -48.590784
     -18.277960     -48.475823
     -18.196662     -48.345451
     -18.173516     -48.248451
     -18.151256     -48.220198
     -18.086584     -48.238917
     -18.035132     -48.306143
     -17.974903     -48.384205
     -17.911552     -48.461621
     -17.871527     -48.552958
     -17.801605     -48.696439
     -17.717661     -48.912222
     -17.616589     -49.191481
     -17.543057     -49.431919
     -17.621300     -49.535713
     -17.772816     -49.479585
     -17.933946     -49.423977
     -18.019265     -49.450142
     -18.071120     -49.509422
     -18.069243     -49.518850
     -18.063365     -49.432667
     -18.080251     -49.309580
     -18.136522     -49.264254
     -18.167113     -49.258100
     -18.206379     -49.232795
     -18.182708     -49.167459
     -18.165781     -49.067613
     -18.180241     -48.890914
     -18.247745     -48.559505
     -18.329454     -48.086222
     -18.376423     -47.720070
     -18.375138     -47.339897
     -18.266978     -46.846190
     -18.102556     -46.078669
     -17.842822     -45.094806
     -17.533807     -43.879763
     -17.238806     -42.683774
     -17.047515     -41.467313
     -16.878292     -40.335751
     -16.754535     -39.240402
     -16.638661     -38.378225
     -16.553192     -37.729460
     -16.522152     -37.279920
     -16.585772     -37.005484
     -16.800824     -37.042980
     -17.079437     -37.301170
     -17.355768     -37.669286
     -17.544353     -38.054781
     -17.662696     -38.459286
     -17.791121     -38.812680
     -17.903628     -39.046109
     -17.997457     -39.122532
     -18.074833     -39.137674
     -18.125325     -39.126041
     -18.151158     -39.116774
     -18.189549     -39.080662
     -18.256705     -39.027232
     -18.323711     -38.976957
     -18.418401     -38.932685
     -18.492013     -38.905683
     -18.545733     -38.857691
     -18.608658     -38.814584
     -18.655726     -38.784774
     -18.691350     -38.747337
     -18.729717     -38.642464
     -18.759579     -38.462380
     -18.722549     -38.210594
     -18.680923     -37.932430
     -18.685581     -37.629687
     -18.655726     -37.309857
     -18.642828     -36.984409
     -18.646130     -36.671624
     -18.624729     -36.362871
     -18.645534     -36.133313
     -18.718798     -35.972708
     -18.781760     -35.881753
     -18.845059     -35.811586
     -18.888715     -35.679849
     -18.904754     -35.474509
     -18.923134     -35.278392
     -18.916603     -35.076918
     -18.923540     -34.902461
     -18.929950     -34.755196
     -18.931132     -34.584353
     -18.906472     -34.410316
     -18.871485     -34.259733
     -18.857891     -34.122068
     -18.868861     -33.974485
     -18.889886     -33.818988
     -18.854507     -33.624758
     -18.730713     -33.288528
     -18.534785     -32.824706
     -18.256159     -32.156822
     -18.027164     -31.310296
     -17.907907     -30.439813
     -17.677395     -29.462697
     -17.278497     -28.254954
     -16.777411     -26.879195
     -16.213826     -25.464235
     -15.629470     -24.043400
     -14.993176     -22.623289
     -14.118509     -21.239268
     -12.655705     -19.890124
     -10.421056     -18.503230
      -7.900491     -16.966172
      -5.435167     -15.292835
      -3.124300     -13.695465
      -1.375631     -12.186923
      -0.078515     -10.736104
       0.825153      -9.396691
       1.484452      -8.000908
       2.399234      -6.178963
       3.358086      -3.942619
       4.322693      -1.523761
       5.211762       0.839565
       5.902717       2.871596
       6.447317       4.471457
       6.856172       5.655609
       7.270621       6.625582
       7.641902       7.487340
       7.905765       8.509031
       7.907897      10.224425
       7.395142      12.822973
       6.664311      16.146844
       6.572019      19.422776
       6.316295      22.343379
       5.819942      24.742610
       5.514927      26.683950
       5.149303      28.183808
       4.548122      29.508234
       3.574138      30.922835
       2.178679      32.565796
       0.462560      34.169917
      -1.919987      35.605556
      -4.864325      36.610645
      -8.045929      36.631454
     -11.082361      35.490899
     -13.819949      33.572312
     -16.012220      31.043031
     -17.920934      28.419998
     -19.502139      25.646808
     -20.814577      22.782143
     -21.756065      19.843611
     -22.443953      16.641215
     -22.978527      13.369298
     -23.330714      10.147002
     -23.378976       6.332979
     -23.360925       1.627950
     -23.318254      -2.978337
     -23.172169      -7.163380
     -22.955570     -10.890687
     -22.677403     -14.156970
     -22.455593     -16.821684
     -22.239317     -18.991515
     -22.084446     -20.876312
     -22.003623     -22.645459
     -21.910130     -24.318718
     -21.705955     -26.032502
     -21.246762     -28.086789
     -20.607003     -30.860541
     -19.933208     -33.787522
     -19.086740     -36.598164
     -18.243336     -39.245757
     -17.522289     -41.726382
     -16.816153     -44.230712
     -16.141745     -46.715249
     -15.625195     -48.971031
     -15.231096     -50.965597
     -14.855283     -52.983913
     -14.426995     -55.161191
     -13.907484     -57.307043
     -13.557664     -59.115925
     -13.389876     -60.649209
     -13.242778     -62.056614
     -13.048533     -63.545234
     -12.734915     -65.152865
     -12.427121     -66.623154
     -12.099658     -67.854166
     -11.901167     -68.811520
     -11.705836     -69.631968
     -11.597509     -70.359978
     -11.453854     -71.029902
     -11.323661     -71.761613
     -11.179712     -72.589818
     -10.920136     -73.723428
     -10.370237     -75.456938
      -9.705715     -77.488539
      -9.178259     -79.387960
      -8.832658     -81.047620
      -8.546806     -82.687258
      -8.279610     -84.190507
      -8.048365     -85.446223
      -7.871566     -86.398500
      -7.743772     -87.098407
      -7.575148     -87.628483
      -7.355622     -87.945122
      -7.193252     -88.107512
      -6.994837     -88.145756
      -6.827241     -88.150506
      -6.739936     -88.179600
      -6.781199     -88.253718
      -6.955197     -88.324028
      -7.138010     -88.471332
      -7.326878     -88.532939
      -7.442374     -88.621395
      -7.491919     -88.705761
      -7.431191     -88.831665
      -7.296731     -89.032658
      -7.061339     -89.245483
      -6.782380     -89.423911
      -6.455312     -89.616414
      -6.144449     -89.767934
      -5.894431     -89.884891
      -5.750015     -90.003121
      -5.640055     -90.188436
      -5.616588     -90.380988
      -5.601521     -90.530098
      -5.589636     -90.614261
      -5.586786     -90.657945
      -5.628593     -90.654632
      -5.698315     -90.612279
      -5.785069     -90.550381
      -5.863741     -90.515411
      -5.943942     -90.505191
      -5.935872     -90.440059
      -5.926051     -90.377908
      -5.910914     -90.375033
      -5.931447     -90.314369
      -6.003566     -90.261806
      -6.077233     -90.241290
      -6.115461     -90.205698
      -6.150257     -90.144655
      -6.187593     -90.087419
      -6.212991     -90.047456
      -6.252395     -90.007978
      -6.246053     -89.995923
      -6.241545     -89.941544
      -6.247348     -89.804653
      -6.261514     -89.694476
      -6.292609     -89.663401
      -6.375394     -89.665227
      -6.399763     -89.591022
      -6.453381     -89.508627
      -6.505513     -89.432566
      -6.537895     -89.398431
      -6.562090     -89.385978
      -6.573659     -89.385589
      -6.571046     -89.342430
      -6.581731     -89.269623
      -6.557702     -89.189181
      -6.490878     -88.967662
      -6.400413     -88.554630
      -6.333790     -87.563545
      -6.352948     -86.012173
      -6.385527     -83.809250
      -6.434667     -80.938842
      -6.301510     -77.563750
      -6.210655     -74.113582
      -6.115945     -70.655702
      -6.082262     -67.658288
      -6.165434     -65.120012
      -6.295736     -63.176557
      -6.302403     -61.939215
      -6.290073     -61.365795
      -6.285901     -61.229075
      -6.238813     -61.234588
      -6.146484     -61.182627
      -6.008692     -61.085967
      -5.820897     -60.920110
      -5.630826     -60.731366
      -5.458183     -60.549990
      -5.296483     -60.409836
      -5.054358     -60.247024
      -4.795034     -60.042999
      -4.544722     -59.828795
      -4.298976     -59.616363
      -4.135496     -59.404223
      -4.027359     -59.222138
      -3.927154     -59.121525
      -3.830277     -59.085933
      -3.609524     -59.087715
      -3.195876     -59.043992
      -2.695005     -58.927589
      -2.129988     -58.685641
      -1.577619     -58.345756
      -0.922520     -57.983762
       0.084143     -57.651323
       1.806236     -57.337171
       4.361300     -57.037789
       7.109379     -56.707040
       9.791192     -56.411053
      12.300965     -56.281021
      14.811579     -56.295976
      17.351489     -56.440788
      19.672567     -56.688229
      21.580454     -56.987320
      23.038819     -57.372812
      24.295057     -57.802824
      25.884095     -58.184615
      27.947356     -58.486037
      30.223732     -58.666660
      32.936095     -58.764898
      36.176725     -58.941985
      40.023136     -59.313314
      43.896282     -59.936009
      47.201350     -60.588880
      49.884457     -60.745194
      51.291362     -59.864266
      51.646061     -58.322564
      51.917219     -56.677641
      52.642843     -55.184941
      53.544768     -53.867197
      54.148506     -52.710395
      54.247895     -51.716803
      54.301891     -50.866557
      54.570037     -50.197245
      54.933192     -49.648401
      55.249671     -49.260310
      55.595753     -49.049059
      55.877932     -48.877616
      56.031079     -48.457002
      56.221134     -48.002565
      56.279870     -47.526722
      56.234058     -47.144955
      56.085696     -46.985922
      55.873677     -46.954268
      55.702394     -47.043254
      55.607051     -47.094777
      55.619465     -47.031291
      55.684418     -46.900151
      55.771704     -46.783248
      55.919484     -46.698590
      55.945629     -46.577669
      55.971527     -46.487372
      55.950807     -46.530809
      55.943686     -46.647280
      55.905058     -46.921741
      55.840071     -47.278776
      55.724683     -47.729104
      55.584665     -48.360930
      55.433514     -49.023084
      55.297430     -49.914362
      55.085848     -50.883270
      54.831078     -51.874802
      54.506357     -52.865572
      54.083922     -53.895844
      53.510599     -55.080423
      52.880371     -56.429942
      52.216309     -57.862905
      51.660234     -59.297393
      51.078615     -60.704011
      50.535337     -61.917053
      49.897731     -62.959521
      49.097823     -63.707551
      47.835221     -64.201996
      46.049624     -64.746915
      43.903145     -65.371057
      41.509220     -66.074670
      39.005560     -66.780521
      36.101699     -67.460850
      32.373472     -68.111919
      28.178682     -68.774529
      23.817398     -69.499260
      19.370039     -70.249801
      15.016147     -71.253291
      11.515717     -72.696570
       9.184795     -74.367449
       7.334737     -76.167618
       5.699433     -78.477390
       4.023858     -82.256324
       2.326971     -86.342091
       0.705180     -89.767623
      -1.124537     -92.487041
      -3.122393     -94.929687
      -5.180646     -97.184376
      -7.316066     -99.194474
      -9.258882    -100.841141
     -11.065460    -102.414924
     -12.608433    -104.392121
     -13.917992    -106.821225
     -14.899556    -109.472266
     -15.443267    -111.824338
     -15.855446    -113.553050
     -16.320366    -114.529010
     -16.836635    -115.192684
     -17.179322    -115.536716
     -17.395921    -115.497122
     -17.579915    -115.420595
     -17.794856    -115.340842
     -17.901111    -115.190974
     -17.935699    -115.060456
     -17.850049    -115.051422
     -17.860369    -114.997354
     -17.890005    -114.880338
     -17.952302    -114.800430
     -18.130618    -114.727070
     -18.415997    -114.671408
     -18.688873    -114.639236
     -19.065452    -114.592900
     -19.547371    -114.626160
     -20.111440    -114.702455
     -20.695182    -114.774649
     -21.206347    -114.906809
     -21.681060    -114.968814
     -21.992374    -115.015373
     -22.171251    -114.994663
     -22.269756    -114.955554
     -22.343515    -114.863047
     -22.458580    -114.793553
     -22.521272    -114.750131
     -22.516315    -114.728517
     -22.428717    -114.680423
     -22.429608    -114.533780
     -22.305037    -114.436047
     -22.317379    -114.432307
     -22.341671    -114.378064
     -22.382310    -114.331388
     -22.421329    -114.331825
     -22.451783    -114.278378
     -22.481374    -114.203629
     -22.545696    -114.156875
     -22.618830    -114.129132
     -22.596991    -114.114405
     -22.563176    -114.090829
     -22.529692    -114.042686
     -22.515278    -114.005452
     -22.494709    -113.945633
     -22.487982    -113.939445
     -22.486624    -113.870116
     -22.397850    -113.795804
     -22.332625    -113.731584
     -22.303138    -113.704288
     -22.351087    -113.728884
     -22.399026    -113.722744
     -22.425797    -113.628411
     -22.330500    -113.550990
     -22.240257    -113.523519
     -22.222533    -113.448779
     -22.223981    -113.406018
     -22.213446    -113.362198
     -22.186643    -113.320826
     -22.161306    -113.270701
     -22.158115    -113.213932
     -22.216416    -113.152996
     -22.279108    -113.141534
     -22.378053    -113.104659
     -22.325199    -113.102376
     -22.303262    -113.144788
     -22.299580    -113.078392
     -22.323584    -113.031347
     -22.373368    -113.056545
     -22.395968    -112.993569
     -22.365136    -112.971547
     -22.385623    -112.999631
     -22.457827    -112.969818
     -22.516286    -112.927086
     -22.530328    -112.895156
     -22.540134    -112.861847
     -22.556303    -112.848286
     -22.616951    -112.794451
     -22.662352    -112.716437
     -22.632818    -112.684847
     -22.627808    -112.695639
     -22.658162    -112.636345
     -22.691200    -112.568036
     -22.764915    -112.573563
     -22.783117    -112.559798
     -22.758902    -112.596440
     -22.772069    -112.597052
     -22.796391    -112.519174
     -22.778527    -112.556952
     -22.792930    -112.578663
     -22.766809    -112.593418
     -22.742653    -112.650129
     -22.702942    -112.666643
