       2.214763      17.492413
       2.236123      17.452907
       2.265477      17.447022
       2.247472      17.474192
       2.229494      17.501178
       2.220179      17.515019
       2.212670      17.527435
       2.233758      17.535684
       2.268534      17.534103
       2.315546      17.475948
       2.354959      17.441444
       2.398675      17.448621
       2.415773      17.495860
       2.465519      17.511441
       2.484542      17.482416
       2.495529      17.452536
       2.477244      17.454125
       2.358700      17.477256
       2.178915      17.510162
       1.846819      17.608082
       1.106748      17.866018
      -0.371198      18.356388
      -2.491173      19.092976
      -4.902888      19.967892
      -7.390687      20.856012
      -9.745286      21.706259
     -12.051449      22.522919
     -14.238037      23.260365
     -16.147970      23.937716
     -17.713443      24.508904
     -19.018282      24.983006
     -20.105331      25.347168
     -21.048749      25.663645
     -21.947094      26.023225
     -22.723545      26.482631
     -23.326637      27.187764
     -23.795777      28.173286
     -24.214518      29.526154
     -24.610023      31.506253
     -25.064094      33.995973
     -25.493894      37.418229
     -25.963384      41.239368
     -26.510000      44.831686
     -27.110185      47.639837
     -27.606372      49.672225
     -27.870987      51.054218
     -27.851197      51.986378
     -27.565934      52.702983
     -26.878845      53.620436
     -25.607284      55.246290
     -24.023017      57.394071
     -22.139838      59.755468
     -19.912914      62.467931
     -17.541880      65.511308
     -15.583021      68.700493
     -14.067578      71.669203
     -12.803597      74.226329
     -11.826539      76.185584
     -10.963862      77.795405
     -10.052176      79.137843
      -8.968334      80.248144
      -7.769342      81.098045
      -6.543318      81.719885
      -5.360011      82.204859
      -4.168527      82.676456
      -2.975856      83.188970
      -1.837261      83.766703
      -0.903274      84.346185
      -0.080449      84.799685
       0.822794      85.125465
       2.066601      85.461891
       3.555516      85.648537
       5.028580      85.444464
       6.519706      84.774817
       7.908476      83.689049
       9.086808      82.126282
      10.409049      80.483234
      11.534379      78.667741
      12.626743      77.088519
      13.801453      75.639980
      15.032885      74.125293
      16.447048      72.384171
      17.779093      70.129420
      19.097820      67.385954
      20.330294      64.265399
      21.621853      60.823484
      22.873156      56.960222
      24.137029      53.027490
      25.305961      48.990197
      26.427543      44.805230
      27.426176      40.078224
      28.569697      35.280765
      29.593938      30.554585
      30.497940      26.135519
      31.081479      22.046318
      31.388706      17.862747
      31.612753      13.771890
      32.059220       9.938117
      32.684181       6.454926
      33.388211       3.304622
      34.287732       0.335950
      35.367543      -2.581721
      36.720139      -5.431380
      38.061705      -8.340953
      39.256761     -11.133176
      40.285840     -13.682876
      41.104722     -16.072536
      41.659617     -18.763805
      41.739389     -21.983104
      41.175304     -25.712895
      40.147626     -29.184477
      38.525125     -32.248086
      36.287317     -35.077646
      33.760359     -37.723333
      31.172422     -40.172207
      29.065460     -42.435498
      27.456707     -44.396409
      26.280870     -45.946917
      25.526397     -47.049961
      25.013119     -47.645632
      24.763655     -47.949424
      24.736735     -48.022304
      24.943715     -48.066337
      25.383494     -48.052573
      26.023672     -48.012458
      26.843693     -47.974544
      27.717408     -47.956709
      28.539265     -47.856878
      29.333415     -47.570236
      30.386214     -47.251037
      31.746258     -47.002732
      33.133841     -46.687050
      34.479880     -46.188000
      35.694238     -45.627475
      36.798866     -45.078646
      37.903744     -44.666800
      39.026246     -44.239110
      40.115798     -43.629471
      41.440415     -42.772143
      42.965691     -41.634667
      44.456768     -40.179857
      45.788588     -38.631742
      47.002824     -36.949745
      48.267219     -35.324014
      49.408158     -33.873819
      50.155178     -32.563957
      50.724076     -31.470971
      51.032706     -30.709764
      51.265498     -30.281156
      51.542242     -30.130110
      51.660238     -30.066046
      51.768186     -30.072486
      51.742745     -30.013454
      51.733793     -30.011137
      51.575027     -29.960952
      51.578616     -29.951954
      51.486211     -29.822624
      51.489810     -29.731567
      51.443270     -29.634108
      51.410451     -29.618155
      51.323729     -29.609865
      51.231256     -29.690938
      51.135641     -29.767439
      51.081883     -29.748545
      51.009237     -29.720454
      50.985909     -29.673958
      50.934356     -29.633093
      50.857188     -29.677144
      50.810123     -29.692621
      50.744136     -29.708605
      50.649642     -29.708287
      50.556694     -29.699596
      50.499526     -29.718747
      50.400302     -29.736300
      50.350022     -29.796309
      50.268118     -29.822646
      50.197060     -29.815421
      50.099312     -29.799760
      49.975036     -29.872457
      49.904497     -29.865699
      49.829442     -29.851358
      49.753944     -29.813483
      49.688734     -29.786128
      49.654035     -29.798625
      49.596067     -29.823297
      49.530249     -29.802283
      49.456009     -29.804850
      49.402942     -29.768177
      49.381775     -29.699292
      49.371624     -29.589118
      49.343263     -29.474106
      49.348562     -29.368857
      49.333389     -29.292776
      49.287743     -29.237209
      49.245550     -29.241717
      49.159061     -29.280910
      49.083500     -29.181861
      48.923903     -29.069632
      48.739254     -28.944154
      48.628295     -28.862461
      48.331157     -28.834181
      47.732014     -28.698765
      46.936550     -28.621951
      45.969546     -28.500032
      44.702436     -28.026854
      43.290417     -26.894723
      41.861310     -25.178489
      40.346732     -23.254005
      38.467589     -21.080424
      36.211662     -19.039681
      33.728878     -17.448368
      31.040020     -16.324317
      28.273736     -15.339399
      25.458139     -14.262619
      22.647173     -13.169050
      19.821202     -12.023118
      16.959934     -10.849721
      14.070303      -9.625710
      11.584176      -8.474469
       9.811875      -7.451773
       8.517010      -6.661066
       7.462441      -6.019579
       6.623526      -5.562592
       5.854343      -5.270667
       5.337402      -5.265370
       5.031701      -5.801596
       4.898797      -6.917070
       4.940431      -8.541048
       5.110291     -10.327308
       5.362899     -11.909733
       5.653843     -13.045476
       6.053810     -13.602531
       6.488607     -13.679057
       6.921839     -13.451804
       7.325502     -13.174008
       7.738280     -12.986242
       8.136756     -12.929969
       8.573975     -12.944086
       9.058702     -12.944967
       9.616637     -12.840757
      10.280452     -12.635261
      10.991891     -12.394767
      11.632559     -12.187226
      12.296735     -12.017782
      13.067965     -12.016730
      13.865921     -12.178541
      14.640646     -12.520595
      15.225252     -12.928201
      15.663609     -13.284775
      16.012751     -13.546576
      16.289501     -13.755200
      16.456262     -13.915554
      16.594851     -14.021135
      16.704768     -14.061944
      16.778879     -14.029117
      16.774817     -13.833105
      16.680154     -13.301324
      16.539401     -12.317710
      16.475777     -11.029380
      16.354830      -9.677385
      16.084822      -7.966086
      15.535327      -5.518227
      15.154741      -2.109577
      14.867821       1.816475
      14.721959       5.641330
      14.554987       8.870932
      14.492679      11.148295
      14.725286      12.471334
      15.041284      13.111434
      15.440010      13.551919
      15.838628      14.000244
      16.274062      14.484275
      16.658495      14.961362
      17.025973      15.314851
      17.388377      15.435630
      17.755382      15.362386
      18.106913      15.157597
      18.421931      14.962250
      18.693088      14.834031
      18.865303      14.788336
      18.947067      14.787464
      19.059166      14.731444
      19.179668      14.576103
      19.363943      14.371145
      19.560259      14.215865
      19.733016      14.093664
      19.790989      14.039547
      19.783211      14.004161
      19.718079      13.950170
      19.689598      13.800003
      19.751343      13.564525
      19.829646      13.361577
      19.953008      13.212037
      20.034413      13.066191
      20.033082      12.853579
      19.968102      12.547195
      19.843985      12.200487
      19.790838      11.891144
      19.814449      11.627163
      19.822318      11.426706
      19.853820      11.294313
      19.809416      11.208962
      19.720060      11.143531
      19.677157      11.067719
      19.654755      10.995428
      19.714554      10.972640
      19.797203      11.010254
      19.788843      11.042688
      19.721803      11.038686
      19.578109      11.028521
      19.472180      11.056044
      19.403853      11.090705
      19.396165      11.087285
      19.427496      11.074091
      19.452889      11.059340
      19.432307      11.050303
      19.442801      11.039146
      19.433123      11.014678
      19.488250      11.001330
      19.559430      10.998101
      19.583431      10.984498
      19.560709      10.967131
      19.498715      10.977525
      19.418177      11.019305
      19.390906      11.073556
      19.390933      11.085256
      19.421534      11.077196
      19.446813      11.067251
      19.437112      11.097806
      19.422389      11.139356
      19.438539      11.169216
      19.455199      11.163363
      19.515877      11.157365
      19.572120      11.153967
      19.555130      11.179202
      19.523068      11.222382
      19.457742      11.270588
      19.405323      11.305253
      19.406838      11.319322
      19.422493      11.326766
      19.418728      11.297945
      19.390214      11.265305
      19.358993      11.240950
      19.341696      11.237894
      19.362304      11.236459
      19.434810      11.220568
      19.481301      11.188937
      19.523061      11.155789
      19.509734      11.144541
      19.455678      11.142948
      19.429088      11.157412
      19.409999      11.187652
      19.393531      11.211788
      19.388805      11.197093
      19.373076      11.146936
      19.342914      11.099015
      19.294007      11.043181
      19.274421      11.014471
      19.296768      11.007235
      19.311077      11.025226
      19.342036      11.019286
      19.378051      10.983441
      19.356524      10.928360
      19.363351      10.906016
      19.360927      10.932128
      19.319162      10.971564
      19.296879      10.991136
      19.249138      10.998135
      19.198577      11.002865
      19.175848      10.996370
      19.139215      10.968043
      19.137680      10.963551
      19.141524      11.002516
      19.131852      11.023264
      19.113405      11.028911
      19.124201      11.031976
      19.110994      11.043051
      19.109775      11.049789
      19.131322      11.040338
      19.109887      10.990256
      19.072683      10.935932
      19.037814      10.869018
      18.943593      10.797061
      18.846307      10.738370
      18.753734      10.695209
      18.655595      10.670247
      18.577437      10.643068
      18.481576      10.591569
      18.324633      10.520573
      18.029729      10.417697
      17.561068      10.201445
      16.983298       9.917316
      16.069922       9.589993
      14.926414       9.252076
      14.335418       8.885527
      14.202777       8.564436
      14.051320       8.383304
      13.807432       8.305995
      13.425709       8.235628
      12.986814       8.064542
      12.771870       7.756373
      12.563768       7.401269
      12.323810       7.097220
      12.221098       6.886244
      12.148783       6.789999
      11.969630       6.730164
      11.775892       6.626271
      11.581257       6.430202
      11.398476       6.224336
      11.172038       5.974394
      10.711322       5.680399
       9.661059       5.279973
       7.602030       4.665315
       4.346793       3.829539
       0.629036       2.808511
      -3.220867       1.675438
      -6.936404       0.490532
      -9.899567      -0.548659
     -12.399392      -1.353971
     -14.513568      -1.921206
     -16.218865      -2.193325
     -17.693065      -2.304788
     -18.842722      -2.303573
     -19.824211      -2.260473
     -20.539684      -2.131888
     -20.948106      -1.927911
     -21.058400      -1.645780
     -21.104250      -1.329795
     -21.369431      -0.990033
     -22.192459      -0.584923
     -23.668549      -0.023366
     -25.564753       0.548177
     -27.906834       0.891920
     -30.518225       1.148847
     -32.778761       1.411804
     -34.663595       1.779382
     -35.945582       2.194279
     -36.601972       2.653730
     -36.934268       3.158168
     -37.136330       3.665395
     -37.295866       4.086196
     -37.371903       4.477022
     -37.244675       4.704308
     -36.974171       4.808930
     -36.651419       4.869434
     -36.242604       4.911535
     -35.477970       4.862942
     -33.950040       4.574455
     -32.011388       4.032788
     -30.335154       3.375320
     -28.994266       2.738288
     -27.984758       2.188975
     -27.271839       1.745307
     -26.736136       1.480453
     -26.333331       1.447772
     -25.937146       1.627161
     -25.598119       1.924387
     -25.291980       2.284204
     -25.192766       2.683082
     -25.232385       3.127927
     -25.330123       3.644717
     -25.410441       4.179578
     -25.435413       4.744999
     -25.382204       5.291584
     -25.289824       5.748527
     -25.238342       6.083273
     -25.182965       6.353565
     -25.104660       6.597092
     -24.929149       6.899602
     -24.609321       7.263831
     -24.185036       7.625513
     -23.761574       7.854812
     -23.396389       7.953727
     -23.183292       7.965331
     -23.038268       7.996681
     -22.824647       8.116220
     -22.497497       8.335554
     -22.023444       8.553204
     -21.417326       8.758035
     -20.629940       8.834816
     -19.604025       8.949792
     -18.123576       9.190301
     -16.339771       9.489388
     -14.602748       9.790131
     -12.815935      10.050881
     -11.004661      10.211906
      -9.171370      10.231504
      -7.212676      10.072804
      -5.033849       9.723350
      -2.530299       9.178513
       0.182735       8.379946
       3.240912       7.410062
       6.521353       6.317858
       9.895356       5.171237
      12.959724       4.066293
      15.754057       3.074732
      18.385038       2.166948
      20.901535       1.362348
      23.428882       0.619194
      25.914163      -0.153076
      28.188352      -1.005660
      30.157768      -1.922921
      32.072298      -2.867784
      34.191985      -3.725301
      35.907595      -4.159751
      36.966086      -4.188539
      37.589672      -4.003513
      37.847216      -3.813683
      37.895463      -3.723845
      37.842643      -3.865896
      37.737059      -4.089727
      37.524918      -4.269134
      37.358750      -4.337230
      37.305981      -4.355145
      37.358296      -4.398664
      37.524168      -4.539537
      37.663016      -4.695325
      37.738530      -4.876231
      37.747577      -4.892624
      37.747215      -4.739793
      37.708026      -4.516918
      37.668766      -4.296346
      37.611466      -4.148114
      37.552987      -4.116958
      37.476863      -4.126108
      37.470007      -4.170282
      37.423552      -4.190125
      37.475321      -4.192945
      37.484765      -4.162391
      37.488037      -4.153288
      37.413323      -4.116696
      37.282434      -4.069314
      36.906644      -3.952233
      36.273290      -3.669172
      35.178206      -3.272862
      32.990159      -2.537760
      29.484961      -1.384281
      25.206703      -0.064420
      20.675496       1.263323
      16.622473       2.469778
      13.074811       3.430843
       9.793394       4.147325
       6.878217       4.676776
       4.439512       4.984569
       2.211472       5.087377
       0.247453       5.096589
      -1.375041       5.101423
      -2.516664       5.109179
      -3.234320       5.156779
      -3.610702       5.258986
      -4.114436       5.449553
      -4.868208       5.696007
      -5.666131       5.959862
      -6.254699       6.143090
      -6.682409       6.221875
      -7.001784       6.165234
      -7.193657       5.999701
      -7.301425       5.766558
      -7.277863       5.478677
      -7.148424       5.124897
      -6.912515       4.798576
      -6.616569       4.557261
      -6.206475       4.388873
      -5.677123       4.150323
      -5.100071       3.830481
      -4.411181       3.336694
      -3.607460       2.698203
      -2.675180       1.914553
      -1.559332       0.999076
      -0.243360      -0.301748
       1.316379      -1.959725
       3.049547      -3.734196
       4.849521      -5.462535
       6.756694      -7.105542
       8.469541      -8.606644
       9.978793      -9.917348
      11.376746     -11.036847
      12.650270     -12.009225
      14.010592     -12.891718
      15.789367     -13.882941
      17.840534     -15.378101
      19.407828     -16.672114
      20.683352     -17.637916
      21.722833     -18.250279
      22.379877     -18.607344
      22.914662     -18.681655
      23.399121     -18.538242
      23.869936     -18.290814
      24.186063     -17.998956
      24.520639     -17.672792
      24.693908     -17.363400
      24.847793     -17.099872
      24.893496     -16.985209
      24.963602     -16.961919
      25.120200     -16.916878
      25.352941     -16.866482
