       8.352678      15.965586
       8.347826      15.970886
       8.330712      15.918558
       8.305209      15.860875
       8.314583      15.825550
       8.278571      15.803350
       8.240791      15.780300
       8.200518      15.769006
       8.153373      15.745566
       8.124401      15.678293
       8.104282      15.576054
       8.060057      15.414378
       7.983718      15.137043
       7.876433      14.710147
       7.728946      14.105576
       7.548184      13.210078
       7.359045      11.995595
       7.172806      10.442136
       6.947756       8.338955
       6.724942       5.772912
       6.523763       3.145457
       6.285394       0.635232
       6.121219      -1.564133
       5.949707      -3.392023
       5.786734      -4.935471
       5.719746      -6.287291
       5.727383      -7.608816
       5.849665      -8.901599
       6.021440     -10.053135
       6.237766     -10.988071
       6.479678     -11.643095
       6.718957     -12.063502
       6.932669     -12.324752
       7.083453     -12.463118
       7.187509     -12.527272
       7.226853     -12.493256
       7.208489     -12.403167
       7.198621     -12.298714
       7.157934     -12.234189
       7.103052     -12.178187
       7.014745     -12.118018
       6.924149     -12.013211
       6.875192     -11.887930
       6.824654     -11.696624
       6.834039     -11.238518
       6.903634     -10.457126
       7.019618      -9.393931
       7.127574      -8.234927
       7.270530      -7.143078
       7.389012      -6.211013
       7.505162      -5.381566
       7.567148      -4.628261
       7.605062      -3.905543
       7.649781      -3.274488
       7.646731      -2.660561
       7.645207      -2.202962
       7.640920      -1.945067
       7.619865      -1.904881
       7.597460      -2.112450
       7.543571      -2.523777
       7.469650      -3.062838
       7.388252      -3.690312
       7.335349      -4.354365
       7.333810      -4.967136
       7.324935      -5.536250
       7.348560      -6.045065
       7.365768      -6.524696
       7.337567      -6.999994
       7.325065      -7.458048
       7.334700      -7.900245
       7.345284      -8.276250
       7.373040      -8.562504
       7.391563      -8.757998
       7.393183      -8.865201
       7.354961      -8.958333
       7.284714      -9.057117
       7.236928      -9.138377
       7.106610      -9.273846
       6.920238      -9.487156
       6.680602      -9.796044
       6.255050     -10.192425
       5.801344     -10.576028
       5.308679     -10.895784
       4.852356     -11.084242
       4.425908     -11.098800
       4.059762     -10.978448
       3.713038     -10.802086
       3.297345     -10.514662
       2.842629     -10.098573
       2.479791      -9.618541
       2.092442      -9.089683
       1.763349      -8.550789
       1.456028      -8.006305
       1.137483      -7.468919
       0.810995      -6.967937
       0.503748      -6.527152
       0.191522      -6.151566
      -0.023496      -5.809021
      -0.209097      -5.523708
      -0.408281      -5.267148
      -0.609628      -5.032773
      -0.794400      -4.822500
      -0.922872      -4.645716
      -0.998163      -4.503195
      -1.047433      -4.414590
      -1.089897      -4.418329
      -1.130773      -4.492191
      -1.165809      -4.634049
      -1.213427      -4.867487
      -1.232739      -5.194084
      -1.263618      -5.657570
      -1.319839      -6.268822
      -1.393814      -6.993232
      -1.485138      -7.751935
      -1.591764      -8.513519
      -1.714087      -9.238615
      -1.889398      -9.945539
      -2.081875     -10.593275
      -2.247765     -11.141243
      -2.372612     -11.411864
      -2.328816     -11.186115
      -2.085590     -10.478675
      -1.696846      -9.290508
      -1.134358      -7.479947
      -0.448679      -5.152811
       0.205636      -2.476705
       0.690090       0.404278
       1.184183       3.699295
       1.620561       7.247782
       2.027423      10.282577
       2.284799      12.379143
       2.423071      13.478671
       2.501237      13.787784
       2.520966      13.541512
       2.510199      12.960300
       2.396187      12.319201
       2.334370      11.736169
       2.211770      11.173721
       2.020576      10.763686
       1.931776      10.488973
       1.940708      10.291207
       2.023647      10.204213
       2.178034      10.195423
       2.267402      10.338741
       2.356379      10.625691
       2.335430      11.177860
       2.269574      11.962932
       2.254159      12.955703
       2.289269      13.982155
       2.303622      14.867922
       2.243804      15.371153
       2.124589      15.381308
       2.020273      14.899414
       1.942899      14.068621
       1.871215      13.048674
       1.807633      11.905866
       1.806140      10.647081
       1.860453       9.380588
       1.873797       8.181548
       1.886862       6.978651
       1.762835       5.752078
       1.494066       4.498227
       1.248883       3.195358
       1.092687       1.846761
       0.965762       0.495869
       0.966848      -0.753311
       1.135827      -1.842940
       1.300603      -2.768754
       1.526283      -3.527750
       1.700716      -4.131909
       1.820618      -4.555673
       1.981976      -4.851012
       2.201453      -5.073754
       2.365880      -5.261689
       2.467981      -5.451599
       2.479006      -5.634654
       2.398120      -5.807279
       2.226050      -5.953482
       2.062208      -6.079792
       1.929607      -6.162317
       1.831322      -6.196643
       1.786665      -6.191035
       1.752658      -6.199763
       1.725067      -6.169325
       1.732194      -6.100168
       1.724770      -5.995969
       1.742241      -5.861878
       1.727371      -5.729642
       1.719876      -5.596871
       1.669321      -5.498220
       1.563548      -5.399267
       1.431806      -5.313203
       1.327607      -5.227538
       1.243132      -5.154029
       1.197149      -5.108084
       1.198951      -5.081948
       1.253348      -5.064178
       1.300256      -5.082705
       1.331531      -5.159723
       1.388698      -5.224060
       1.439185      -5.227050
       1.495571      -5.108620
       1.565560      -4.886583
       1.642802      -4.561647
       1.726401      -4.190562
       1.814749      -3.904713
       1.876116      -3.736550
       1.924773      -3.680073
       2.004696      -3.629700
       2.067960      -3.497535
       2.180433      -3.256895
       2.325818      -2.966470
       2.473703      -2.710608
       2.606910      -2.554499
       2.690238      -2.501803
       2.761798      -2.485605
       2.838014      -2.452097
       2.899797      -2.367713
       2.979958      -2.209825
       3.043432      -2.014762
       3.077406      -1.807797
       3.088050      -1.624565
       3.027514      -1.466202
       2.932230      -1.330041
       2.887458      -1.157012
       2.861100      -0.965962
       2.882312      -0.790468
       2.905916      -0.625870
       2.919766      -0.470971
       2.918646      -0.350917
       2.899596      -0.293513
       2.901633      -0.231844
       2.928816      -0.195320
       2.946819      -0.165243
       2.944484      -0.109903
       2.924877      -0.051452
       2.836695       0.013715
       2.735520       0.068649
       2.636148       0.142082
       2.578705       0.231860
       2.544697       0.330186
       2.516256       0.452192
       2.480703       0.570993
       2.428271       0.713132
       2.383732       0.896261
       2.319827       1.183351
       2.276862       1.575603
       2.227157       2.138903
       2.206677       2.904349
       2.159082       3.829659
       2.145278       4.850539
       2.133410       5.864272
       2.147593       6.788042
       2.152617       7.605021
       2.203225       8.225000
       2.202775       8.580147
       2.186294       8.628147
       2.172958       8.403904
       2.178035       8.083663
       2.207836       7.741733
       2.216227       7.424796
       2.186435       7.121499
       2.185895       6.820535
       2.172656       6.479890
       2.185645       6.135378
       2.234635       5.738094
       2.319816       5.330364
       2.410365       4.948685
       2.538798       4.606326
       2.647224       4.386352
       2.761710       4.280232
       2.806744       4.229202
       2.793193       4.160976
       2.716331       4.043809
       2.648053       3.905273
       2.581876       3.766928
       2.529895       3.695847
       2.530619       3.747886
       2.542442       3.995656
       2.528617       4.345469
       2.547781       4.658417
       2.560234       4.829747
       2.585256       4.874116
       2.602829       4.863662
       2.654781       4.876741
       2.674925       4.911395
       2.719839       4.945910
       2.746378       4.959032
       2.751812       4.921751
       2.781255       4.848130
       2.837187       4.763264
       2.935458       4.694263
       3.078440       4.668097
       3.232709       4.670392
       3.356226       4.672510
       3.440455       4.681629
       3.475201       4.709795
       3.448613       4.756772
       3.405958       4.800002
       3.360736       4.786050
       3.306217       4.755099
       3.269930       4.721301
       3.221298       4.675219
       3.170346       4.618688
       3.135237       4.572697
       3.135061       4.559951
       3.186503       4.546425
       3.259455       4.519517
       3.318141       4.510118
       3.366119       4.477723
       3.396912       4.417427
       3.430837       4.351405
       3.452375       4.305940
       3.445649       4.284500
       3.456352       4.280576
       3.427225       4.231253
       3.393264       4.184438
       3.379813       4.130718
       3.348239       4.080024
       3.304254       4.023667
       3.244686       3.979421
       3.208646       3.939947
       3.200560       3.903492
       3.234335       3.882972
       3.284282       3.905205
       3.332001       3.918220
       3.361756       3.910379
       3.361426       3.904187
       3.352727       3.905936
       3.326478       3.870835
       3.299810       3.809868
       3.242668       3.692607
       3.181030       3.514473
       3.088754       3.283404
       3.008632       3.020223
       2.923820       2.749774
       2.882111       2.512323
       2.859966       2.314134
       2.871082       2.169862
       2.889652       2.101637
       2.921732       2.083622
       2.931138       2.056546
       2.929669       2.059020
       2.930667       2.094788
       2.907858       2.142417
       2.891347       2.188515
       2.867120       2.232055
       2.836707       2.258305
       2.811336       2.269492
       2.791153       2.277601
       2.758389       2.286881
       2.746734       2.293705
       2.728616       2.319166
       2.740436       2.355550
       2.750934       2.397345
       2.778959       2.421013
       2.815011       2.441272
       2.824848       2.452238
       2.832735       2.466591
       2.855648       2.488099
       2.854544       2.523340
       2.853923       2.531834
       2.866852       2.516637
       2.853637       2.492255
       2.880831       2.501874
       2.895141       2.529109
       2.897555       2.536485
       2.889823       2.532053
       2.876868       2.559584
       2.872091       2.664300
       2.826196       3.033894
       2.863745       4.723282
       2.771150       9.004556
       2.752477      14.778512
       3.223371      20.272661
       3.098690      24.371009
       2.558435      27.259439
       2.037992      29.339464
       1.564213      31.240321
       1.228096      33.191004
       1.107548      35.107578
       0.916503      37.341738
       0.663993      40.305079
       0.374921      43.675209
       0.084817      47.174714
      -0.183912      50.102916
      -0.360056      52.267410
      -0.499426      53.537624
      -0.632600      53.954716
      -0.804220      53.025018
      -0.985901      50.023951
      -1.123461      45.202894
      -1.080668      39.532496
      -0.934475      34.288509
      -0.789978      29.546043
      -0.529991      25.200003
      -0.229634      21.185610
      -0.099409      17.581299
      -0.111957      14.578426
      -0.371357      12.123877
      -0.780700      10.137999
      -1.109795       8.569798
      -1.523474       7.396530
      -1.838274       6.593095
      -2.167964       6.240435
      -2.597428       6.268783
      -3.056119       6.495175
      -3.723390       6.777720
      -4.838485       7.074121
      -6.879508       7.324083
     -10.133411       7.482906
     -14.285138       7.639554
     -18.138541       8.038191
     -21.090677       8.756369
     -23.531895       9.620470
     -25.380021      10.509584
     -26.529251      11.283968
     -27.172860      11.853863
     -27.643766      12.209737
     -28.052948      12.347141
     -28.773012      12.337424
     -29.681780      12.281183
     -30.392239      12.252099
     -30.903666      12.343401
     -31.166395      12.498009
     -31.272118      12.624402
     -31.279964      12.654887
     -31.000552      12.561454
     -30.179659      12.339304
     -27.872311      12.009772
     -25.248750      11.668762
     -23.491615      11.537560
     -23.336863      11.722895
     -24.832241      12.265410
     -27.127442      13.244652
     -29.741252      14.683124
     -32.385153      16.324413
     -34.843633      17.784262
     -36.925465      19.026058
     -38.620779      20.101645
     -40.056239      21.006060
     -41.203227      21.630202
     -42.313854      22.169475
     -43.545867      22.920913
     -44.841303      23.948173
     -45.866159      25.166786
     -46.154929      26.330684
     -44.717648      27.220044
     -41.494508      27.894352
     -36.913089      27.920500
     -31.095504      27.376695
     -24.684415      26.343133
     -19.493296      25.048789
     -15.786441      23.830058
     -12.774837      22.972011
     -10.331383      22.257599
      -7.937272      21.818096
      -5.425938      21.415583
      -3.111678      21.304362
      -0.997112      21.689779
       0.762859      22.404626
       2.223108      23.372351
       3.270264      24.426082
       3.988636      25.453404
       4.651238      26.318405
       5.142307      26.951312
       5.662852      27.256316
       6.069585      27.285674
       6.419837      27.144515
       6.591910      27.031324
       6.537509      27.086629
       6.086656      27.303497
       5.758262      27.667466
       5.695928      28.587702
       5.510779      30.118951
       4.949503      32.720693
       3.850837      37.412566
       3.140963      43.137202
       2.711155      49.077667
       2.403741      54.100660
       2.199017      57.809779
       2.087344      60.118303
       1.892255      61.312776
       1.654695      62.083386
       1.500305      62.654801
       1.320069      62.820469
       1.120613      62.101037
       1.085967      59.889284
       0.997627      54.785140
       0.968665      47.254204
       1.246171      37.944082
       1.645160      28.718790
       2.000293      20.689861
       2.039061      14.360659
       2.079942       9.811417
       2.172279       6.822176
       2.347489       4.989305
       2.272388       3.993154
       2.099777       3.470704
       1.935599       3.131354
       1.839138       2.806930
       1.896695       2.444972
       2.111739       2.216028
       2.420604       2.667523
       2.749921       3.906386
       2.984068       5.680742
       3.151233       7.551824
       3.261022       9.153504
       3.534683      10.291829
       3.959870      10.844603
       4.410887      11.023944
       4.835395      11.034565
       5.205608      10.997841
       5.484930      10.967291
       5.674785      10.977275
       5.780038      11.008391
       5.843538      11.054317
       5.845448      11.080573
       5.779001      11.096602
       5.718254      11.095832
       5.682934      11.110048
       5.691932      11.154233
       5.753648      11.206622
       5.809922      11.254066
       5.848102      11.284701
       5.905508      11.301070
       5.995974      11.307622
       6.050530      11.297796
       6.003056      11.228654
       5.894196      11.081731
       5.738315      10.849614
       5.635556      10.582230
       5.535213      10.278652
       5.406629       9.969645
       5.306313       9.635029
       5.233746       9.240949
       5.173144       8.671271
       5.284412       7.825863
       5.500470       6.792957
       5.691115       5.674929
       5.918769       4.511115
       6.241526       3.310550
       6.479263       2.078764
       6.622900       0.887984
       6.720187      -0.222660
       6.864819      -1.258477
       6.929126      -2.212352
       7.022845      -3.044123
       7.069245      -3.757240
       7.191241      -4.411997
       7.266860      -5.185538
       7.299763      -6.001751
       7.358516      -6.754707
       7.422846      -7.400392
       7.434774      -7.854947
       7.486383      -8.139873
       7.510404      -8.242331
       7.509848      -8.241973
       7.520281      -8.170638
       7.516588      -8.067589
       7.504642      -7.881137
       7.505514      -7.579467
       7.595369      -7.174800
       7.676950      -6.761966
       7.731137      -6.380944
       7.704087      -6.112787
       7.567515      -5.982828
       7.386784      -6.007332
       7.196202      -6.142650
       7.031892      -6.362462
       6.940312      -6.619928
       6.825883      -7.028976
       6.532083      -7.655547
       5.840441      -8.712671
       4.810309     -10.067180
       3.821166     -11.619732
       2.767298     -13.208206
       1.798256     -14.923954
       0.763155     -16.931908
      -0.278410     -18.931604
      -1.189420     -20.685958
      -2.051534     -22.023153
      -2.781167     -22.850707
      -3.420207     -23.259384
      -3.907070     -23.253315
      -4.154971     -22.798105
      -3.862638     -21.564849
      -2.984324     -19.396080
      -1.031109     -16.120517
       1.776437     -11.519540
       4.360849      -6.321639
       6.450190      -1.495623
       7.957906       2.460863
       8.828946       5.526455
       9.275640       7.898713
       9.609883       9.791688
       9.893182      11.232364
      10.167304      12.587736
      10.478144      13.849655
      10.649779      15.036244
      10.575334      16.103556
      10.439661      16.876700
      10.310772      17.268886
      10.085837      17.255545
       9.941125      16.999284
       9.845152      16.672301
       9.728190      16.391141
       9.564146      16.209322
       9.369374      16.106986
       9.114045      16.026683
       9.022295      15.984009
       9.055059      15.966481
       9.116141      15.966804
       9.140249      15.979969
       9.158443      15.992541
       9.086467      15.988952
       9.008137      15.973420
       8.936933      15.968290
       8.888447      15.970499
       8.879076      15.951729
       8.838631      15.897523
       8.755094      15.851254
       8.659713      15.796974
       8.514018      15.708629
       8.430424      15.556509
       8.498693      15.318400
       8.704967      15.052416
       8.929930      14.801360
       9.035607      14.597013
       9.054706      14.465493
       9.007157      14.391783
       8.935996      14.335832
       8.901540      14.225743
       8.958138      14.042154
       9.038082      13.809462
