       6.828894       5.926023
       6.843723       5.898136
       6.844547       5.867830
       6.856112       5.838915
       6.856594       5.835371
       6.867279       5.843186
       6.854523       5.864984
       6.840707       5.859607
       6.820779       5.851124
       6.849225       5.778089
       6.808342       5.633774
       6.747024       5.430524
       6.669989       5.182482
       6.620069       4.881432
       6.578054       4.566838
       6.587119       4.279925
       6.641054       4.008234
       6.656288       3.709717
       6.590392       3.357237
       6.440640       2.923029
       6.152151       2.227948
       5.248226       0.615309
       3.889801      -2.113899
       2.278004      -5.278365
       1.104778      -8.039439
       0.198982     -10.222504
      -0.408324     -11.666319
      -0.850114     -12.500720
      -1.113618     -12.895054
      -1.263577     -12.897435
      -1.346964     -12.694525
      -1.442235     -12.415691
      -1.469436     -12.142965
      -1.438361     -11.936414
      -1.380361     -11.820594
      -1.306494     -11.660824
      -1.220624     -11.361689
      -1.166292     -11.031971
      -1.143479     -10.768290
      -1.154742     -10.569645
      -1.162993     -10.442558
      -1.192435     -10.377532
      -1.248498     -10.361203
      -1.302039     -10.331775
      -1.321506     -10.257421
      -1.320321     -10.105962
      -1.289528      -9.855968
      -1.267168      -9.521210
      -1.238958      -9.159038
      -1.229781      -8.852896
      -1.250095      -8.640945
      -1.321217      -8.538989
      -1.366995      -8.511834
      -1.361951      -8.460728
      -1.365106      -8.368302
      -1.372733      -8.257600
      -1.359607      -8.161338
      -1.312924      -8.118213
      -1.312926      -8.105383
      -1.310634      -8.098359
      -1.296599      -8.071886
      -1.244986      -8.003540
      -1.179333      -7.882735
      -1.059174      -7.666940
      -0.755525      -7.115605
      -0.343602      -6.118003
       0.060160      -4.756387
       0.416356      -3.327507
       0.670576      -2.065563
       0.840713      -1.076611
       0.927373      -0.318341
       1.026370       0.269608
       1.133300       0.757549
       1.264801       1.216161
       1.439326       1.611632
       1.562045       1.872080
       1.590182       1.987977
       1.554186       2.111714
       1.510981       2.226405
       1.488857       2.290464
       1.483626       2.271512
       1.454530       2.187675
       1.451609       2.126380
       1.561402       2.281564
       1.529929       2.659261
       1.431976       3.142477
       1.253240       3.681028
       1.124245       4.281068
       1.046811       4.919253
       1.068626       5.573932
       1.179009       6.197542
       1.329007       6.584355
       1.385438       6.663624
       1.304565       6.615128
       1.244961       6.691142
       1.158007       6.913029
       1.068557       7.376558
       0.919652       8.229953
       0.695568       9.325885
       0.357467      10.396895
       0.002423      11.209104
      -0.321011      11.766114
      -0.626866      12.159484
      -0.810338      12.442079
      -0.911305      12.667615
      -1.014690      13.005740
      -1.139336      13.532072
      -1.262972      14.177385
      -1.432277      14.915182
      -1.679911      15.638737
      -1.944090      16.283635
      -2.205889      16.900647
      -2.488679      17.621829
      -2.776233      18.502227
      -3.156623      19.537037
      -3.446719      20.631751
      -3.446583      21.733647
      -3.153980      22.871109
      -2.814232      24.047990
      -2.510184      25.142025
      -2.238179      26.150493
      -2.074272      27.168805
      -2.136607      28.221416
      -2.332494      29.204092
      -2.482629      30.131081
      -2.449530      31.156618
      -2.412843      32.490106
      -2.523008      34.182798
      -2.644554      36.024198
      -2.665489      37.794148
      -2.631695      39.413715
      -2.487464      40.853293
      -2.256109      42.025220
      -1.887587      42.861245
      -1.480318      43.483896
      -1.044504      44.141406
      -0.676173      45.038401
      -0.465065      46.207423
      -0.445294      47.493238
      -0.525442      48.775793
      -0.613277      50.118614
      -0.603009      51.635298
      -0.542958      53.339171
      -0.403887      55.239253
      -0.270096      57.210417
      -0.186423      59.046246
      -0.232428      60.678706
      -0.354597      62.014271
      -0.514685      63.147235
      -0.738194      63.999890
      -0.909247      64.581018
      -1.016140      64.945504
      -1.168981      65.088883
      -1.659494      64.665744
      -2.520567      63.268529
      -3.603590      61.148390
      -5.126707      58.849964
      -7.143126      56.550338
      -9.673458      54.338333
     -11.992077      52.287227
     -13.873513      50.583383
     -15.444946      49.068409
     -16.598151      47.851399
     -17.419588      47.023219
     -18.001966      46.674518
     -18.701688      46.514067
     -19.522874      46.345781
     -20.302546      46.201964
     -21.222696      45.989950
     -22.252407      45.712716
     -23.176378      45.488744
     -23.881501      45.401551
     -24.313992      45.509299
     -24.674483      45.819201
     -25.038791      46.212926
     -25.342593      46.684019
     -25.554427      47.187828
     -25.671540      47.689656
     -25.726040      48.164794
     -25.686708      48.621981
     -25.504920      49.083398
     -25.345852      49.486400
     -25.209277      49.853746
     -25.082274      50.211583
     -24.987137      50.548286
     -24.904672      50.971979
     -24.864412      51.443387
     -24.762764      51.983643
     -24.564180      52.503631
     -24.295552      52.896778
     -24.084262      53.215875
     -23.882375      53.494552
     -23.698556      53.767356
     -23.253128      54.049335
     -21.166653      54.302027
     -17.812276      54.422894
     -14.964048      54.693867
     -12.855797      55.326543
     -11.038173      56.223674
      -9.492435      57.224109
      -8.142374      58.172040
      -7.179594      58.952078
      -6.338476      59.532143
      -5.630591      59.810231
      -4.963811      59.959944
      -4.408853      60.091968
      -4.073800      60.294370
      -3.870634      60.574678
      -3.720725      60.936230
      -3.629755      61.362439
      -3.533224      61.887721
      -3.408445      62.428434
      -3.293043      62.910911
      -3.195298      63.251753
      -3.126168      63.427874
      -3.029332      63.394584
      -2.990236      63.246337
      -3.032266      63.055563
      -3.069720      62.917235
      -3.134763      62.879355
      -3.129232      62.935673
      -3.084562      62.956971
      -2.972729      62.951579
      -2.808786      62.944532
      -2.732683      62.941812
      -2.717464      62.928232
      -2.720464      62.867868
      -2.723805      62.773749
      -2.661187      62.669809
      -2.578850      62.542977
      -2.509679      62.451301
      -2.479288      62.423645
      -2.484564      62.452229
      -2.491144      62.525361
      -2.511142      62.622249
      -2.564241      62.717767
      -2.593270      62.814373
      -2.627121      62.894033
      -2.686931      62.920174
      -2.722243      62.927173
      -2.787926      62.909445
      -2.859324      62.893917
      -2.871270      62.838678
      -2.919826      62.764861
      -2.949616      62.718330
      -2.982933      62.692433
      -3.011694      62.657715
      -3.020403      62.646884
      -3.040638      62.642760
      -3.058834      62.646077
      -3.070418      62.638661
      -3.111923      62.632842
      -3.136612      62.628913
      -3.150190      62.649550
      -3.156110      62.691355
      -3.168164      62.736782
      -3.133697      62.736913
      -3.150058      62.722843
      -3.165907      62.719511
      -3.165965      62.726655
      -3.161210      62.749590
      -3.144526      62.760757
      -3.140558      62.755103
      -3.149096      62.720434
      -3.162499      62.625323
      -3.154244      62.456911
      -3.108480      62.260541
      -3.079591      62.061462
      -3.061467      61.918447
      -3.093734      61.876929
      -3.088631      61.882723
      -3.122779      61.905192
      -3.175470      61.942936
      -3.264146      61.964346
      -3.352800      61.954073
      -3.362591      61.945034
      -3.347876      61.954568
      -3.337456      61.991088
      -3.298094      62.052399
      -3.304892      62.105243
      -3.346111      62.114073
      -3.367860      62.076373
      -3.349923      62.023849
      -3.309911      62.016879
      -3.190567      62.008564
      -3.098119      61.975721
      -2.866344      61.968722
      -2.401813      61.912487
      -1.384596      61.782163
       0.223294      61.555996
       2.101761      61.356110
       3.945147      61.383110
       5.543674      61.708002
       6.729033      61.968989
       7.487584      62.073599
       7.798637      62.038002
       7.836365      61.916703
       7.885112      61.857340
       7.931925      61.924722
       7.967363      62.156115
       7.949697      62.544303
       7.870465      62.943531
       7.780681      63.213674
       7.634262      63.267412
       7.601173      63.135019
       7.836082      62.960939
       8.533579      62.597735
       9.532905      62.100546
      10.541319      61.455810
      11.393936      60.814640
      12.005807      60.276651
      12.394874      59.920811
      12.514310      59.781721
      12.636701      59.836488
      12.791332      59.996265
      12.823688      60.179108
      12.882531      60.333265
      12.922263      60.414042
      12.889802      60.455526
      12.702045      60.445583
      12.509331      60.436384
      12.461103      60.473929
      12.487099      60.533763
      12.467589      60.602048
      12.456292      60.624492
      12.367645      60.597283
      12.214548      60.526778
      11.956637      60.415256
      11.615847      60.311335
      11.300475      60.260516
      10.922550      60.195427
      10.455238      60.078305
       9.935163      59.910490
       9.446818      59.728599
       8.937948      59.588197
       8.545318      59.548637
       8.284454      59.599281
       8.078685      59.627122
       7.909111      59.638079
       7.812961      59.628365
       7.748805      59.610749
       7.690236      59.612687
       7.698687      59.659892
       7.732199      59.754546
       7.766714      59.871896
       7.770820      59.942347
       7.742204      59.949759
       7.697955      59.906065
       7.643940      59.866481
       7.591669      59.880639
       7.600024      59.906536
       7.585487      59.918436
       7.564901      59.913982
       7.549554      59.911092
       7.536882      59.910641
       7.525099      59.930103
       7.494258      59.949191
       7.472366      59.964971
       7.475052      59.984288
       7.452600      60.001482
       7.426729      60.012794
       7.413185      60.016310
       7.391503      60.024727
       7.359299      60.052534
       7.377207      60.065463
       7.366350      60.067032
       7.345658      60.073861
       7.335545      60.092920
       7.320110      60.125005
       7.312084      60.166028
       7.294207      60.197972
       7.278962      60.225332
       7.287825      60.261051
       7.282445      60.288575
       7.258978      60.299091
       7.247602      60.305565
       7.232889      60.326586
       7.223745      60.366832
       7.197595      60.392540
       7.217389      60.382889
       7.197778      60.368250
       7.198553      60.372165
       7.206972      60.393468
       7.207750      60.429162
       7.216149      60.456206
       7.215235      60.467246
       7.234692      60.484469
       7.246390      60.498734
       7.237840      60.505626
       7.224163      60.502197
       7.208831      60.504115
       7.198367      60.517934
       7.195995      60.541923
       7.182723      60.559962
       7.228124      60.548645
       7.208681      60.542190
       7.192090      60.549490
       7.182559      60.562842
       7.176407      60.582352
       7.183617      60.599469
       7.178396      60.608430
       7.186929      60.617702
       7.185515      60.623006
       7.167440      60.614229
       7.152285      60.609625
       7.133793      60.611461
       7.127412      60.618586
       7.125058      60.628951
       7.119028      60.645299
       7.128852      60.645091
       7.138335      60.622695
       7.107166      60.604855
       7.096577      60.602669
       7.105128      60.622845
       7.104805      60.648782
       7.112853      60.654489
       7.108741      60.652624
       7.109244      60.659900
       7.102515      60.657107
       7.103665      60.652352
       7.099104      60.653712
       7.090472      60.662654
       7.079539      60.661969
       7.064635      60.648840
       7.028649      60.644634
       7.039274      60.625230
       7.032172      60.598803
       7.006979      60.588769
       6.983258      60.591119
       6.959956      60.591508
       6.943386      60.590634
       6.881267      60.588069
       6.831361      60.581031
       6.858325      60.596987
       6.873374      60.625784
       6.858306      60.635600
