      12.460035      52.583423
      12.564641      52.756974
      12.616608      52.884373
      12.711433      52.993287
      12.826766      53.094270
      12.905036      53.206802
      12.943586      53.324852
      12.970996      53.374355
      12.942467      53.371305
      12.906278      53.343571
      12.880389      53.295214
      12.868458      53.272765
      12.871465      53.270856
      12.861578      53.268783
      12.856641      53.262459
      12.872484      53.275126
      12.865740      53.283281
      12.894585      53.318436
      12.947814      53.393967
      12.992467      53.476984
      13.033287      53.564352
      13.077183      53.631350
      13.107994      53.670361
      13.114172      53.717018
      13.134562      53.750764
      13.122457      53.784900
      13.129708      53.815717
      13.170057      53.818398
      13.159867      53.825023
      13.127256      53.837841
      13.132696      53.817752
      13.101742      53.795813
      13.100398      53.790733
      13.084153      53.774209
      13.061880      53.760527
      13.066313      53.762756
      13.069358      53.749540
      13.054422      53.761868
      13.049464      53.763616
      13.046488      53.761722
      13.037561      53.774637
      13.050061      53.803050
      13.053009      53.829356
      13.052142      53.865278
      13.058678      53.888043
      13.055208      53.902430
      13.054053      53.910429
      13.068424      53.940533
      13.075828      53.968427
      13.083215      53.995957
      13.092246      54.022976
      13.089419      54.020650
      13.084780      54.036610
      13.091563      54.047169
      13.087364      54.066048
      13.086383      54.102442
      13.105858      54.133041
      13.113441      54.157798
      13.105176      54.192477
      13.116937      54.222377
      13.107143      54.241698
      13.106072      54.246822
      13.127021      54.276790
      13.124306      54.308632
      13.130521      54.338761
      13.147917      54.353574
      13.137341      54.349655
      13.115360      54.333942
      13.105386      54.318973
      13.098288      54.312989
      13.097820      54.325632
      13.099809      54.335443
      13.092974      54.333379
      13.089966      54.317210
      13.095180      54.313980
      13.060364      54.304130
      13.095065      54.309147
      13.091889      54.342500
      13.089449      54.361778
      13.095152      54.368233
      13.065644      54.357931
      13.047038      54.335137
      13.052233      54.334608
      13.060470      54.346226
      13.054655      54.373508
      13.070539      54.396141
      13.061316      54.403966
      13.059959      54.410416
      13.055099      54.401931
      13.054258      54.405020
      13.097794      54.434876
      13.106375      54.476564
      13.143998      54.524479
      13.165684      54.568585
      13.170685      54.577134
      13.177413      54.595551
      13.178243      54.610560
      13.183937      54.622352
      13.190198      54.655900
      13.200105      54.688787
      13.184609      54.695621
      13.177050      54.682011
      13.166948      54.659892
      13.139922      54.621556
      13.169024      54.617690
      13.174953      54.644097
      13.182516      54.672530
      13.199127      54.700507
      13.198794      54.694202
      13.194839      54.686761
      13.204724      54.695368
      13.204389      54.705004
      13.203358      54.725083
      13.205613      54.745599
      13.202231      54.735045
      13.188062      54.723942
      13.192120      54.720586
      13.186625      54.708307
      13.181478      54.707219
      13.209071      54.727842
      13.212961      54.756868
      13.219641      54.795928
      13.245228      54.826182
      13.254912      54.829407
      13.254477      54.836766
      13.260638      54.847752
      13.253010      54.858229
      13.266326      54.876137
      13.286101      54.891067
      13.273705      54.893136
      13.267313      54.885181
      13.266594      54.871940
      13.262843      54.867103
      13.245222      54.850618
      13.263343      54.863261
      13.270331      54.878405
      13.279238      54.899174
      13.286287      54.917315
      13.290885      54.907154
      13.286154      54.902258
      13.289492      54.908907
      13.290334      54.909077
      13.289745      54.927757
      13.306635      54.948861
      13.307488      54.954000
      13.297072      54.954957
      13.296459      54.947030
      13.296200      54.948341
      13.297798      54.953378
      13.292858      54.950697
      13.322456      54.970310
      13.330815      54.993735
      13.337174      55.010424
      13.355015      55.024320
      13.362654      55.018122
      13.363947      55.025952
      13.370827      55.029531
      13.371812      55.033033
      13.368838      55.047590
      13.385058      55.049683
      13.376327      55.040435
      13.360118      55.036385
      13.371019      55.032926
      13.386562      55.045496
      13.369016      55.053569
      13.383317      55.049547
      13.403280      55.055575
      13.395985      55.062875
      13.396349      55.074910
      13.418122      55.081356
      13.420166      55.064701
      13.411659      55.053666
      13.404365      55.047454
      13.388872      55.039090
      13.380123      55.036618
      13.386498      55.036331
      13.375921      55.034048
      13.369560      55.018433
      13.371200      55.023096
      13.357868      55.021216
      13.366754      55.015864
      13.385793      55.042368
      13.379956      55.067678
      13.389081      55.071739
      13.400073      55.069276
      13.380786      55.041382
      13.369451      55.016922
      13.363443      54.990408
      13.346332      54.987542
      13.359045      55.001958
      13.358658      55.028502
      13.366885      55.025471
      13.378337      55.029866
      13.367775      55.022838
      13.395267      55.035826
      13.423908      55.086922
      13.431963      55.127497
      13.439378      55.141563
      13.449571      55.135638
      13.436233      55.121985
      13.429120      55.123019
      13.432538      55.124899
      13.425618      55.139825
      13.433073      55.151569
      13.430243      55.152021
      13.422348      55.147129
      13.425685      55.144934
      13.431287      55.143943
      13.416046      55.128522
      13.442725      55.137692
      13.443747      55.144682
      13.441164      55.166854
      13.465787      55.184597
      13.465839      55.182231
      13.468091      55.169598
      13.459393      55.156198
      13.451718      55.147066
      13.451315      55.167354
      13.461090      55.193203
      13.468029      55.207556
      13.466596      55.206210
      13.464960      55.191829
      13.473775      55.185816
      13.445069      55.172911
      13.475266      55.179084
      13.497284      55.209834
      13.511870      55.232807
      13.517297      55.256500
      13.536774      55.250448
      13.525587      55.240700
      13.526958      55.246533
      13.536272      55.250477
      13.537498      55.273456
      13.563855      55.303749
      13.577060      55.319466
      13.576785      55.319826
      13.575774      55.321565
      13.584788      55.331410
      13.614704      55.358808
      13.600422      55.375074
      13.639001      55.404236
      13.654873      55.429041
      13.665076      55.461408
      13.675132      55.494018
      13.692803      55.503820
      13.695990      55.503300
      13.700185      55.517434
      13.693566      55.521611
      13.682696      55.524977
      13.677768      55.522709
      13.669034      55.522961
      13.664612      55.514189
      13.657323      55.503246
      13.667721      55.494042
      13.653699      55.487141
      13.653626      55.481871
      13.668521      55.505306
      13.681435      55.515501
      13.674603      55.532199
      13.684848      55.533865
      13.672935      55.506078
      13.659422      55.479238
      13.646745      55.460602
      13.630437      55.453039
      13.624462      55.461063
      13.624322      55.471982
      13.603962      55.463715
      13.586631      55.454788
      13.576966      55.439916
      13.564140      55.417360
      13.596513      55.422790
      13.581931      55.437342
      13.594396      55.442174
      13.589285      55.447978
      13.588066      55.428215
      13.585136      55.437725
      13.589019      55.434578
      13.587427      55.448382
      13.588145      55.476353
      13.595589      55.493265
      13.599420      55.490370
      13.596107      55.490395
      13.561771      55.460631
      13.576419      55.454589
      13.571768      55.462462
      13.563902      55.472769
      13.562841      55.491386
      13.572827      55.493581
      13.588707      55.512198
      13.614863      55.547751
      13.635305      55.578011
      13.628332      55.619674
      13.664950      55.645256
      13.675950      55.670751
      13.657694      55.678745
      13.673160      55.674588
      13.652877      55.647568
      13.676337      55.636173
      13.688346      55.646461
      13.685217      55.662246
      13.699158      55.687332
      13.719686      55.701238
      13.731489      55.708344
      13.773280      55.723974
      13.793358      55.752431
      13.774543      55.790471
      13.787024      55.812309
      13.798376      55.809754
      13.795704      55.812275
      13.797522      55.816374
      13.812871      55.822984
      13.790130      55.805159
      13.822212      55.811687
      13.838508      55.834986
      13.860002      55.864390
      13.875644      55.899871
      13.899762      55.905942
      13.889176      55.903757
      13.891267      55.907093
      13.891122      55.893027
      13.870619      55.901882
      13.889093      55.909133
      13.886693      55.914792
      13.886146      55.929013
      13.884025      55.939801
      13.892658      55.956004
      13.888005      55.959724
      13.890085      55.981008
      13.912783      56.001791
      13.919165      56.017897
      13.912406      56.044091
      13.927404      56.059269
      13.926455      56.047651
      13.918776      56.036810
      13.899769      56.024055
      13.885515      56.009630
      13.882740      56.008387
      13.883653      56.020864
      13.871505      56.010451
      13.866237      55.994122
      13.873534      55.987234
      13.837456      55.967515
      13.856779      55.944240
      13.853412      55.947567
      13.826858      55.954702
      13.844967      55.965878
      13.852930      56.056942
      13.874931      56.410917
      13.990281      57.252095
      14.085911      58.634249
      14.077037      60.493537
      13.926157      62.825136
      13.580822      65.633001
      12.942433      68.907903
      12.173157      72.597419
      11.207273      76.594123
      10.319580      80.780595
       9.986857      84.662639
      10.153373      87.679608
      10.714743      89.646198
      11.379962      90.665833
      11.865320      91.157868
      11.939851      91.520931
      11.720022      91.823796
      11.865095      91.999445
      11.877701      92.170946
      11.820718      92.419053
      11.742859      92.501700
      11.709010      92.389376
      11.591500      92.186712
      11.494313      91.964241
      11.420126      91.758828
      11.416750      91.605132
      11.389935      91.585675
      11.406316      91.653450
      11.380910      91.730988
      11.326671      91.812469
      11.307528      91.889569
      11.271615      91.978929
      11.225232      92.070387
      11.232210      92.143893
      11.227691      92.166925
      11.245214      92.154297
      11.280012      92.113060
      11.282624      92.029209
      11.277047      91.974363
      11.271139      91.962881
      11.257486      92.004049
      11.253694      92.078644
      11.259569      92.143592
      11.253457      92.195348
      11.268531      92.218108
      11.281242      92.216797
      11.266053      92.215174
      11.275372      92.205519
      11.277020      92.209667
