      11.860572      12.231733
      11.888490      11.909755
      11.634201      11.707806
      11.170995      11.579001
      10.430182      11.324834
       9.825763      10.657768
       9.824454       8.654000
       8.429614       5.631793
       7.396176       3.106720
       6.883824       0.876003
       7.116370      -0.986802
       6.827307      -2.636418
       5.621209      -4.191509
       4.893685      -5.353825
       4.219681      -6.135723
       2.676200      -6.639821
      -0.086373      -6.981376
      -2.689262      -7.327021
      -5.032412      -7.788856
      -7.496857      -8.497220
      -9.504290      -9.656936
     -10.807647     -11.558419
     -11.555316     -14.634408
     -11.878207     -19.480780
     -12.517067     -24.649581
     -13.016565     -29.262109
     -13.253567     -33.257817
     -13.627542     -36.375157
     -14.122919     -38.191304
     -14.411805     -38.812253
     -14.471024     -38.704789
     -14.076681     -38.434078
     -13.395044     -38.653173
     -12.160717     -40.356330
      -9.803026     -44.257222
      -7.021294     -49.882646
      -5.191806     -55.646941
      -4.422233     -60.767148
      -3.926295     -65.220999
      -3.668153     -68.980326
      -3.562000     -72.525511
      -3.455378     -76.068044
      -3.547320     -79.762097
      -3.874444     -83.636661
      -4.367328     -87.588656
      -4.837348     -91.490730
      -4.997638     -94.925802
      -4.972758     -97.741515
      -5.145739    -100.382201
      -5.938269    -102.454499
      -7.396555    -104.209429
      -9.654771    -105.963659
     -11.777618    -107.868079
     -13.241314    -109.987334
     -14.021090    -111.902206
     -14.342540    -112.998368
     -14.551672    -113.283582
     -14.737899    -113.061305
     -14.936526    -112.658503
     -15.197946    -112.397399
     -15.416169    -112.242499
     -15.487425    -112.273107
     -15.545181    -112.845585
     -15.621017    -113.479106
     -15.475749    -113.056982
     -15.156983    -110.522869
     -14.931042    -105.649604
     -14.946765     -99.255964
     -15.484266     -92.101151
     -16.379761     -85.172928
     -16.846150     -79.704968
     -16.275854     -76.020916
     -15.762001     -73.766665
     -15.462917     -72.420652
     -15.087864     -70.982667
     -14.499629     -69.265370
     -13.451689     -67.020813
     -12.724112     -63.996879
     -12.318333     -60.257495
     -11.811792     -56.221683
     -11.368183     -52.265462
     -10.775730     -48.820599
      -9.839448     -46.153554
      -9.042655     -44.172185
      -8.871508     -42.537510
      -9.214000     -41.156794
      -9.370809     -39.833724
      -9.787826     -38.369079
     -10.254568     -36.862760
     -10.583584     -35.515359
     -10.820799     -34.404920
     -10.918496     -33.892569
     -10.307279     -33.912913
      -9.452255     -34.268721
      -8.796594     -35.133092
      -8.416762     -36.414265
      -7.986858     -38.109461
      -7.471254     -40.179906
      -7.081788     -42.325059
      -6.950221     -44.298040
      -6.769837     -46.047112
      -6.439217     -47.417818
      -5.883765     -48.321448
      -5.343102     -48.596030
      -5.413609     -48.123981
      -5.985780     -47.047246
      -6.489154     -45.798749
      -6.898360     -44.828461
      -7.431740     -44.177732
      -7.965054     -43.484712
      -8.558353     -42.473072
      -8.917258     -41.545492
      -9.098221     -40.640871
      -9.317489     -39.455588
      -9.645749     -37.315889
     -10.172728     -33.811348
     -10.689672     -29.295642
     -10.937770     -24.330729
     -10.717039     -19.081062
     -10.335060     -13.612684
      -9.880965      -7.938756
      -9.501582      -2.238899
      -9.007348       3.726643
      -8.340849      10.044978
      -7.753849      16.871771
      -7.406405      23.946617
      -6.963955      31.209989
      -6.776354      38.243466
      -6.864046      44.519355
      -7.204996      49.696233
      -7.131382      53.309237
      -6.459014      55.668055
      -5.599030      57.223522
      -5.032825      58.302835
      -4.882028      59.285969
      -4.958197      60.503091
      -5.395106      61.835528
      -6.086600      63.181962
      -6.700124      64.111422
      -7.145875      64.292934
      -7.339049      64.035769
      -7.566431      63.798562
      -7.535616      63.530828
      -7.098733      62.818526
      -6.495158      61.566910
      -5.746214      59.858802
      -5.378884      58.032114
      -5.506567      56.835067
      -5.709525      56.515664
      -5.665806      57.149583
      -5.916493      58.601717
      -6.409898      60.433650
      -6.464551      62.153002
      -6.305371      63.395458
      -6.098312      64.047775
      -5.592668      64.132118
      -4.622434      63.599545
      -3.323989      62.125672
      -2.289610      60.323274
      -1.943362      58.941766
      -2.111883      58.347116
      -2.329465      58.989142
      -2.560930      60.869417
      -2.832954      63.994795
      -2.764331      68.487789
      -2.621242      74.620330
      -2.445604      81.663058
      -2.512082      88.697300
      -2.683329      95.057806
      -2.633424     100.539403
      -2.764053     105.177424
      -2.923202     109.178756
      -2.869117     112.824914
      -2.864063     115.705342
      -3.185432     118.302956
      -3.649206     120.779242
      -4.017458     123.318795
      -4.239891     126.092398
      -4.151664     129.596731
      -3.642964     133.484904
      -2.886299     137.510017
      -2.419793     140.816134
      -2.370135     143.262821
      -2.432147     145.155982
      -2.460263     146.588891
      -2.337672     147.525937
      -2.179242     147.947731
      -1.846952     147.867813
      -1.280292     147.504401
      -0.322680     147.164031
       0.591187     147.255372
       1.311676     147.801049
       1.667034     148.833836
       1.496991     150.288029
       0.550239     152.101768
      -0.755102     154.175727
      -1.555802     156.461024
      -1.968465     158.716694
      -2.364619     160.288971
      -2.873492     161.194990
      -3.515483     162.011067
      -4.464882     162.854956
      -5.574541     163.765871
      -6.684372     164.651753
      -7.299905     165.749479
      -7.672074     167.143251
      -8.134146     168.360809
      -8.789474     169.455388
      -9.649475     170.863245
     -10.172019     172.594521
     -10.458332     174.038767
     -10.418021     175.154833
     -10.663577     175.875848
     -10.744496     176.776885
     -10.727787     177.992403
     -10.637288     179.188164
     -10.723488    -179.889187
     -10.956286    -179.270966
     -11.211888    -178.967791
     -11.439821    -178.941796
     -11.741634    -179.017799
     -12.011512    -179.118902
     -12.092421    -179.190786
     -11.968604    -179.286819
     -11.698036    -179.730149
     -11.397032     179.642315
     -10.977231     179.019586
     -10.481209     178.478436
      -9.942301     177.993297
      -9.311662     177.573106
      -8.681433     177.275429
      -8.189497     177.123929
      -7.826897     177.061700
      -7.433150     177.140812
      -7.294644     177.302337
      -7.303425     177.437848
      -7.276476     177.400021
      -6.849302     176.718134
      -6.610032     175.682753
      -6.612299     175.063676
      -7.067636     175.216692
      -7.166871     175.705212
      -7.281249     175.991465
      -7.442055     175.947499
      -7.425722     175.509221
      -7.203933     174.636627
      -6.578018     173.212237
      -5.744152     170.730765
      -4.550645     167.183797
      -2.941820     162.984861
      -2.109473     159.327290
      -1.736586     156.947552
      -1.320409     155.434191
      -0.722938     154.598365
      -0.096063     154.119677
       0.588817     153.933206
       0.997258     153.775343
       1.173729     153.452768
       1.173624     152.846311
       1.142166     151.958194
       0.295033     150.132080
      -1.156710     146.313575
      -0.938452     140.317930
       1.198971     133.819087
       3.938124     128.706526
       6.188728     125.556047
       7.538181     123.861888
       8.191722     123.117345
       8.822530     122.824107
       9.446503     122.592330
      10.186931     122.417457
      11.436682     122.316256
      13.153187     122.252377
      14.276294     122.224682
      14.576591     122.282597
      14.185703     122.432271
      13.747726     122.708626
      13.183575     123.090981
      12.305432     123.488587
      11.372199     123.883375
      10.822614     124.227709
      10.480284     124.504627
       9.760609     124.791026
       8.569260     125.152000
       7.209623     125.529624
       6.344060     125.799160
       5.911397     125.822940
       5.754496     125.692830
       5.788851     125.505193
       5.799226     125.317635
       5.854750     125.182979
       5.902357     125.110764
       5.954953     125.121362
       5.979349     125.159956
       5.976083     125.268035
       5.974722     125.545614
       5.987822     125.976927
       5.917279     126.638930
       5.725378     127.529504
       5.367049     128.784364
       4.639891     130.917530
       3.483633     134.436774
       2.245695     139.180531
       1.219623     144.359750
       0.388490     149.340599
      -0.363282     153.811528
      -1.095699     158.027628
      -1.890545     161.805566
      -2.623500     165.079404
      -3.274584     167.939258
      -3.630096     170.507167
      -3.698837     172.678703
      -3.597227     174.787992
      -3.424491     176.756874
      -3.238153     178.437909
      -3.105308     179.803762
      -3.057811    -179.012359
      -3.081868    -177.946203
      -3.206191    -177.054726
      -3.491285    -176.471766
      -3.720636    -176.279856
      -3.748205    -176.255046
      -3.733700    -176.236725
      -3.740503    -176.293242
      -3.670225    -176.335847
      -3.657075    -176.451075
      -3.528665    -176.567625
      -3.149841    -176.439166
      -2.490136    -175.888302
      -1.698972    -175.160137
      -0.369064    -174.401334
       1.069926    -173.721623
       2.218271    -173.303627
       3.034161    -173.154672
       3.542851    -173.192848
       3.878972    -173.285637
       4.133675    -173.308698
       4.176043    -173.257680
       4.135704    -173.206292
       4.078653    -173.249423
       3.842371    -173.304637
       3.611558    -173.425655
       3.221454    -173.617896
       2.774902    -173.882856
       2.375996    -174.118441
       2.012587    -174.313480
       1.698946    -174.478308
       1.480201    -174.657960
       1.280876    -175.023169
       1.013637    -175.636630
       0.828432    -176.394831
       0.807566    -177.468253
       0.768185    -179.458175
       0.596871     176.215568
       0.358279     169.429121
       0.218816     160.880177
       0.338070     151.271547
       0.494091     140.449244
       0.651540     129.323125
       1.104319     118.891822
       1.385468     110.380277
       1.231287     103.089010
       0.943301      97.021364
       0.789495      91.729161
       0.816394      86.361461
       0.817539      80.809752
       0.712658      75.069892
       0.757497      69.269649
       0.910081      64.055930
       0.874690      59.892951
       0.534355      56.554845
       0.007979      53.592523
      -0.471532      51.031268
      -0.928402      48.998478
      -1.444261      47.474358
      -1.948282      46.446272
      -2.344037      45.748294
      -2.404832      45.110212
      -2.290111      44.586771
      -2.353035      44.152868
      -2.629643      43.636844
      -3.045700      42.969013
      -3.398810      42.356877
      -3.470429      42.003014
      -3.466403      41.937988
      -3.424885      42.073334
      -3.345763      42.329911
      -3.288477      42.662923
      -3.265146      43.044705
      -3.324171      43.481448
      -3.459777      43.917682
      -3.675814      44.356038
      -3.919947      44.731554
      -4.138865      45.067635
      -4.314164      45.346200
      -4.344697      45.605988
      -4.256853      45.817594
      -4.037143      46.013191
      -3.832824      46.131897
      -3.686617      46.132033
      -3.690498      46.027913
      -3.755417      45.823908
      -3.853675      45.512019
      -3.958319      45.139344
      -4.005208      44.721359
      -4.057524      44.242796
      -4.142350      43.646713
      -4.257251      43.151355
      -4.436030      42.867914
      -4.652130      42.641304
      -4.901807      42.316146
      -5.157810      41.814255
      -5.426688      41.198705
      -5.665008      40.770695
      -5.756534      40.522603
      -5.657538      40.288485
      -5.635971      40.116036
      -5.648186      40.029858
      -5.420866      39.827964
      -4.805294      38.766315
      -4.166499      35.652740
      -4.212207      29.519920
      -4.859334      21.107317
      -5.566848      11.176135
      -5.925889       0.662362
      -5.893383      -9.535375
      -5.596172     -18.953493
      -4.989422     -27.063038
      -4.526990     -33.667194
      -4.084191     -38.975357
      -3.432217     -43.630209
      -2.473922     -47.590543
      -1.220623     -50.535357
       0.680314     -52.598644
       3.398534     -54.304455
       5.775969     -55.919615
       7.200632     -57.490551
       8.156532     -59.301327
       9.239077     -61.699157
      10.397024     -64.485277
      11.450343     -67.166339
      12.300604     -69.472376
      12.969413     -71.251960
      13.341575     -72.845229
      13.386074     -74.025719
      13.415520     -74.467164
      13.617776     -74.208105
      13.824409     -73.659674
      13.936056     -73.138083
      13.903208     -72.562647
      13.973921     -71.943173
      14.080573     -71.193870
      14.213280     -70.459697
      14.444338     -69.846260
      14.505094     -69.231031
      14.570405     -68.578747
      14.592184     -67.774016
      14.571215     -66.679112
      14.554675     -65.437637
      14.382319     -64.397340
      14.206230     -63.618109
      14.093477     -63.051381
      14.051489     -62.586827
      14.158869     -62.160122
      14.322147     -61.703873
      14.445035     -61.284003
      14.519273     -60.902241
      14.604938     -60.574275
      14.721305     -60.352246
      14.747043     -60.145186
      14.359986     -59.875233
      13.007956     -59.365236
      11.187204     -58.757379
      10.307284     -58.533621
       9.742607     -58.870281
       9.574354     -59.590811
       9.514713     -60.474415
       9.416618     -61.352900
       9.314182     -62.067659
       9.354439     -62.643236
       9.733503     -63.359307
      10.196901     -64.615693
      10.637734     -66.159221
      10.821531     -67.400409
      10.736629     -68.028266
      10.530102     -68.217967
      10.234311     -68.128807
       9.931233     -67.823009
       9.777843     -67.502309
       9.825560     -67.212073
       9.952841     -67.098015
      10.269593     -67.035010
      10.866582     -66.984346
      11.788803     -66.794840
      12.862295     -66.424021
      13.973156     -65.876814
      15.084516     -65.042606
      16.153457     -63.987738
      17.116727     -62.868505
      17.851987     -61.651257
      18.332006     -60.362509
      18.887973     -59.047266
      19.549376     -57.626251
      20.337747     -55.966490
      20.953209     -54.254671
      21.124902     -52.478127
      20.809353     -50.707412
      20.308952     -49.078225
      19.821282     -47.564772
      19.415017     -46.231189
      18.843239     -45.235285
      18.098056     -44.585202
      17.087306     -44.346873
      15.571402     -44.791062
      13.226683     -45.497623
       9.542115     -45.866193
       5.203315     -45.748134
       1.421106     -45.569691
      -1.879078     -45.913063
      -4.141211     -46.827656
      -5.653653     -47.893437
      -6.886463     -48.747001
      -7.555923     -49.140444
      -8.020962     -49.539448
      -8.699070     -50.292097
      -8.941733     -51.589054
      -8.996621     -53.286180
      -8.376312     -55.084877
      -7.041700     -56.889747
      -2.331737     -58.529051
       4.392006     -60.216424
       8.041766     -60.737874
      10.791387     -61.338304
      12.371692     -62.533307
      13.012355     -63.933363
      13.546770     -65.807286
      13.681952     -67.867295
      13.394056     -70.048079
      12.873732     -72.322570
      12.762956     -74.933997
      12.737993     -77.683388
      12.575602     -79.721545
      12.334334     -80.570072
      11.734545     -80.821443
      11.435652     -80.836606
      11.218028     -80.754255
      10.590140     -80.569616
       9.919255     -79.932802
       9.518945     -78.712028
       9.168082     -76.366192
       8.711112     -73.327464
       8.436391     -70.185766
       8.242950     -67.197176
       8.036563     -64.750616
       7.854699     -63.007848
       7.808983     -61.907606
       8.218031     -61.297743
       8.648058     -61.235554
       8.898547     -61.744041
       8.766415     -63.081830
       8.580524     -64.986769
       8.592394     -67.178122
       8.416021     -69.294857
       8.211397     -71.055771
       8.163967     -72.505131
       7.963947     -73.515469
       7.615082     -74.198454
       7.005726     -74.722712
       6.464586     -75.183230
       5.811832     -75.751900
       5.306084     -76.510791
       5.376806     -77.481953
       5.586101     -78.650844
       5.614419     -79.942176
       5.157650     -81.237131
       4.313058     -82.547192
       3.776201     -83.919087
       3.622263     -84.939888
       3.583864     -85.559148
       3.886860     -85.735993
       4.514883     -85.531531
       5.029135     -84.803114
       5.671083     -83.939865
       6.075776     -83.105701
       6.055606     -82.370493
       5.817372     -82.076090
       5.447763     -82.109603
       5.074969     -82.053048
       4.614219     -81.813927
       4.331756     -81.589853
       4.493806     -81.620850
       4.879169     -82.297395
       5.179762     -83.596484
       5.277366     -85.105609
       5.211514     -86.940632
       4.816039     -91.098253
       4.179566     -99.294043
       3.635408    -110.675739
       3.030378    -123.194795
       3.068142    -134.842306
       3.065049    -144.890050
       2.979256    -153.161716
       3.101663    -159.597301
       3.069000    -164.224860
       3.015202    -167.580499
       2.799912    -170.203739
       2.211641    -172.379860
       1.299444    -174.209812
       0.179501    -175.525094
      -0.699122    -176.501375
      -1.386490    -177.480764
      -1.970555    -178.582182
      -2.209473    -179.757970
      -2.059121     179.092150
      -1.757906     177.979386
