       3.255588      -1.254270
       3.332177      -1.845518
       3.274157      -2.178121
       3.643177      -2.082932
       4.656953      -1.614322
       5.641705      -0.967436
       6.217555      -0.354376
       6.633326       0.395500
       6.908843       1.192467
       6.505320       1.966559
       5.624692       2.374447
       4.487047       2.147372
       3.673344       1.119221
       3.864080      -0.815799
       4.194785      -3.215887
       4.293651      -5.566876
       4.177287      -7.562820
       3.664859      -9.041682
       2.771275      -9.738320
       1.234937      -9.994751
      -0.926784     -10.218792
      -3.224180     -10.382039
      -5.094582     -10.211124
      -7.165198      -9.803595
      -9.596928      -8.780723
     -11.764049      -7.199807
     -13.227987      -5.615127
     -14.289190      -4.043699
     -15.051512      -2.545548
     -15.456415      -1.160393
     -15.667768      -0.048696
     -15.161468       0.567488
     -13.888550       0.505008
     -11.923710      -0.291948
      -9.191536      -1.861795
      -5.776769      -4.074022
      -2.388178      -6.575559
       0.382919      -9.084272
       2.403225     -11.461501
       4.113497     -13.641835
       5.647111     -15.657177
       6.877593     -17.425683
       7.731661     -18.888187
       7.884529     -20.141198
       7.782018     -21.261336
       7.575573     -22.255173
       7.404039     -23.415163
       7.526597     -24.743865
       7.744656     -26.173887
       8.102902     -27.615967
       8.591515     -28.973308
       8.999437     -30.147928
       9.379022     -31.123959
       9.622841     -31.877592
       9.777526     -32.394466
       9.677538     -32.645011
       9.419587     -32.732984
       8.649319     -32.650750
       7.463976     -32.410453
       7.092315     -32.223524
       7.091914     -32.211080
       7.176775     -32.313342
       7.358398     -32.483860
       7.446999     -32.701015
       7.530815     -32.978842
       7.805088     -33.504257
       8.430511     -34.653150
       9.313696     -36.753511
      10.454426     -39.738361
      11.690559     -43.220791
      12.983365     -46.936953
      14.261486     -50.712381
      15.521902     -54.461779
      16.641316     -57.796398
      17.347477     -60.547591
      17.672848     -62.591858
      17.802416     -63.980685
      18.008910     -64.818221
      18.350092     -65.161588
      18.927525     -65.103955
      19.647428     -64.674739
      20.374164     -63.894284
      21.034770     -62.900775
      21.373876     -61.858584
      21.682326     -60.852889
      21.941623     -59.647822
      22.114669     -58.202935
      21.951361     -56.052178
      21.340814     -52.683108
      20.234533     -48.041858
      19.047325     -42.947554
      17.772298     -37.236358
      16.254279     -31.305150
      14.780318     -25.495118
      13.315379     -20.167001
      11.917542     -15.449522
      10.777862     -11.368446
      10.145782      -7.758981
       9.709150      -4.581429
       9.436425      -1.958249
       9.394742       0.183257
       9.521401       1.730320
       9.769347       2.797824
      10.142808       3.627605
      10.551088       4.502265
      10.900626       5.527795
      11.191077       6.713221
      11.507060       8.158968
      12.020466       9.825777
      12.675608      11.658548
      13.348092      13.670633
      13.894554      15.722781
      14.327294      17.792815
      14.696851      19.961776
      15.083806      22.137290
      15.442771      24.211013
      15.691694      26.084788
      15.853391      27.723161
      16.038105      29.149795
      16.322887      30.521423
      16.639124      31.926767
      16.971195      33.442287
      17.266353      34.976446
      17.689017      36.483398
      18.192152      37.953500
      18.868892      39.356937
      19.663792      40.727926
      20.507463      42.077516
      21.407916      43.531373
      22.494299      45.318943
      23.845576      47.489279
      24.971354      49.812918
      25.577408      51.746829
      25.690698      53.134656
      25.591180      54.539506
      25.602291      56.359141
      25.763597      58.475735
      25.959012      60.905884
      25.875362      63.470460
      25.712397      65.954478
      25.558667      68.045179
      25.447602      69.711429
      25.370198      71.147486
      25.246825      72.437565
      25.005365      73.736945
      24.731684      75.252943
      24.413236      77.022604
      24.224516      78.893272
      24.279383      80.379662
      24.152202      82.043975
      24.097578      83.283837
      24.081156      84.574708
      23.712608      86.937630
      22.983046      89.782758
      21.365944      92.932576
      19.549680      96.005634
      17.925316      98.931175
      16.464178     101.982309
      15.170700     105.240827
      14.293349     108.544099
      13.564988     111.596378
      13.069300     114.243155
      12.848053     116.650461
      12.726947     118.991439
      12.715000     121.162956
      12.783953     123.049832
      12.868584     124.778117
      13.124564     126.437839
      13.440126     128.019743
      13.724557     129.552483
      13.935818     130.956814
      14.209564     132.192712
      14.576255     133.321737
      14.943584     134.305081
      15.387589     135.088237
      16.432749     135.138886
      18.241933     134.485616
      20.204621     133.350199
      22.027140     131.940497
      23.594048     130.309256
      24.964192     128.562466
      26.231504     126.683265
      27.172511     124.845804
      27.732377     122.950166
      28.042389     120.991639
      28.075031     118.960520
      27.961709     116.989792
      27.844373     115.059951
      27.616761     112.994269
      27.447935     110.770072
      27.285344     108.359600
      27.245864     105.769815
      27.156359     102.905532
      27.036237      99.871388
      27.057414      96.888457
      26.988505      93.866611
      26.907150      90.905702
      26.797289      88.163028
      26.613062      85.594517
      26.368384      83.203609
      26.147540      80.898271
      26.065219      78.699113
      26.090919      76.622886
      26.115382      74.622263
      26.072033      72.637222
      26.076929      70.779003
      26.044664      68.708677
      26.010541      66.409527
      26.108839      63.696792
      26.366942      60.275121
      26.584806      55.964503
      26.275562      51.032716
      25.367964      45.501907
      23.797474      39.559883
      21.847054      33.209431
      19.692756      26.042823
      18.129101      18.365976
      18.157880      10.992078
      18.427308       3.605613
      18.354834      -3.308183
      17.874713      -9.873492
      17.130244     -16.106436
      16.247514     -21.820586
      15.143525     -26.739058
      14.350855     -30.393528
      13.744263     -32.453938
      13.058938     -33.534679
      12.221298     -34.407822
      11.402914     -35.011574
      11.028577     -35.229394
      10.978682     -35.129668
      11.061692     -34.972208
      11.084462     -34.625635
      10.895117     -34.033056
      10.846373     -33.061518
      10.948050     -31.709065
      11.058544     -29.967677
      11.079828     -27.947594
      10.913212     -25.741799
      10.673212     -23.556649
      10.461585     -21.349503
      10.711190     -19.135402
      10.999521     -16.698187
      11.067314     -14.195013
      10.932971     -11.744376
      10.729194      -9.634084
      10.511160      -8.126189
      10.386048      -7.047960
      10.267068      -6.014082
      10.280121      -4.643579
      10.447965      -3.111397
      10.681270      -1.513753
      10.875917       0.124538
      11.121432       1.871327
      11.387994       3.615803
      11.748732       5.194250
      12.121501       6.483186
      12.488190       7.409591
      13.059851       7.319246
      13.731529       5.246306
      14.011886       2.170030
      14.106269      -1.115103
      13.904693      -4.460247
      13.493827      -7.684039
      12.855902     -10.283131
      12.161330     -11.996655
      11.637574     -12.708146
      11.260942     -12.866209
      10.893253     -12.807922
      10.662240     -12.707741
      10.563027     -12.576500
      10.620007     -12.343290
      10.650782     -12.073705
      10.604922     -11.723451
      10.397592     -11.259463
      10.120379     -10.625386
       9.756254      -9.855867
       9.391271      -9.043478
       9.046588      -8.180517
       8.712656      -7.201207
       8.380404      -6.134003
       8.411174      -5.051217
       9.072169      -4.056758
      10.438165      -3.169954
      11.718991      -2.061838
      12.411349      -0.643188
      12.407740       1.119728
      12.078335       3.199446
      11.817163       5.411217
      11.792084       7.591435
      11.819376       9.660874
      11.873603      11.594768
      12.025380      13.510646
      12.031310      15.367671
      12.057623      17.093534
      12.522272      18.375537
      13.237868      18.975649
      13.808519      18.991824
      14.131030      18.682441
      14.291393      18.131461
      14.335112      17.394009
      14.395182      16.563981
      14.523747      15.773672
      14.672776      15.039122
      14.770396      14.315611
      14.794496      13.547082
      14.655400      12.723008
      14.430327      11.805202
      14.225936      10.763243
      14.018545       9.590915
      13.877515       8.415316
      13.858785       7.394118
      13.860808       6.514752
      13.828351       5.795012
      13.702630       5.281068
      13.582223       4.817830
      13.533441       4.289078
      13.500597       3.772741
      13.478694       3.250832
      13.437197       2.713972
      13.428091       2.198870
      13.427941       1.753843
      13.423713       1.407391
      13.393916       1.171812
      13.371826       1.015357
      13.361157       0.899752
      13.339056       0.806057
      13.297130       0.737333
      13.299353       0.668619
      13.280615       0.571751
      13.266426       0.475354
      13.218613       0.391173
      13.154201       0.304155
      13.108219       0.241461
      13.067212       0.228166
      13.042361       0.281143
      13.024662       0.343677
      13.030562       0.379025
      13.020441       0.369041
      12.987447       0.324038
      12.982394       0.171263
      13.020073      -0.179686
      13.100809      -0.841765
      13.141863      -1.926645
      13.151853      -3.625215
      13.008504      -6.018264
      12.868857      -9.115969
      12.886986     -12.614806
      12.938309     -16.224697
      12.863382     -19.969583
      12.730494     -23.955075
      12.597257     -27.954778
      12.537013     -31.888081
      12.615163     -35.780157
      12.807466     -39.473148
      13.017424     -42.742836
      13.197463     -45.704610
      13.434583     -48.454899
      13.791169     -51.133902
      14.583737     -53.758579
      15.752353     -56.339378
      16.997302     -58.787741
      17.994774     -60.930460
      18.902605     -62.638666
      19.647198     -64.014296
      20.201332     -65.208507
      20.696938     -66.371419
      21.147684     -67.298790
      21.506645     -67.940665
      21.799902     -68.167236
      21.920604     -68.020296
      22.021020     -67.552968
      22.327176     -66.982933
      24.011220     -66.700876
      26.863937     -66.631692
      31.015885     -66.990282
      36.793310     -67.823363
      41.644697     -68.007333
      44.122201     -66.955083
      44.434372     -65.252682
      44.152057     -63.669272
      44.254856     -62.079316
      44.828879     -60.378421
      45.410726     -58.894707
      45.968798     -57.558141
      46.468071     -56.490184
      47.616072     -56.049127
      48.972881     -55.435710
      50.253241     -54.733879
      51.481893     -53.880199
      53.851834     -52.746997
      57.396912     -51.549785
      60.759401     -49.837475
      63.570175     -47.611880
      65.749060     -43.711185
      68.286544     -37.964977
      70.339938     -27.918003
      72.540631     -14.115131
      73.846228       5.653748
      73.623164      28.215933
      71.471571      45.983942
      68.988874      59.526465
      66.114351      69.105884
      64.148190      74.224279
      63.163943      75.546817
      63.029991      74.479831
      63.133786      72.143622
      63.372300      68.680011
      63.478153      65.471558
      63.807110      63.965672
      64.270941      63.998195
      64.115691      64.124526
      63.087712      62.534871
      61.959824      59.870653
      60.753543      55.593048
      59.052643      46.529983
      56.227351      33.541423
      51.503153      22.984481
      45.998906      16.125758
      40.691057      12.598282
      35.934059      11.039678
      32.508403       9.571615
      29.847196       8.992454
      27.216841       9.136410
      23.465261       8.918953
      18.622471       7.610437
      12.080028       3.504517
       7.449153      -2.177644
       5.438691      -8.080801
       4.787810     -13.483585
       4.664851     -17.825654
       4.834118     -20.393893
       4.752716     -21.461739
       4.676412     -21.849206
       4.894110     -22.165655
       5.338966     -22.598581
       5.694558     -23.728662
       6.227586     -25.518813
       6.834041     -27.748758
       7.493094     -30.238278
       7.983653     -32.641118
       8.363002     -34.862658
       8.588580     -36.832047
       8.728682     -38.340503
       8.708726     -39.463070
       8.540603     -40.391084
       8.331391     -41.120609
       8.230567     -41.633754
       8.114841     -41.858600
       7.904277     -42.062605
       7.499306     -42.319308
       6.869039     -42.776349
       6.724455     -43.314711
       6.991019     -44.189369
       7.303672     -45.338395
       7.692812     -47.017997
       8.427311     -49.428932
