      -4.597333      25.467377
      -4.315717      25.148409
      -4.068107      24.850992
      -3.762248      24.590009
      -3.508644      24.332437
      -3.394358      23.988088
      -3.022096      23.912661
      -2.575007      24.105886
      -2.026094      24.700371
      -0.956065      25.557881
       1.117411      26.653540
       3.493013      27.498424
       5.167127      28.049213
       5.832218      28.410908
       6.134156      28.345958
       6.302274      28.158020
       6.637623      27.964958
       6.908925      27.331602
       7.002170      26.336223
       6.858305      24.953890
       6.458414      23.001462
       5.676289      20.444788
       4.529249      17.134741
       2.970262      13.424371
       1.589116       9.962468
       0.224010       7.374518
      -1.082449       5.468526
      -2.144390       3.935630
      -2.581843       2.647342
      -2.514616       1.779973
      -2.046893       1.165025
      -1.731782       0.797398
      -1.770306       0.453087
      -1.988053       0.246365
      -2.188038       0.012258
      -2.305216      -0.217095
      -2.299039      -0.415352
      -2.368068      -0.433358
      -1.897671      -0.253985
      -1.056701       0.079801
       0.029831       0.807026
       0.914219       2.091742
       1.757705       3.737598
       2.606855       5.578915
       3.103694       7.617378
       2.911076       9.598732
       2.083853      11.772554
       1.241339      14.164908
       0.557635      16.799584
       0.157522      19.736468
      -0.104633      22.916461
      -0.139064      26.263031
       0.006054      29.880894
       0.366622      33.543517
       0.893392      37.059725
       1.380434      40.248829
       1.638565      42.965851
       1.816329      45.189284
       2.021611      46.808893
       2.048760      48.069145
       2.048200      49.046985
       2.376110      49.886502
       4.002042      51.422803
       7.124016      54.862964
       8.407682      59.552561
       8.544510      64.035385
       8.288823      67.625663
       7.613700      70.133713
       7.089189      71.678417
       6.486116      72.355364
       5.948296      72.678740
       5.280877      73.045936
       4.628358      73.664560
       3.959135      74.779262
       3.571901      76.325816
       4.061943      78.192472
       4.326356      80.114527
       3.876336      81.816899
       3.147016      83.094199
       2.089268      83.920243
       0.831825      84.203213
      -0.513916      84.125967
      -1.655318      83.997110
      -2.322494      84.313341
      -2.827521      84.890025
      -3.052001      85.400877
      -3.116395      85.805895
      -3.110125      86.412450
      -3.157795      87.235356
      -3.382560      88.131826
      -3.799389      89.130421
      -4.181401      90.272190
      -4.445242      91.418001
      -4.656640      92.284377
      -5.114931      93.107623
      -5.543733      94.258864
      -5.849688      95.764104
      -6.063440      97.397628
      -6.137436      99.132159
      -6.167684     100.915842
      -6.130865     102.774712
      -6.086060     104.665241
      -6.051670     106.552360
      -6.012005     108.437468
      -5.923871     110.347307
      -5.830215     112.201107
      -5.710354     113.983567
      -5.563348     115.624774
      -5.411248     117.111917
      -5.224222     118.443208
      -5.050959     119.585492
      -4.909411     120.564824
      -4.812862     121.445412
      -4.739826     122.305017
      -4.686486     123.121833
      -4.617977     123.888475
      -4.474577     124.496866
      -4.404149     124.997499
      -4.362122     125.591338
      -4.322791     126.269747
      -4.267567     126.928447
      -4.138488     127.437589
      -3.939224     127.689445
      -3.676147     127.670377
      -3.387237     127.454647
      -3.028454     127.104087
      -2.580097     126.620366
      -2.093845     126.130700
      -1.702804     125.742556
      -1.542397     125.525778
      -1.658355     125.416456
      -1.983391     125.367244
      -2.289869     125.305735
      -3.018737     125.168883
      -4.551003     124.654709
      -6.611509     123.773325
      -8.863897     122.650157
     -11.173614     121.643743
     -13.262000     120.835758
     -14.898194     120.197409
     -16.190004     119.764104
     -17.022400     119.501893
     -17.705633     118.941966
     -18.260174     117.187677
     -18.054022     113.435102
     -17.184519     107.925265
     -15.849713     101.395940
     -14.396401      94.534403
     -12.452905      88.258585
     -10.184326      83.351262
      -8.428142      79.910207
      -7.200518      77.994368
      -6.745988      77.172346
      -7.225069      77.100239
      -7.933479      76.900562
      -8.027944      75.235652
      -7.290119      70.939566
      -5.234350      63.980943
      -2.584792      56.087066
      -0.346277      49.233941
       1.293481      44.276470
       2.326003      41.232369
       2.658461      40.167474
       1.955854      40.875864
       0.138906      43.437725
      -2.639809      47.318322
      -5.345248      51.477731
      -7.063028      55.363223
      -6.689590      58.197413
      -4.589392      59.710619
      -2.456329      60.484284
      -1.271996      61.165375
      -1.169961      61.718585
      -1.943094      62.181790
      -2.863725      62.626756
      -3.596599      63.003933
      -4.278865      63.218410
      -5.027761      63.323987
      -5.707673      63.374636
      -6.554498      63.514819
      -8.143470      63.445592
     -11.115477      63.084302
     -14.580632      62.343125
     -17.248623      60.952492
     -18.652918      59.321780
     -19.479148      57.559001
     -20.001026      55.659715
     -20.358718      53.766511
     -20.719044      51.935156
     -21.012989      50.271377
     -21.222096      48.635080
     -20.974074      47.074698
     -19.972254      45.427327
     -18.626690      43.812964
     -17.032315      42.327424
     -15.570840      41.165629
     -14.280383      40.139036
     -13.124713      39.175940
     -11.861228      38.099065
     -10.676122      36.794629
      -9.640776      35.556763
      -8.612377      34.485274
      -7.520662      33.580522
      -6.533542      32.806653
      -5.649309      32.136617
      -4.875853      31.546821
      -4.233193      31.033293
      -3.789335      30.614693
      -3.598473      30.351243
      -3.268584      30.332014
      -2.193868      30.287138
       1.101324      30.122783
       5.616296      29.376844
       8.295366      28.515167
       9.748939      28.088324
      10.514971      28.010906
      10.961146      28.311014
      11.308264      28.701667
      11.604722      29.305650
      11.890008      30.189014
      12.020367      32.342494
      11.545437      36.499883
      10.396484      43.046186
       8.595223      51.023628
       6.173616      59.534950
       4.278718      67.738360
       3.537990      74.861885
       3.141653      80.900743
       3.010140      85.601162
       2.755175      89.282125
       2.289040      92.183584
       1.615851      94.205670
       0.886290      95.517776
       0.448619      96.061131
       0.653672      96.063180
       0.983888      95.958910
       1.077679      95.901140
       0.883945      95.845731
       0.689209      95.865665
       0.596580      96.180487
       0.484768      96.721657
       0.217959      97.352934
      -0.109691      97.919379
      -0.342508      98.421090
      -0.442878      98.822096
      -0.412229      99.034086
      -0.414829      99.038748
      -0.440998      98.829343
      -0.428658      98.496248
      -0.456153      98.078155
      -0.498447      97.795409
      -0.594616      97.580009
      -0.697256      97.428946
      -0.789749      97.346911
      -0.846960      97.277650
      -0.863772      97.160110
      -0.880353      96.912616
      -0.849378      96.539538
      -0.861349      95.917751
      -0.870950      95.187323
      -0.926724      94.345193
      -0.934342      93.516420
      -0.970525      92.825984
      -1.058314      92.344245
      -1.178574      91.996220
      -1.243987      91.725441
      -1.286702      91.544099
      -1.291601      91.390151
      -1.307295      91.187623
      -1.277468      90.972194
      -1.131771      90.939516
      -0.839876      91.406121
      -0.670194      93.276288
      -1.122491      97.665998
      -1.441697     103.370077
      -1.487283     108.740138
      -1.368975     113.036088
      -1.152753     116.154870
      -0.993598     118.285121
      -0.895256     119.515017
      -0.773678     119.918451
      -0.620040     119.794305
      -0.524301     119.494258
      -0.433014     119.557147
      -0.378853     120.069223
      -0.366503     120.857110
      -0.395947     121.837568
      -0.299600     123.092574
      -0.050779     124.665239
       0.218151     126.542372
       0.429997     128.647173
       0.665545     130.677749
       1.201710     132.298537
       1.885443     133.485681
       2.478749     134.629656
       3.003411     135.803657
       3.440407     136.717331
       3.756548     137.411837
       3.827708     138.303965
       3.657488     139.427628
       3.339124     140.383014
       2.987005     141.035623
       2.602090     141.432277
       2.158563     141.682948
       1.739061     141.783070
       0.902399     141.684745
      -0.640885     140.827043
      -2.113796     139.408559
      -3.086540     137.664771
      -3.416938     136.337143
      -3.438671     135.522221
      -3.261560     135.160567
      -3.018494     135.227594
      -2.709130     135.620032
      -2.296111     136.265822
      -1.841664     137.095198
      -1.569705     137.863122
      -1.273284     138.484054
      -1.082729     139.039581
      -0.844575     139.483367
      -0.647715     139.955198
      -0.480159     140.702237
      -0.149595     141.857499
       0.497530     143.188984
       2.057295     144.578724
       4.040605     146.234552
       5.485435     147.559081
       6.467494     148.357935
       6.863993     149.003988
       6.940425     149.749832
       6.905976     150.605785
       6.843817     151.437065
       6.540229     152.173788
       6.245982     152.993469
       5.886672     153.671675
       5.389425     154.463496
       4.182631     155.479944
       2.656358     156.518638
       1.436405     157.489917
       0.714054     157.993027
       0.349526     158.040538
       0.368583     157.849113
       0.428537     157.709192
       0.286714     157.661166
       0.090133     157.340291
      -0.059322     156.397203
      -0.176592     154.772801
      -0.356752     152.562729
      -0.543587     150.422676
      -0.605193     148.307228
      -0.253089     146.477413
       0.366615     144.737947
       1.019014     143.091154
       1.622585     141.404883
       2.152646     139.417506
       2.874871     137.157863
       3.664346     134.738745
       4.593716     132.542719
       5.429322     130.800359
       5.971066     129.436925
       6.329619     128.150008
       6.603418     126.906454
       6.683868     125.822561
       6.546433     124.980480
       6.033846     123.804584
       5.304457     120.720141
       4.354834     114.237841
       3.393504     104.883001
       2.763420      94.112406
       2.064683      82.417412
       1.721954      70.441551
       1.707055      59.951901
       1.506744      51.397182
       1.364611      44.677140
       1.363584      39.764815
       1.395134      36.165926
       1.440190      32.939517
       1.461993      29.977286
       1.354370      27.520562
       0.871800      25.980655
      -0.106553      25.419545
      -1.625374      25.619218
      -3.370987      26.134203
      -4.791120      26.630406
      -5.896143      27.047178
      -6.659931      27.093382
      -6.996244      26.478194
      -7.119450      25.323469
      -7.046930      23.959927
      -6.817038      22.641891
      -6.786477      21.288907
      -6.973519      19.746801
      -6.771337      18.027373
      -5.527902      15.686165
      -3.179613      12.885552
      -1.024878       9.888161
       0.195246       6.962363
       1.261571       4.090869
       2.386420       1.252586
       3.083072      -1.296632
       3.252344      -3.425230
       2.773466      -5.181997
       2.069517      -6.765243
       0.774785      -7.714888
      -0.278352      -7.878331
      -0.624718      -7.426743
      -0.385920      -7.003346
      -0.311564      -6.612188
      -0.143592      -6.315907
       0.051579      -6.125647
       0.134920      -6.065652
