       9.332367      18.903241
       9.338056      18.797375
       9.363779      18.725789
       9.414945      18.643516
       9.424481      18.536466
       9.437756      18.388437
       9.395791      18.213474
       9.302047      18.048038
       9.360298      17.897647
       9.319075      17.721153
       9.149655      17.519867
       9.159717      17.333836
       9.023422      17.190476
       8.845885      17.076149
       8.767336      16.957730
       8.630773      16.865056
       8.412194      16.767805
       8.229048      16.680987
       8.080185      16.641590
       7.981287      16.656663
       7.928935      16.734917
       7.927396      16.843168
       7.893824      16.952526
       7.829762      17.055058
       7.731655      17.153590
       7.577395      17.232658
       7.389952      17.302819
       7.244567      17.371869
       7.175247      17.459224
       7.150382      17.538744
       7.119862      17.601527
       7.087179      17.652057
       7.043861      17.688619
       6.933791      17.688373
       6.928469      17.730090
       6.936089      17.814340
       6.887031      17.884770
       6.828237      17.942129
       6.746342      17.954122
       6.628246      17.972696
       6.520248      17.998545
       6.454512      18.041180
       6.378666      18.097495
       6.291325      18.164290
       6.225526      18.221805
       6.133692      18.256050
       5.987604      18.280880
       5.720680      18.328320
       5.239190      18.403073
       4.366106      18.594498
       3.380734      18.851810
       2.636547      19.205591
       2.112584      19.534076
       1.598738      19.804398
       1.144401      19.988820
       0.567456      20.165358
      -0.194975      20.380291
      -0.809536      20.632225
      -1.237001      20.870399
      -1.575680      21.029471
      -2.130951      21.199465
      -2.735872      21.486962
      -2.982656      21.859903
      -3.068010      22.251792
      -3.113095      22.597598
      -2.986530      23.011703
      -2.700486      23.923587
      -2.606115      25.315049
      -2.709033      27.064928
      -2.996273      29.049213
      -3.361057      31.140667
      -3.672684      32.967462
      -3.763079      34.478334
      -3.841289      35.723975
      -4.079568      37.049275
      -4.444787      38.941285
      -4.795546      41.001442
      -5.135622      42.701313
      -5.521284      43.779917
      -5.961341      44.145709
      -6.368510      44.106280
      -6.539289      43.789053
      -6.555926      43.231452
      -6.504764      42.501602
      -6.366486      41.610435
      -6.174732      40.470227
      -5.901391      38.998454
      -5.583525      37.274102
      -5.330505      35.585052
      -5.278342      34.149911
      -5.154888      33.029585
      -4.937280      32.320739
      -4.550466      31.984021
      -4.418936      31.728282
      -4.439658      31.264689
      -4.490958      30.698258
      -4.340344      30.110735
      -4.090223      29.456910
      -3.668876      29.036685
      -3.157741      28.695219
      -2.981955      28.353814
      -2.827464      28.107774
      -2.793983      28.033724
      -2.762512      27.977645
      -2.649273      28.023986
      -2.659978      28.047989
      -2.714266      28.143301
      -2.824372      28.151432
      -2.844350      28.184821
      -2.926798      28.233166
      -3.289868      28.252975
      -3.376778      28.273491
      -2.912712      28.382611
      -2.504122      28.452637
      -2.349209      28.288174
      -2.217865      27.881881
      -2.464575      27.388726
      -2.560929      27.064578
      -2.426354      26.933343
      -2.240989      26.940585
      -2.184554      26.992424
      -2.296297      27.027103
      -2.463374      26.947725
      -2.657486      26.789877
      -2.843577      26.666715
      -2.912233      26.633056
      -2.873900      26.713155
      -2.807625      26.789787
      -2.774115      26.842991
      -2.727494      26.911815
      -2.745093      27.002488
      -2.755328      27.077162
      -2.725219      27.114724
      -2.745696      27.123685
      -2.771334      27.106120
      -2.783360      27.083724
      -2.804679      27.064881
      -2.864603      27.059388
      -2.937401      27.074353
      -3.004725      27.083234
      -3.018902      27.102278
      -2.998930      27.134072
      -2.982824      27.090650
      -2.976290      27.017103
      -2.961224      26.939806
      -2.943322      26.883078
      -2.945380      26.843697
      -2.919675      26.824653
      -2.908247      26.803047
      -2.924114      26.760076
      -2.926895      26.684584
      -2.925971      26.566731
      -2.932254      26.439110
      -2.934419      26.336070
      -2.925330      26.247539
      -2.909632      26.184152
      -2.880363      26.159263
      -2.854938      26.149828
      -2.831193      26.110102
      -2.835871      26.048724
      -2.845102      25.981945
      -2.864951      25.952426
      -2.864515      25.970740
      -2.844138      25.999343
      -2.838935      26.031433
      -2.844587      26.040729
      -2.829462      26.013074
      -2.811558      25.955717
      -2.785546      25.885390
      -2.776473      25.804413
      -2.764411      25.735453
      -2.751201      25.681795
      -2.738576      25.640948
      -2.726323      25.624198
      -2.724954      25.558218
      -2.726152      25.491106
      -2.730872      25.379334
      -2.723882      25.217751
      -2.686027      25.043876
      -2.630935      24.915838
      -2.604421      24.807084
      -2.611948      24.718405
      -2.627155      24.608150
      -2.648619      24.478220
      -2.669689      24.349944
      -2.697623      24.265837
      -2.709981      24.230048
      -2.710076      24.245899
      -2.741645      24.299421
      -2.771451      24.344873
      -2.790759      24.395959
      -2.804666      24.395988
      -2.796158      24.408546
      -2.804147      24.389021
      -2.810224      24.396969
      -2.818964      24.409173
      -2.811769      24.415535
      -2.823587      24.411210
      -2.853593      24.390563
      -2.867843      24.352304
      -2.882386      24.301201
      -2.917391      24.256655
      -2.929198      24.229604
      -2.923210      24.236544
      -2.940250      24.294015
      -2.922374      24.348899
      -2.921323      24.394427
      -2.920077      24.384421
      -2.895689      24.363240
      -2.940034      24.300626
      -2.961861      24.246594
      -2.936685      24.231855
      -2.909848      24.254093
      -2.903084      24.262874
      -2.930979      24.244828
      -2.950625      24.218811
      -2.963703      24.188972
      -2.967789      24.187493
      -2.969963      24.203575
      -2.970473      24.221257
      -2.985578      24.229575
      -2.999435      24.229866
      -3.015133      24.244367
      -3.017350      24.203978
      -3.018134      24.151908
      -3.006147      24.127677
      -3.009206      24.129695
      -3.000169      24.148256
      -2.976338      24.172395
      -2.980547      24.176286
      -3.016707      24.157642
      -3.034967      24.140744
      -3.048719      24.132179
      -3.064233      24.121229
      -3.077136      24.114271
      -3.074565      24.127308
      -3.084353      24.144050
      -3.094997      24.158747
      -3.079795      24.197567
      -3.067146      24.193652
      -3.086705      24.170115
      -3.083261      24.148261
      -3.085316      24.156926
      -3.082572      24.181033
      -3.077666      24.201270
      -3.094978      24.202701
      -3.111668      24.205136
      -3.107091      24.206773
      -3.108340      24.188091
      -3.112971      24.164034
      -3.121201      24.161445
      -3.125618      24.174758
      -3.130250      24.207011
      -3.116867      24.222612
      -3.120006      24.191236
      -3.213799      24.052745
      -3.222619      23.944540
      -3.160534      23.932191
      -3.164085      23.997555
      -3.163931      24.078220
      -3.146074      24.122188
      -3.135201      24.160398
      -3.144397      24.172269
      -3.167622      24.171196
      -3.190744      24.166501
      -3.209826      24.182753
      -3.234174      24.217403
      -3.258786      24.283677
      -3.252473      24.380956
      -3.235713      24.486361
      -3.219331      24.550787
      -3.212371      24.581614
      -3.212771      24.592380
      -3.215928      24.596088
      -3.219953      24.601885
      -3.213810      24.627418
      -3.219086      24.629135
      -3.244796      24.616886
      -3.250086      24.609518
      -3.242942      24.592941
      -3.251506      24.572252
      -3.262672      24.552489
      -3.276581      24.558079
      -3.290180      24.582539
      -3.291888      24.627379
      -3.313403      24.658969
      -3.323673      24.629635
      -3.330045      24.572961
      -3.340368      24.537027
      -3.345799      24.541451
      -3.338878      24.595148
      -3.332527      24.599969
      -3.354383      24.573049
      -3.344202      24.542372
      -3.336597      24.523908
      -3.336652      24.504179
      -3.331448      24.494826
      -3.332172      24.503501
      -3.334830      24.545033
      -3.320569      24.613918
      -3.325903      24.657539
      -3.345321      24.599187
      -3.348687      24.522890
      -3.334903      24.492507
      -3.359065      24.480853
      -3.360366      24.484104
      -3.351090      24.474407
      -3.376461      24.447696
      -3.408650      24.401125
      -3.408060      24.375285
      -3.414019      24.359459
      -3.437141      24.345266
      -3.431605      24.336322
      -3.434544      24.354053
      -3.432758      24.379487
      -3.448954      24.407465
      -3.470447      24.367604
      -3.492429      24.325576
      -3.497135      24.308280
      -3.491648      24.318980
      -3.475364      24.339285
      -3.440587      24.366487
      -3.466630      24.387231
      -3.461315      24.395303
      -3.492377      24.372832
      -3.562360      24.319721
      -3.539468      24.298000
      -3.540181      24.315602
      -3.661075      24.305908
      -3.697079      24.320175
      -3.699882      24.398465
      -3.717048      24.431318
      -3.717718      24.353081
      -3.755705      24.239206
      -3.796647      24.162900
      -3.825528      24.135059
      -3.836889      24.166266
      -3.842703      24.191928
      -3.858190      24.201156
      -3.869841      24.190808
      -3.880956      24.130865
      -3.876462      24.055584
      -3.877845      24.034298
      -3.836292      24.072634
      -3.906684      24.161047
      -4.006075      24.174989
      -4.004363      24.122788
      -3.931036      24.059299
      -3.994863      24.001566
      -4.059265      24.004464
      -4.042964      24.048961
      -3.967297      24.136869
      -3.940828      24.198936
      -3.986504      24.201802
      -4.040941      24.143586
      -4.084657      24.086972
      -4.120724      24.046263
      -4.162931      23.999548
      -4.153452      23.974146
      -4.128980      23.978568
      -4.086932      23.997151
      -4.058072      24.033130
      -4.050139      23.999114
      -4.062879      23.933877
      -4.083530      23.876042
      -4.100516      23.862636
      -4.084345      23.886521
      -4.077874      23.932589
      -4.110818      23.950798
      -4.142044      23.949521
      -4.143275      23.953458
      -4.137870      23.945706
      -4.133007      23.942082
      -4.143562      23.945128
      -4.161440      23.950216
      -4.137483      23.972262
      -4.118175      24.034009
      -4.101272      24.041202
      -4.088153      24.004796
      -4.081143      23.980018
      -4.086729      24.013102
      -4.085646      24.056963
      -4.055244      24.107161
      -4.049120      24.129806
      -4.075046      24.125469
      -4.088627      24.097801
      -4.103052      24.046768
      -4.120403      23.993764
      -4.136262      23.966982
      -4.136728      23.960112
      -4.128282      23.961712
      -4.115552      23.979856
      -4.104614      24.000209
      -4.104827      23.963786
      -4.126424      23.907243
      -4.138729      23.893845
      -4.148641      23.921083
      -4.144793      23.952144
      -4.154677      23.933313
      -4.177034      23.923570
      -4.180318      23.903710
      -4.169407      23.881790
      -4.154434      23.862435
      -4.151540      23.866398
      -4.158565      23.894943
      -4.161714      23.929287
      -4.168189      23.940249
      -4.162684      23.952059
      -4.158089      23.981301
      -4.164263      23.973753
      -4.172496      23.940618
      -4.181605      23.926302
      -4.188321      23.933316
      -4.172561      23.959140
      -4.157656      23.976434
      -4.191021      23.970591
      -4.212822      23.936978
      -4.219667      23.902512
      -4.226030      23.869968
      -4.235685      23.851023
      -4.235709      23.850173
      -4.236552      23.858054
      -4.241290      23.870233
      -4.218524      23.877562
      -4.224651      23.894345
      -4.230733      23.862464
      -4.228172      23.817111
      -4.230577      23.799701
      -4.224119      23.807927
      -4.196630      23.848580
      -4.189821      23.873290
      -4.196500      23.869273
      -4.206019      23.832129
      -4.208719      23.811424
      -4.215375      23.775642
      -4.233507      23.734124
      -4.241672      23.691671
      -4.259826      23.641700
      -4.291804      23.558548
      -4.298457      23.377386
      -4.252384      23.049624
      -4.161921      22.339151
      -3.975381      21.208117
      -3.739767      19.498621
      -3.473067      17.333040
      -3.259024      14.877191
      -3.086827      12.314600
      -2.993045       9.642556
      -2.863035       6.941984
      -2.737182       3.999949
      -2.574496       0.432560
      -2.322069      -3.751165
      -2.096103      -8.335177
      -1.984571     -12.847054
      -1.769067     -17.034159
      -1.585093     -20.996448
      -1.387695     -24.998767
      -1.227418     -29.029067
      -1.266498     -33.027069
      -1.425998     -36.441703
      -1.744731     -39.019806
      -2.019767     -40.969498
      -2.204697     -42.464601
      -2.228415     -43.819254
      -2.166442     -45.124205
      -2.128403     -46.601959
      -2.269664     -48.083779
      -2.405604     -49.368899
      -2.460390     -50.385211
      -2.480778     -51.161335
      -2.500605     -51.820535
      -2.511518     -52.536324
      -2.475991     -53.382199
      -2.411862     -54.330406
      -2.449938     -55.291932
      -2.498233     -56.175313
      -2.511741     -57.126007
      -2.564133     -58.206515
      -2.616660     -59.443157
      -2.613716     -60.834009
      -2.614619     -62.253678
      -2.625324     -63.595582
      -2.709124     -64.899940
      -2.795184     -66.269004
      -2.858591     -67.721871
      -2.897726     -69.231439
      -2.927384     -70.728669
      -2.958891     -72.181172
      -2.941322     -73.592919
      -2.957180     -74.900843
      -2.953895     -76.079157
      -2.945719     -77.198438
      -2.955219     -78.259790
      -2.930626     -79.268196
      -2.856500     -80.231669
      -2.773650     -80.982322
