      10.852625       4.709123
      11.543826       4.163164
      12.176482       3.743707
      12.833769       3.550594
      13.574949       3.625523
      14.304384       3.876081
      15.051917       4.118558
      15.854075       4.330197
      16.631581       4.512777
      17.455887       4.849813
      18.470046       5.480563
      19.599579       6.251259
      20.635963       6.932177
      21.349583       7.264968
      21.734021       7.328118
      22.259121       7.112680
      23.034776       6.703219
      23.907073       6.257964
      24.701068       5.862050
      25.306656       5.474922
      25.639683       5.087972
      25.547712       4.716163
      25.039614       4.132221
      24.505021       3.462407
      24.179406       2.814791
      24.099380       2.263163
      24.187063       1.810338
      24.242217       1.509956
      24.192168       1.330278
      24.123959       1.191221
      24.201248       1.096245
      24.340225       1.058687
      24.414197       1.112130
      24.474604       1.304594
      24.612429       1.527202
      24.755000       1.830973
      25.035355       2.131636
      25.326711       2.266749
      25.492694       2.142719
      25.465651       1.892378
      25.444231       1.570392
      25.417629       1.341264
      25.433028       1.297771
      25.461274       1.325072
      25.449737       1.406723
      25.434473       1.496360
      25.411636       1.506760
      25.384601       1.440238
      25.348747       1.346793
      25.356943       1.299509
      25.356603       1.348360
      25.391073       1.524365
      25.438864       1.774418
      25.471404       1.958096
      25.494841       2.054524
      25.489445       2.031591
      25.465634       1.902678
      25.464771       1.796149
      25.476229       1.715151
      25.482031       1.696898
      25.459446       1.789713
      25.438935       1.859911
      25.439709       1.862175
      25.444484       1.816325
      25.463212       1.753733
      25.483952       1.722360
      25.479226       1.761858
      25.521506       1.861111
      25.526932       1.976918
      25.524969       2.004078
      25.545391       2.015328
      25.518131       1.937712
      25.526764       1.863129
      25.549493       1.849273
      25.551649       1.841212
      25.542409       1.870796
      25.533493       1.918397
      25.540320       1.930270
      25.537639       1.904351
      25.530732       1.882001
      25.527857       1.863836
      25.531174       1.858258
      25.538297       1.889689
      25.562517       1.922499
      25.552761       1.932954
      25.542192       1.885208
      25.547831       1.861917
      25.521858       1.804442
      25.536850       1.800610
      25.566106       1.851847
      25.560501       1.872399
      25.555319       1.902034
      25.542807       1.923597
      25.537462       1.896728
      25.536451       1.877803
      25.525424       1.879791
      25.524717       1.892928
      25.529205       1.905811
      25.527063       1.921512
      25.532503       1.916741
      25.542455       1.923113
      25.524751       1.860138
      25.548210       1.868535
      25.518976       1.856976
      25.528420       1.865953
      25.553572       1.915703
      25.565370       1.942706
      25.547644       1.936396
      25.528182       1.939712
      25.525108       1.912881
      25.523129       1.883530
      25.513667       1.890162
      25.513315       1.897090
      25.522704       1.914256
      25.520586       1.917808
      25.518257       1.921704
      25.526626       1.918937
      25.511015       1.915858
      25.510182       1.877888
      25.519350       1.898724
      25.495499       1.886473
      25.519311       1.900753
      25.541838       1.940769
      25.536957       1.920781
      25.519350       1.907270
      25.505211       1.904989
      25.506913       1.881544
      25.504796       1.885933
      25.497644       1.904776
      25.501874       1.921360
      25.511018       1.929937
      25.506637       1.921199
      25.496983       1.903074
      25.514575       1.889459
      25.498525       1.862651
      25.505051       1.827819
      25.510568       1.837525
      25.483784       1.818758
      25.497340       1.822406
      25.524319       1.863662
      25.517895       1.843626
      25.504439       1.847001
      25.493542       1.854189
      25.498625       1.838322
      25.491400       1.842272
      25.484102       1.852504
      25.488916       1.867681
      25.496332       1.877391
      25.498707       1.868330
      25.489712       1.852362
      25.502197       1.845125
      25.494322       1.850144
      25.484697       1.811716
      25.500106       1.836591
      25.468635       1.825892
      25.488095       1.820561
      25.516618       1.866274
      25.511965       1.855596
      25.498885       1.839625
      25.478808       1.834212
      25.482512       1.816655
      25.476739       1.808685
      25.472783       1.825326
      25.473220       1.838148
      25.485016       1.858047
      25.492605       1.852525
      25.479046       1.835819
      25.480967       1.819487
      25.491762       1.833654
      25.474777       1.808096
      25.490251       1.798934
      25.471173       1.811907
      25.457469       1.784881
      25.476173       1.790527
      25.500480       1.819432
      25.479231       1.792525
      25.469029       1.796598
      25.462039       1.797104
      25.459142       1.775854
      25.434753       1.770495
      25.419706       1.770912
      25.421826       1.784764
      25.438262       1.797200
      25.447718       1.803798
      25.433956       1.802424
      25.438502       1.802202
      25.437934       1.813764
      25.426219       1.763619
      25.442305       1.780333
      25.412476       1.775524
      25.428341       1.758924
      25.445555       1.781085
      25.450373       1.772902
      25.433589       1.740157
      25.410390       1.736194
      25.401314       1.719544
      25.390396       1.703115
      25.387700       1.713216
      25.383654       1.731842
      25.390709       1.753764
      25.401329       1.748798
      25.390799       1.738720
      25.385335       1.717665
      25.395406       1.721209
      25.374958       1.680038
      25.388871       1.661692
      25.376937       1.665387
      25.354668       1.647633
      25.375334       1.647802
      25.394685       1.663950
      25.375648       1.617655
      25.354765       1.605470
      25.345286       1.600260
      25.346624       1.587378
      25.340976       1.592186
      25.328704       1.596803
      25.332541       1.603498
      25.340264       1.595969
      25.334579       1.588369
      25.329474       1.571824
      25.337634       1.577822
      25.319661       1.553908
      25.334419       1.542044
      25.322500       1.548592
      25.310202       1.533477
      25.334020       1.551465
      25.361278       1.584443
      25.348982       1.557882
      25.334581       1.577246
      25.330042       1.608397
      25.339798       1.635587
      25.336369       1.670974
      25.333707       1.701133
      25.342180       1.719743
      25.362492       1.723853
      25.351100       1.714570
      25.344939       1.705207
      25.357208       1.704198
      25.343783       1.675860
      25.351768       1.632258
      25.344055       1.623488
      25.319639       1.585441
      25.338584       1.553104
      25.315488       1.460297
      25.196314       1.109613
      25.012600       0.650047
      24.820276       0.141574
      24.640671      -0.416847
      24.442400      -0.941674
      24.226675      -1.499747
      23.893546      -2.198155
      23.436984      -3.024950
      22.825601      -3.974159
      22.079594      -5.054594
      21.256787      -6.256362
      20.431601      -7.600565
      19.589401      -9.020897
      18.862739     -10.369256
      18.177844     -11.715924
      17.340552     -13.352444
      16.327267     -15.329062
      15.383071     -17.374148
      14.531461     -19.223144
      13.734293     -20.909831
      13.039223     -22.448089
      12.430541     -23.887587
      11.987286     -25.247055
      11.702245     -26.503567
      11.518542     -27.699813
      11.396630     -28.787879
      11.317435     -29.803961
      11.260569     -30.768048
      11.254204     -31.719709
      11.180929     -32.734621
      11.129070     -33.811095
      11.041474     -34.997207
      10.921162     -36.260150
      10.821934     -37.607986
      10.772451     -39.004679
      10.778511     -40.412348
      10.729274     -41.659617
      10.631773     -42.793776
      10.551381     -43.864055
      10.535210     -44.936539
      10.491785     -45.974277
      10.393071     -47.045352
      10.236446     -48.101735
      10.065048     -49.186144
       9.871791     -50.242386
       9.611161     -51.282780
       9.293390     -52.246083
       8.936994     -53.214928
       8.632594     -54.132099
       8.407219     -55.051368
       8.229285     -55.920246
       8.093839     -56.734186
       7.985616     -57.434302
       8.179471     -57.982023
       8.703416     -58.112852
       8.854835     -57.948539
       8.696697     -57.612666
       8.413093     -57.260678
       8.180879     -56.987286
       8.079820     -56.784767
       8.053053     -56.529871
       7.884495     -56.302601
       7.643795     -56.194809
       7.280309     -56.304806
       6.946973     -56.713068
       6.675161     -57.411153
       6.420892     -58.252807
       6.127214     -59.124604
       5.754501     -59.882188
       5.330237     -60.583921
       4.930010     -61.189684
       4.599750     -61.682934
       4.311967     -62.056066
       3.994051     -62.294162
       3.564193     -62.355836
       2.963644     -62.251279
       2.279352     -61.985969
       1.542737     -61.588519
       0.971087     -61.004714
       0.518734     -60.214778
       0.314477     -59.196401
       0.297332     -57.863964
       0.359257     -56.222047
       0.494437     -54.421354
       0.586090     -52.482639
       0.576015     -50.429279
       0.623987     -48.276248
       0.729498     -46.121143
       0.857236     -44.068303
       1.034497     -42.179450
       1.336645     -40.449614
       1.634302     -38.961560
       1.889427     -37.786642
       2.062385     -36.902598
       2.163909     -36.278099
       2.242004     -35.877763
       2.240312     -35.573128
       2.166645     -35.274218
       2.153314     -34.912389
       2.262279     -34.314011
       2.360118     -33.469306
       2.395222     -32.516880
       2.337327     -31.617020
       2.240544     -30.810567
       2.110022     -30.027209
       1.952458     -29.206001
       1.836084     -28.313612
       1.699788     -27.397993
       1.627259     -26.532918
       1.590364     -25.780177
       1.568653     -25.154301
       1.530663     -24.634956
       1.570137     -24.153256
       1.647627     -23.654532
       1.748690     -23.082919
       1.837572     -22.457201
       1.943031     -21.834302
       2.007769     -21.239171
       2.061739     -20.677237
       2.073178     -20.144191
       2.093351     -19.597741
       2.111673     -19.053303
       2.071768     -18.492037
       1.975792     -17.945048
       1.857688     -17.417777
       1.752979     -16.869511
       1.795449     -16.255569
       1.784677     -15.506437
       1.661104     -14.671538
       1.604294     -13.809729
       1.492278     -12.963171
       1.318948     -12.061753
       1.119245     -11.065055
       1.045389     -10.101925
       1.147322      -9.249562
       1.298647      -8.503068
       1.382936      -7.890108
       1.436186      -7.411722
       1.492386      -7.154983
       1.559093      -7.131671
       1.649829      -7.326885
       1.750151      -7.678969
       1.822459      -8.002344
       1.925620      -8.199011
       2.124142      -8.227348
       2.357133      -8.132244
       2.580273      -8.021658
       2.680725      -7.937362
       2.720398      -7.868044
       2.792753      -7.829427
       2.982493      -7.737505
       3.189208      -7.571277
       3.366482      -7.358577
       3.400308      -7.067504
       3.296189      -6.757313
       3.105931      -6.394798
       2.986190      -5.963329
       3.024665      -5.451997
       3.309768      -4.788499
       3.714368      -3.970812
       4.083133      -3.091637
       4.498873      -2.246161
       4.801645      -1.502247
       4.981309      -0.951206
       5.091783      -0.645139
       5.088845      -0.601263
       5.061628      -0.693932
       5.111085      -0.899935
       5.206353      -1.102567
       5.217816      -1.224681
       5.134409      -1.317107
       5.053862      -1.461507
       4.997185      -1.597745
       4.836016      -1.652269
       4.470501      -1.568549
       4.027977      -1.304738
       3.642104      -0.895252
       3.327858      -0.458920
       3.191945      -0.033456
       3.140524       0.416215
       3.076096       0.879560
       2.944563       1.435122
       2.839471       2.240093
       2.880014       3.479078
       2.930587       4.755898
       2.867703       5.860047
       2.673590       6.660941
       2.340758       7.142324
       2.041163       7.277007
       1.961836       7.237506
       1.931289       7.190893
       1.866448       7.054338
       1.789707       6.906510
       1.748892       6.706988
       1.813377       6.442402
       2.010072       6.102684
       2.047892       5.767919
       1.948055       5.537003
       1.849374       5.453922
       1.736097       5.464587
       1.665465       5.536321
       1.648340       5.625163
       1.632132       5.699668
       1.633155       5.746264
       1.639667       5.743732
       1.648850       5.695041
       1.642737       5.615653
       1.616945       5.515442
       1.588733       5.450565
       1.582681       5.433357
       1.626711       5.456960
       1.659872       5.488638
