      -1.361058      17.180821
      -1.381694      17.363312
      -1.411469      17.454181
      -1.436276      17.430050
      -1.502541      17.307380
      -1.608215      17.114290
      -1.734039      16.881714
      -1.850196      16.641097
      -1.948360      16.445090
      -2.036202      16.338388
      -2.068915      16.336387
      -2.089858      16.412979
      -2.158177      16.522598
      -2.211089      16.623051
      -2.261924      16.672362
      -2.289454      16.660360
      -2.274008      16.619649
      -2.302326      16.634285
      -2.344136      16.688691
      -2.360121      16.752655
      -2.372976      16.786444
      -2.419278      16.806608
      -2.454256      16.837090
      -2.488935      16.850855
      -2.543155      16.796955
      -2.573121      16.646335
      -2.664963      16.418484
      -2.837839      16.064059
      -3.351755      15.553975
      -4.755119      14.829434
      -6.988607      13.974619
     -10.204911      13.024344
     -14.245905      12.061409
     -18.864840      11.085152
     -23.788778      10.002430
     -27.974422       8.953321
     -30.805761       8.024472
     -32.236162       7.191723
     -33.053373       6.479922
     -33.632643       5.986012
     -34.265977       5.729871
     -35.009432       5.687237
     -35.717358       5.680631
     -36.182340       5.659668
     -36.107102       5.720483
     -35.410401       5.883768
     -33.983165       5.935211
     -32.155049       5.445546
     -30.663180       4.586258
     -29.075862       3.163874
     -27.299937       1.322983
     -25.477086      -0.850624
     -23.815586      -3.046197
     -22.367472      -5.204086
     -20.941865      -7.490919
     -19.434067     -10.166993
     -18.089003     -13.065342
     -16.742059     -15.952073
     -15.426900     -18.787827
     -13.944887     -21.834654
     -12.554109     -25.166290
     -11.164414     -28.831131
     -10.058150     -32.426831
      -9.112544     -35.804413
      -8.197177     -38.923914
      -7.460935     -41.974464
      -6.795911     -45.028381
      -6.131253     -48.427098
      -5.604888     -51.791844
      -5.185864     -54.780842
      -4.878037     -57.292807
      -4.631169     -60.072389
      -4.478271     -62.319035
      -4.384307     -64.210272
      -4.233582     -66.168978
      -4.074564     -68.239377
      -3.870003     -70.224807
      -3.533047     -72.005809
      -3.142293     -73.616388
      -2.747195     -75.039593
      -2.338216     -76.327249
      -2.031612     -77.504713
      -1.866018     -78.604338
      -1.829816     -79.615415
      -1.779628     -80.609293
      -1.803742     -81.556165
      -1.885813     -82.553331
      -2.023065     -83.493690
      -2.156789     -84.382253
      -2.284756     -85.264230
      -2.434342     -86.068874
      -2.615255     -86.636601
      -2.746984     -86.910149
      -2.832073     -86.895889
      -2.940512     -86.773851
      -3.004226     -86.677284
      -3.074448     -86.641468
      -3.296184     -86.654504
      -3.699064     -86.678245
      -4.725152     -86.542249
      -7.449778     -85.811743
     -11.690332     -84.326844
     -15.714341     -82.675825
     -20.299133     -81.366270
     -24.246455     -80.937545
     -28.305887     -80.833226
     -32.124756     -80.530599
     -35.162613     -80.015672
     -37.428805     -79.734057
     -38.952211     -80.009363
     -39.655668     -80.816780
     -39.743313     -81.626426
     -39.495425     -82.392845
     -39.155394     -82.839099
     -38.962381     -83.094024
     -38.827968     -83.296961
     -38.535216     -83.697189
     -38.149403     -84.372257
     -37.847000     -85.012452
     -37.494586     -85.547453
     -37.092864     -86.152910
     -36.705966     -86.769266
     -36.451045     -87.025911
     -36.176601     -86.737608
     -35.934933     -86.389301
     -35.830439     -86.356332
     -35.758693     -86.477534
     -35.682499     -86.408953
     -35.541614     -86.201334
     -35.228049     -85.988402
     -35.010348     -85.567775
     -34.794336     -84.321540
     -34.778340     -80.734871
     -34.893619     -73.267708
     -34.601427     -63.024906
     -33.738704     -53.883672
     -32.555555     -46.670749
     -31.494147     -41.710505
     -30.563167     -37.706316
     -29.336319     -33.836354
     -27.727005     -29.943673
     -25.150116     -26.576403
     -20.726629     -23.422940
     -14.907105     -20.324550
      -8.736649     -17.195403
      -3.526639     -14.223719
       0.255513     -11.172721
       2.750947      -8.052347
       4.586829      -4.564019
       6.061891      -0.774460
       6.761318       2.043088
       7.447054       4.315766
       8.458586       6.140371
       9.646754       7.204784
      10.775578       8.264545
      11.664138      10.021558
      12.275453      12.755945
      12.392689      16.215411
      12.160820      19.516756
      11.295176      23.045850
      10.480382      26.162053
       9.693178      29.261985
       8.657027      32.331692
       7.801999      35.245886
       7.437014      38.098632
       7.446185      41.027189
       7.120935      43.917118
       6.628668      46.713239
       5.945184      49.334283
       5.189499      51.865307
       4.371860      54.767655
       3.680808      57.466004
       3.173213      59.693532
       2.663326      62.166757
       2.149991      64.311230
       1.515933      66.482577
       0.986616      68.640737
       0.520005      70.905907
       0.123072      73.132877
      -0.247689      75.233787
      -0.609464      77.179535
      -1.000522      79.043592
      -1.486742      80.867269
      -2.119473      82.863238
      -2.929066      84.892852
      -3.816372      87.020772
      -4.676755      89.249593
      -5.569255      91.358842
      -6.493412      93.335544
      -7.420526      95.127387
      -8.347720      96.625400
      -9.275255      97.893462
     -10.854391      98.601781
     -13.554441      98.373074
     -18.245831      97.206601
     -22.828110      96.439133
     -26.662246      96.081375
     -30.399148      95.776597
     -34.043455      94.964881
     -37.042852      93.899950
     -39.444026      93.120028
     -41.688682      92.579451
     -44.004355      92.302018
     -46.744435      92.028305
     -49.429063      91.821357
     -52.107774      91.317111
     -54.799517      90.505182
     -57.477641      89.782039
     -59.958851      89.647295
     -62.355462      89.855089
     -64.579076      90.181840
     -66.749835      90.567672
     -68.559766      91.701564
     -70.077415      93.421776
     -71.409634      95.761928
     -72.530368      98.180182
     -73.668499     100.496166
     -74.412056     102.287980
     -74.706635     103.353485
     -74.925541     104.563273
     -75.058750     105.847275
     -75.212125     106.865045
     -75.262730     107.280991
     -75.160713     107.894666
     -75.085118     108.665019
     -75.057414     109.391533
     -74.984801     110.350630
     -74.834365     111.355732
     -74.558058     112.517280
     -74.018778     113.868193
     -72.996287     115.211043
     -71.162130     116.606777
     -68.172515     118.210653
     -64.779870     120.661935
     -60.864429     123.771236
     -56.146496     127.304750
     -50.617110     130.401792
     -43.207667     132.378872
     -35.118154     133.675503
     -28.200752     135.355528
     -22.394358     137.919658
     -17.310786     141.098988
     -13.119762     144.310588
      -9.916788     146.600703
      -7.169876     148.788841
      -4.945467     151.421454
      -2.925642     154.991473
      -1.583717     159.104712
      -0.804750     162.703533
      -0.321707     165.229836
       0.161859     166.672333
       0.911323     167.525440
       1.631573     168.318981
       2.299074     169.033080
       2.997997     169.369749
       3.991353     168.957465
       5.593275     167.616966
       8.212358     165.297757
      11.955712     161.771810
      16.371257     157.288884
      20.137508     152.381027
      22.954373     147.801019
      24.823336     143.124124
      25.645798     138.092247
      25.802631     132.576417
      25.035197     126.572573
      23.624494     120.722764
      21.908466     115.851578
      20.456486     110.937591
      18.919447     105.359222
      17.353380      99.370512
      15.505441      93.729478
      13.893002      88.867937
      12.175902      84.557115
      10.763772      80.574497
       9.628895      76.390419
       9.218333      71.713023
       9.542061      66.643145
       9.844003      61.713543
      10.301010      56.893152
      10.916289      52.229860
      11.592054      47.733398
      12.369558      43.463696
      13.239197      39.391120
      14.145175      35.467044
      14.870763      31.406490
      15.081138      27.592544
      14.751358      22.633921
      14.021896      18.064799
      12.146647      12.572996
       8.784120       7.411757
       4.868338       2.452922
       1.858229      -1.927902
      -0.090145      -5.901956
      -1.417605      -9.688569
      -2.235750     -13.563046
      -2.661334     -17.806742
      -2.520958     -22.767407
      -1.944280     -28.741251
      -1.430771     -35.549752
      -1.068560     -42.194317
      -0.799934     -48.079733
      -0.704271     -52.848082
      -0.850449     -56.693110
      -1.051900     -60.159631
      -1.102405     -63.677053
      -0.964986     -67.196200
      -0.591277     -70.510045
      -0.061933     -73.642548
       0.373575     -76.349256
       0.636651     -79.050062
       0.658479     -80.914090
       0.603513     -82.825470
       0.687224     -83.982801
       0.781327     -84.940422
       0.787751     -85.797881
       0.817686     -86.411537
       0.819315     -86.800341
       0.828942     -86.893936
       0.807735     -86.585593
       0.870982     -86.090604
       0.976181     -85.486905
       1.031578     -84.813527
       1.117276     -84.024669
       1.200870     -83.178993
       1.223106     -82.479271
       1.248704     -81.834375
       1.146870     -81.218519
       0.928505     -80.588106
       0.723149     -80.012598
       0.386593     -79.292704
       0.025818     -78.316190
      -0.343941     -77.092215
      -0.770920     -75.606155
      -1.085760     -74.227052
      -1.390005     -73.188674
      -1.664954     -72.348268
      -1.793532     -71.549166
      -1.806076     -70.814274
      -1.796827     -70.028462
      -1.928572     -69.117833
      -2.049996     -68.159217
      -2.130499     -67.344427
      -2.256416     -66.528495
      -2.576951     -65.053986
      -3.893582     -60.683097
      -6.146051     -53.713234
      -8.540847     -45.041276
     -10.358109     -36.346078
     -11.448848     -28.844126
     -11.868159     -23.018806
     -11.872492     -17.952129
     -11.576539     -13.064779
     -10.863103      -8.560357
      -9.973266      -4.675334
      -9.019399      -1.542337
      -7.921233       1.008493
      -6.879014       3.043065
      -5.840320       4.493309
      -4.594206       5.700544
      -3.377299       6.767502
      -1.861862       7.989108
      -0.258965       9.240256
       1.269777      10.433295
       2.738984      11.614454
       4.256524      12.482640
       5.839262      12.873749
       7.230262      12.739459
       8.314456      12.268972
       9.065971      11.543756
       9.473158      10.545040
       9.514720       9.296322
       9.305878       7.970190
       9.138669       6.724430
       8.875753       5.760861
       8.545468       5.172355
       8.086475       5.295381
       7.550740       6.396195
       7.348608       8.124360
       7.455693      10.287185
       8.123876      13.645464
       9.016083      17.098687
       9.985559      20.593886
      10.902111      23.827806
      11.744556      26.554741
      12.250732      28.557216
      12.414314      29.971419
      12.285615      31.263261
      11.857446      32.809353
      11.127164      34.773913
       9.864278      36.986479
       8.464970      39.107169
       7.147174      41.167941
       5.950309      42.944057
       4.869517      44.349116
       3.954607      45.521243
       3.050211      46.263041
       2.422049      46.608045
       1.902115      46.511264
       1.475500      46.202265
       1.173963      45.681670
       0.838482      44.875088
       0.475458      43.924642
       0.267663      42.863445
       0.132856      41.944948
       0.198310      41.225759
       0.218171      40.599303
       0.303649      40.045099
       0.316395      39.377365
       0.296088      38.593167
       0.280836      37.717291
       0.240373      36.850297
       0.238894      36.005510
       0.167294      35.168133
       0.139051      34.424702
       0.138874      33.685291
       0.165670      33.010327
       0.218124      32.438027
       0.245494      32.051879
       0.292039      31.806949
       0.338932      31.567762
       0.410335      31.274685
       0.440698      30.867258
       0.464853      30.341896
       0.557415      29.836712
       0.569820      29.396765
       0.540476      29.122649
       0.489748      28.902696
       0.384765      28.661800
       0.287298      28.362042
       0.241857      28.044929
       0.207050      27.746586
       0.193942      27.465370
       0.165333      27.204436
       0.154036      27.009880
       0.167117      26.880368
       0.171331      26.839909
       0.187399      26.836713
       0.204491      26.846417
       0.190194      26.838262
       0.220564      26.796728
       0.218937      26.731840
       0.228439      26.673551
       0.208132      26.592961
       0.209786      26.465908
       0.232026      26.270610
       0.290361      25.965324
       0.446769      25.450982
       0.712415      24.674692
       1.121355      23.409255
       1.591919      22.061137
       2.190661      20.658446
       2.818167      19.343545
       3.418479      18.101964
       4.014287      16.848589
       4.474341      15.655686
       4.846387      14.449624
       5.106405      13.228718
       5.270158      11.908937
       5.325063      10.417018
       5.274659       8.918459
       5.170672       7.611329
       5.066168       6.545040
       5.038667       5.780595
       5.020710       5.193285
       5.036361       4.785738
       4.993255       4.465146
       4.939814       4.181879
       4.867016       3.964187
       4.802205       3.838826
       4.760621       3.753064
       4.756478       3.753243
       4.811218       3.747694
       4.876717       3.720164
       4.883471       3.682019
       4.853609       3.646656
       4.810351       3.618437
       4.772831       3.569033
       4.785969       3.530987
       4.804835       3.501347
       4.853548       3.498563
       4.910160       3.525249
       4.975251       3.517348
       4.998449       3.503273
       4.844730       3.510245
       4.633439       3.582284
       4.399015       3.766176
       3.946289       4.094517
       3.200814       4.470770
