       6.963803      22.886328
       6.091167      22.736666
       5.756041      22.582818
       5.095577      22.419221
       5.055581      22.336074
       5.531748      22.416538
       5.863045      22.416052
       6.194512      22.383760
       6.555863      22.316425
       6.708818      22.255134
       6.827364      22.341946
       7.114760      22.619942
       7.561276      23.112362
       7.823644      23.613366
       7.663556      23.858702
       6.953417      23.665553
       6.475398      22.974459
       7.452178      22.274312
       8.633800      21.854599
       9.611060      21.691809
      10.754980      21.843946
      12.412376      22.356544
      15.097949      23.720240
      19.021061      26.663453
      22.821244      30.799515
      25.999080      35.626327
      27.262230      40.223456
      27.271545      44.478984
      26.759843      48.627693
      25.877378      53.183901
      25.009061      57.984544
      24.318470      62.213822
      23.933692      65.235187
      24.036836      67.214545
      24.246788      68.570582
      24.154762      69.599567
      23.593164      70.398732
      22.619991      70.914951
      20.993738      71.347109
      19.175906      71.760748
      17.329900      72.154745
      15.711839      72.498059
      14.117803      72.596681
      13.261269      72.300844
      13.288548      71.678771
      13.689285      70.580210
      14.549510      68.976955
      15.154198      67.029507
      15.454413      64.552833
      15.233149      61.633859
      14.773914      58.260535
      13.739381      53.926642
      12.747288      48.284364
      11.703348      41.363592
      11.394191      33.826618
      11.784314      26.186350
      12.055184      19.140212
      12.241388      13.880398
      11.991947      10.231918
      11.622505       7.895613
      11.346800       6.243860
      11.330768       4.488763
      11.464694       2.313402
      11.814303      -0.570013
      12.463082      -4.421100
      13.149824      -8.304373
      14.212927     -12.274575
      15.122376     -16.731282
      15.488466     -21.030307
      15.391544     -25.020490
      14.495854     -28.867425
      13.187953     -33.045910
      11.676499     -37.397868
      10.269959     -41.481632
       9.158718     -44.703368
       8.434388     -46.874958
       8.109808     -47.986264
       8.171222     -48.506923
       8.377364     -49.058710
       8.526743     -50.184854
       8.553952     -51.488285
       8.578180     -52.845134
       8.593666     -54.355226
       8.506501     -55.999129
       8.330221     -57.370413
       8.272755     -58.103347
       8.454400     -58.102638
       8.856421     -57.581392
       9.743778     -56.690662
      10.526571     -55.679615
      11.106211     -54.641887
      11.345799     -53.702403
      11.409052     -52.821596
      11.426718     -51.877197
      11.363458     -50.958656
      11.270763     -50.034714
      12.137811     -49.262962
      12.958180     -48.346602
      13.089265     -47.283779
      12.510099     -45.964111
      11.101534     -43.669157
       8.561098     -39.619294
       6.143072     -33.980928
       4.928860     -27.410004
       5.013415     -20.477007
       5.860663     -13.911236
       6.478699      -8.286934
       6.249519      -3.944038
       6.265710      -0.960844
       7.042488       1.364841
       8.334743       3.971494
      10.037921       6.819947
      11.471352       9.277374
      11.492963      10.872755
      10.836121      11.222241
      10.113363      10.835619
       9.629876      10.088179
       9.297289       9.383553
       8.789639       8.807897
       8.086629       8.159783
       8.351570       7.814177
       9.204996       7.758283
       9.928995       7.795492
       9.975302       7.763514
       9.631565       7.680746
       9.698543       7.580524
      11.061014       7.709106
      13.983529       7.937777
      17.620004       8.055372
      21.458346       7.867802
      25.728651       7.347625
      30.308445       6.531669
      34.609378       5.803065
      38.312055       5.475934
      41.038084       5.526471
      43.096291       6.430476
      44.139031       8.362681
      44.492015      11.054352
      45.166588      13.828260
      45.934828      16.463248
      46.763169      18.722462
      47.477836      20.715008
      47.968250      22.174753
      48.212767      23.177636
      48.164561      23.638657
      47.752914      23.556928
      47.035313      23.138170
      46.114387      22.558431
      45.102766      21.822460
      44.379483      21.063334
      44.417596      20.411867
      45.011226      19.941063
      46.034581      19.602248
      47.682895      19.077755
      49.509437      18.238700
      50.765536      17.339707
      51.281347      16.553147
      51.239771      15.913735
      51.058934      15.263181
      50.827628      14.621555
      50.815451      14.092123
      50.909474      13.814152
      50.908157      13.768181
      50.674326      13.530446
      50.083872      12.649949
      48.896830      11.428702
      46.801554       9.578691
      43.835681       6.929912
      40.029195       3.782714
      35.920712       0.830489
      32.904539      -1.601306
      30.998927      -3.575741
      29.697993      -5.110089
      28.237022      -6.347838
      27.431951      -7.563005
      26.470578      -9.031403
      24.471199     -11.964108
      22.201022     -16.600662
      21.048224     -22.889211
      20.168814     -30.414885
      19.422003     -37.619805
      19.256011     -43.586642
      19.339766     -48.454817
      20.190507     -52.507187
      20.682299     -56.566478
      20.048277     -61.148842
      18.312333     -66.336395
      15.555359     -71.397516
      13.408717     -76.361680
      11.579740     -80.999589
      10.478608     -84.899837
       9.918827     -87.769444
       8.976634     -90.006540
       7.853661     -91.885140
       6.887457     -93.649560
       5.795208     -95.438237
       4.750086     -97.007648
       3.758619     -98.164659
       2.904568     -98.931894
       1.942561     -99.508549
       1.206092    -100.054731
       0.360621    -100.591675
      -0.666151    -100.830378
      -1.451197    -100.649493
      -1.955159     -99.995679
      -2.166039     -98.700593
      -2.049379     -96.318262
      -1.776712     -92.747135
      -1.415007     -88.507323
      -1.253793     -83.856169
      -1.181225     -78.921142
      -0.839611     -73.995503
      -0.841202     -68.737674
      -1.576926     -61.983521
      -2.278605     -53.399937
      -1.928966     -44.252122
      -1.750634     -35.472076
      -2.069640     -28.001082
      -2.241830     -21.911514
      -2.425755     -16.681820
      -3.105737     -11.798718
      -3.436320      -7.562693
      -3.280093      -4.217458
      -2.601992      -1.988148
      -1.773464      -0.573392
      -0.967433       1.151217
      -0.740560       4.181575
      -0.573057       7.841479
      -0.776506      11.192422
      -0.868802      13.516080
      -0.553928      14.672346
      -0.187288      14.926939
      -0.050292      14.622033
      -0.222728      14.401787
      -0.447945      14.774927
      -0.606835      16.148787
      -1.003194      18.189383
      -1.400677      20.375611
      -2.007907      22.501528
      -2.865100      24.596496
      -3.859862      26.408195
      -4.832552      27.886746
      -5.499228      29.078164
      -5.984342      29.888041
      -6.133170      30.287402
      -5.661999      29.989346
      -4.191190      28.959480
      -1.726977      27.293543
       1.215354      25.203527
       4.103521      22.604220
       6.696706      19.654835
       8.586292      16.458565
       9.440870      12.906865
      10.441395       8.869582
      11.296198       3.716119
      11.891694      -1.576534
      12.250332      -7.027229
      12.593945     -12.011391
      12.422928     -16.638538
      11.934930     -21.160409
      11.543390     -25.504827
      11.202550     -29.727873
      10.584842     -33.944350
       9.374899     -37.993335
       7.485362     -41.456662
       5.486879     -43.960472
       3.587668     -45.721658
       2.185137     -46.889617
       1.016727     -47.760461
      -0.185428     -48.558670
      -0.828144     -49.457889
      -0.996170     -50.180434
      -0.721573     -50.638000
      -0.357553     -50.753675
       0.056412     -50.547397
       0.513467     -50.157432
       0.917973     -49.641698
       1.237172     -49.091330
       1.494437     -48.445069
       1.703378     -47.745002
       1.951263     -47.098770
       2.261352     -46.774777
       2.703782     -46.911386
       3.262209     -47.648560
       3.822440     -49.073286
       4.366755     -51.084424
       4.848378     -53.403303
       5.413704     -56.010878
       5.818715     -58.754407
       6.126444     -61.399085
       6.049138     -63.770231
       5.864599     -66.180198
       5.727844     -69.447144
       5.567148     -74.266642
       5.024935     -80.008576
       4.199549     -85.452789
       3.077821     -89.372466
       1.716643     -91.794770
       0.447674     -93.860666
      -1.462974     -96.682402
      -3.610337     -99.628993
      -5.716551    -101.880272
      -7.259831    -103.388883
      -8.470271    -104.311416
      -9.746470    -104.341239
     -10.619594    -104.240844
     -11.166121    -104.575240
     -11.635655    -104.975333
     -11.879169    -105.340173
     -11.823305    -106.184469
     -11.430203    -107.559308
     -11.116093    -109.033696
     -10.870833    -110.222647
     -10.459583    -110.997517
      -9.916699    -111.581516
      -9.488798    -112.350033
      -9.213907    -113.306867
      -9.310293    -114.427732
      -8.920494    -116.059138
      -7.037557    -118.728480
      -4.262433    -121.750909
      -1.746810    -123.304855
       0.008665    -123.788780
       1.721705    -124.948520
       3.465428    -126.686907
       4.922526    -127.543278
       6.233446    -127.265534
       7.683820    -126.664575
       9.204495    -126.260694
      10.591670    -126.084850
      11.609113    -125.983212
      12.139839    -125.845933
      12.410941    -125.213898
      12.367096    -123.754149
      12.030038    -120.888554
      11.724624    -116.016318
      11.371291    -109.365110
      11.151578    -101.875143
      10.868578     -94.165328
      10.934415     -85.838651
      11.276198     -77.419729
      11.700573     -69.672432
      11.544216     -63.657718
      10.876036     -59.826876
       9.872613     -58.130143
       8.893991     -57.684269
       8.100932     -57.702147
       7.430207     -57.586103
       6.757576     -56.707176
       6.583925     -53.422595
       6.096439     -48.261007
       5.687141     -42.112496
       5.482916     -35.740827
       5.338032     -30.223766
       5.231255     -26.343694
       4.968633     -22.858617
       4.788234     -19.211247
       4.616150     -15.372591
       4.594285     -11.558749
       4.546781      -8.353570
       4.530314      -6.112992
       4.729773      -4.734894
       5.045702      -3.703709
       5.350551      -2.642326
       5.932620      -0.897547
       7.154654       2.284818
       8.386783       6.112280
       9.050531       9.644514
       9.136299      12.392150
       9.233439      14.245137
       9.080024      15.377097
       8.133764      15.766345
       6.261508      15.391215
       4.741355      14.823997
       3.879112      14.498543
       3.397810      14.578831
       3.164041      14.870201
       2.796066      14.761952
       2.162874      14.589330
       1.382411      14.659285
       0.843441      15.235853
       0.828292      16.266959
       1.602852      16.775399
       3.268447      17.172558
       4.863264      17.415149
       6.804564      17.687975
       8.531307      17.976633
      10.000359      18.137104
      11.059320      18.189029
      11.345398      18.007266
      10.956278      17.536072
       9.855108      16.620545
       8.085801      15.296557
       6.782946      13.755350
       5.894526      12.203179
       5.503596      10.941395
       5.292666       9.921733
       5.170148       9.323604
       4.867886       8.982631
       4.561749       8.734496
       4.220985       8.628505
       3.908625       8.644029
       3.608601       8.716089
       3.404647       8.788835
       3.122537       8.869345
       2.825454       8.980412
       2.609140       9.247519
       2.685187       9.602428
       3.162277      10.001711
       4.447541      10.334399
       5.975335      10.600976
       7.465703      10.992729
       8.906602      11.650030
      10.122343      13.072952
      11.240080      17.200795
      12.375379      23.868491
      13.321663      31.280525
      13.772906      38.454958
      13.817971      45.028857
      13.608609      50.269420
      13.440144      54.295368
      13.357602      57.071696
      13.279049      58.946376
      13.261653      60.329360
      12.927149      61.604319
      11.882730      63.133213
      10.253107      65.146454
       8.398120      67.289163
       6.932961      69.064046
       5.736829      70.317678
       4.313045      71.032486
       3.136293      71.359208
       2.149316      71.304921
       1.327951      70.786293
       0.780670      69.560818
      -0.106993      67.166509
      -1.207727      63.604072
      -2.321734      58.925457
      -3.109486      53.826456
      -3.571835      49.027523
      -4.058051      44.954491
      -4.618511      41.403492
      -5.174359      37.588371
      -5.105311      32.352759
      -4.226452      25.835406
      -2.473423      18.389535
      -0.600354      11.461830
       0.901423       5.726955
       1.703339       1.233269
       1.795406      -2.715946
       1.591701      -5.862434
       1.157756      -7.987377
       0.649714      -9.022411
       0.196749      -9.260471
      -0.219377      -9.015196
      -0.398874      -8.466366
      -0.440092      -7.937148
      -0.224659      -8.307727
       0.233477      -9.761570
       0.810517     -11.549285
       1.376692     -13.329514
       1.879076     -15.026070
       2.355857     -16.742201
       2.925290     -18.683964
       3.553005     -21.397845
       4.167930     -24.840408
       4.759351     -28.497106
       5.186743     -31.759802
       5.446143     -34.012611
       5.581792     -35.161042
       5.667511     -35.341293
       5.898517     -34.913758
       6.217518     -34.063629
       6.479244     -32.722323
       6.511391     -30.680510
       6.002490     -27.696273
       5.497458     -23.865975
       5.371334     -19.354785
       5.500268     -14.014975
       5.600225      -7.727032
       5.723788      -1.212115
       5.892197       4.796287
       5.726772       9.492152
       4.798373      12.544812
       3.492096      15.072904
       2.408089      17.723610
       1.303599      20.619128
       0.365096      23.916224
      -0.602877      27.680179
      -1.444385      31.713825
      -2.263734      35.874711
      -2.985884      40.085318
      -3.565790      44.312402
      -3.807041      48.638349
      -3.890211      52.887652
      -3.725967      56.496571
      -3.225045      59.699234
      -2.665367      62.947791
      -2.290145      66.342938
      -2.055873      69.604633
      -1.988563      72.446438
      -1.955004      74.566378
      -2.123900      75.923037
      -2.285579      76.834613
      -2.542561      77.440425
      -2.839861      78.047655
      -3.092911      79.071365
      -3.322028      80.745105
      -3.795057      82.864248
      -4.599866      85.034376
      -5.787420      87.410422
      -7.051207      90.041404
      -8.053842      93.053147
      -8.785240      96.530445
      -9.436753      99.832483
     -10.134881     102.262977
     -10.550290     103.889098
     -10.385944     104.618953
     -10.110133     105.058825
     -10.017656     105.156043
      -9.942414     104.940556
      -9.927590     104.556920
      -9.969331     104.068915
      -9.961858     103.597055
      -9.774429     103.375361
      -9.854591     102.872251
     -10.295066     101.797460
     -11.296619     100.221803
     -12.954278      98.239360
     -14.972565      96.167169
     -17.260721      93.959992
     -19.452194      91.886286
     -21.724159      89.454792
     -23.734144      86.766381
     -25.378460      84.183649
     -26.864196      81.688305
     -28.535302      79.055623
     -30.103010      76.146499
     -31.141726      73.050307
     -31.614866      70.129604
     -31.838364      67.432752
     -31.751122      64.965097
     -31.401912      62.267769
     -30.671753      58.818349
     -29.461176      54.451541
     -27.080553      49.364761
     -24.221468      43.893732
     -20.887867      37.968986
     -17.619243      31.898924
     -14.565205      26.020721
     -11.838034      21.053227
      -9.406967      16.498428
      -7.413197      11.866267
      -5.898197       7.426006
      -4.802012       3.444693
      -4.239747      -0.125278
      -3.791831      -3.374220
      -3.537054      -6.788528
      -3.617640      -9.884297
      -3.705910     -12.394497
      -3.903496     -14.216775
      -4.177271     -15.383591
      -4.372848     -16.000317
      -4.493182     -16.351107
      -4.631689     -16.814872
      -4.182545     -17.087291
      -2.016359     -16.438533
       1.017093     -14.978235
       3.888592     -13.242065
       6.306453     -11.775264
       8.167026     -10.459811
       9.507289      -9.176067
      10.353156      -7.382918
      10.682566      -5.000031
      11.215152      -2.520341
      11.605508      -0.441180
      11.922259       0.922997
      11.918162       1.726626
      11.752353       2.242576
      11.483969       2.713223
      11.176248       3.223706
      10.949393       3.672372
      10.923940       4.090083
      10.945738       4.521870
      11.046671       4.907350
      10.933721       5.239723
      10.528982       6.022685
       9.367750       8.786592
       7.052164      13.536506
       4.968396      18.550536
       3.586257      22.772761
       2.043599      25.760739
       0.594193      27.473124
      -0.553322      28.298386
      -1.494350      28.861715
      -2.376090      29.496079
      -3.195342      30.473817
      -3.998374      31.482449
      -4.772358      32.247801
      -5.803780      32.804579
      -7.271350      33.538448
      -9.511426      34.711772
     -12.193523      36.246071
     -14.853067      38.065146
     -17.314181      40.230064
     -19.168334      42.322689
     -20.352973      43.416898
     -20.872296      43.460116
     -20.964647      43.279236
     -21.136012      42.985148
     -21.580008      42.578799
     -22.023655      41.942350
     -22.307087      41.231505
     -22.284504      40.410624
     -21.183713      39.078537
     -18.945815      36.841824
     -16.151915      33.595958
     -12.784786      29.510359
      -9.226408      24.764738
      -5.955882      19.855054
      -3.127094      15.127225
      -0.332469      10.589218
       2.775545       6.124084
       5.773387       1.904880
       8.331970      -1.939353
      10.026088      -4.986824
      11.213422      -7.125725
      12.499926      -8.584558
      14.043684      -9.737022
      16.848820     -11.094481
      20.158036     -13.054239
      22.326238     -15.196575
      24.289811     -17.358033
      26.009477     -19.271056
      27.177586     -20.776683
      28.292200     -22.151857
      29.474558     -23.299234
      31.005749     -24.231899
      32.740279     -24.902770
      34.427539     -25.182071
      35.447625     -24.902275
      35.467590     -23.833108
      35.042331     -22.242309
      34.297351     -20.307543
      33.372894     -18.026341
      32.462028     -15.413970
      31.736903     -12.657850
      31.278915     -10.020220
      30.825352      -7.711710
      29.867889      -5.533558
      28.407589      -3.224390
      27.355759      -0.891933
      26.257506       1.086978
      25.432305       2.513720
      24.358543       3.393658
      23.525787       3.875437
      22.686537       4.594411
      21.749858       5.842099
      20.461576       7.602719
      18.639099      10.512626
      17.227783      14.073687
      16.094867      17.869128
      15.069296      21.554520
      14.266723      24.982564
      13.298089      27.936416
      11.493024      30.339482
       8.951011      32.407068
       6.078081      34.712952
       3.119320      37.323971
       0.317998      40.369148
      -2.135066      43.708242
      -3.746350      47.227971
      -5.419323      50.564368
      -6.918025      53.852135
      -8.398975      57.303779
      -9.405218      60.776104
      -9.945003      63.773164
      -9.830868      66.589937
      -8.885513      69.300651
      -7.520812      71.649396
      -6.055522      73.274877
      -4.752321      74.273651
      -3.476568      74.909867
      -2.567551      74.879103
      -2.124766      74.190294
      -1.515077      73.173365
      -0.217903      71.583622
       2.079423      68.872956
       4.326117      64.709190
       6.247691      59.455096
       8.330226      54.328483
      10.171424      49.260043
      11.539094      44.138671
      12.602805      38.712266
      13.510230      32.901110
      14.169561      26.117847
      14.363959      18.342352
      14.535976      10.411231
      14.683445       2.951327
      14.714754      -3.711472
      14.332088      -9.658310
      13.905192     -15.406148
      14.105697     -21.537098
      14.678124     -27.971790
      15.018275     -33.850937
      15.248307     -38.611986
      15.404787     -42.606431
      15.611451     -46.420006
      15.789150     -49.962908
      16.011072     -53.270162
      16.310375     -56.402961
      16.478301     -59.461400
      16.241348     -62.575063
      15.838007     -65.815868
      15.388470     -69.065416
      15.112368     -72.294433
      15.212562     -75.504702
      15.461219     -78.641795
      15.732154     -81.471803
      16.303266     -83.954815
      17.238380     -86.028745
      18.381485     -87.560873
      19.883220     -88.529947
      21.485823     -89.106932
      23.148642     -89.487188
      24.805707     -90.019110
      26.308636     -90.623916
      26.981780     -91.173275
      26.700864     -91.575990
      25.432531     -91.980396
      22.982425     -92.364217
      19.434073     -92.706657
      15.462418     -93.019760
      12.128540     -93.640147
      10.127469     -94.643171
       8.972101     -95.965836
       8.205841     -97.203260
       7.732693     -98.364555
       7.340764     -99.842090
       6.903358    -101.706828
       6.315306    -103.537858
       5.634932    -104.962714
       5.048324    -105.940977
       4.510540    -106.574129
       4.100703    -107.100922
       4.052092    -107.692546
       4.295566    -108.449678
       4.984627    -109.362381
       6.564582    -110.272014
      10.239226    -110.504597
      16.871534    -109.316346
      23.944708    -106.995864
      30.316656    -104.145054
      35.993212    -100.900261
      40.474013     -97.313563
      43.240001     -93.592753
      45.731901     -89.609294
      48.250336     -85.181709
      49.887877     -81.149622
      51.361167     -77.750575
      52.705664     -74.953070
      53.786080     -72.547829
      54.667309     -70.380382
      55.332012     -68.150649
      55.786668     -65.984601
      55.805494     -64.397884
      55.664398     -63.548551
      55.387975     -63.041614
      55.099783     -62.774910
      55.078738     -62.827196
      55.486980     -63.109180
      56.262263     -63.538900
      57.197672     -64.055522
      58.331603     -64.601772
      59.630216     -65.176737
      60.882638     -65.957470
      62.211481     -66.836134
      63.445777     -68.054577
      64.617723     -69.595924
      65.633506     -71.011392
      66.365207     -72.071034
      66.679160     -72.950685
      66.739562     -74.011459
      66.665493     -76.082950
      66.245054     -79.452622
      65.412342     -84.953332
      64.030154     -91.984077
      62.209091     -99.449575
      60.051062    -106.277967
      57.705523    -111.232539
      55.556130    -114.544592
      53.747870    -116.507130
