      17.081844      15.177209
      16.963463      15.136342
      16.824066      15.083024
      16.659917      15.064862
      16.524973      15.012768
      16.131988      14.856990
      16.125894      14.904653
      15.975022      14.906712
      15.804401      14.896344
      15.461027      14.849284
      15.016487      14.734663
      14.463385      14.530636
      14.013088      14.157945
      13.674371      13.653710
      13.395250      13.078336
      13.228119      12.656083
      13.150310      12.495739
      13.150099      12.989398
      13.247593      14.567255
      13.164762      16.766583
      12.892617      19.110546
      12.580667      21.335760
      12.121523      23.609243
      11.418611      25.984774
      10.425789      28.616895
       8.468237      31.613897
       6.086759      34.815506
       4.288800      37.778319
       3.132840      40.515563
       2.241220      42.961528
       1.585746      44.686383
       1.018233      45.786499
       0.584398      46.526977
       0.232980      46.921352
      -0.007536      47.030835
       0.040653      47.030864
       0.228094      47.144105
       0.471830      47.252864
       0.618628      46.479601
       0.182784      44.114780
      -0.272454      40.132190
       0.299180      35.173585
       1.383166      29.680612
       2.602484      23.588804
       3.608602      17.074893
       4.485602      10.671157
       4.767792       4.273213
       4.347914      -2.107447
       4.108390      -7.973582
       3.828064     -13.348391
       3.354105     -17.557823
       2.499254     -20.292266
       1.673526     -21.700909
       0.929251     -22.481964
      -0.018548     -22.510895
      -1.136087     -22.423466
      -2.489002     -22.635684
      -3.709775     -22.888701
      -4.550477     -23.281909
      -4.753209     -23.727832
      -4.719289     -24.103651
      -5.441437     -24.217311
      -6.864697     -24.317496
      -7.718007     -24.266311
      -7.924541     -24.319932
      -7.892429     -24.677346
      -7.055406     -25.498710
      -6.532739     -26.639260
      -5.989625     -27.741844
      -6.545330     -29.140598
      -8.785172     -31.254557
     -11.593635     -34.222266
     -13.927947     -37.742936
     -15.267452     -41.471126
     -15.891702     -44.863587
     -15.991243     -47.574345
     -15.738877     -49.632111
     -15.886916     -51.366180
     -15.732608     -53.355752
     -15.169581     -56.290162
     -14.073217     -59.817556
     -12.575503     -63.399785
     -10.845969     -67.290723
      -9.085515     -71.258245
      -7.237190     -75.093778
      -5.288703     -78.148987
      -3.748693     -80.750443
      -2.286398     -83.038917
      -1.321215     -84.660648
      -0.403013     -85.473199
       0.608546     -85.397808
       2.379715     -84.543904
       4.203232     -83.724592
       5.774017     -83.181305
       6.738621     -82.679021
       7.240671     -82.077236
       7.381539     -81.455741
       7.251240     -80.767481
       6.949292     -79.922310
       6.599675     -79.131539
       6.347178     -78.394310
       6.190323     -77.590157
       6.021193     -76.525959
       5.754695     -74.777965
       5.284077     -71.875563
       4.625477     -67.533967
       4.406473     -62.768222
       4.156811     -58.388624
       3.955677     -54.722767
       3.679278     -51.756189
       3.590545     -49.316589
       3.597267     -47.638744
       3.597917     -46.512848
       3.500385     -45.969429
       3.379883     -45.741149
       3.303845     -45.670125
       3.142011     -45.535357
       3.078027     -45.253917
       3.043503     -44.911225
       2.990470     -44.649888
       2.929086     -44.584998
       2.795232     -44.827150
       2.618720     -45.332630
       2.477641     -45.966092
       2.373905     -46.673222
       2.262812     -47.406273
       2.287644     -48.360581
       2.302437     -49.818047
       2.362010     -51.891263
       2.440801     -54.455946
       2.607150     -57.103335
       2.895039     -59.552979
       3.158344     -61.659184
       3.298568     -63.222922
       3.241733     -64.081614
       3.148398     -64.292846
       3.098131     -64.309817
       3.069114     -64.322256
       2.975069     -64.317831
       2.921524     -64.285711
       2.871126     -64.178969
       2.816187     -64.017992
       2.748260     -63.885517
       2.680104     -63.798892
       2.582019     -63.761279
       2.517814     -63.783811
       2.448409     -63.749647
       2.413982     -63.633908
       2.340685     -63.401073
       2.136636     -62.884256
       1.621980     -61.789867
       0.978675     -60.109536
      -0.054946     -57.767115
      -1.402941     -54.684207
      -2.883037     -50.875101
      -4.420237     -46.461844
      -5.834658     -41.198895
      -7.181059     -34.726945
      -8.082217     -27.218099
      -8.290536     -19.146345
      -7.648305     -10.404155
      -6.459759      -1.507504
      -4.983862       7.278948
      -3.478478      15.763748
      -2.260800      23.653974
      -1.532978      30.816082
      -1.088011      37.149177
      -0.765925      42.586809
      -0.536297      47.089925
      -0.305526      50.580478
       0.135210      53.571492
       0.547153      56.257785
       0.817786      58.788620
       1.021997      61.118903
       1.085760      63.424906
       1.035912      65.812891
       1.011327      68.253472
       0.678633      70.598938
      -0.040694      72.686458
      -0.470991      74.387548
      -0.658024      75.790509
      -0.713091      76.897925
      -0.659433      77.615919
      -0.516927      77.881307
      -0.478697      77.801443
      -0.647281      77.692587
      -0.726712      77.669283
      -0.483776      77.751629
      -0.061377      77.877980
       0.369240      77.983984
       0.759047      78.066209
       1.127105      77.931392
       1.440633      77.412429
       1.797859      76.362273
       2.191250      74.892460
       2.422095      73.378302
       2.528464      72.009860
       2.467139      70.218327
       2.196422      67.762422
       1.199361      64.786427
       0.792050      61.961101
       1.311108      59.587119
       1.241019      57.766940
       1.141550      56.523741
       1.108973      55.491463
       1.309853      53.624584
       2.099334      50.189809
       2.780377      45.682962
       3.150089      40.830057
       3.373389      36.254290
       3.711058      32.382931
       4.051815      29.762156
       4.293419      28.426691
       4.363584      28.165983
       4.287522      28.408759
       4.048339      28.780300
       3.917492      29.126591
       3.603562      29.796874
       3.009242      31.454091
       4.294816      34.288220
       6.243456      37.943064
       7.262324      41.839036
       6.063002      45.595987
       4.827077      49.156006
       2.582522      52.929199
       0.255978      56.290390
      -1.052127      58.953069
      -2.189064      60.537954
      -3.220432      61.192511
      -4.106881      61.249829
      -4.565629      61.321834
      -4.561221      61.303285
      -3.405553      61.189539
      -2.575313      61.407765
      -2.281158      61.812384
      -2.408579      62.157636
      -2.971579      62.565941
      -3.401988      62.960132
      -3.468189      63.335634
      -2.866302      63.279972
      -2.183736      62.906977
      -1.727791      62.485970
      -1.571040      62.040382
      -1.193968      61.455271
      -0.382241      60.367240
       0.682059      58.032352
       1.922511      53.932305
       3.300471      48.617430
       4.261388      42.926980
       4.690405      37.583225
       4.853997      32.821972
       4.766710      28.572907
       4.817284      25.232676
       4.971035      22.760910
       5.130315      21.179208
       5.198723      19.989483
       5.241700      19.237838
       5.249372      18.861558
       4.992114      18.821508
       4.540594      19.047523
       3.856791      19.696832
       3.110849      21.034090
       2.566309      22.849621
       1.999304      25.275624
       1.446401      28.478292
       0.338614      32.304510
      -0.973528      36.260611
      -2.054989      39.941431
      -1.875926      42.762342
      -1.209164      44.293576
      -1.104665      44.812413
      -0.403179      44.739116
      -0.116935      44.168916
       0.119153      43.193941
       0.719794      41.915743
       0.892994      40.348396
       1.007468      38.420197
       0.650110      36.009865
      -0.129263      32.555705
      -0.770550      28.265346
      -0.989878      23.862658
      -0.131618      20.710775
       0.882919      18.906324
       1.005078      17.881355
       0.943166      17.660541
       1.461801      17.752739
       1.191012      18.001458
       0.727896      18.324669
       0.143476      19.461612
       0.172098      21.498589
       0.109121      24.335154
      -0.223399      27.929633
      -0.510592      32.587458
      -0.225516      38.587795
      -0.554484      44.632937
      -1.163253      49.457316
      -1.509193      52.404140
      -1.633263      53.722667
      -1.663758      54.363118
      -1.504400      54.990233
      -1.232582      55.805742
      -1.078339      56.513065
      -1.038145      57.041378
      -1.217531      57.206988
      -1.460044      57.083241
      -1.585484      56.674756
      -1.456955      55.809953
      -1.030434      54.323665
      -0.452679      52.085296
       0.399781      49.250669
       1.578641      45.447780
       2.862703      40.560485
       3.970017      34.673151
       4.614131      28.686566
       5.076077      23.154448
       5.252460      18.433980
       5.287307      14.638844
       5.330531      11.510854
       5.227475       8.831083
       5.212449       6.909107
       4.995121       5.691014
       4.529971       5.056117
       3.814324       4.708949
       2.977243       4.764630
       1.933913       5.770675
       1.559929       8.338436
       1.024835      12.267884
      -0.340442      16.649604
      -2.212443      20.881825
      -3.425341      24.541245
      -3.854866      27.428910
      -3.743922      29.367297
      -3.529804      30.426772
      -3.267651      30.986741
      -3.279117      31.215405
      -3.170844      31.485297
      -3.156651      31.704390
      -3.405383      31.809848
      -4.293468      31.992329
      -5.281027      32.287333
      -6.000978      32.561036
      -6.319387      32.729154
      -6.272009      32.754916
      -6.076475      32.838610
      -6.540029      32.930531
      -6.614349      32.919899
      -6.993028      32.764280
      -7.596155      32.557781
      -8.303663      32.340532
      -9.245481      32.446675
      -9.710472      33.138873
      -9.382748      34.888541
      -8.203052      37.740323
      -6.754709      41.097048
      -4.700546      44.613640
      -2.556965      48.316799
      -0.473303      52.206926
       0.999427      56.370954
       2.237226      61.318352
       3.096747      66.813088
       3.205181      71.865713
       2.906512      76.180834
       2.412979      79.897768
       1.943752      83.099678
       1.717329      85.539516
       1.631217      87.172467
       1.594241      88.096351
       1.610197      88.392114
       1.534650      88.154518
       1.356514      87.576027
       0.966686      86.835642
       0.414844      86.027006
      -0.015496      85.170703
      -0.295329      84.313963
      -0.453064      83.521093
      -0.530149      82.883210
      -0.526635      82.207064
      -0.354435      81.097200
       0.138091      78.926752
       0.688471      74.806636
       0.774181      69.516031
       1.157457      63.836442
       1.763031      58.037005
       2.294163      52.651168
       2.317457      47.836819
       2.050745      43.681043
       1.807275      39.937557
       1.817836      36.164925
       1.900774      31.715649
       2.052048      27.001284
       2.272975      22.256423
       2.637241      17.337529
       3.051320      12.763629
       3.533981       8.265912
       3.936859       3.868844
       4.248199      -0.233420
       4.357697      -4.145294
       4.699558      -8.086146
       5.334941     -11.986331
       6.090256     -15.663672
       6.734639     -18.993145
       7.216066     -22.210308
       7.388325     -25.707404
       7.707976     -29.430657
       8.072279     -33.231091
       8.216075     -36.916528
       8.289294     -40.298551
       8.198618     -43.338491
       7.811969     -45.992063
       7.235898     -48.243886
       6.775031     -50.436905
       6.193268     -53.004648
       5.475998     -56.019514
       4.830210     -59.051593
       4.507505     -61.924678
       4.406147     -64.374362
       4.256132     -66.308924
       3.819390     -67.862822
       3.389501     -69.394032
       3.339946     -70.664202
       3.498955     -71.388598
       3.664831     -71.448505
       3.329875     -70.825994
       2.820078     -69.581062
       2.548989     -68.068531
       1.884293     -66.022253
       0.808471     -62.543536
       0.219854     -57.504578
       0.779165     -51.805425
       0.932401     -45.180877
       0.931276     -38.021624
       1.240822     -30.741005
       1.636162     -23.719808
       1.779405     -17.656420
       1.623304     -12.776988
       1.341355      -8.990634
       1.176651      -6.218142
       1.052851      -4.213296
       0.937798      -2.447470
       1.189130      -0.916595
       2.499027       0.431909
       4.378614       1.512743
       7.355303       2.321888
       9.673324       2.920723
      10.198365       3.302135
      10.671739       3.586449
      10.897444       3.613733
      10.977974       3.316282
      11.066959       2.537780
      11.333851       1.015825
      11.712927      -1.071220
      11.912019      -3.722753
      11.790882      -6.635747
      11.393349      -9.461278
      10.558990     -12.284616
       9.387478     -15.520765
       7.954640     -19.167424
       6.935820     -23.406098
       6.315229     -28.629501
       5.480874     -34.556133
       4.532013     -40.593379
       3.792282     -46.216856
       3.410941     -51.389692
       3.164145     -56.827572
       2.833901     -62.441232
       2.706899     -67.724537
       2.691829     -72.866177
       2.430077     -78.079371
       2.017060     -82.793734
       1.360047     -86.988318
       0.902450     -91.119974
       0.420411     -95.123978
      -0.268898     -97.892656
      -1.388067    -100.051632
      -2.279100    -102.583987
      -3.323188    -105.029352
      -4.285890    -106.873312
      -5.064717    -108.535259
      -5.739678    -110.611296
      -6.085844    -111.812351
      -6.527089    -111.554579
      -6.684556    -110.541336
      -6.860159    -109.731009
      -7.107934    -109.151877
      -7.098538    -108.482240
      -7.367718    -107.143187
      -7.789066    -105.351043
      -8.391529    -103.721832
      -8.912115    -102.330081
      -8.879189    -101.347185
      -7.737486    -100.570624
      -6.060908     -99.359477
      -4.417201     -97.545282
      -2.635728     -95.651557
