      16.771024      16.113117
      16.747114      16.108708
      16.690419      15.975164
      16.582395      15.806198
      16.479262      15.582653
      16.393540      15.268704
      16.308192      14.903662
      16.345513      14.554346
      16.511837      14.248036
      16.611902      13.918125
      16.629615      13.460281
      16.492302      12.863398
      16.252380      11.993516
      15.877474      10.884427
      15.518098       9.795302
      15.148251       9.024852
      14.721778       8.500053
      14.327290       8.077281
      13.999603       7.457424
      13.692826       6.614615
      13.387874       5.331964
      13.276165       2.855651
      13.285453      -1.729652
      13.050918      -7.625818
      12.839016     -13.995087
      12.643412     -20.476043
      12.476884     -26.823723
      12.463348     -32.756116
      12.614654     -37.904101
      12.797937     -42.292842
      12.755726     -45.796335
      12.597476     -48.205316
      12.522241     -49.663171
      12.537109     -50.684084
      12.549260     -51.686602
      12.642226     -52.850821
      12.697013     -54.449627
      12.809050     -56.355528
      12.761335     -58.658354
      12.098496     -61.060988
      10.988351     -63.147516
       9.858276     -64.640998
       8.638144     -65.648412
       7.594745     -66.347124
       6.730967     -66.917927
       6.204047     -67.434131
       6.257750     -67.803615
       6.834282     -67.819108
       7.785930     -67.392924
       9.072168     -66.352666
      11.348422     -64.087569
      14.907498     -60.195860
      18.763595     -55.650677
      21.257890     -51.700304
      23.305113     -49.257581
      25.159716     -47.993171
      26.665224     -47.578022
      28.147522     -47.531977
      29.527407     -47.771239
      30.781388     -47.941488
      31.924608     -48.206623
      32.650130     -48.627970
      32.696204     -49.216655
      32.293742     -49.836028
      31.617807     -50.309602
      30.663406     -50.411575
      29.721977     -50.131213
      28.900681     -49.419261
      27.983833     -48.386216
      26.582477     -46.858857
      24.432013     -44.625428
      21.194629     -41.668783
      17.032793     -38.122182
      12.491355     -34.056474
       8.281141     -29.487929
       5.163720     -24.740380
       2.984543     -20.122420
       1.394843     -15.841194
       0.324152     -12.436234
      -0.306943      -9.960299
      -0.452137      -8.398769
      -0.440816      -7.371490
      -0.475377      -6.637403
      -0.457039      -5.898474
      -0.234018      -4.696216
       0.324258      -2.425238
       1.198406       1.212177
       2.485998       6.070641
       4.017404      11.898494
       5.309036      17.714397
       6.276374      22.934070
       6.956366      27.229134
       7.369763      30.479857
       7.672691      32.990076
       7.803865      35.505402
       8.012468      38.403173
       8.438579      41.804420
       8.921285      45.342247
       9.425751      48.718519
       9.726126      52.143056
       9.844411      55.264621
       9.291380      57.610850
       8.053619      59.269654
       6.675002      60.833606
       5.670784      62.492688
       4.590574      64.239336
       2.948477      66.010212
      -0.138807      67.463560
      -3.256008      68.651233
      -5.669881      69.718719
      -7.064143      70.737354
      -7.242074      71.972806
      -6.618626      73.180213
      -5.681920      74.357716
      -4.473476      75.819500
      -3.349650      77.555041
      -2.247571      79.412265
      -1.090050      81.269882
       0.275081      83.140788
       1.822935      85.041195
       4.169118      87.402661
       7.262668      90.150532
      10.209056      92.466428
      12.902943      93.718763
      15.305192      94.121828
      17.531056      93.778747
      19.729929      92.528423
      21.359273      90.874782
      22.900353      89.320622
      24.441474      87.688128
      25.655322      85.840516
      26.730956      83.740970
      27.866497      81.632109
      28.927237      79.484532
      29.254976      77.475561
      28.797421      75.865584
      27.276524      74.586870
      24.799444      73.433784
      22.123729      72.431362
      19.802695      71.833312
      17.819672      71.583812
      16.002196      71.454343
      14.377027      71.313635
      13.040179      71.125911
      12.314254      71.098197
      11.452536      71.245908
      10.536557      71.469288
       9.483587      71.912909
       8.495535      72.341803
       7.635455      72.684141
       6.932221      72.796081
       6.218763      72.521042
       5.551860      72.018661
       5.031914      71.475704
       4.714023      71.122215
       4.317537      70.928079
       3.793243      70.619712
       3.431314      70.258087
       3.107111      69.821611
       2.800845      69.370175
       2.516153      68.983041
       2.228890      68.696054
       1.921270      68.458064
       1.647265      68.171641
       1.516446      67.764069
       1.487257      67.273441
       1.704882      66.477157
       2.835268      64.566010
       6.833585      59.768267
      10.310333      52.890207
      12.123366      45.529825
      12.772852      38.449781
      13.223926      31.873760
      13.761075      25.940427
      13.897894      20.676176
      14.037163      16.361212
      14.252997      13.165122
      14.291801      10.893739
      14.148467       9.268424
      13.777444       7.892455
      13.183612       6.451147
      12.224233       4.924752
      11.021633       3.239326
       9.746203       1.569218
       8.460488       0.103283
       7.058143      -1.121893
       5.560492      -1.966522
       4.264277      -2.529653
       3.203291      -2.861923
       2.499643      -2.957217
       1.941679      -2.880707
       1.559679      -2.690804
       1.225717      -2.399142
       0.937862      -2.048166
       0.666051      -1.607648
       0.298141      -0.950056
      -0.199688       0.156527
      -0.744187       2.219062
      -1.245663       6.104821
      -1.502981      10.925256
      -1.443523      15.615569
      -1.295363      19.969961
      -0.990575      24.088036
      -0.788019      27.886505
      -0.871192      31.459589
      -1.385037      34.606059
      -2.203705      37.532090
      -3.441605      40.645158
      -5.402375      44.283581
      -8.430126      48.800515
     -10.888488      54.049146
     -12.810119      59.734423
     -14.335041      65.085454
     -15.577300      69.458883
     -16.557493      72.361839
     -17.488752      74.085198
     -18.550360      75.038413
     -19.598491      75.697997
     -20.600329      76.230327
     -21.311480      76.712916
     -21.679241      77.176441
     -21.962933      77.506335
     -22.005512      77.542850
     -21.778864      77.407757
     -20.543550      77.303889
     -17.892557      77.257684
     -14.681456      76.924123
     -11.797964      76.043370
      -9.181058      74.455687
      -5.948146      72.130936
      -2.202470      69.224712
       1.405357      66.255322
       5.086029      63.153816
       8.736738      60.094120
      12.443214      57.281922
      15.917080      54.758004
      18.906696      52.589946
      21.285852      50.567598
      22.760012      48.015965
      23.090877      44.286471
      22.649704      40.037806
      22.293655      35.891783
      22.278537      31.780553
      22.866565      28.247805
      23.727383      25.243658
      24.391258      22.741295
      24.869067      20.684088
      25.366774      18.880147
      25.826153      17.107469
      26.048816      14.990545
      25.417238      11.727997
      23.556780       7.098492
      21.084455       2.056589
      18.640051      -2.962454
      16.530627      -7.209160
      15.034625     -10.480117
      14.022291     -12.732096
      13.083121     -14.328876
      12.219527     -15.240927
      11.536831     -15.684211
      10.994168     -15.765774
      10.563744     -15.682487
      10.190490     -15.546384
       9.911610     -15.509087
       9.719609     -15.514055
       9.590666     -15.452199
       9.482709     -15.312092
       9.376633     -15.081701
       9.220720     -14.754620
       9.054625     -14.413102
       8.879166     -14.137946
       8.729883     -13.945864
       8.548719     -14.386866
       8.329944     -16.190307
       7.851271     -18.677209
       7.204346     -21.201016
       6.860468     -23.652555
       6.734934     -25.974312
       6.714842     -28.152634
       6.733822     -30.083412
       6.588279     -31.485171
       6.421943     -32.387208
       6.120443     -33.045138
       5.677989     -33.868476
       5.104291     -34.937332
       4.512429     -35.953130
       3.899661     -36.610326
       2.986776     -36.683221
       1.834816     -36.155012
       0.938585     -35.378814
       0.225587     -34.505951
      -0.319864     -33.592782
      -1.119511     -32.640249
      -2.035119     -31.888780
      -2.928956     -31.441115
      -3.802546     -31.210086
      -4.748068     -31.080294
      -5.824838     -30.828261
      -6.871573     -30.424268
      -7.792380     -29.851356
      -8.562189     -29.009818
      -9.061194     -27.955218
      -9.393897     -26.774189
      -9.665085     -25.497178
      -9.973407     -24.133779
     -10.241552     -22.598564
     -10.434266     -20.909413
     -10.585637     -18.985428
     -10.745807     -16.814141
     -11.045957     -14.061003
     -11.402932     -10.442249
     -11.693144      -5.596813
     -11.939675       0.750898
     -12.125020       8.041020
     -12.444782      15.404650
     -12.737983      22.430198
     -12.874001      29.051640
     -13.104181      35.323849
     -13.550407      40.908309
     -14.082134      45.520752
     -14.689973      49.409460
     -15.260249      53.008529
     -15.781799      55.979696
     -16.122115      58.127763
     -16.397503      59.498012
     -16.400828      60.310408
     -15.278554      60.715896
     -12.946107      60.522014
     -10.269542      59.533192
      -7.680054      57.796058
      -4.951970      55.310461
      -2.477579      52.465343
      -0.414465      49.389085
       1.162621      46.119128
       2.542223      42.139540
       4.007496      37.025325
       5.524792      31.153699
       6.972993      25.263487
       8.331642      19.682041
       9.586804      14.820787
      10.647982      10.423543
      11.295619       5.978211
      11.670908       0.366406
      11.968712      -6.712562
      12.007488     -14.809814
      11.819338     -23.183476
      11.655105     -31.498334
      11.390553     -39.538152
      10.912753     -47.352287
      10.454875     -55.250060
       9.980249     -63.437500
       9.369544     -71.335584
       8.706488     -78.448534
       8.012222     -84.173906
       7.394864     -88.656958
       6.951572     -92.230464
       6.568443     -94.929784
       6.303737     -96.741444
       6.044122     -97.642879
       5.869222     -97.924644
       5.861195     -97.773989
       5.897573     -97.481664
       5.704465     -97.134824
       4.946323     -96.700752
       3.684051     -96.283534
       2.270458     -96.106874
       0.896074     -95.740480
      -0.226413     -95.163397
      -0.904010     -94.599497
      -1.340256     -93.969930
      -1.729128     -93.032883
      -2.068855     -92.006400
      -2.170086     -90.958206
      -1.827005     -89.751051
      -0.328249     -87.639781
       2.377344     -84.434126
       5.907439     -80.616156
       9.547402     -76.808992
      12.984117     -73.441147
      16.022333     -70.565124
      18.597517     -68.328100
      20.782275     -66.270005
      22.726275     -64.101149
      24.301813     -62.146732
      25.652896     -60.557645
      26.498397     -59.258571
      26.822016     -58.153952
      26.968598     -57.473848
      27.400774     -57.013538
      28.290231     -56.353017
      29.430538     -55.583183
      30.757567     -54.909232
      32.015276     -54.466733
      33.142960     -54.332383
      33.818298     -54.329357
      34.538480     -54.389560
      34.754540     -54.567837
      34.547107     -54.748091
      34.130726     -55.523189
      33.169201     -56.562714
      31.556827     -57.688591
      30.220970     -58.539493
      28.956646     -59.339664
      27.686160     -60.009063
      26.538596     -60.227639
      25.685006     -60.139800
      24.879221     -59.743151
      24.084464     -58.892808
      22.748756     -57.043273
      21.102565     -53.405391
      19.000572     -47.704484
      17.052952     -40.621856
      15.569090     -33.114119
      14.614836     -25.570497
      14.046838     -18.470592
      13.375165     -12.046855
      12.630125      -6.485891
      11.586029      -2.367192
      10.559761       0.518962
       9.410675       2.377830
       8.301477       3.392110
       6.953553       4.204460
       5.476845       5.273800
       4.059612       6.855803
       2.574849       8.885770
       1.215260      11.504805
      -0.102385      14.659134
      -1.649162      18.335069
      -3.372873      22.247103
      -5.228195      26.397162
      -7.142680      31.023831
      -8.548695      36.377291
     -10.041700      42.199451
     -11.663059      47.529583
     -13.008300      51.815644
     -14.211623      54.864737
     -15.415956      57.408137
     -16.589353      59.783906
     -18.000328      61.759637
     -19.906258      62.909644
     -21.565934      62.968550
     -22.488186      61.991788
     -21.641998      60.487602
     -17.904757      58.830278
     -12.005860      57.052763
      -7.143736      55.344247
      -3.990976      53.683315
      -1.722033      52.012251
      -0.110174      50.044375
       1.242680      47.531186
       2.544266      44.575949
       3.488460      41.161564
       4.392367      37.544269
       5.113388      33.404735
       5.641388      28.797734
       6.107808      23.574673
       6.606052      17.482013
       6.996013      10.057900
       7.809051       1.478156
       8.655287      -7.626009
       9.506891     -16.570809
      10.501307     -25.052488
      11.576583     -33.382072
      12.436071     -41.160743
      13.238576     -48.123927
      13.699584     -54.306996
      14.020598     -59.735351
      14.304511     -64.430358
      14.642702     -68.333152
      15.103037     -71.714145
      15.901472     -74.651202
      17.578225     -76.623512
      19.861916     -77.516384
      22.001192     -77.956931
      23.923128     -78.356430
      25.591542     -78.875972
      26.970247     -79.201528
      27.819665     -79.206920
      28.127627     -78.997339
      28.032228     -78.638118
      27.533774     -78.240119
      26.675428     -77.668788
      25.483478     -76.949322
      23.884772     -76.104530
      22.058055     -75.169388
      19.912039     -74.155945
      17.759740     -73.312115
      14.506717     -72.375511
      10.426227     -70.943083
       5.857544     -68.950095
       0.786421     -66.256468
      -4.237735     -62.897783
      -9.610259     -59.043618
     -14.468001     -55.257811
     -18.307492     -52.116910
     -21.855017     -49.448263
     -24.676438     -47.170955
     -26.814060     -45.128445
     -28.386519     -43.165431
     -29.946371     -41.229994
     -31.712815     -39.489934
     -33.471565     -38.027637
     -34.718931     -36.963789
     -35.440248     -36.288179
     -35.865788     -35.975790
     -36.146000     -35.891378
     -36.345718     -35.926193
     -36.445569     -35.935951
     -36.415509     -35.797860
     -36.308224     -35.143041
     -35.922834     -32.854842
     -35.228661     -28.186186
     -34.173038     -21.747563
     -32.860945     -14.677874
     -31.573205      -8.105253
     -30.613136      -2.523738
