       9.204954      11.023702
       9.228209      10.714662
       9.202631      10.352628
       9.105092       9.991508
       9.003340       9.686032
       8.948817       9.423498
       8.884581       9.210097
       8.821246       9.059420
       8.710680       8.928253
       8.506315       8.705154
       8.296512       8.399469
       8.124502       8.024398
       8.194914       7.585745
       8.298541       7.105174
       8.342896       6.515820
       8.224015       5.696542
       8.054243       4.742429
       7.909886       3.784740
       7.814632       3.023975
       7.693485       2.428322
       7.590321       1.930186
       7.481890       1.511959
       7.420552       1.181592
       7.411987       1.013221
       7.448306       1.171897
       7.530509       1.787787
       7.622693       2.693508
       7.697873       3.768661
       7.692892       4.993419
       7.675411       6.773890
       7.720270       9.623613
       7.739015      14.063125
       7.611985      19.755054
       6.775398      25.463951
       5.178341      30.428640
       3.613396      35.044038
       2.242253      40.034270
       0.978168      45.311351
       0.192296      50.363437
      -0.561006      54.727094
      -1.799903      58.441624
      -3.214264      61.678209
      -5.023269      64.525158
      -6.870532      66.728216
      -8.587527      67.964120
     -10.194670      68.689264
     -11.514452      69.370126
     -12.608278      69.979012
     -13.533638      70.236070
     -14.424561      69.830144
     -15.414531      68.554185
     -16.321102      67.130451
     -16.892900      66.066146
     -17.123010      65.447079
     -17.033579      64.681646
     -16.478964      63.329956
     -15.376860      61.152038
     -14.066274      58.132572
     -12.491567      54.702182
     -10.848714      50.861321
      -9.383847      47.356498
      -8.109259      44.275168
      -6.416016      40.703979
      -4.078420      35.610032
      -1.329872      28.884721
       1.851905      21.288057
       5.167213      14.289359
       8.395075       8.786584
      10.622847       4.700841
      11.774552       1.772810
      12.088476      -0.430962
      11.989505      -1.904009
      11.743954      -2.927241
      10.970713      -3.862699
      10.000584      -4.861955
       8.042356      -5.719544
       4.451874      -6.463716
       0.594475      -7.008217
      -1.785207      -7.431769
      -4.223251      -7.605107
      -6.819881      -7.368221
      -9.120936      -6.405586
     -10.900785      -3.902079
     -12.298318       1.173753
     -13.066542       9.062583
     -12.955151      19.215584
     -12.529884      29.878562
     -12.446437      39.196645
     -12.851926      46.070348
     -13.912375      50.562085
     -15.163218      53.706978
     -16.037901      56.227871
     -16.443936      58.535156
     -16.477783      60.608061
     -16.119361      62.354321
     -15.627736      63.651836
     -14.862467      64.565971
     -14.177700      65.338087
     -13.424650      66.041302
     -12.447979      66.615407
     -11.436406      66.868885
     -10.507709      66.763779
      -9.902955      66.403296
      -9.678688      65.876377
      -9.647367      65.313370
      -9.711162      64.702323
      -9.728812      64.166369
      -9.825803      63.721320
      -9.925288      63.334206
     -10.045246      62.994666
     -10.129904      62.578424
     -10.275805      62.077849
     -10.493381      61.405715
     -10.652786      60.543588
     -10.697196      59.560741
     -10.670929      58.456958
     -10.501801      56.989500
      -9.921309      54.760807
      -8.687783      50.923957
      -6.922273      45.024481
      -4.887458      37.185910
      -2.499448      28.089186
       0.484231      18.853253
       3.649221      10.692642
       6.569389       4.438961
       8.852951      -0.036516
      10.094069      -3.208519
      10.943066      -5.411364
      11.642204      -7.036986
      12.411384      -8.465204
      13.164542     -10.123651
      13.844939     -12.076745
      14.155494     -14.100852
      14.133717     -15.932991
      13.744804     -17.075973
      13.811463     -17.644286
      14.061805     -18.059756
      14.650255     -18.809782
      15.441035     -20.089666
      16.518143     -21.947398
      17.664844     -24.184514
      18.972682     -26.577525
      20.419128     -29.192331
      21.902524     -31.912577
      23.309183     -34.736972
      24.527475     -37.497447
      25.590415     -40.084689
      26.447066     -42.493054
      27.004878     -44.765577
      27.316084     -46.577019
      27.375340     -47.614853
      27.496205     -48.050809
      27.683948     -48.366327
      28.111298     -48.933957
      28.728084     -49.783912
      29.416261     -50.965019
      30.346697     -52.874319
      31.816964     -55.672635
      33.203654     -58.300848
      34.554089     -60.043461
      35.486108     -61.672900
      35.672520     -63.593221
      35.478188     -65.626629
      35.189679     -67.519595
      34.970141     -69.022587
      35.321015     -69.794542
      35.647939     -70.090563
      36.162980     -70.316857
      37.357800     -70.442542
      38.331646     -70.390125
      39.116983     -70.382922
      39.461856     -70.657864
      39.220675     -71.072921
      38.760824     -71.142046
      38.704007     -70.515383
      39.597092     -68.846524
      41.294593     -66.428212
      43.005994     -64.076281
      44.340107     -62.091235
      44.938074     -60.923641
      44.863058     -60.231738
      44.009965     -59.761773
      42.045464     -59.191403
      38.851335     -58.470752
      35.437855     -57.728074
      32.041264     -56.873889
      28.654714     -56.154704
      25.378926     -55.966937
      21.816241     -57.028668
      18.451657     -59.518766
      15.535457     -62.334218
      13.513026     -64.734267
      12.047049     -66.175895
      11.036466     -66.731378
       9.986179     -66.574865
       9.396997     -65.839454
       9.770695     -63.625302
       9.557710     -59.286669
       9.198048     -53.287351
       8.717083     -46.300343
       8.391587     -39.199244
       8.432425     -33.014905
       8.158955     -28.085808
       7.996087     -25.100276
       7.773860     -23.556649
       7.738155     -23.339838
       7.676563     -23.944312
       7.581197     -24.930030
       7.507359     -26.074364
       7.686563     -27.247284
       7.879018     -28.416409
       7.991502     -29.512149
       8.072146     -30.464788
       8.291988     -31.357562
       8.546682     -32.163073
       8.687809     -32.863257
       8.910449     -33.416255
       9.405104     -33.867585
      10.249600     -34.286819
      11.214471     -34.633345
      12.264991     -34.946038
      13.244508     -35.219003
      14.025864     -35.512017
      14.534734     -35.991855
      14.738691     -36.491711
      14.865603     -36.811980
      14.852428     -36.913456
      14.783519     -36.717018
      14.640087     -36.226337
      14.387877     -35.416436
      14.176460     -34.454493
      14.006321     -33.600344
      13.863873     -33.029046
      13.718682     -32.763642
      13.659517     -32.706385
      13.600100     -32.760161
      13.695496     -32.707232
      14.006151     -32.106285
      14.628398     -30.591032
      15.944369     -27.361857
      18.006859     -21.481590
      20.452445     -13.569647
      22.492390      -5.506678
      23.854034       1.094744
      24.351799       5.908526
      24.467926       8.815889
      24.655064      10.471619
      24.891832      11.139068
      25.160807      11.190624
      25.377702      10.828502
      25.517249      10.319569
      25.548145       9.861479
      25.521215       9.531352
      25.524795       9.309277
      25.468485       9.114764
      25.282606       8.901719
      25.165586       8.764164
      25.317915       8.749372
      25.635425       8.735483
      25.833184       8.406040
      25.760117       7.552869
      25.643830       6.329754
      25.475263       4.818564
      25.228358       3.394958
      24.961181       2.337847
      24.732517       1.366344
      24.522159       0.328858
      24.027549      -0.920772
      22.889580      -2.785274
      20.938642      -5.248983
      18.370149      -8.139131
      16.524404     -10.924069
      14.893817     -12.738735
      12.868601     -13.285046
      11.441639     -13.004509
      10.774137     -12.407521
      10.479929     -11.953805
      10.405351     -11.936791
      10.297622     -12.245373
      10.172638     -12.861778
       9.970073     -13.514913
       9.813162     -13.759434
       9.454663     -13.454374
       9.005683     -12.923916
       8.618753     -12.334205
       8.358753     -11.833561
       8.251843     -11.546486
       8.269821     -11.619670
       8.286359     -12.132365
       8.313069     -13.011757
       8.378782     -13.786988
       8.326898     -14.205341
       8.035823     -14.432702
       7.807629     -14.684215
       7.718621     -15.194002
       7.745744     -16.175745
       8.027326     -17.749851
       8.898368     -20.226183
      10.143570     -23.950641
      11.650317     -28.212946
      13.372063     -32.034085
      15.170639     -34.882278
      16.671210     -36.756523
      18.001886     -37.941377
      19.104101     -38.611391
      20.085719     -38.885349
      20.848341     -38.882835
      21.422489     -38.797029
      21.774065     -38.726131
      22.033093     -38.701644
      22.210372     -38.671154
      22.350407     -38.600764
      22.472631     -38.573715
      22.538541     -38.583861
      22.535321     -38.564615
      22.540336     -38.484314
      22.547806     -38.405980
      22.414058     -38.285183
      22.254755     -38.149041
      22.112668     -37.998988
      21.945790     -37.906401
      21.781295     -37.863383
      21.551371     -37.971043
      21.355664     -38.229835
      21.116009     -38.567250
      20.745510     -38.896250
      20.243584     -39.185214
      19.812451     -39.424253
      19.378683     -39.646032
      18.820272     -39.915458
      18.153062     -40.226847
      17.447572     -40.610680
      17.187841     -41.064433
      17.563746     -41.856662
      17.413358     -43.017092
      17.185109     -44.404093
      16.993372     -45.763321
      16.784804     -46.987447
      16.600967     -47.984501
      16.418568     -48.702884
      16.352783     -49.045372
      16.390172     -49.134120
      16.584751     -49.062926
      16.804787     -49.026605
      17.039515     -49.142824
      17.127971     -49.363031
      17.106740     -49.569625
      17.033638     -49.735959
      17.042818     -49.872737
      17.317135     -50.024728
      18.180668     -50.203452
      19.734816     -50.270858
      22.141370     -49.996552
      24.815871     -49.497372
      26.824869     -48.944934
      28.348044     -48.362125
      29.646066     -47.856295
      31.316933     -47.316126
      33.333929     -46.458531
      35.107694     -45.440043
      36.199988     -44.493909
      35.772789     -43.541423
      33.150853     -42.203604
      29.060154     -40.568247
      24.135970     -38.801436
      18.904681     -37.005671
      14.934067     -35.347192
      12.364881     -33.919276
      10.361867     -32.658604
       8.532915     -31.359670
       7.161847     -29.908739
       6.843383     -28.290080
       8.140926     -26.591164
       9.869452     -24.917948
      10.553226     -23.550546
      10.486736     -22.582165
      10.157168     -21.883236
       9.731202     -21.262713
       9.500781     -20.626710
       9.252250     -19.766986
       8.895419     -18.623706
       8.547501     -17.138373
       8.264808     -15.553812
       8.073714     -14.107267
       7.980502     -13.037533
       7.872736     -12.392110
       7.791335     -12.095143
       7.770159     -12.025997
       7.783785     -12.140207
       7.922103     -12.300088
       7.989272     -12.452127
       8.039492     -12.552445
       7.969927     -12.641833
       7.891405     -12.749770
       7.967250     -12.934145
       8.125054     -13.217862
       8.256841     -13.634992
       8.354379     -14.122206
       8.481557     -14.645618
       8.702465     -15.177946
       9.014589     -15.703085
       9.401990     -16.184938
       9.792882     -16.599328
      10.200059     -16.889351
      10.642902     -17.072150
      10.873775     -17.136965
      11.064910     -17.113252
      11.163030     -17.025514
      11.267211     -16.922973
      11.281061     -16.853250
      11.266776     -16.800496
      11.248808     -16.752584
      11.306362     -16.707012
      11.393596     -16.667535
      11.502533     -16.621515
      11.585446     -16.511752
      11.641339     -16.266635
      11.707640     -15.903388
      11.776035     -15.499035
      11.844501     -15.093388
      11.931310     -14.757903
      11.979581     -14.543340
      12.006974     -14.472759
      12.007782     -14.512266
      12.011928     -14.575308
      12.069403     -14.662243
      12.116218     -14.742659
      12.159547     -14.825263
      12.178171     -14.879230
      12.165459     -14.923079
      12.161676     -14.969236
      12.079984     -15.051765
      11.998846     -15.149741
      11.991681     -15.275261
      11.992699     -15.401635
      11.993295     -15.557750
      11.923905     -15.676435
      11.876076     -15.750901
      11.834726     -15.798366
      11.792038     -15.831097
      11.743366     -15.871869
      11.659088     -15.904487
      11.610978     -15.923734
      11.574456     -15.940271
      11.502575     -15.961115
      11.449044     -15.965448
      11.455313     -15.975114
      11.466655     -15.970660
      11.494137     -15.991835
      11.470322     -16.008780
      11.487936     -16.031269
      11.512255     -16.062328
      11.537869     -16.110759
      11.563238     -16.155311
      11.570789     -16.188318
      11.547414     -16.198519
      11.523979     -16.194568
      11.486325     -16.237955
      11.432799     -16.269484
      11.422773     -16.274406
      11.413854     -16.257574
      11.395551     -16.246426
      11.324059     -16.264867
      11.185713     -16.212940
      11.008805     -15.949031
      10.727155     -15.089112
      10.468950     -12.908806
      10.340134      -8.811053
      10.440331      -2.606922
      10.878874       4.821974
      11.372994      12.424166
      11.445115      19.101896
      10.857267      24.278257
       9.757915      28.135107
       8.566217      31.226690
       7.015345      34.319912
       5.074489      37.343069
       2.610416      39.853174
      -0.494316      41.365088
      -4.306032      41.541441
      -8.725731      40.377184
     -12.638425      38.856612
     -15.487586      37.464640
     -16.803170      36.438745
     -17.398266      36.027678
     -17.629769      36.206943
     -17.782645      37.173387
     -17.634603      39.562355
     -16.983149      44.195304
     -16.403050      50.205623
     -16.464019      55.808778
     -17.264943      59.923619
     -18.464076      62.884412
     -19.946598      65.302005
     -21.284433      67.240263
     -22.024675      68.467040
     -22.103335      69.006107
     -21.619165      69.096632
     -20.702815      68.974988
     -19.663401      68.755868
     -18.676796      68.536787
     -17.903011      68.319528
     -17.456279      68.159338
     -17.262557      68.038228
     -17.289813      67.816243
     -17.197684      67.424781
     -16.956850      66.781182
     -16.547820      65.818884
     -15.301336      64.339940
     -11.848087      62.020221
      -9.300846      59.585997
      -8.332324      57.549632
      -7.791117      55.958583
      -7.502145      54.721402
      -7.210909      53.589973
      -7.000298      52.426546
      -6.786494      50.982164
      -6.242859      48.603544
      -5.095079      44.621610
      -3.210376      39.019952
      -1.188880      32.270629
       0.991233      25.146228
       3.196437      18.121730
       5.448576      11.647367
       7.540769       6.124498
       8.984649       1.601085
       9.811869      -2.330087
      10.450707      -5.905539
      10.930363      -9.478272
      11.105901     -13.135309
      11.186589     -16.568955
      11.235715     -19.704390
      11.315580     -22.533043
      11.443522     -25.018608
      11.624568     -27.222268
      11.877948     -29.259974
      12.063447     -31.172796
      12.261143     -32.351375
      12.526228     -33.315521
      13.198777     -34.343889
      14.387741     -35.035774
      15.652779     -35.333495
      16.887370     -35.188377
      18.121994     -34.548117
      19.712627     -33.533521
      21.642384     -32.397711
      23.698228     -31.305726
      25.770873     -30.549004
      27.729832     -30.400396
      29.605022     -30.700934
      31.728107     -31.226277
      33.705819     -31.815915
      35.371863     -32.601689
      36.630243     -33.531178
      37.307911     -34.522770
      37.600581     -35.268758
      37.389252     -35.498282
      35.760607     -34.632852
      32.638328     -32.853800
      28.863294     -30.355505
      25.337865     -27.261608
      24.083594     -23.893748
      23.067886     -20.478104
      21.607816     -17.123939
      20.208734     -13.912613
      18.701013     -10.717623
      17.257988      -7.540352
      15.929869      -4.394795
      14.656241      -1.589096
      13.499227       0.692496
      12.511356       2.365116
      11.881264       3.321621
      11.359141       3.691608
      10.957825       3.767475
      10.829723       3.729461
      10.739265       3.626413
      10.930507       3.599478
      10.977649       3.822745
      11.046695       4.138264
      11.225606       4.497112
      11.528940       4.841968
      11.632064       5.209374
      11.535285       5.594884
      11.438903       5.925372
      11.331049       6.211798
      11.234292       6.483750
      11.295301       6.764045
      11.341361       7.052383
      11.385058       7.278712
      11.370538       7.504575
      11.344278       7.828124
      11.393847       8.278163
      11.443079       8.852537
      11.835717       9.490250
      12.211385      10.203156
      12.488132      10.920706
      12.690908      11.566686
      12.763637      12.009562
      12.712389      12.310032
      12.669577      12.472949
      12.687302      12.562253
      12.651395      12.560118
      12.585745      12.456782
      12.550744      12.310553
      12.536908      12.201638
      12.531774      12.139915
      12.503121      12.104079
      12.453521      12.089491
      12.421690      12.074686
      12.417325      12.124932
      12.415685      12.197065
      12.462005      12.439836
      12.595305      12.885712
      12.824406      13.398460
      12.923861      13.703555
      12.940861      13.643278
      12.820725      13.246974
      12.721031      12.500848
      12.675149      11.349741
      12.654043       9.603237
      12.541658       6.578340
      12.301938       1.715247
      11.716560      -5.259213
      11.182415     -13.851661
      10.771037     -23.217315
      10.726842     -32.383031
      10.932825     -40.749120
      11.419253     -47.856470
      11.828303     -53.522387
      11.824196     -57.528261
      11.511178     -60.169559
      10.904535     -61.882995
      10.230595     -62.954435
       9.501734     -63.665586
       8.653774     -64.473139
       7.758805     -65.488543
       6.815123     -66.585706
       5.785840     -67.615084
       4.482112     -68.439409
       3.008830     -69.073367
       1.533927     -69.691146
      -0.042942     -70.450027
      -1.770226     -71.315952
      -3.681817     -72.191576
      -5.559641     -73.053061
      -6.827193     -73.902098
      -7.246162     -74.642109
      -7.021592     -74.994530
      -5.869113     -74.918513
      -4.381247     -74.587822
      -2.777655     -73.974239
      -0.868427     -73.260048
       0.550794     -72.679269
       1.483015     -72.171633
       1.712652     -71.791954
       0.954641     -71.579168
      -0.651692     -71.637409
      -2.828862     -71.974307
      -5.196297     -72.568262
      -8.065679     -73.241465
     -11.214023     -73.824162
     -14.223082     -74.433379
     -16.777316     -75.278952
     -18.765494     -76.496691
     -20.104144     -77.905757
     -20.821649     -79.067678
     -21.193617     -80.109617
     -21.448436     -81.287275
     -21.588279     -82.615938
     -21.648861     -84.067022
     -21.416491     -85.474743
     -20.889766     -86.609363
     -20.270818     -87.488824
     -19.476342     -88.262412
     -18.322674     -88.922035
     -16.886824     -89.542578
     -15.578507     -90.188212
     -14.620906     -90.839442
     -13.961389     -91.502834
     -13.703098     -92.140609
     -13.779590     -92.697603
     -13.922398     -93.191553
     -14.063034     -93.691360
     -14.286012     -94.155954
     -14.526862     -94.542718
     -14.780289     -94.750376
     -14.979399     -94.780003
     -15.142391     -94.676957
     -15.376655     -94.510040
     -15.532837     -94.276524
     -15.742624     -93.979818
     -16.112150     -93.770228
     -16.528576     -93.710846
     -16.852925     -93.789277
