     -10.763875      -8.181707
     -10.594031      -8.739509
     -10.382141      -9.140033
     -10.386579      -9.792087
     -10.380677     -10.213163
     -10.355066     -10.444720
     -10.322489     -10.446446
     -10.134161     -10.539114
     -10.103689     -10.757049
      -9.946328     -11.232034
      -9.678727     -11.734943
      -9.223337     -12.362931
      -8.710370     -12.776498
      -7.936425     -13.194391
      -7.177768     -13.479353
      -6.401921     -13.815059
      -5.461319     -14.272212
      -4.384208     -14.630711
      -2.903611     -15.161406
      -1.095700     -15.515977
       1.103691     -16.002288
       2.932683     -16.298196
       4.599237     -16.638799
       5.929865     -16.620847
       7.079807     -16.787787
       8.145792     -16.779113
       9.305668     -16.837588
      10.213827     -16.770877
      11.091415     -16.731706
      11.753521     -16.473071
      12.313639     -16.221450
      12.656276     -15.798127
      12.954103     -15.489138
      12.979106     -15.088229
      13.042753     -14.981149
      13.056503     -14.890919
      13.140960     -14.946014
      13.084356     -14.893901
      13.098246     -14.945673
      13.034507     -14.854934
      13.083000     -14.825471
      13.027094     -14.741169
      13.118104     -14.742163
      13.115097     -14.699955
      13.125206     -14.694310
      13.126771     -14.743538
      13.074592     -14.777983
      13.045597     -14.823758
      12.989399     -14.821186
      12.972986     -14.868885
      12.937197     -14.894334
      12.961595     -14.933050
      12.928671     -14.951535
      12.888159     -15.022188
      12.803871     -15.062724
      12.803846     -15.091187
      12.764079     -15.101355
      12.757419     -15.141896
      12.705968     -15.146485
      12.683393     -15.154064
      12.624737     -15.157002
      12.588527     -15.174814
      12.536323     -15.166992
      12.530550     -15.181616
      12.488944     -15.174532
      12.485982     -15.190567
      12.434695     -15.184184
      12.428530     -15.180500
      12.375493     -15.140861
      12.375450     -15.138186
      12.351242     -15.112101
      12.402540     -15.122770
      12.393738     -15.096909
      12.446626     -15.098199
      12.441598     -15.072681
      12.449578     -15.064409
      12.395710     -15.044798
      12.377359     -15.033979
      12.345755     -15.001625
      12.320623     -14.939477
      12.318723     -14.884866
      12.293059     -14.824494
      12.275488     -14.796094
      12.224147     -14.779563
      12.192326     -14.792748
      12.123599     -14.796288
      12.154756     -14.892518
      12.149956     -14.969893
      12.212994     -15.096453
      12.228137     -15.186698
      10.004810     -15.444219
      10.058099     -15.647194
      10.225646     -15.739710
      10.338737     -15.804548
      10.426666     -15.794335
      10.442642     -15.634356
      10.522679     -15.448422
      10.553474     -15.250937
      10.633021     -15.213398
      10.634471     -15.331968
      10.568415     -15.573698
      10.348650     -15.805873
      10.011536     -15.982423
       9.639911     -16.222929
       9.474786     -16.751398
       9.276204     -17.704997
       9.002966     -19.499664
       8.455573     -22.505416
       7.821475     -26.054936
       6.862740     -29.702017
       5.667462     -33.216382
       4.435650     -36.928002
       3.210723     -40.524181
       1.866980     -44.274168
       0.318502     -47.988003
      -1.067986     -51.722301
      -2.356929     -55.188511
      -3.557154     -58.377099
      -4.592479     -61.310920
      -5.325707     -64.052409
      -6.065410     -66.663064
      -6.670213     -69.188031
      -7.128268     -71.776757
      -7.358667     -74.392332
      -7.460374     -76.927329
      -7.444215     -78.837771
      -7.327000     -80.305996
      -7.289035     -81.306533
      -7.278821     -82.178942
      -7.246507     -82.917851
      -7.186800     -83.620506
      -7.104225     -84.206613
      -6.958883     -84.758769
      -6.840161     -85.273128
      -6.746574     -85.857564
      -6.595954     -86.477670
      -6.410113     -87.155584
      -6.202064     -87.801374
      -5.992186     -88.435934
      -5.857717     -88.967584
      -5.720812     -89.479524
      -5.661231     -89.938668
      -5.601370     -90.566283
      -5.633122     -91.203592
      -5.649302     -91.866139
      -5.650152     -92.418975
      -5.618124     -93.034972
      -5.606795     -93.650813
      -5.588023     -94.429404
      -5.637962     -95.477511
      -5.751996     -96.808141
      -5.942963     -98.175568
      -6.211278     -99.629498
      -6.457957    -101.227051
      -6.625960    -103.145498
      -6.772260    -105.471565
      -6.822121    -108.072229
      -6.730668    -110.184733
      -6.572710    -111.545894
      -6.410810    -112.426823
      -6.333100    -113.295093
      -6.099420    -114.183705
      -5.640503    -115.075163
      -5.296928    -115.716242
      -4.988615    -115.894358
      -4.893722    -115.819609
      -4.778127    -115.618547
      -4.416443    -115.657219
      -4.511445    -115.699912
      -4.675512    -116.007352
      -4.957201    -116.526685
      -5.410885    -116.936627
      -5.736947    -117.164091
      -5.791915    -117.640322
      -5.635950    -118.546769
      -5.628256    -119.444454
      -5.663767    -119.912370
      -5.327470    -120.128935
      -4.957349    -120.186792
      -4.638573    -120.207463
      -4.488190    -120.042295
      -4.537027    -119.811723
      -4.598787    -119.717904
      -4.461542    -119.880061
      -4.470456    -120.193446
      -4.631264    -120.605312
      -4.847027    -120.923515
      -5.008738    -121.176012
      -5.035263    -121.497547
      -4.994329    -121.982783
      -4.916828    -122.557456
      -4.790739    -123.080839
      -4.711407    -123.514513
      -4.753643    -123.480776
      -4.607515    -123.324371
      -4.505698    -123.457900
      -4.667823    -123.765379
      -4.970315    -124.021548
      -5.197595    -124.591286
      -5.354468    -125.434592
      -5.438672    -126.403345
      -5.547529    -127.340808
      -5.712116    -128.299721
      -5.925112    -129.213803
      -5.970874    -130.044587
      -6.054013    -130.788256
      -6.192695    -131.555918
      -6.305658    -132.225303
      -6.426231    -132.789194
      -6.463820    -133.227045
      -6.435357    -133.458948
      -6.310354    -133.450847
      -6.116016    -133.412457
      -5.782131    -133.546413
      -4.963401    -134.003362
      -3.178627    -135.065593
      -0.955431    -136.665254
       1.109997    -138.255269
       2.919565    -138.897639
       3.711847    -137.984946
       3.597095    -135.903663
       3.143038    -132.948125
       3.064325    -129.468398
       3.265546    -126.215873
       3.714913    -124.649153
       4.061995    -124.797515
       4.111669    -126.357718
       4.386705    -129.442588
       5.193420    -134.285040
       6.173757    -139.357483
       6.852995    -143.074349
       7.296705    -145.344842
       7.438787    -146.627922
       7.184291    -147.286622
       6.808326    -147.766748
       6.570037    -148.321955
       6.606254    -148.744487
       7.232632    -148.590558
       8.168806    -147.400519
       9.072518    -145.411753
       9.577427    -142.346796
       9.947025    -138.478410
      10.634891    -134.534021
      11.149657    -130.123533
      11.750990    -126.031889
      12.980372    -122.166650
      14.825095    -118.629708
      16.434070    -115.228218
      16.930152    -112.659212
      17.132124    -109.559158
      17.063678    -104.719018
      17.169630     -99.632043
      17.122474     -94.610445
      17.502607     -90.374363
      17.818740     -86.982664
      18.188404     -83.846708
      18.330227     -80.414589
      17.952842     -76.230793
      17.425825     -71.284881
      16.981873     -65.874667
      16.919446     -60.560748
      17.047216     -55.641055
      17.362555     -51.395968
      17.810186     -47.823637
      17.871032     -44.646735
      17.384571     -41.713326
      16.555350     -38.815534
      15.747065     -36.040214
      15.246705     -33.636502
      15.003781     -31.606298
      14.927024     -29.769362
      15.060369     -28.192228
      15.225197     -26.902059
      15.465133     -26.184106
      15.795219     -25.912657
      16.096025     -25.686793
      16.397394     -25.278327
      16.644022     -24.858911
      16.911312     -24.349941
      17.213868     -23.710968
      17.541425     -22.789081
      17.784292     -21.639297
      17.876044     -20.215188
      17.904788     -18.664491
      17.873673     -17.017413
      17.914200     -15.403212
      17.989122     -13.721097
      18.110429     -12.142392
      18.286356     -10.609664
      18.400151      -9.054734
      18.422347      -7.583180
      18.367577      -6.175620
      18.458055      -4.821473
      18.621150      -3.465216
      18.802216      -2.273914
      18.937777      -1.211150
      18.981454      -0.363897
      18.876990       0.435786
      18.693917       1.121528
      18.572826       1.747751
      18.589685       2.316709
      18.658096       2.957506
      18.701149       3.621471
      18.655255       4.381807
      18.539290       5.036532
      18.419855       5.552720
      18.352286       5.895677
      18.306676       6.098652
      18.278068       6.166396
      18.236707       6.090355
      18.206507       5.918534
      18.168330       5.775649
      18.155302       5.632766
      18.120493       5.416573
      18.115243       5.135863
      18.187793       4.801548
      18.240185       4.473010
      18.269373       4.227755
      18.310376       4.049956
      18.193199       3.852035
      17.906500       3.713935
      17.570095       3.643535
      17.337067       3.556819
      17.301495       3.393419
      17.313908       3.224697
      17.411804       3.130434
      17.575052       3.015005
      17.740629       2.872938
      17.817026       2.713123
      17.764221       2.542983
      17.703496       2.354603
      17.716090       2.148321
      17.760328       1.945480
      17.758264       1.817859
      17.716431       1.743941
      17.677880       1.654987
      17.617696       1.588515
      17.609236       1.476915
      17.578545       1.481548
      17.555355       1.521987
      17.354171       1.662095
      17.103293       1.810426
      16.922002       1.905232
      16.797504       1.919200
      16.730005       1.881405
      16.731672       1.741296
      16.754297       1.580842
      16.790846       1.439336
      16.773180       1.306815
      16.795186       1.153858
      16.816090       0.938438
      16.841284       0.791122
      16.883370       0.655796
      16.907417       0.558170
      16.916399       0.449087
      16.925515       0.407343
      16.943018       0.353727
      16.917650       0.351212
      16.882696       0.354031
      16.921227       0.389167
      17.076680       0.421234
      17.217220       0.520620
      17.238833       0.582947
      17.178561       0.592363
      17.110233       0.521227
      17.077634       0.448677
      17.190304       0.311112
      17.327947       0.252221
      17.404949       0.191304
      17.400635       0.170033
      17.381082       0.106991
      17.398602       0.080929
      17.415216       0.039493
      17.447498       0.051464
      17.435934       0.042540
      17.333630       0.083378
      17.158415       0.091480
      16.953596       0.084750
      16.841414       0.033638
      16.805709       0.016768
      16.855784      -0.058255
      16.819899      -0.150574
      16.770751      -0.274467
      16.732560      -0.346089
      16.726852      -0.447098
      16.705076      -0.510405
      16.695724      -0.565458
      16.650584      -0.502808
      16.588225      -0.420022
      16.566198      -0.363820
      16.592509      -0.275538
      16.583784      -0.227413
      16.531638      -0.182096
      16.477939      -0.163948
      16.489871      -0.145436
      16.516926      -0.177902
      16.520971      -0.212596
      16.530151      -0.322064
      16.547187      -0.416848
      16.551818      -0.494671
      16.534195      -0.522759
      16.527765      -0.569589
      16.531707      -0.589003
      16.526571      -0.626553
      16.498443      -0.622449
      16.486485      -0.662011
      16.459137      -0.661593
      16.454624      -0.677961
      16.436382      -0.649734
      16.437899      -0.667480
      16.436250      -0.688625
      16.451649      -0.757744
      16.437287      -0.817936
      16.438873      -0.869368
      16.431026      -0.891015
      16.440370      -0.944264
      16.426875      -0.928301
      16.421123      -0.922069
      16.411528      -0.885729
      16.411368      -0.892415
      16.401433      -0.899369
      16.382197      -0.937872
      16.339469      -0.949304
      16.318235      -0.940616
      16.311728      -0.972723
      16.286902      -0.980336
      16.266640      -0.997888
      16.245376      -1.010913
      16.240412      -1.044435
      16.223704      -1.047054
      16.199406      -1.064237
      16.180962      -1.051541
      16.177030      -1.085801
      16.179045      -1.094527
      16.189439      -1.112607
      16.165856      -1.104887
      16.157869      -1.134884
      16.162099      -1.144863
      16.161462      -1.188002
      16.150517      -1.202916
      16.168797      -1.238663
      16.156795      -1.243999
      16.142416      -1.260958
      16.115973      -1.270468
      16.063910      -1.324391
      16.011850      -1.393649
      15.965704      -1.474526
      15.900455      -1.489591
      15.766387      -1.522268
      15.671985      -1.648767
      15.538155      -1.912235
      15.220357      -2.067076
      14.885259      -2.117766
      14.646343      -2.090711
      14.576528      -2.150036
      14.542863      -2.266776
      14.395996      -2.354914
      14.128434      -2.286755
      13.850494      -2.172306
      13.739006      -2.150931
      13.799089      -2.276841
      13.845293      -2.439493
      13.792238      -2.576688
      13.704639      -2.683052
      13.661321      -2.929125
      13.629904      -3.211404
      13.538377      -3.505194
      13.506440      -3.834201
      13.475159      -4.418333
      13.085948      -5.085670
      11.912838      -5.537130
      10.288987      -6.019251
       9.183064      -6.964910
       8.895073      -7.981492
       8.863797      -8.771192
       8.746570      -9.330278
       8.872809     -10.034300
       8.989500     -10.791755
       9.117630     -11.435046
       9.328057     -11.882143
       9.569221     -12.344707
       9.452914     -12.870682
       8.960460     -13.247965
       8.584062     -13.443851
       8.546580     -13.422962
       8.619074     -13.266406
       8.468766     -13.014478
       8.088275     -12.614023
       7.581403     -12.086374
       7.170770     -11.639048
       6.995624     -11.355571
       7.067064     -11.310038
       7.196319     -11.559290
       7.098963     -11.874161
       6.683698     -12.044044
       6.350949     -12.049735
       6.383943     -12.155528
       6.090451     -12.015152
       5.949931     -11.969797
       5.999293     -11.943056
       6.159692     -11.874624
       6.431451     -11.948672
       6.908548     -12.194831
       7.452721     -12.390637
       7.923172     -12.379513
       8.278349     -12.329083
       8.777812     -12.420694
       8.917358     -12.571754
       8.645619     -12.455850
       8.472845     -12.235863
       8.359954     -12.015693
       8.140547     -12.011799
       8.136962     -12.029315
       8.082858     -11.680563
       8.308874     -10.974747
       8.761728     -10.244652
       9.181746      -9.716469
       9.358794      -9.454308
       9.420570      -9.166345
       9.549071      -8.662768
       9.714735      -7.801287
       9.595485      -6.729266
       9.284512      -5.631503
       8.852787      -4.689721
       8.360382      -3.908711
       7.915738      -3.270554
       7.674025      -2.812233
       7.314070      -2.633701
       7.027352      -2.402285
       6.884199      -2.016884
       6.986675      -1.670608
       7.263133      -1.255204
       7.474008      -0.903857
       7.478832      -0.653659
       7.571857      -0.559733
       7.754989      -0.439973
       7.711301      -0.560151
       7.660282      -0.881426
       7.769557      -1.101978
       7.699042      -1.414277
       7.848184      -1.618281
       8.143477      -1.602460
       8.374262      -1.552237
       8.696790      -1.532972
       9.056454      -1.463306
       9.439368      -1.313999
       9.764720      -1.216222
       9.919044      -1.262561
       9.851065      -1.554573
       9.780558      -1.960136
       9.851335      -2.251110
       9.863142      -2.393631
       9.969799      -2.342337
      10.064660      -2.139178
      10.116307      -1.891821
       9.948093      -1.807858
       9.638563      -1.872314
       9.285169      -2.029231
       9.016623      -2.178421
       8.935685      -2.252652
       9.074611      -2.240967
       9.391441      -2.087091
       9.752022      -1.882682
      10.043314      -1.806568
      10.155756      -1.861386
      10.178407      -1.913875
      10.185629      -1.937257
      10.150445      -1.993975
      10.054126      -2.143950
       9.932072      -2.372590
       9.761541      -2.686918
       9.643586      -3.145916
       9.606341      -3.577698
       9.745590      -3.797258
       9.984251      -3.723543
      10.166463      -3.649054
      10.308614      -3.636055
      10.415804      -3.659565
      10.529331      -3.558611
      10.674749      -3.390676
      10.878523      -3.211965
      11.131732      -3.216860
      11.298193      -3.200897
      11.478169      -3.051492
      11.535129      -3.003748
      11.374769      -3.096722
      11.128424      -3.125518
      10.858433      -3.077259
      10.620718      -3.182062
      10.446312      -3.354004
      10.414176      -3.451767
      10.446711      -3.528312
      10.393719      -3.724030
      10.211005      -3.984583
      10.019108      -4.217502
       9.959889      -4.330529
