      -6.063421      -3.473002
      -6.009276      -3.497502
      -5.966638      -3.514123
      -5.965378      -3.486129
      -5.950292      -3.458672
      -5.935986      -3.450152
      -5.950808      -3.437342
      -5.926769      -3.414415
      -5.879718      -3.419395
      -5.831684      -3.433637
      -5.810691      -3.459521
      -5.816360      -3.498452
      -5.848026      -3.552744
      -5.904822      -3.630219
      -6.001089      -3.743635
      -6.106170      -3.891734
      -6.208221      -4.088117
      -6.276582      -4.285044
      -6.380803      -4.542981
      -6.447555      -4.819252
      -6.515997      -5.096862
      -6.604359      -5.293335
      -6.703880      -5.399914
      -6.728458      -5.455141
      -6.735775      -5.517669
      -6.795071      -5.587038
      -6.812412      -5.678141
      -6.811340      -5.785587
      -6.833876      -5.928801
      -6.885910      -6.142444
      -6.905970      -6.435619
      -6.857041      -6.798733
      -6.653769      -7.086156
      -6.311743      -7.209904
      -5.889129      -7.197103
      -5.409184      -7.069517
      -4.930166      -6.929123
      -4.449731      -6.796280
      -3.939413      -6.634100
      -3.544781      -6.358552
      -3.366933      -5.987074
      -3.246980      -5.576568
      -3.129963      -5.087532
      -3.071956      -4.451606
      -2.933661      -3.540042
      -2.566444      -1.949998
      -2.221156       0.310602
      -2.044191       2.721622
      -1.862767       4.718650
      -1.832391       6.204112
      -2.181735       7.244672
      -2.885366       7.961330
      -3.710318       8.527777
      -4.417213       8.996181
      -4.985052       9.240890
      -5.437958       9.242412
      -5.763254       9.110251
      -5.888358       8.957258
      -5.917848       8.856822
      -5.829907       8.795989
      -5.906421       8.699385
      -6.115106       8.441526
      -6.317629       8.099247
      -6.489667       7.771051
      -6.601378       7.447794
      -6.695277       7.156332
      -6.689019       6.852564
      -6.610209       6.530425
      -6.638279       6.320562
      -6.621248       6.173079
      -6.574549       6.047497
      -6.531767       5.958316
      -6.582752       5.922319
      -6.645050       5.945984
      -6.663179       5.992905
      -6.699346       5.992464
      -6.725284       5.945727
      -6.703093       5.854711
      -6.714646       5.751317
      -6.725885       5.669315
      -6.712143       5.589794
      -6.677868       5.495349
      -6.617958       5.459243
      -6.569932       5.506788
      -6.549631       5.518059
      -6.536242       5.435117
      -6.528895       5.328104
      -6.514755       5.261364
      -6.514591       5.230515
      -6.510560       5.228358
      -6.491902       5.222037
      -6.522197       5.207566
      -6.572634       5.190301
      -6.616068       5.168459
      -6.613064       5.119739
      -6.716207       4.756735
      -6.974694       3.550711
      -7.442041       0.960968
      -8.104339      -3.645491
      -8.944366     -10.259719
      -9.833325     -18.676411
     -10.443016     -27.438556
     -10.802507     -35.501910
     -11.222028     -41.829351
     -11.501343     -46.374422
     -11.798287     -49.344317
     -12.331077     -51.145418
     -13.427533     -52.341956
     -15.370720     -53.012730
     -17.754255     -53.239320
     -19.149392     -53.322628
     -19.571855     -53.597501
     -19.992944     -53.964551
     -20.405628     -54.227068
     -20.682847     -54.249872
     -20.747635     -53.990240
     -20.827490     -53.639097
     -20.979092     -53.398601
     -21.153779     -53.332662
     -21.193932     -53.542879
     -21.122197     -54.030315
     -21.097064     -54.698846
     -20.925793     -55.665918
     -20.580065     -57.176880
     -20.271975     -58.868508
     -20.104871     -60.333459
     -20.083799     -61.263977
     -20.092526     -61.518019
     -20.113029     -61.357009
     -20.081178     -61.066127
     -20.054183     -60.820269
     -19.943447     -60.680464
     -19.815231     -60.516030
     -19.801808     -60.199318
     -19.721471     -59.836207
     -19.720932     -59.509489
     -19.730171     -59.189188
     -19.772579     -58.882817
     -19.772402     -58.559728
     -19.779253     -58.164784
     -19.697854     -57.691714
     -19.587342     -57.072580
     -19.555854     -56.486410
     -19.548611     -55.818866
     -19.425601     -54.681710
     -18.950687     -52.702978
     -18.149640     -49.724297
     -17.440811     -46.355023
     -16.691746     -43.234896
     -15.849092     -40.033464
     -15.155164     -36.974003
     -14.493088     -34.340938
     -13.892647     -32.292981
     -13.509616     -30.433744
     -13.189047     -28.730105
     -12.933312     -26.915941
     -12.764068     -24.877963
     -12.552981     -22.661548
     -12.167737     -20.175231
     -11.877795     -17.708542
     -11.832140     -15.502891
     -12.035319     -13.744832
     -12.257227     -12.461527
     -12.377458     -11.567199
     -12.429519     -10.948576
     -12.281803     -10.496272
     -12.075145     -10.168430
     -11.833454      -9.929088
     -11.477794      -9.766110
     -11.083653      -9.784693
     -10.876764      -9.877951
     -10.893639     -10.042988
     -10.985516     -10.243963
     -11.094990     -10.430492
     -11.145942     -10.638825
     -11.145412     -10.826084
     -11.148174     -10.937631
     -11.090507     -10.980875
     -10.977699     -10.970422
     -10.868929     -10.945708
     -10.771190     -10.963313
     -10.729308     -11.007624
     -10.716445     -11.097810
     -10.703975     -11.200700
     -10.696290     -11.306947
     -10.655463     -11.403007
     -10.640716     -11.479056
     -10.608505     -11.553658
     -10.552328     -11.660245
     -10.497374     -11.786253
     -10.438308     -11.933635
     -10.424374     -12.075223
     -10.421772     -12.218247
     -10.389679     -12.371106
     -10.369564     -12.545031
     -10.372059     -12.783592
     -10.391560     -13.084011
     -10.467147     -13.385193
     -10.550107     -13.624293
     -10.670595     -13.779952
     -10.843362     -13.858884
     -11.090684     -13.913111
     -11.446559     -13.975988
     -11.929418     -14.056628
     -12.500317     -14.095251
     -12.994829     -14.056148
     -13.459505     -13.984463
     -13.996703     -13.949403
     -14.464021     -13.954312
     -14.852620     -13.974262
     -15.156053     -13.951735
     -15.351180     -13.931491
     -15.459607     -13.860274
     -15.674029     -13.762093
     -15.871167     -13.755589
     -16.039120     -13.804345
     -16.207439     -13.860902
     -16.337034     -13.921811
     -16.380779     -13.963247
     -16.367398     -13.993970
     -16.379984     -14.016257
     -16.403222     -14.033648
     -16.394993     -14.044553
     -16.380677     -14.033919
     -16.363217     -13.982582
     -16.357680     -13.887798
     -16.344226     -13.778674
     -16.309362     -13.663832
     -16.278862     -13.516345
     -16.208035     -13.294889
     -15.977226     -12.968148
     -15.542979     -12.331200
     -15.032682     -11.183747
     -14.214062      -9.572717
     -13.500038      -7.729683
     -12.790821      -5.884855
     -12.132138      -4.194800
     -11.538423      -2.546411
     -10.685483      -0.762494
      -9.747506       1.075783
      -8.970594       2.817728
      -8.537572       4.101754
      -8.456594       4.738199
      -8.783487       4.743801
      -9.331490       4.319721
      -9.965450       3.770137
     -10.338288       3.286308
     -10.454169       2.839052
     -10.554232       2.368203
     -10.668805       1.823814
     -10.823827       1.199342
     -11.045061       0.547606
     -11.363707      -0.174203
     -11.800021      -1.067788
     -12.319862      -2.139177
     -12.890625      -3.331540
     -13.447836      -4.606450
     -13.936348      -5.881487
     -14.324706      -7.029585
     -14.693960      -8.034628
     -15.017074      -8.876903
     -15.200951      -9.527623
     -15.350890      -9.971484
     -15.445003     -10.257957
     -15.473947     -10.401738
     -15.468307     -10.478323
     -15.445660     -10.520602
     -15.443910     -10.558433
     -15.434518     -10.633982
     -15.442657     -10.708956
     -15.463593     -10.751718
     -15.480798     -10.751615
     -15.508725     -10.749179
     -15.568056     -10.765697
     -15.678255     -10.788684
     -15.788544     -10.831491
     -15.896319     -10.877383
     -15.987304     -10.919386
     -16.058087     -10.948334
     -16.086305     -10.976710
     -16.115187     -10.997852
     -16.110042     -11.042471
     -16.118830     -11.071517
     -16.129883     -11.094696
     -16.125771     -11.128214
     -16.129679     -11.159469
     -16.161211     -11.168450
     -16.166503     -11.181354
     -16.178545     -11.199686
     -16.209695     -11.217490
     -16.246966     -11.209675
     -16.281214     -11.188663
     -16.327760     -11.184250
     -16.358431     -11.194551
     -16.385002     -11.212951
     -16.389903     -11.239295
     -16.366721     -11.269313
     -16.282923     -11.301429
     -16.204289     -11.309156
     -16.145064     -11.300360
     -16.108171     -11.286628
     -16.058321     -11.304593
     -16.017845     -11.352201
     -16.001632     -11.381135
     -15.950934     -11.394776
     -15.903914     -11.404321
     -15.846489     -11.407556
     -15.839952     -11.381660
     -15.854937     -11.376205
     -15.836930     -11.396220
     -15.807466     -11.423301
     -15.802783     -11.440795
     -15.759635     -11.464330
     -15.733369     -11.461340
     -15.711633     -11.445284
     -15.700306     -11.448207
     -15.700189     -11.465411
     -15.707969     -11.466233
     -15.688260     -11.473259
     -15.671480     -11.497134
     -15.705846     -11.529722
     -15.727707     -11.545375
     -15.745780     -11.549279
     -15.782448     -11.561771
     -15.848589     -11.579298
     -15.914842     -11.589884
     -15.961199     -11.598396
     -15.974561     -11.604512
     -15.981668     -11.616451
     -15.984572     -11.613576
     -16.011748     -11.621916
     -16.031146     -11.625997
     -16.043031     -11.633607
     -16.053907     -11.629407
     -16.065744     -11.618602
     -16.095632     -11.622557
     -16.097124     -11.636174
     -16.135646     -11.630058
     -16.155740     -11.615576
     -16.178281     -11.617948
     -16.203813     -11.632757
     -16.244717     -11.635140
     -16.272096     -11.622668
     -16.284213     -11.614582
     -16.288435     -11.625038
     -16.292024     -11.650362
     -16.292843     -11.667257
     -16.296376     -11.665389
     -16.277085     -11.676315
     -16.286337     -11.691079
     -16.278171     -11.700001
     -16.283878     -11.689176
     -16.282230     -11.690456
     -16.290685     -11.721000
     -16.300904     -11.736961
     -16.293914     -11.733443
     -16.243101     -11.725343
     -16.240892     -11.735779
     -16.235197     -11.743822
     -16.221154     -11.729801
     -16.203692     -11.715972
     -16.175813     -11.734428
     -16.141741     -11.751722
     -16.088673     -11.761225
     -16.049674     -11.759072
     -16.013890     -11.775718
     -16.006479     -11.793297
     -16.014334     -11.802221
     -15.980441     -11.824972
     -15.949209     -11.830649
     -15.923054     -11.819213
     -15.880168     -11.814414
     -15.852553     -11.828199
     -15.866873     -11.835902
     -15.865286     -11.836581
     -15.877917     -11.823756
     -15.899277     -11.831164
     -15.928599     -11.843264
     -15.972088     -11.833263
     -16.005766     -11.820441
     -16.043088     -11.825127
     -16.060730     -11.850687
     -16.068669     -11.870173
     -16.071960     -11.878500
     -16.092443     -11.882384
     -16.097415     -11.892123
     -16.128862     -11.888378
     -16.135062     -11.902217
     -16.162191     -11.898458
     -16.169277     -11.895676
     -16.178268     -11.909829
     -16.185351     -11.917433
     -16.207879     -11.908412
     -16.216676     -11.891053
     -16.234052     -11.908713
     -16.258990     -11.928797
     -16.294321     -11.926319
     -16.300166     -11.904651
     -16.292139     -11.909502
     -16.282062     -11.930915
     -16.270936     -11.948102
     -16.264299     -11.961532
     -16.271105     -11.973977
     -16.267934     -11.979789
     -16.270699     -11.980374
     -16.258491     -11.979678
     -16.271395     -11.989103
     -16.281011     -11.990690
     -16.297332     -11.992083
     -16.292159     -11.994843
     -16.295180     -12.005080
     -16.343205     -12.012950
     -16.360851     -12.030699
     -16.365916     -12.042873
     -16.353050     -12.056957
     -16.339907     -12.059767
     -16.343125     -12.049630
     -16.339652     -12.046739
     -16.311501     -12.058088
     -16.281582     -12.076403
     -16.235749     -12.098760
     -16.208670     -12.118832
     -16.174762     -12.141440
     -16.151398     -12.158171
     -16.140296     -12.151142
     -16.112234     -12.159545
     -16.061099     -12.196419
     -16.049011     -12.214140
     -16.005916     -12.223174
     -15.978371     -12.240442
     -15.963776     -12.250609
     -15.960101     -12.244436
     -15.940598     -12.230077
     -15.957306     -12.240589
     -15.970248     -12.266254
     -16.002957     -12.263685
     -16.041957     -12.235464
     -16.058883     -12.223781
     -16.086492     -12.229891
     -16.131679     -12.244658
     -16.164396     -12.272328
     -16.205874     -12.288898
     -16.243918     -12.289151
     -16.275786     -12.282181
     -16.288886     -12.306838
     -16.318659     -12.329400
     -16.330308     -12.337478
     -16.337073     -12.342962
     -16.351073     -12.368194
     -16.393977     -12.370544
     -16.411381     -12.360808
     -16.425893     -12.341535
     -16.435441     -12.349263
     -16.470176     -12.353390
     -16.492271     -12.326035
     -16.512674     -12.278640
     -16.526187     -12.261647
     -16.537396     -12.270734
     -16.559254     -12.290227
     -16.561653     -12.309114
     -16.564041     -12.302667
     -16.564447     -12.310329
     -16.578527     -12.326807
     -16.580152     -12.344008
     -16.584435     -12.348023
     -16.579505     -12.346749
     -16.576277     -12.371255
     -16.576053     -12.393026
     -16.600599     -12.382199
     -16.585060     -12.358316
     -16.584608     -12.365396
     -16.603846     -12.387484
     -16.624130     -12.378615
     -16.624983     -12.340882
     -16.640942     -12.341319
     -16.646748     -12.359822
     -16.641295     -12.374245
     -16.598709     -12.386843
     -16.576071     -12.396185
     -16.531642     -12.395686
     -16.509194     -12.381184
     -16.494402     -12.381221
     -16.476721     -12.402653
     -16.424185     -12.414164
     -16.382376     -12.407479
     -16.337431     -12.419073
     -16.290905     -12.437028
     -16.286122     -12.431914
     -16.266009     -12.426681
     -16.235375     -12.433316
     -16.214887     -12.446438
     -16.199758     -12.457136
     -16.190336     -12.438968
     -16.166187     -12.414002
     -16.152490     -12.403727
     -16.138303     -12.417340
     -16.153717     -12.430818
     -16.151623     -12.442822
     -16.177440     -12.434450
     -16.208064     -12.420137
     -16.227928     -12.415248
     -16.231292     -12.426448
     -16.263680     -12.421019
     -16.291738     -12.420366
     -16.313127     -12.426215
     -16.354540     -12.426894
     -16.392512     -12.417817
     -16.409371     -12.420171
     -16.434388     -12.432970
     -16.471196     -12.456254
     -16.504582     -12.451635
     -16.544021     -12.438320
     -16.576572     -12.442118
     -16.591152     -12.462873
     -16.605152     -12.482619
     -16.609478     -12.498025
     -16.613793     -12.490576
     -16.610764     -12.496813
     -16.621489     -12.507435
     -16.622744     -12.518689
     -16.622044     -12.511241
     -16.627042     -12.513661
     -16.619800     -12.534497
     -16.611344     -12.554746
     -16.642444     -12.550771
     -16.650170     -12.551384
     -16.659857     -12.562672
     -16.674539     -12.579601
     -16.685445     -12.567872
     -16.700494     -12.546448
     -16.706310     -12.545640
     -16.710751     -12.546608
     -16.710072     -12.552711
     -16.722444     -12.560947
     -16.721602     -12.578788
     -16.707850     -12.572513
     -16.675490     -12.570914
     -16.656895     -12.562775
     -16.617060     -12.574291
     -16.613105     -12.560871
     -16.577950     -12.557613
     -16.540752     -12.563707
     -16.518559     -12.576395
     -16.489553     -12.571502
     -16.454436     -12.570913
     -16.437428     -12.590001
     -16.422424     -12.609997
     -16.409074     -12.606704
     -16.402974     -12.593361
     -16.381072     -12.587914
     -16.352798     -12.605282
     -16.328266     -12.616186
     -16.291317     -12.624969
     -16.262000     -12.620554
     -16.275960     -12.614081
     -16.289076     -12.610484
     -16.299404     -12.610295
     -16.337213     -12.592741
     -16.348313     -12.588264
     -16.362548     -12.598405
     -16.398212     -12.606788
     -16.453950     -12.593918
     -16.474182     -12.586169
     -16.499846     -12.584650
     -16.523097     -12.604125
     -16.562382     -12.612146
     -16.600352     -12.600118
     -16.609743     -12.588107
     -16.617288     -12.585725
     -16.626752     -12.596246
     -16.649853     -12.609065
     -16.677039     -12.607135
     -16.708792     -12.605398
     -16.728124     -12.611725
     -16.757825     -12.622487
     -16.756727     -12.636895
     -16.772973     -12.639638
     -16.767210     -12.657044
     -16.769068     -12.677976
     -16.782985     -12.679955
     -16.795187     -12.663190
     -16.795560     -12.671411
     -16.795187     -12.702244
     -16.796825     -12.717214
     -16.804280     -12.700049
     -16.818578     -12.699875
     -16.826544     -12.712565
     -16.828859     -12.717284
     -16.823293     -12.717089
     -16.831537     -12.732705
     -16.828156     -12.725886
     -16.841259     -12.705233
     -16.840309     -12.680452
     -16.866606     -12.660156
     -16.886540     -12.635602
     -16.900766     -12.635126
     -16.886456     -12.646879
     -16.854720     -12.652486
     -16.853549     -12.646006
     -16.854271     -12.647878
     -16.837960     -12.663040
     -16.831146     -12.673009
     -16.813152     -12.667569
     -16.794329     -12.644594
     -16.774251     -12.644398
     -16.753566     -12.651974
     -16.728394     -12.676196
     -16.697552     -12.695334
     -16.673888     -12.712386
     -16.634284     -12.723105
     -16.615833     -12.697760
     -16.606531     -12.673129
     -16.581239     -12.678803
     -16.554375     -12.697047
     -16.553536     -12.691380
     -16.528553     -12.691184
     -16.541378     -12.711961
     -16.571265     -12.717696
     -16.625240     -12.705046
     -16.632743     -12.699033
     -16.648757     -12.715149
     -16.670731     -12.730829
     -16.714484     -12.727123
     -16.747280     -12.720878
     -16.759902     -12.715851
     -16.776437     -12.724152
     -16.776125     -12.737891
     -16.782938     -12.752310
     -16.754888     -12.757435
     -16.781681     -12.736167
     -16.803837     -12.735346
     -16.830402     -12.746045
     -16.830117     -12.741541
     -16.835672     -12.709489
     -16.835911     -12.695169
     -16.845463     -12.706346
     -16.871262     -12.702567
     -16.919632     -12.679081
     -16.922007     -12.677860
     -16.940230     -12.703852
     -16.947275     -12.720660
     -16.951420     -12.706171
     -16.952419     -12.689032
     -16.952310     -12.704846
     -16.951036     -12.715323
     -16.940618     -12.709268
     -16.933792     -12.690440
     -16.945675     -12.697076
     -16.955127     -12.688770
     -16.944627     -12.683811
     -16.941729     -12.685237
     -16.948385     -12.710540
     -16.946288     -12.697652
     -16.939711     -12.671110
     -16.901901     -12.628578
     -16.888781     -12.632043
     -16.906816     -12.625900
     -16.893892     -12.627405
     -16.850305     -12.658635
     -16.848203     -12.695701
     -16.827754     -12.690926
     -16.791875     -12.658407
     -16.782364     -12.666466
     -16.725522     -12.802501
     -16.701123     -13.180266
     -16.694055     -13.642999
     -16.584638     -14.103061
     -16.406640     -14.521116
     -16.204696     -14.904308
     -15.969774     -15.262809
     -15.694942     -15.635312
     -15.426679     -16.085061
     -15.096665     -16.854289
     -14.581261     -18.129479
     -14.050293     -19.825248
     -13.385187     -21.646882
     -12.648999     -23.395507
     -11.911616     -24.887757
     -11.211830     -26.177989
     -10.627076     -27.314110
     -10.147744     -28.324769
      -9.787211     -29.253585
      -9.496145     -30.099659
      -9.222170     -30.969481
      -8.916910     -31.809484
      -8.529170     -32.613533
      -8.158711     -33.347844
      -7.779341     -33.997051
      -7.434108     -34.549205
      -7.123607     -35.033052
      -6.839624     -35.459996
      -6.719320     -35.728825
      -6.659257     -35.797768
      -6.595959     -35.757559
      -6.500021     -35.789319
      -6.466745     -35.912766
      -6.464521     -36.055977
      -6.495078     -36.152154
      -6.530525     -36.188737
      -6.547822     -36.205804
      -6.581505     -36.216983
      -6.617020     -36.216934
      -6.644508     -36.219200
      -6.696856     -36.211601
      -6.722823     -36.199148
      -6.747576     -36.190585
      -6.748892     -36.185434
      -6.742926     -36.174860
      -6.719413     -36.195792
      -6.722616     -36.217772
      -6.742298     -36.235736
      -6.762035     -36.244146
      -6.780613     -36.242458
      -6.782721     -36.243220
      -6.801978     -36.242839
      -6.845563     -36.244092
      -6.862554     -36.256240
      -6.889745     -36.268285
      -6.896528     -36.266714
      -6.870011     -36.243971
      -6.834958     -36.218814
      -6.816197     -36.204864
      -6.781110     -36.210210
      -6.748549     -36.208685
      -6.725984     -36.195260
      -6.674811     -36.185024
      -6.637537     -36.184931
      -6.623715     -36.164903
      -6.611898     -36.154155
      -6.602601     -36.153900
      -6.595757     -36.167531
      -6.598719     -36.168838
      -6.614220     -36.137748
      -6.614510     -36.104509
      -6.583413     -36.094236
      -6.573508     -36.110738
      -6.538184     -36.127856
      -6.525154     -36.110786
      -6.547980     -36.077810
      -6.552517     -36.043864
      -6.567200     -36.028134
      -6.577785     -36.026468
      -6.555857     -36.020395
      -6.567755     -36.024785
      -6.603551     -36.028569
      -6.650494     -36.008565
      -6.712320     -35.979724
      -6.797357     -35.935948
      -6.875458     -35.856919
      -6.968773     -35.724136
      -7.078484     -35.557375
      -7.184995     -35.370836
      -7.283014     -35.163805
      -7.408873     -34.904241
      -7.581407     -34.535132
      -7.853671     -33.951587
      -8.232656     -32.992662
      -8.889056     -31.554473
      -9.674332     -29.571416
     -10.274846     -27.098783
     -10.847719     -24.265597
     -11.418919     -21.212100
     -11.934152     -18.040854
     -12.296626     -15.019516
     -12.490828     -12.513398
     -12.735723     -10.575740
     -13.162591      -9.185144
     -13.697427      -8.182859
     -14.180773      -7.474591
     -14.582744      -6.964134
     -14.948700      -6.651584
     -15.174373      -6.486480
     -15.301018      -6.390047
     -15.307034      -6.259046
     -15.285257      -6.159169
     -15.264413      -6.110635
     -15.274090      -6.090859
     -15.404780      -6.075462
     -15.627200      -5.980610
     -15.798951      -5.775411
     -16.019572      -5.460151
     -16.246270      -5.113597
     -16.531525      -4.775065
     -16.908883      -4.405877
     -17.358541      -3.991222
     -17.889254      -3.539586
     -18.507316      -3.034380
     -19.197719      -2.396673
     -19.938662      -1.543782
     -20.792784      -0.421828
     -21.925939       0.907794
     -23.053845       2.064828
     -24.128048       2.834522
     -25.188601       3.128528
     -26.127602       3.094698
     -26.952167       2.848351
     -27.626312       2.520210
     -28.176601       2.159843
     -28.631650       1.731234
     -28.985538       1.325829
     -29.256091       1.049679
     -29.376608       0.917579
     -29.384666       0.859483
     -29.315458       0.808737
     -29.246700       0.689695
     -29.134709       0.463401
     -29.027116       0.214091
     -28.985263       0.047975
     -28.974889      -0.026200
     -28.989576      -0.029426
     -29.044774      -0.042201
     -29.063811      -0.161869
     -29.071405      -0.297660
     -29.110983      -0.306609
     -29.141329      -0.249164
     -29.156090      -0.333484
     -29.031143      -0.930125
     -29.041527      -1.814271
     -28.983092      -2.838599
     -28.891686      -3.706443
     -28.817101      -4.239709
     -28.643987      -4.467604
     -28.511126      -4.476302
     -28.454469      -4.452296
     -28.446760      -4.547831
     -28.395385      -4.725088
     -28.288963      -4.963685
     -28.193977      -5.287683
     -28.046741      -5.832834
     -27.872226      -6.633740
     -27.798287      -7.487587
     -27.791779      -8.149351
     -27.757634      -8.566690
     -27.661555      -8.734845
     -27.492020      -8.755500
     -27.315373      -8.731140
     -27.169417      -8.738844
     -27.051355      -8.789711
     -26.948099      -8.854256
     -26.875586      -8.898572
     -26.833172      -8.900737
     -26.775281      -8.895485
     -26.720470      -8.890259
     -26.674297      -8.902192
     -26.607333      -8.921416
     -26.524368      -8.933112
     -26.462300      -8.941331
     -26.406468      -8.987422
     -26.331447      -9.078593
     -26.288032      -9.155360
     -26.209662      -9.214360
     -26.113748      -9.261260
     -26.051335      -9.309388
     -25.979332      -9.362626
     -25.919267      -9.401945
     -25.883090      -9.429772
     -25.921592      -9.454235
     -25.969297      -9.465285
     -26.010162      -9.460216
     -26.047544      -9.456798
     -26.066156      -9.464347
     -26.080363      -9.440092
     -26.076642      -9.406135
     -26.068691      -9.396489
     -26.045222      -9.431647
     -26.066690      -9.436421
     -26.068264      -9.459926
     -26.052277      -9.486832
     -26.055339      -9.514681
     -26.049326      -9.517077
     -26.028684      -9.514486
     -26.031399      -9.537581
     -26.057676      -9.573000
