      -7.700846      14.185702
      -7.899892      14.624746
      -7.906488      14.909676
      -8.028626      14.933088
      -8.072791      14.665241
      -7.986347      14.480122
      -7.932407      14.566973
      -7.963631      14.777456
      -8.043542      14.829233
      -8.243549      14.528944
      -8.383752      14.189280
      -8.480841      13.952040
      -8.498962      13.795366
      -8.533834      13.576224
      -8.681339      13.262325
      -8.814751      12.879753
      -9.025122      12.469462
      -9.211004      12.019551
      -9.288493      11.643601
      -9.285897      11.342093
      -9.272126      11.262038
      -9.301410      11.154923
      -9.195717      10.757405
      -8.867350      10.089597
      -8.838213       9.309170
      -8.978290       8.755598
      -9.295201       8.361607
      -9.689816       7.891375
      -9.925843       7.380663
     -10.123574       6.897697
     -10.212912       6.346232
     -10.357051       5.686209
     -10.396881       4.840737
     -10.426158       3.891551
     -10.424201       2.930983
     -10.469335       1.984206
     -10.621992       1.170243
     -10.741250       0.548843
     -10.779351       0.111678
     -10.778817      -0.360403
     -10.694107      -0.949560
     -10.590933      -1.599392
     -10.464090      -2.263271
     -10.362623      -2.860584
     -10.415036      -3.322356
     -10.454171      -3.666924
     -10.357700      -4.037794
     -10.225891      -4.443387
     -10.108589      -4.845885
      -9.946364      -5.192013
      -9.758886      -5.486253
      -9.613686      -5.716712
      -9.500450      -5.851795
      -9.493217      -5.835338
      -9.457085      -5.709826
      -9.453816      -5.563811
      -9.358528      -5.516096
      -9.245520      -5.560818
      -9.121632      -5.636245
      -9.011375      -5.689628
      -8.942128      -5.784295
      -8.767012      -6.093327
      -8.439475      -6.867126
      -8.139232      -8.211448
      -7.961616      -9.991904
      -7.716407     -12.141248
      -7.345940     -14.471373
      -6.886630     -16.419278
      -6.323559     -17.787100
      -5.879114     -18.674314
      -5.464219     -19.422729
      -5.128155     -20.097594
      -4.833707     -20.672711
      -4.735832     -21.045470
      -4.766758     -21.125300
      -4.752655     -20.918100
      -4.666936     -20.488984
      -4.649547     -19.937167
      -4.745791     -19.224620
      -4.649572     -18.400105
      -4.653011     -17.478941
      -5.290767     -16.251761
      -5.974021     -14.865266
      -6.086970     -13.551845
      -6.166457     -12.248655
      -6.305526     -10.898610
      -6.382526      -9.580091
      -6.488135      -8.308341
      -6.613526      -7.121014
      -6.835514      -6.029730
      -7.015584      -5.104636
      -7.129211      -4.425455
      -7.103535      -3.966412
      -7.096097      -3.653538
      -7.154871      -3.422264
      -7.319962      -3.219380
      -7.533511      -2.998080
      -7.468825      -2.741530
      -7.383309      -2.630700
      -7.507034      -2.750853
      -7.200833      -3.310612
      -6.621073      -4.446042
      -6.796546      -5.720937
      -7.374969      -6.820745
      -8.331408      -7.558927
      -9.074598      -7.954529
      -9.324477      -8.063482
      -9.502112      -7.918805
      -9.654220      -7.508810
      -9.680298      -7.030943
      -9.672173      -6.625358
      -9.813876      -6.328986
     -10.114539      -6.272457
     -10.325065      -6.267593
     -10.381138      -6.173758
     -10.469704      -6.058380
     -10.674554      -6.118132
     -11.076699      -6.409703
     -11.465698      -6.778231
     -11.904026      -7.240434
     -12.204143      -7.864234
     -12.539161      -8.538613
     -12.840212      -9.202055
     -13.040646      -9.735491
     -13.151180     -10.063192
     -13.147280     -10.071433
     -13.019409      -9.904610
     -12.919090      -9.657190
     -12.834241      -9.342515
     -12.726261      -9.061871
     -12.533601      -8.727675
     -12.464930      -8.407529
     -12.519368      -8.107621
     -12.631339      -7.881299
     -12.598937      -7.734062
     -12.483472      -7.393986
     -12.428700      -7.095862
     -12.520709      -7.139860
     -12.470000      -7.310877
     -12.447161      -7.337408
     -12.474030      -7.290102
     -12.519937      -7.244936
     -12.581341      -7.281168
     -12.599094      -7.224983
     -12.519872      -7.009724
     -12.485351      -6.722164
     -12.355261      -6.388150
     -12.197777      -5.977771
     -11.924624      -5.515878
     -11.670739      -4.926703
     -10.947325      -4.387929
     -10.321718      -3.880580
      -9.586773      -3.769162
      -8.956209      -3.712407
      -8.603694      -3.567739
      -8.394352      -3.256290
      -8.075268      -2.920214
      -8.002420      -2.475648
      -7.931346      -1.934992
      -7.886000      -1.550950
      -7.611194      -1.836625
      -7.392983      -2.757172
      -7.490763      -4.071952
      -7.928881      -5.630300
      -8.344270      -7.897136
      -8.655880     -10.261403
      -8.622706     -12.272785
      -8.303450     -14.078203
      -7.982982     -15.810963
      -7.647873     -16.978141
      -7.219495     -16.785407
      -6.779048     -15.311471
      -6.410054     -13.389075
      -6.159069     -11.731232
      -5.844987     -10.483764
      -5.363157      -9.612476
      -4.690044      -9.018591
      -3.688164      -8.618603
      -2.380292      -8.316977
      -0.871372      -8.087177
       0.863113      -7.953822
       2.473491      -7.866770
       4.351209      -7.788442
       6.804957      -7.725776
       9.724038      -7.740217
      12.796519      -7.888261
      15.414506      -8.086358
      17.745071      -8.231892
      19.808411      -8.245786
      21.354659      -8.198261
      22.562353      -8.114244
      23.614909      -8.101134
      24.470886      -8.070758
      25.235032      -8.026608
      25.945413      -7.938170
      26.547982      -7.853047
      26.908412      -7.843600
      27.260717      -7.948363
      27.597282      -8.075091
      27.820282      -8.192974
      27.869136      -8.271728
      27.847447      -8.371116
      27.813052      -8.407158
      27.722889      -8.421031
      27.636322      -8.471170
      27.576681      -8.590547
      27.527005      -8.683688
      27.403503      -8.738702
      27.216792      -8.774867
      26.944002      -8.873641
      26.655138      -9.011577
      26.396800      -9.121395
      26.169691      -9.196896
      25.995275      -9.278139
      25.852641      -9.389482
      25.611920      -9.611026
      25.079124      -9.986220
      23.823639     -10.620273
      21.255694     -11.329012
      18.428375     -12.246686
      16.047396     -13.261795
      13.879598     -14.240632
      12.284668     -15.060905
      10.726311     -15.700372
       9.421109     -16.151649
       8.229587     -16.412193
       7.014284     -16.564723
       5.795635     -16.646521
       4.587021     -16.738953
       3.531646     -16.822008
       2.641379     -16.814286
       1.984886     -16.800352
       1.560641     -16.766030
       1.323516     -16.801219
       1.165424     -16.878279
       1.045322     -16.975417
       0.977275     -17.005083
       0.901727     -17.005268
       0.841384     -16.973667
       0.752715     -16.936323
       0.714326     -16.893332
       0.709295     -16.858073
       0.747291     -16.851166
       0.830819     -16.894719
       0.879683     -16.924212
       0.931975     -16.938485
       0.957761     -16.917404
       1.006018     -16.903198
       1.000464     -16.906396
       1.024996     -16.948196
       1.087227     -16.957300
       1.173889     -16.930854
       1.249928     -16.886400
       1.339798     -16.840196
       1.390881     -16.792486
       1.435572     -16.783212
       1.408023     -16.849293
       1.388942     -17.035220
       1.364379     -17.288898
       1.364194     -17.721663
       1.377517     -18.230154
       1.429722     -18.732768
       1.474203     -19.226851
       1.507389     -19.709788
       1.449946     -20.182246
       1.422399     -20.663293
       1.390307     -21.199224
       1.318232     -21.773944
       1.251485     -22.404162
       1.190727     -23.035619
       1.116706     -23.645984
       1.044168     -24.194167
       0.999861     -24.639723
       0.945177     -24.893552
       0.896230     -24.966839
       0.874508     -24.900473
       0.867011     -24.924345
       0.819031     -25.072414
       0.732630     -25.342581
       0.633578     -25.726694
       0.550186     -26.095250
       0.477074     -26.414096
       0.406448     -26.630530
       0.339307     -26.735745
       0.288868     -26.752976
       0.240855     -26.753303
       0.159798     -26.722070
       0.092965     -26.678794
       0.065764     -26.621739
       0.050853     -26.567933
       0.039657     -26.552638
       0.026379     -26.581008
      -0.023573     -26.637645
      -0.036794     -26.639501
      -0.033152     -26.609465
      -0.033259     -26.608528
      -0.039854     -26.614922
      -0.050174     -26.629593
      -0.050928     -26.670843
      -0.044894     -26.726587
      -0.014677     -26.799304
      -0.006185     -26.867419
       0.024755     -26.941732
       0.079083     -27.035783
       0.142549     -27.257229
       0.145186     -27.657538
       0.105498     -28.272367
       0.098397     -28.991502
       0.108576     -29.782340
       0.143125     -30.654559
       0.181909     -31.631061
       0.227119     -32.673512
       0.264797     -33.757911
       0.287147     -34.848072
       0.308101     -35.983083
       0.291542     -37.124110
       0.250116     -38.297528
       0.214605     -39.536666
       0.164726     -40.792751
       0.142653     -42.082956
       0.101997     -43.413459
       0.035099     -44.802767
      -0.055233     -46.220401
      -0.215770     -47.719580
      -0.442013     -49.214411
      -0.832736     -50.611918
      -1.535001     -51.788682
      -2.834695     -52.671053
      -4.940078     -53.256936
      -7.209512     -53.731501
      -8.933061     -54.088430
     -10.256551     -54.353778
     -11.260818     -54.611332
     -12.098566     -55.015048
     -12.828311     -55.620694
     -13.493572     -56.291153
     -14.106513     -56.770468
     -14.680291     -56.990161
     -15.174950     -57.122010
     -15.449144     -57.272437
     -15.609810     -57.445177
     -15.628133     -57.509751
     -15.637448     -57.452545
     -15.654145     -57.341052
     -15.661653     -57.240813
     -15.621444     -57.186598
     -15.471237     -57.169089
     -15.137285     -57.120553
     -14.559943     -57.020003
     -13.902741     -56.903342
     -13.198269     -56.827786
     -12.313355     -56.720781
     -11.316053     -56.486449
     -10.326941     -56.101418
      -9.384008     -55.670085
      -8.495955     -55.315090
      -7.624241     -55.002478
      -6.793477     -54.668922
      -6.042283     -54.298841
      -5.270949     -53.793676
      -4.492646     -53.177854
      -3.670858     -52.459185
      -2.883005     -51.619036
      -2.161394     -50.743937
      -1.497514     -49.949512
      -0.923569     -49.219448
      -0.381468     -48.596156
       0.055764     -48.064973
       0.354027     -47.591044
       0.560054     -47.140186
       0.686828     -46.699148
       0.852171     -46.236590
       1.039707     -45.755220
       1.261783     -45.181465
       1.667513     -44.407245
       2.393843     -43.274403
       3.245386     -41.815970
       4.026779     -40.293415
       4.694709     -38.951713
       5.122235     -37.840780
       5.255681     -37.016497
       5.181049     -36.557171
       5.134772     -36.363633
       5.197637     -36.223773
       5.265745     -36.089913
       5.317795     -35.929794
       5.295353     -35.788773
       5.204607     -35.662063
       5.048944     -35.588411
       4.867588     -35.573864
       4.710260     -35.553953
       4.623091     -35.453357
       4.640358     -35.270988
       4.677532     -34.888002
       4.812543     -34.052037
       4.909539     -32.830292
       4.977984     -31.627895
       5.055665     -30.808303
       5.054665     -30.450965
       5.021537     -30.429184
       5.001890     -30.518220
       5.039474     -30.646254
       5.386977     -30.823025
       5.848346     -31.136607
       6.333919     -31.658462
       6.798025     -32.489433
       7.500213     -33.627565
       8.284298     -35.088517
       8.790174     -36.800746
       9.326102     -38.822509
      10.009952     -41.309475
      11.289728     -44.357179
      12.993994     -48.230126
      14.009975     -52.513860
      14.620923     -56.834707
      15.002907     -60.827875
      15.486062     -64.464027
      16.206855     -67.647476
      16.962282     -70.212426
      17.943395     -72.071199
      18.935845     -73.211949
      19.667081     -74.021450
      20.167822     -74.518143
      20.380177     -74.889400
      20.473298     -75.240324
      20.617457     -75.485687
      20.793519     -75.673552
      20.968620     -75.740515
      21.117966     -75.756403
      21.301037     -75.688900
      21.449975     -75.574527
      21.489944     -75.251806
      21.399948     -74.602510
      21.144313     -73.236759
      20.324715     -70.702223
      18.930097     -66.974720
      17.182676     -62.456819
      15.549747     -57.547587
      14.010400     -52.821577
      12.396357     -48.343790
      11.004394     -44.095575
       9.672464     -39.894216
       8.678136     -35.931786
       7.798096     -32.491039
       7.115670     -29.617590
       6.650715     -27.272060
       6.222866     -25.304487
       5.882845     -23.652915
       5.593467     -22.309875
       5.409604     -21.292341
       5.309519     -20.500830
       5.235996     -20.003414
       5.218861     -19.719661
       5.162435     -19.546567
       5.114682     -19.489048
       5.049916     -19.525918
       4.985659     -19.602836
       4.920631     -19.638153
       4.828329     -19.607404
       4.721403     -19.470136
       4.596360     -19.139771
       4.442852     -18.544582
       4.335415     -17.814450
       4.361174     -16.757413
       4.424332     -15.607390
       4.353395     -14.588258
       4.256500     -13.768178
       4.080981     -13.309876
       3.815484     -13.241958
       3.575553     -13.329137
       3.427972     -13.279204
       3.330859     -13.058619
       3.218688     -12.849005
       3.071117     -12.770710
       2.932202     -12.840714
       2.846191     -12.964644
       2.880325     -12.976815
       2.942319     -12.885236
       3.004495     -12.814276
       3.072467     -12.851305
       3.090213     -12.955538
       3.063664     -13.064269
       3.002934     -13.145025
       2.960999     -13.238172
       2.897717     -13.374165
       2.812023     -13.606253
       2.733248     -13.876522
       2.645902     -14.056531
       2.557279     -14.141225
       2.465241     -14.188433
       2.384219     -14.270600
       2.303081     -14.361862
       2.224823     -14.440915
       2.148469     -14.494355
       2.065458     -14.563454
       1.978154     -14.690639
       1.912080     -14.808441
       1.881354     -14.868507
       1.889233     -14.878594
       1.887763     -14.857196
       1.841676     -14.788091
       1.760228     -14.730537
       1.596866     -14.752015
       1.298015     -14.893992
       0.977974     -15.117995
       0.752603     -15.293219
       0.583621     -15.338254
       0.440908     -15.305882
       0.258728     -15.324535
      -0.047704     -15.541092
      -0.383653     -15.973035
      -0.669434     -16.469120
      -0.843726     -16.837680
      -0.911666     -16.993818
      -0.935341     -17.002735
      -0.967243     -17.011943
      -1.076749     -17.098732
      -1.198853     -17.242344
      -1.309981     -17.343015
      -1.322792     -17.360228
      -1.272813     -17.279580
      -1.169979     -17.136535
      -1.039207     -16.930895
      -0.985759     -16.696660
      -0.954073     -16.484795
      -0.869508     -16.288489
      -0.752253     -16.013607
      -0.589465     -15.636677
      -0.380704     -15.156366
      -0.174820     -14.623836
       0.039019     -14.058621
       0.274964     -13.511462
       0.515894     -12.971569
       0.737957     -12.379477
       0.956475     -11.794819
       1.225314     -11.184032
       1.545532     -10.555360
       1.948663      -9.874370
       2.364483      -9.145999
       2.701036      -8.425389
       2.936295      -7.808503
       3.167599      -7.249730
       3.421343      -6.630975
       3.662129      -5.899678
       3.844770      -5.079935
       3.850171      -4.262733
       3.642348      -3.556640
       3.403600      -3.000924
       3.206735      -2.608599
       3.060276      -2.324994
       2.983686      -2.124893
       2.967414      -1.989592
       2.938686      -1.891185
       2.907498      -1.803020
       2.848582      -1.787224
       2.778058      -1.807563
       2.798666      -1.783237
       2.853983      -1.677436
       2.912836      -1.549109
       2.971964      -1.442890
       3.020998      -1.399339
       3.033095      -1.357977
       3.088155      -1.298958
       3.127636      -1.248393
       3.123898      -1.233418
       3.125504      -1.175137
       3.095576      -1.084676
       3.040240      -0.996752
       2.981758      -0.894356
       2.928692      -0.794959
       2.879180      -0.649689
       2.779890      -0.432051
       2.667192      -0.159556
       2.578416       0.100017
       2.510662       0.349781
       2.370955       0.568289
       2.216086       0.743191
       2.056324       0.915884
       1.962103       1.067271
       1.881077       1.201127
       1.779994       1.320875
       1.668001       1.403210
       1.641245       1.420081
       1.572117       1.377732
       1.513783       1.319718
       1.459032       1.184200
       1.441647       0.989079
       1.450501       0.743879
       1.483252       0.589112
       1.515019       0.527458
       1.510370       0.325479
       1.471793      -0.163802
       1.444035      -1.099909
       1.459939      -2.293471
       1.429740      -3.808832
       1.345105      -5.628178
       1.403374      -7.560212
       1.408132      -9.339817
       1.473721     -10.790674
       1.511757     -11.749214
       1.460882     -12.467389
       1.420026     -12.954075
       1.413807     -13.303226
       1.644745     -13.650317
       1.864660     -13.964645
       1.959837     -14.120759
       1.957322     -14.077153
       1.949518     -13.917820
       1.904961     -13.728281
       1.833894     -13.597766
       1.750159     -13.544771
       1.701676     -13.541586
       1.648542     -13.506357
       1.641494     -13.465088
       1.605944     -13.345199
       1.596515     -13.065497
       1.587935     -12.623792
       1.526999     -12.030923
       1.353433     -11.289833
       1.083745     -10.517672
       0.803234      -9.804275
       0.341783      -9.202984
      -0.467214      -8.666148
      -1.078134      -8.205395
      -1.629906      -7.813478
      -1.958020      -7.539953
      -2.248908      -7.415013
      -2.401938      -7.389106
      -2.530099      -7.424182
      -2.676411      -7.515512
      -2.841531      -7.621203
      -3.005654      -7.694637
      -3.093183      -7.711996
      -3.151457      -7.676513
      -3.168663      -7.651462
      -3.221008      -7.646692
      -3.311112      -7.650951
      -3.385756      -7.662357
      -3.498928      -7.691810
      -3.602525      -7.761944
      -3.719922      -7.834722
      -3.857716      -7.860797
      -3.957396      -7.819430
      -4.128991      -7.742857
      -4.260873      -7.704825
      -4.388273      -7.679860
      -4.503539      -7.661293
      -4.626595      -7.650445
      -4.742132      -7.653513
      -4.850629      -7.676081
      -4.948342      -7.704711
      -5.001092      -7.729109
      -5.045764      -7.735875
      -5.099210      -7.742670
      -5.169771      -7.775113
      -5.232133      -7.810746
      -5.297602      -7.821672
      -5.381000      -7.797077
      -5.442485      -7.780945
      -5.461785      -7.818825
      -5.462979      -7.855370
      -5.483245      -7.841170
      -5.491622      -7.790615
      -5.604680      -7.742835
      -5.806560      -7.730381
      -6.050502      -7.761165
      -6.393375      -7.848531
      -6.779943      -7.961823
      -7.081100      -8.074420
      -7.415696      -8.086177
      -7.944475      -8.015509
      -8.631505      -7.888292
      -9.445971      -7.776690
     -10.234184      -7.716697
     -10.789678      -7.580856
     -11.202995      -7.308523
     -11.323151      -6.895413
     -11.440664      -6.467061
     -11.682982      -6.024873
     -11.763283      -5.695406
     -11.569971      -5.493317
     -11.379985      -5.383321
     -11.266603      -5.370199
     -11.222330      -5.415665
     -11.346362      -5.565105
     -11.629994      -5.817039
     -12.013784      -6.131299
     -12.511772      -6.382359
     -12.987137      -6.552966
     -13.286930      -6.646120
     -13.413053      -6.628854
     -13.441929      -6.550652
     -13.489009      -6.507048
     -13.566709      -6.526726
