      15.264897      10.269365
      15.309095      10.249296
      15.317726      10.235351
      15.320323      10.181864
      15.341071      10.147330
      15.340371      10.141184
      15.327130      10.131510
      15.358264      10.145853
      15.369742      10.181588
      15.311284      10.180161
      15.267877      10.177536
      15.244943      10.187403
      15.181145      10.155477
      15.095181      10.068489
      15.003424       9.923201
      14.894996       9.704414
      14.751262       9.401599
      14.592067       9.009794
      14.383470       8.489645
      14.137912       7.885427
      13.890562       7.177162
      13.711768       6.396838
      13.546437       5.570153
      13.390720       4.670474
      13.279419       3.728838
      13.096189       2.645913
      12.841201       1.311064
      12.456554      -0.316390
      12.008990      -2.101137
      11.469884      -3.842390
      10.797554      -5.441198
       9.872743      -6.837062
       8.899545      -8.053117
       8.161457      -9.004812
       7.740403      -9.756089
       7.469846     -10.300088
       7.254938     -10.718958
       7.062514     -11.014977
       6.924222     -11.266854
       6.799408     -11.433301
       6.665914     -11.538376
       6.523505     -11.559276
       6.394755     -11.530876
       6.313147     -11.514333
       6.259531     -11.529357
       6.236251     -11.539398
       6.207911     -11.524762
       6.150602     -11.493393
       6.096052     -11.455120
       6.049182     -11.394446
       5.994411     -11.283479
       5.992980     -11.158311
       5.984550     -11.034178
       5.952278     -10.958782
       5.935774     -10.925324
       5.899451     -10.933303
       5.867868     -10.961221
       5.844955     -11.014159
       5.809256     -11.060405
       5.777534     -11.108934
       5.765288     -11.159652
       5.742553     -11.227217
       5.754203     -11.344235
       5.793748     -11.560002
       5.749211     -11.846995
       5.648055     -12.193983
       5.618911     -12.655567
       5.644878     -13.299013
       5.598668     -14.173959
       5.442773     -15.052194
       4.718406     -15.463670
       2.996366     -15.131563
       0.557696     -14.170015
      -2.227601     -12.743967
      -5.229969     -10.990328
      -8.270842      -9.119360
     -11.050180      -7.211560
     -13.471542      -5.535470
     -15.492812      -4.057488
     -16.795449      -2.679610
     -17.560592      -1.293509
     -18.007006       0.327399
     -18.532329       2.455972
     -19.353597       5.474131
     -20.274330       8.992501
     -21.197209      12.266031
     -21.988845      15.103623
     -22.600570      17.534616
     -22.767749      19.681036
     -22.728375      21.586055
     -22.423386      23.239954
     -21.951038      24.607825
     -21.412222      25.681708
     -20.746171      26.664578
     -20.027951      27.341649
     -19.323802      27.695799
     -18.739093      27.761048
     -18.201093      27.442226
     -17.652320      26.532219
     -16.906167      24.657439
     -15.798518      22.041762
     -14.759880      18.366541
     -13.799304      13.366411
     -12.413562       8.150628
     -11.054885       3.076720
      -9.697408      -1.597476
      -8.582216      -6.094436
      -7.525181     -10.373880
      -6.375347     -14.642523
      -5.360435     -18.631033
      -4.428359     -22.275490
      -3.618846     -25.535009
      -2.781373     -28.417256
      -2.041630     -31.418632
      -1.438874     -34.543398
      -0.871747     -37.840292
      -0.389308     -40.928048
       0.089841     -43.650764
       0.753567     -45.966879
       1.534630     -48.159218
       2.471005     -50.399758
       3.432008     -52.772623
       4.417368     -55.340575
       5.548512     -58.064331
       6.615457     -61.014642
       7.384822     -63.962350
       7.899868     -66.874034
       8.572188     -69.725733
       9.291993     -72.612272
       9.889832     -75.614068
      10.390956     -78.737746
      10.971321     -82.044577
      11.615599     -85.465155
      12.106584     -88.716359
      12.844268     -92.051172
      13.725211     -95.783552
      14.455556    -100.336992
      14.999471    -106.262871
      15.247887    -112.803067
      15.115637    -119.745143
      14.721274    -127.420988
      13.516389    -135.504726
      11.486184    -143.076467
       8.964054    -148.858053
       6.449162    -153.054240
       4.329500    -156.636003
       2.931888    -159.655984
       2.173004    -161.905903
       1.863228    -163.679396
       1.597357    -165.243882
       1.405218    -166.444092
       1.293955    -167.296461
       1.230441    -167.948817
       1.275037    -168.395372
       1.449269    -168.723240
       1.855911    -168.932325
       2.417671    -169.126257
       3.150242    -169.112579
       3.690916    -168.708766
       4.050455    -168.126409
       4.448413    -167.406054
       4.908569    -166.531402
       5.475894    -165.765896
       6.050585    -164.915528
       6.413783    -164.244676
       6.637114    -163.657579
       6.824353    -162.962441
       7.147082    -161.960506
       7.694459    -160.643601
       8.158324    -158.537081
       8.899220    -155.562601
       9.781724    -152.107752
      10.846961    -147.968354
      12.442050    -143.776111
      14.475049    -139.656335
      16.451028    -135.756039
      18.719326    -131.762876
      21.844346    -127.634027
      25.524440    -124.074713
      29.973364    -120.989726
      34.475820    -118.274659
      39.065168    -115.727733
      43.176170    -113.073088
      46.212620    -109.009207
      47.544134    -103.484071
      48.185281     -98.331789
      48.702170     -93.736996
      48.972279     -89.077770
      49.102360     -84.302112
      49.163626     -79.254863
      49.059414     -74.165917
      48.842189     -68.780687
      48.004658     -63.149299
      46.993115     -57.185515
      45.586783     -51.139604
      43.372835     -45.251843
      40.218784     -39.178429
      36.282009     -32.937130
      32.742018     -26.421161
      29.978882     -20.211719
      27.254055     -14.300447
      24.624720      -8.631420
      23.095783      -3.236339
      21.721816       2.575969
      20.238998       8.238637
      18.928282      14.035784
      17.892673      19.571536
      17.237107      24.769168
      16.483819      29.451013
      15.463422      33.486104
      14.586106      37.249819
      13.782762      40.546380
      13.121288      43.572357
      12.803035      46.756452
      12.737144      49.987941
      12.920843      53.150747
      13.315173      56.373193
      13.854375      59.771497
      14.605828      63.393777
      15.262526      66.876618
      15.787581      69.874931
      16.102712      72.532495
      16.233814      74.912369
      16.517168      77.239985
      16.987240      79.388786
      17.478714      81.047644
      17.761980      81.991364
      17.759665      82.567873
      17.778033      83.012125
      17.668223      83.191515
      17.643871      83.031767
      17.567642      82.607322
      17.347419      82.018738
      17.019544      81.362738
      16.620754      80.566653
      16.310353      79.566679
      16.201796      78.386384
      16.025327      76.956821
      15.525387      74.995176
      14.752356      72.126802
      14.000075      68.447908
      13.371441      64.374731
      12.819602      60.375482
      12.410684      56.426066
      12.064454      52.677153
      11.768916      48.680848
      11.598163      44.609215
      11.619644      40.668838
      11.490107      36.832185
      11.411703      33.141409
      11.227759      29.626250
      11.105078      26.323423
      10.954442      23.097626
      10.942871      20.015741
      11.094629      17.025257
      11.401822      13.935908
      11.711924      10.820370
      11.955142       7.977751
      12.322760       5.479049
      12.998427       3.293010
      13.570857       1.397669
      13.874963      -0.172996
      14.186834      -1.328385
      14.752115      -2.108052
      15.479483      -2.754668
      16.092778      -3.447267
      16.677850      -4.079061
      17.221011      -4.537650
      18.037091      -4.824266
      18.598096      -5.101324
      18.821852      -5.385399
      19.147331      -5.546414
      19.433903      -5.483451
      19.649510      -5.250006
      19.813467      -4.833756
      19.694444      -4.158441
      19.473761      -3.275762
      19.219794      -2.308348
      19.045275      -1.228569
      18.917057      -0.085842
      18.809037       1.107664
      18.717970       2.263522
      18.601859       3.383288
      18.486040       4.490466
      18.444342       5.605083
      18.459800       6.693115
      18.475093       7.719949
      18.511453       8.662255
      18.642701       9.578901
      18.716106      10.427941
      18.771269      11.249665
      18.755724      12.068388
      18.746466      12.936253
      18.749298      13.834101
      18.718750      14.728758
      18.649190      15.658048
      18.559847      16.566776
      18.521570      17.469891
      18.506375      18.310755
      18.474350      19.045762
      18.417841      19.704752
      18.409764      20.274498
      18.482715      20.752852
      18.532905      21.101705
      18.587900      21.370378
      18.581608      21.578232
      18.595860      21.724526
      18.604350      21.817059
      18.619553      21.865346
      18.608588      21.870611
      18.587045      21.848586
      18.572726      21.784158
      18.545375      21.716191
      18.519601      21.677452
      18.470196      21.717138
      18.483845      21.826106
      18.507004      21.935556
      18.479777      22.022021
      18.500810      22.053919
      18.523579      22.037121
      18.569750      21.985382
      18.594899      21.909617
      18.582981      21.779731
      18.566527      21.669935
      18.568209      21.567561
      18.586319      21.452928
      18.578972      21.369239
      18.563129      21.321106
      18.553481      21.289218
      18.562175      21.267419
      18.586367      21.248032
      18.647441      21.212073
      18.648472      21.170976
      18.642857      21.168472
      18.648704      21.184087
      18.679181      21.208370
      18.675840      21.224461
      18.656778      21.209662
      18.653957      21.198180
      18.661406      21.179094
      18.646253      21.131136
      18.613561      21.110931
      18.622366      21.106343
      18.637817      21.120849
      18.651671      21.131702
      18.663592      21.129618
      18.664899      21.096117
      18.691442      21.085944
      18.720833      21.058689
      18.697877      21.042294
      18.661839      21.027575
      18.672890      21.020253
      18.679356      21.000698
      18.682350      20.988937
      18.685473      20.972460
      18.679983      20.971658
      18.682662      20.965118
      18.694046      20.939449
      18.694365      20.927760
      18.691197      20.929033
      18.683588      20.936328
      18.671634      20.945156
      18.662051      20.948089
      18.645158      20.937805
      18.642449      20.940585
      18.671872      20.948121
      18.672433      20.917442
      18.653489      20.902654
      18.652082      20.904172
      18.667636      20.870651
      18.677233      20.871730
      18.658907      20.871341
      18.648483      20.869437
      18.620518      20.876941
      18.624642      20.874884
      18.607583      20.855046
      18.602408      20.837646
      18.580575      20.828648
      18.577386      20.830324
      18.566346      20.831348
      18.557274      20.827609
      18.544152      20.827813
      18.562642      20.834996
      18.570382      20.807925
      18.547790      20.772671
      18.544931      20.749476
      18.563207      20.734980
      18.576449      20.731362
      18.579444      20.750671
      18.566184      20.754872
      18.551751      20.768387
      18.563001      20.777423
      18.577539      20.766954
      18.571987      20.752691
      18.560983      20.735262
      18.565253      20.738453
      18.576657      20.759486
      18.574054      20.789784
      18.560494      20.783956
      18.605428      20.769652
      18.609600      20.743434
      18.586821      20.723765
      18.601725      20.715421
      18.644004      20.700728
      18.651074      20.701663
      18.648906      20.706856
      18.649427      20.712570
      18.644891      20.713600
      18.647404      20.695942
      18.637946      20.664787
      18.636055      20.645366
      18.625435      20.640283
      18.628649      20.646391
      18.629969      20.652493
      18.619424      20.657741
      18.628348      20.665789
      18.663070      20.662870
      18.669903      20.637288
      18.665464      20.624075
      18.660858      20.617938
      18.684923      20.591929
      18.686623      20.595465
      18.674386      20.595375
      18.670428      20.592023
      18.657021      20.590950
      18.673493      20.583694
      18.659379      20.565944
      18.657413      20.556601
      18.648141      20.562930
      18.641229      20.576207
      18.637379      20.591686
      18.630507      20.599649
      18.624084      20.602694
      18.625791      20.603185
      18.649814      20.598595
      18.629941      20.577496
      18.612425      20.583405
      18.617960      20.573657
      18.636559      20.554034
      18.622594      20.560011
      18.618558      20.565378
      18.595722      20.576806
      18.582377      20.596247
      18.595933      20.603102
      18.586297      20.591902
      18.567649      20.574414
      18.553499      20.579946
      18.555074      20.582506
      18.538642      20.580388
      18.528252      20.586579
      18.537189      20.579121
      18.548736      20.557514
      18.526000      20.532804
      18.509958      20.532928
      18.517404      20.526840
      18.533523      20.516910
