      -1.660544      18.250094
      -1.666643      18.253633
      -1.676461      18.256815
      -1.664653      18.255596
      -1.650511      18.251799
      -1.661404      18.229673
      -1.660489      18.216971
      -1.659760      18.192627
      -1.646148      18.174302
      -1.606942      18.169303
      -1.536075      18.176845
      -1.489796      18.166099
      -1.455400      18.170234
      -1.398695      18.191265
      -1.351932      18.201256
      -1.320787      18.188614
      -1.325783      18.183135
      -1.338408      18.190673
      -1.373881      18.202855
      -1.391866      18.206494
      -1.288949      18.284941
      -0.845958      18.698432
      -0.128466      19.656498
       0.721843      21.151720
       1.665147      23.168470
       2.593974      25.574606
       3.339789      27.800215
       4.047920      29.643072
       4.761213      30.996329
       5.536019      31.783390
       6.569738      32.148201
       7.803115      32.203993
       9.075328      32.022741
      10.475044      31.653192
      11.912755      31.180859
      13.413111      30.579737
      14.909437      29.766601
      16.393740      28.876583
      17.787923      27.945795
      19.043253      26.968707
      20.223855      25.960967
      21.272305      24.905714
      22.191684      23.826306
      22.924208      22.721216
      23.448512      21.572652
      23.870177      20.296230
      24.285724      18.841991
      24.758507      17.269477
      25.242568      15.677702
      25.649576      14.139376
      25.844749      12.657112
      25.815903      11.274214
      25.699276      10.039050
      25.654191       8.885507
      25.628191       7.788856
      25.595338       6.677506
      25.539050       5.545843
      25.392494       4.512717
      25.196710       3.651272
      25.074544       2.924175
      25.029752       2.325403
      25.059902       1.908083
      25.106139       1.665960
      25.125703       1.541227
      25.146942       1.531396
      25.180412       1.621066
      25.213833       1.720481
      25.221301       1.813647
      25.212668       1.897604
      25.204282       1.952931
      25.201237       1.984825
      25.220538       2.014588
      25.290480       2.032009
      25.374533       2.053515
      25.410438       2.098595
      25.441875       2.126978
      25.467725       2.133298
      25.508179       2.126861
      25.525033       2.095260
      25.511277       2.023777
      25.475666       1.956994
      25.435887       1.909547
      25.357657       1.824339
      25.117096       1.556959
      24.641805       0.888347
      23.962642      -0.478610
      23.140251      -2.732414
      22.151388      -5.633906
      20.885886      -8.870792
      19.260378     -12.319272
      17.309884     -16.244049
      15.047460     -20.565482
      12.626979     -24.806213
      10.584430     -28.418981
       8.976029     -31.536663
       7.807499     -34.945263
       6.709224     -38.523127
       5.872948     -41.710932
       5.268844     -44.485934
       4.607236     -46.783296
       3.620865     -48.810662
       2.627746     -50.727918
       1.895424     -52.496088
       1.340663     -54.303348
       1.025685     -55.945576
       0.881827     -57.480686
       0.880380     -58.816562
       1.001142     -60.167990
       1.077443     -61.506134
       1.188923     -62.844569
       1.269219     -64.111723
       1.175064     -65.426223
       1.201520     -66.636671
       1.251159     -67.728141
       1.242669     -68.818902
       1.156096     -69.981188
       1.028339     -71.232765
       0.869888     -72.541417
       0.737761     -73.845183
       0.558641     -75.109214
       0.375313     -76.458772
       0.233491     -77.866357
       0.174510     -79.233619
       0.150899     -80.481772
       0.214070     -81.730920
       0.246870     -83.046066
       0.339048     -84.453428
       0.400940     -85.757665
       0.353832     -87.036121
       0.162910     -88.204895
      -0.051008     -89.182060
      -0.418376     -89.949538
      -0.823324     -90.547185
      -1.197964     -91.015208
      -1.564595     -91.382350
      -1.915561     -91.599556
      -2.149615     -91.658676
      -2.460137     -91.561254
      -2.754121     -91.406762
      -2.886655     -91.065012
      -2.768533     -90.851196
      -2.604013     -90.986241
      -2.407588     -91.367226
      -2.280575     -91.440091
      -2.178299     -91.457139
      -2.099070     -91.521125
      -1.895286     -91.628193
      -1.911562     -91.741605
      -2.202232     -91.925181
      -2.435986     -92.232631
      -2.775313     -92.374543
      -2.925063     -92.519826
      -3.045733     -92.627069
      -3.092758     -92.703237
      -3.157545     -92.825994
      -3.230547     -92.981263
      -3.346040     -93.048047
      -3.407973     -93.121864
      -3.390365     -93.183471
      -3.346050     -93.201053
      -3.253912     -93.215984
      -3.091381     -93.243348
      -2.959399     -93.192922
      -2.917522     -93.143915
      -2.948231     -93.203132
      -3.001472     -93.296950
      -3.087961     -93.353845
      -3.176428     -93.411877
      -3.259897     -93.441194
      -3.250991     -93.500479
      -3.267014     -93.558967
      -3.277359     -93.580882
      -3.232525     -93.565514
      -3.264623     -93.527639
      -3.328203     -93.557869
      -3.407718     -93.607644
      -3.482063     -93.648084
      -3.478234     -93.684618
      -3.494770     -93.689621
      -3.518577     -93.703328
      -3.546926     -93.705047
      -3.606232     -93.693847
      -3.733772     -93.690048
      -3.878042     -93.715014
      -3.851403     -93.754598
      -3.825178     -93.744418
      -3.791226     -93.759922
      -3.797940     -93.723271
      -3.783579     -93.712187
      -3.810760     -93.718103
      -3.823614     -93.730760
      -3.819697     -93.749139
      -3.848208     -93.715839
      -3.832622     -93.726748
      -3.825686     -93.713887
      -3.809202     -93.735860
      -3.822478     -93.748644
      -3.842057     -93.744049
      -3.873976     -93.753520
      -3.929241     -93.757474
      -3.947901     -93.756619
      -3.985311     -93.743359
      -3.970997     -93.765216
      -3.980245     -93.753452
      -3.984554     -93.752209
      -4.019269     -93.730362
      -4.096186     -93.711322
      -4.171010     -93.750324
      -4.202334     -93.797534
      -4.209743     -93.816788
      -4.220553     -93.793202
      -4.238475     -93.786781
      -4.281142     -93.833797
      -4.414906     -93.874382
      -4.493277     -93.908828
      -4.497696     -93.943809
      -4.493594     -93.923700
      -4.453734     -93.910480
      -4.439162     -93.914190
      -4.482734     -93.932365
      -4.529994     -93.961022
      -4.530614     -93.946033
      -4.500509     -93.920932
      -4.387243     -93.921068
      -4.280292     -93.911198
      -4.235281     -93.897065
      -4.178378     -93.875674
      -4.067061     -93.824714
      -3.971997     -93.782526
      -3.898612     -93.715800
      -3.857605     -93.665851
      -3.825538     -93.618757
      -3.775617     -93.598824
      -3.659224     -93.584758
      -3.558162     -93.548787
      -3.545390     -93.506754
      -3.540868     -93.504588
      -3.574731     -93.529504
      -3.653152     -93.548593
      -3.699651     -93.610471
      -3.678208     -93.665025
      -3.684648     -93.649133
      -3.703133     -93.653019
      -3.761130     -93.643023
      -3.777869     -93.656924
      -3.779437     -93.653407
      -3.757710     -93.619748
      -3.742815     -93.567583
      -3.720321     -93.574335
      -3.721281     -93.574626
      -3.756177     -93.583427
      -3.782707     -93.585185
      -3.751953     -93.569915
      -3.711178     -93.544037
      -3.671144     -93.551555
      -3.685212     -93.528960
      -3.707735     -93.532263
      -3.712747     -93.548758
      -3.712298     -93.516031
      -3.703766     -93.500032
      -3.704616     -93.485014
      -3.731776     -93.458728
      -3.775863     -93.395402
      -3.773382     -93.394343
      -3.692943     -93.376926
      -3.671919     -93.325490
      -3.703493     -93.330094
      -3.782469     -93.388146
      -3.882165     -93.442496
      -3.935511     -93.456435
      -3.927440     -93.419114
      -3.916775     -93.374080
      -3.882895     -93.394635
      -3.916477     -93.372623
      -3.978609     -93.391633
      -3.988373     -93.428721
      -4.011110     -93.421543
      -4.041703     -93.431742
      -4.057833     -93.448412
      -4.034690     -93.450830
      -4.044014     -93.457484
      -4.075437     -93.436628
      -4.098100     -93.436084
      -4.086340     -93.443283
      -3.904828     -93.336690
      -3.140606     -92.821146
      -1.754513     -91.444229
       0.095446     -89.294093
       1.999752     -86.273481
       3.847891     -82.765126
       5.424168     -78.937918
       6.913471     -75.129560
       7.829990     -71.222065
       8.608823     -67.387406
       9.172923     -62.959011
       9.904365     -58.476342
      10.292909     -53.836073
      10.638721     -48.796256
      11.040003     -43.462413
      11.143885     -38.405417
      11.081990     -33.825231
      11.070156     -29.899197
      11.079376     -26.599433
      10.956793     -23.894872
      10.925370     -21.883797
      10.951756     -20.523603
      11.108218     -19.755206
      11.398113     -19.161811
      11.598376     -18.345345
      11.676744     -17.268791
      11.759080     -16.106532
      11.821566     -14.882736
      11.921217     -13.446936
      12.128471     -11.783804
      12.596532      -9.951869
      13.188448      -8.110671
      13.906251      -6.413017
      14.706748      -4.856346
      15.577632      -3.475936
      16.434926      -2.283280
      17.265860      -1.327828
      17.919286      -0.612498
      18.471912      -0.005507
      18.826045       0.408825
      18.931203       0.627741
      18.727409       0.487610
      18.502101       0.065908
      18.426152      -0.521426
      18.459510      -1.238516
      18.518825      -2.170290
      18.556711      -3.363629
      18.605696      -4.910200
      18.653777      -6.704047
      18.657493      -8.487037
      18.737977     -10.025179
      18.889631     -11.284659
      19.238520     -12.360443
      19.531927     -13.365612
      19.699632     -14.200094
      19.773330     -14.831623
      19.746955     -15.308467
      19.661344     -15.679162
      19.503659     -15.911614
      19.336636     -15.986845
      19.310280     -15.997774
      19.386927     -15.878231
      19.392277     -15.596260
      19.397957     -15.300011
      19.382724     -15.039035
      19.397422     -14.840659
      19.483717     -14.734550
      19.574292     -14.668484
      19.656356     -14.601695
      19.702763     -14.544528
      19.714843     -14.491211
      19.704209     -14.429140
      19.684636     -14.340484
      19.666903     -14.282463
      19.625087     -14.249352
      19.590258     -14.241841
      19.600689     -14.267804
      19.618225     -14.332254
      19.639996     -14.378985
      19.654862     -14.388922
      19.684969     -14.385413
      19.707125     -14.362164
      19.708997     -14.324652
      19.778946     -14.280161
      19.820649     -14.235676
      19.807530     -14.191380
      19.770922     -14.169203
      19.756274     -14.187477
      19.774737     -14.201968
      19.783865     -14.210686
      19.804426     -14.247864
      19.802584     -14.302434
      19.804477     -14.368616
      19.809667     -14.443123
      19.829931     -14.538064
      19.854103     -14.621644
      19.895214     -14.678523
      19.887833     -14.722580
      19.865175     -14.739967
      19.843323     -14.744013
      19.817400     -14.728319
      19.811761     -14.686188
      19.824206     -14.630202
      19.785241     -14.604493
      19.693382     -14.620653
      19.534119     -14.669835
      19.281070     -14.685680
      19.035486     -14.764912
      18.759462     -15.052113
      18.451515     -15.754259
      18.078498     -16.754816
      17.642454     -17.971648
      17.459750     -19.400813
      17.176984     -20.935512
      16.616551     -22.406826
      16.019034     -23.828326
      15.475369     -25.107586
      15.064535     -26.353587
      14.791585     -27.551635
      14.561519     -28.627648
      14.248004     -29.480172
      13.965002     -30.081025
      13.732425     -30.508207
      13.533117     -30.843349
      13.336943     -31.183895
      13.116866     -31.530759
      12.833831     -31.717203
      12.656178     -31.715656
      12.675084     -31.629687
      12.805484     -31.509658
      12.963179     -31.329394
      13.109597     -31.137785
      13.171246     -30.989514
      13.217679     -30.933525
      13.244501     -30.952625
      13.237789     -30.968593
      13.207278     -30.951149
      13.144667     -30.928233
      13.052476     -30.892646
      12.904377     -30.861065
      12.696169     -30.891582
      12.459323     -30.969467
      12.170110     -31.260740
      11.566955     -31.691616
      10.414371     -31.797342
       8.911243     -31.861918
       7.297036     -32.195190
       5.838307     -32.722182
       4.806718     -33.412093
       4.155880     -34.157741
       3.697349     -35.095766
       3.172934     -36.087490
       2.659409     -36.691733
       2.215311     -36.992492
       1.797772     -37.027088
       1.457940     -36.981845
       1.256613     -36.873171
       1.188232     -36.737483
       1.316393     -36.575001
       1.751248     -36.426629
       2.310571     -36.249374
       2.833789     -36.007499
       3.257484     -35.670218
       3.525185     -35.243691
       3.857881     -34.738570
       4.404692     -34.200543
       4.536775     -33.838814
       4.356502     -33.621421
       4.184977     -33.512920
       4.100244     -33.451411
       3.986294     -33.455121
       3.803473     -33.412637
