      -3.807796      13.088554
      -3.776066      13.202084
      -3.754340      13.243302
      -3.742062      13.218080
      -3.709652      13.172456
      -3.703599      13.146948
      -3.706065      13.144986
      -3.680718      13.151555
      -3.647329      13.149568
      -3.587231      13.193359
      -3.494677      13.246235
      -3.305322      13.252583
      -3.053642      13.150687
      -2.736408      12.994480
      -2.390051      12.828699
      -1.991313      12.654658
      -1.557253      12.402402
      -1.097319      12.115351
      -0.668707      11.801588
      -0.339492      11.484227
      -0.035439      11.119325
       0.265938      10.773538
       0.574308      10.461639
       0.914976      10.233735
       1.235472      10.099819
       1.531188      10.048424
       1.749082       9.999082
       1.841203       9.950008
       1.834034       9.930873
       1.725541       9.937338
       1.537092       9.986428
       1.378407      10.070130
       1.252146      10.155904
       1.131642      10.238021
       1.023801      10.285378
       0.913344      10.313489
       0.809142      10.324703
       0.775848      10.338257
       0.909764      10.425235
       1.324785      10.876930
       1.927734      11.929429
       2.585696      13.385980
       3.292302      15.021107
       4.006175      16.602848
       4.907696      18.012609
       5.820676      19.115884
       6.611168      19.790114
       7.162851      19.937701
       7.530718      19.631730
       7.850296      19.145878
       8.083184      18.659687
       8.342643      18.221519
       8.625534      17.842464
       9.014458      17.521021
       9.473866      17.179842
       9.939878      16.775797
      10.499872      16.306575
      11.124774      15.696989
      12.010966      14.835352
      13.140809      13.606507
      14.192134      12.233590
      15.324986      11.018417
      16.559573      10.032156
      17.635501       9.165275
      18.699943       8.525495
      19.683467       8.161298
      20.637505       7.839460
      21.514622       7.252675
      22.427191       6.279434
      23.258286       5.126237
      24.020519       3.962550
      24.713934       2.750776
      25.434971       1.605923
      26.040100       0.571615
      26.431377      -0.292786
      26.719477      -0.923127
      26.913388      -1.440852
      27.021991      -1.836852
      27.056076      -2.179748
      27.095231      -2.492075
      27.141678      -2.697886
      27.105875      -2.806510
      27.098378      -2.855931
      27.190246      -2.903941
      27.165128      -2.858303
      26.993250      -2.626936
      26.680484      -2.389259
      26.299575      -2.137740
      25.930339      -1.930304
      25.634979      -1.700092
      25.404163      -1.490104
      25.089923      -1.289722
      24.734535      -1.198824
      24.489850      -1.127284
      24.166720      -1.061668
      23.847849      -1.054057
      23.493777      -1.097646
      23.207198      -1.212069
      22.894595      -1.336441
      22.573723      -1.462097
      21.964528      -1.553544
      21.198989      -1.606344
      20.369003      -1.634107
      19.749451      -1.615175
      19.233586      -1.557236
      18.651621      -1.390693
      18.175798      -1.141399
      17.747220      -0.779745
      17.383581      -0.404315
      17.043273      -0.062798
      16.672905       0.255219
      16.374745       0.557752
      16.112173       0.913366
      15.876681       1.407519
      15.638994       2.084121
      15.375137       2.971887
      15.063824       4.118532
      14.670103       5.623365
      14.197150       7.625536
      13.804084       9.876437
      13.514382      12.274427
      13.237181      14.748316
      12.965909      17.281975
      12.621482      19.930870
      12.214347      22.629207
      11.864252      25.204593
      11.557866      27.862900
      11.308943      30.769350
      10.864953      33.641143
      10.221195      36.409416
       9.697555      39.102176
       9.288280      41.524772
       8.937500      43.554133
       8.582417      45.219646
       8.179053      46.395278
       7.751205      47.219778
       7.471623      48.134870
       7.330660      49.420709
       7.114014      50.667808
       6.684435      51.684796
       5.887328      52.234290
       4.940324      52.560697
       4.527437      53.406013
       4.405127      54.697073
       4.619396      55.953735
       5.138264      57.187424
       5.622394      58.420894
       5.584380      60.007159
       5.406856      61.998612
       5.281678      63.930741
       5.212353      65.550296
       5.149795      66.837766
       4.968238      67.893712
       4.732518      68.876536
       4.480579      69.673836
       4.325789      70.344226
       4.125610      70.859906
       3.825895      71.360592
       3.522191      71.972359
       3.041315      72.982799
       2.517589      74.610208
       2.085234      76.558356
       1.934716      78.320124
       1.953495      80.010762
       1.904411      81.925697
       1.486762      83.621002
       0.990170      84.906802
       0.458082      85.985051
       0.024323      87.095260
      -0.544767      88.466689
      -1.029608      90.323189
      -1.274200      92.424522
      -1.497593      94.282275
      -1.986917      96.010754
      -2.717548      98.011585
      -3.481502     100.228467
      -4.083146     102.494559
      -4.529427     104.698638
      -5.020314     106.797892
      -5.291438     109.044090
      -5.653166     111.502861
      -5.797185     114.225485
      -5.856647     116.759161
      -5.686889     119.181776
      -5.332175     121.753259
      -4.642846     123.919298
      -4.149747     125.477994
      -3.779309     126.924231
      -3.080000     128.610852
      -2.222400     130.259248
      -1.567483     132.026913
      -1.305377     133.894400
      -1.221561     135.831614
      -1.198813     137.860208
      -1.078887     140.150498
      -0.956402     142.384613
      -0.992434     144.466119
      -1.247480     146.702506
      -1.656119     149.173585
      -1.976989     151.505238
      -2.317599     153.609058
      -2.654510     155.609219
      -2.927738     157.545908
      -3.100823     159.312825
      -3.201464     160.950730
      -3.394621     162.682949
      -3.354255     164.787439
      -3.007658     166.739496
      -2.703196     168.030804
      -2.643358     168.746573
      -2.646544     169.216830
      -2.666945     169.497819
      -2.529131     169.531643
      -2.312483     169.295106
      -2.155364     168.710534
      -1.935960     167.548696
      -1.623826     165.432549
      -1.357994     161.927381
      -0.965200     157.420422
      -0.489505     152.534898
       0.036803     147.172754
       0.315712     141.258512
       0.517585     135.959558
       0.601254     131.165481
       0.607050     126.508140
       0.654799     122.263373
       0.583590     118.294534
       0.620425     114.597164
       0.729028     110.914413
       0.677181     107.228865
       0.672177     102.876438
       0.699225      97.550382
       0.950841      91.190245
       1.487831      84.099147
       2.281707      76.810960
       2.930105      69.806068
       3.437893      63.238930
       3.711084      56.820481
       4.128844      50.508517
       4.224298      43.632623
       4.384655      37.095837
       4.685765      31.135684
       4.804755      25.690395
       5.035433      20.596968
       4.938794      16.105914
       4.887607      12.233410
       5.055057       8.874747
       5.104770       5.949489
       5.285082       3.089425
       5.750983       0.319117
       6.093134      -2.142356
       6.128790      -4.034987
       5.947536      -5.360980
       5.752320      -6.295651
       5.609445      -6.830029
       5.546380      -6.997311
       5.395046      -6.936814
       5.193867      -6.776565
       5.141580      -6.490511
       5.237600      -6.088947
       5.419636      -5.752538
       5.611384      -5.640443
       5.837323      -5.804448
       5.981138      -6.138564
       6.169462      -6.615827
       6.349466      -7.436300
       6.570732      -8.970930
       6.770354     -10.916993
       6.953592     -13.071865
       7.045840     -15.239846
       7.147773     -17.628592
       7.294323     -20.108946
       7.676975     -22.550919
       8.264760     -24.814392
       9.070417     -26.994938
       9.828619     -28.841741
      10.726220     -30.351602
      12.017536     -31.610436
      13.403405     -32.613938
      14.770745     -33.297387
      16.165776     -33.928443
      17.782153     -34.719796
      19.267665     -35.601780
      21.383594     -37.100495
      23.783819     -39.538735
      25.140349     -41.627119
      25.933375     -42.950784
      26.693324     -43.871870
      27.753636     -44.616593
      28.532261     -45.247982
      28.853575     -45.632590
      29.134491     -45.878175
      29.269484     -46.044592
      29.447397     -46.194392
      29.682062     -46.356359
      29.757501     -46.709159
      29.488133     -47.418780
      28.474824     -48.727233
      26.554267     -50.499400
      24.075104     -52.465212
      21.350851     -54.324724
      18.970641     -55.856459
      17.257270     -56.997175
      16.132014     -57.919008
      15.168210     -58.627269
      14.446006     -59.442312
      13.703676     -60.541850
      12.815081     -61.979247
      11.594168     -63.471397
       9.897514     -64.993418
       8.217452     -66.465757
       6.683079     -67.653863
       5.194588     -68.528710
       4.083283     -69.167933
       3.125126     -69.725038
       2.296075     -70.242005
       1.559140     -70.667199
       0.919037     -70.954778
       0.254125     -71.147971
      -0.282752     -71.364619
      -0.692513     -71.549730
      -0.983926     -71.666949
      -1.103196     -71.680525
      -1.183671     -71.684930
      -1.172472     -71.638706
      -0.996729     -71.393290
      -0.679598     -70.939668
      -0.303957     -70.197146
       0.142832     -68.822603
       0.593292     -66.461779
       1.275298     -62.649808
       1.881939     -57.624921
       2.299375     -51.564094
       2.655770     -44.954996
       3.024186     -38.488875
       3.195911     -32.700398
       3.640214     -27.871524
       3.351808     -23.653536
       2.978902     -19.802426
       2.527080     -16.166853
       2.317240     -13.069497
       2.195782     -10.447715
       2.043693      -8.340455
       2.026890      -6.518892
       1.985322      -4.987346
       1.930345      -3.669850
       1.874589      -2.543610
       1.814871      -1.648247
       1.767375      -0.823208
       1.770165      -0.180373
       1.653044       0.424808
       1.497672       0.984677
       1.272125       1.545211
       1.083874       1.961933
       0.937181       2.227688
       0.809943       2.373817
       0.704903       2.458974
       0.655330       2.505824
       0.656122       2.598804
       0.702948       2.724786
       0.803381       2.829493
       0.917790       2.896267
       1.056676       2.931055
       1.181527       2.966902
       1.342027       2.973692
       1.473835       2.988043
       1.578669       3.030311
       1.620650       3.084840
       1.660647       3.141874
       1.710274       3.196490
       1.771718       3.209285
       1.835009       3.213445
       1.832963       3.225925
       1.770195       3.221210
       1.753871       3.208248
       1.751337       3.200617
       1.764499       3.178137
       1.761722       3.126567
       1.773760       3.084305
       1.759328       3.036504
       1.748721       2.973278
       1.736286       2.906533
       1.682217       2.861932
       1.616145       2.841924
       1.560196       2.837096
       1.525879       2.839494
       1.528923       2.834335
       1.534242       2.823983
       1.549501       2.828308
       1.547358       2.823002
       1.541208       2.794660
       1.530129       2.752465
       1.506615       2.715849
       1.466560       2.679224
       1.437258       2.639366
       1.420655       2.589421
       1.402702       2.533806
       1.372099       2.478239
       1.309466       2.438357
       1.276138       2.412242
       1.242837       2.389994
       1.249128       2.344674
       1.213853       2.302957
       1.219466       2.288001
       1.256637       2.278227
       1.294064       2.256665
       1.357515       2.262380
       1.419563       2.280272
       1.475330       2.292248
       1.516446       2.286343
       1.574824       2.261743
       1.603281       2.235674
       1.626834       2.218069
       1.636076       2.206697
       1.629640       2.205469
       1.636520       2.199436
       1.704114       2.217036
       1.725380       2.247676
       1.736220       2.337000
       1.722982       2.498998
       1.663715       2.812580
       1.544874       3.353349
       1.518970       4.129310
       1.520109       5.046927
       1.583005       6.095280
       1.660727       7.289219
       1.732943       8.630379
       1.786278      10.086177
       1.832363      11.603583
       2.054485      13.123932
       2.353041      14.649962
       2.600432      16.273095
       2.796857      17.967026
       2.877761      19.551587
       2.893505      20.963513
       2.901869      22.103184
       2.922185      22.891953
       2.957089      23.244888
       3.157218      23.257361
       3.783847      22.900885
       4.437906      22.472908
       4.890797      22.262847
       5.144958      22.126707
       5.167461      21.986334
       5.091749      21.527668
       5.270697      20.701049
       5.373541      20.194386
       5.314470      20.013892
       5.240317      20.138818
       5.107175      20.446478
       4.975526      20.933632
       4.803626      21.627908
       4.614278      22.557178
       4.480385      23.733245
       4.394622      25.144832
       4.276591      26.598517
       4.132447      27.939303
       3.976685      29.107979
       3.801797      30.018105
       3.628611      30.730144
       3.514100      31.456675
       3.413888      32.033560
       3.281889      32.335218
       3.114966      32.345449
       3.069143      32.153621
       3.050686      31.805977
       3.010777      31.338100
       2.942657      30.663059
       2.838592      29.465594
       2.804555      27.855564
       2.821730      26.111647
       2.861266      24.470451
       2.865642      23.137682
       2.823713      22.092968
       2.773583      21.228930
       2.657390      20.409793
       2.501151      19.552199
       2.313774      18.660097
       2.100924      17.883906
       1.972008      17.137583
       1.940177      16.408742
       1.946023      15.702125
       1.966072      15.055243
       2.062216      14.518657
       2.148336      14.115678
       2.219320      13.828726
       2.311338      13.655871
       2.414219      13.618200
       2.582393      13.817753
       2.805102      14.279136
       2.971958      14.700172
       3.047382      14.953175
       3.078088      15.050383
       3.078877      15.011851
       3.015343      14.929018
       2.945151      14.900879
       2.935105      14.981979
       2.967567      15.140700
       2.990456      15.278439
       2.980521      15.375269
       2.947341      15.403430
       2.909989      15.368392
       2.888707      15.286532
       2.929977      15.183472
       2.965518      15.102855
       2.987974      15.013528
       2.999672      14.885777
       2.996381      14.660964
       2.951886      14.349257
       2.870410      13.925854
       2.751832      13.412993
       2.601211      12.893626
       2.473757      12.431975
       2.371036      11.989227
       2.261266      11.597321
       2.169844      11.301684
       2.074786      11.088305
       1.957541      10.941018
       1.886288      10.850101
       1.821500      10.763160
       1.747854      10.668919
       1.707708      10.555898
       1.704879      10.436159
       1.689924      10.318858
       1.674154      10.233458
       1.647933      10.210924
       1.628783      10.222419
       1.593742      10.223630
       1.592800      10.200739
       1.565811      10.131626
       1.527751      10.036962
       1.490911       9.915404
       1.486854       9.770569
       1.475417       9.605993
       1.451189       9.425169
       1.433433       9.237342
       1.415311       9.077473
       1.406965       8.985604
       1.392363       8.937041
       1.377373       8.897843
       1.350626       8.863782
       1.313810       8.836464
       1.263299       8.830673
       1.207904       8.828083
       1.216708       8.836361
       1.215730       8.835627
       1.219141       8.838464
       1.234933       8.844901
       1.267450       8.838767
       1.279658       8.814391
       1.293394       8.818865
       1.295747       8.835285
       1.273291       8.838358
       1.273785       8.821240
       1.276974       8.793173
       1.244379       8.758078
       1.208371       8.730373
       1.172693       8.708406
       1.141630       8.677852
       1.099842       8.637453
       1.138953       8.623792
       1.157306       8.612418
       1.160707       8.595238
       1.158175       8.578476
       1.183099       8.568832
       1.183410       8.559064
       1.183180       8.559714
       1.187937       8.560965
       1.176401       8.553468
       1.161786       8.526137
       1.156581       8.482748
       1.120727       8.449591
       1.071269       8.428551
       1.021256       8.421184
       0.996998       8.417330
       0.968983       8.404550
       0.975629       8.385701
       1.016030       8.389146
       1.047280       8.392786
       1.036992       8.384714
       1.032226       8.371162
       1.043358       8.348293
       1.055208       8.330845
       1.097244       8.359176
       1.124619       8.395942
       1.145443       8.396410
       1.140609       8.367646
       1.144729       8.333901
       1.134262       8.306975
       1.127006       8.300222
       1.097063       8.302656
       1.074132       8.292108
       1.052978       8.265974
       1.021596       8.235821
       1.017596       8.228299
       1.056594       8.249749
       1.065235       8.254523
       1.051270       8.229607
       1.050032       8.174122
       1.063772       8.116179
       1.084009       8.085287
       1.106491       8.087943
       1.127665       8.088607
       1.116724       8.081105
       1.119208       8.061958
       1.112700       8.026682
       1.107964       7.986996
       1.090669       7.981751
       1.066689       8.000692
       1.059109       8.009736
       1.040835       8.003240
       1.023049       7.982369
       1.019606       7.972964
       0.989921       7.972482
       0.949893       7.981133
       0.946260       7.981795
       0.967466       7.957019
       1.002345       7.929959
       1.035696       7.943243
       1.057998       7.962335
       1.039818       7.967216
       1.003969       7.956351
       0.976712       7.935648
       0.944404       7.898070
       0.911953       7.883140
       0.883904       7.894812
       0.862211       7.904549
       0.839059       7.895509
       0.818983       7.875300
       0.838395       7.864214
       0.860941       7.866535
       0.857465       7.856912
       0.858403       7.830069
       0.871234       7.802840
       0.890226       7.784827
       0.902728       7.809984
       0.891925       7.826545
       0.877663       7.826705
       0.858954       7.810706
       0.855270       7.783327
       0.830893       7.733537
       0.807868       7.704804
       0.768947       7.692602
       0.739527       7.685286
       0.699273       7.651466
       0.686277       7.610498
       0.705874       7.583254
       0.736581       7.563541
       0.723357       7.534526
       0.718144       7.514640
       0.712597       7.492660
       0.716142       7.476658
       0.705150       7.485264
       0.695135       7.489131
       0.671478       7.486127
       0.654281       7.473633
       0.634788       7.438172
       0.613323       7.405409
       0.582437       7.371111
       0.558024       7.346488
       0.536595       7.335648
       0.516169       7.325048
       0.531266       7.307064
       0.563802       7.300730
       0.605672       7.319489
       0.603348       7.342924
       0.594859       7.348741
       0.586649       7.331943
       0.584386       7.302224
       0.579546       7.307187
       0.591194       7.343947
       0.566273       7.362616
       0.546004       7.363805
       0.547704       7.357375
       0.530094       7.331396
       0.518456       7.316485
       0.502123       7.313527
       0.480638       7.304496
       0.455463       7.287074
       0.449067       7.272795
       0.486860       7.265395
       0.516425       7.259838
       0.500089       7.260827
       0.513043       7.258306
       0.518076       7.233567
       0.531277       7.203326
       0.555424       7.204414
       0.588378       7.210252
       0.580867       7.195877
       0.586199       7.189610
       0.600583       7.173101
       0.598216       7.149725
       0.564874       7.135505
       0.544808       7.137828
       0.507498       7.127473
       0.478073       7.104246
       0.485555       7.093474
       0.518067       7.088460
       0.509544       7.072174
       0.490944       7.055405
       0.494267       7.042637
       0.518291       7.012512
       0.533058       7.000280
       0.565263       7.015027
       0.584900       7.018835
       0.597308       7.023998
       0.600396       7.036920
       0.596583       7.035125
       0.555846       7.026882
       0.501014       7.032643
       0.445645       7.044263
       0.405928       7.041054
       0.376823       7.020498
       0.386961       6.998694
       0.427844       7.001427
       0.452205       7.004498
       0.441500       6.987794
       0.438315       6.960739
       0.459819       6.932615
       0.490410       6.916689
       0.535140       6.932528
       0.557598       6.951015
       0.554007       6.975330
       0.542988       7.010414
       0.554246       7.044378
       0.549318       7.060575
       0.551790       7.073070
       0.555468       7.087552
       0.556182       7.089973
       0.563676       7.075244
       0.563167       7.045526
       0.566636       7.017349
       0.600848       7.016279
       0.635747       7.038417
       0.627795       7.038779
       0.633506       7.005065
       0.659344       6.961165
       0.683245       6.920952
       0.695395       6.928134
       0.717493       6.946367
       0.712131       6.946521
       0.719106       6.931104
       0.741175       6.912606
       0.745913       6.882592
       0.754413       6.866346
       0.753420       6.865697
       0.744364       6.864352
       0.737181       6.852626
       0.742480       6.839836
       0.749907       6.824027
       0.784342       6.819569
       0.827398       6.834594
       0.811008       6.842027
       0.804955       6.837504
       0.812326       6.809772
       0.854217       6.777402
       0.890427       6.785073
       0.939628       6.824394
       0.978873       6.829766
       0.992766       6.804848
       0.995410       6.778338
       0.976853       6.747517
       0.937819       6.727258
       0.885985       6.722399
       0.856944       6.728711
       0.830128       6.741170
       0.811638       6.744269
       0.800678       6.744454
       0.813604       6.746141
       0.834164       6.769363
       0.825684       6.789261
       0.801751       6.777039
       0.787320       6.748403
       0.807253       6.719256
       0.833511       6.709109
       0.851644       6.741233
       0.857367       6.768694
       0.835887       6.759553
       0.822361       6.745928
       0.816991       6.727872
       0.811024       6.704162
       0.817818       6.709322
       0.811155       6.738741
       0.785915       6.761748
       0.773411       6.780461
       0.780335       6.779728
       0.779539       6.765252
       0.794664       6.770776
       0.830687       6.795988
       0.859317       6.807804
       0.858139       6.786815
       0.841298       6.760771
       0.847807       6.737131
       0.874464       6.716983
       0.898664       6.724531
       0.908183       6.757755
       0.905827       6.762857
       0.893209       6.736066
       0.894312       6.707937
       0.886198       6.687589
       0.877159       6.694784
       0.871717       6.720842
       0.866585       6.741885
       0.849229       6.742948
       0.842718       6.728168
       0.839850       6.715526
       0.851532       6.712717
       0.890283       6.723599
       0.913714       6.730822
       0.913428       6.716231
       0.917268       6.688522
       0.927727       6.655215
