      14.953960       7.393102
      14.967396       7.747870
      14.864943       8.240483
      14.551573       9.143106
      13.706275      11.002999
      12.341086      13.402705
      10.916724      15.984283
       9.511593      18.659060
       8.153548      21.311378
       6.937755      23.617968
       6.008951      25.379489
       5.386305      26.548560
       5.046187      27.213271
       4.857723      27.442622
       4.818950      27.487095
       4.751314      27.335697
       4.713372      27.056816
       4.740296      26.857642
       4.784464      26.718923
       4.878275      26.442607
       5.104693      26.082111
       5.370388      25.597412
       5.765069      24.901094
       6.257174      24.121834
       6.776746      23.235318
       7.356374      22.228702
       7.930555      21.022307
       8.544354      19.604640
       9.191118      18.221264
       9.844996      16.906804
      10.448238      15.692012
      11.077402      14.459119
      11.769041      13.363416
      12.402197      12.285321
      13.050342      11.199716
      13.725088      10.083800
      14.408613       8.990883
      15.112898       7.956964
      15.763094       6.897302
      16.383274       5.847596
      17.030475       4.782694
      17.690815       3.710486
      18.277110       2.620062
      18.810173       1.482423
      19.306621       0.391206
      19.806170      -0.607659
      20.215898      -1.457703
      20.566925      -2.130049
      20.915071      -2.601525
      21.227040      -2.890261
      21.416982      -2.990078
      21.559831      -2.961555
      21.623760      -2.914991
      21.683814      -2.900711
      21.759159      -2.888723
      21.788012      -2.890144
      21.789790      -2.876811
      21.790518      -2.833090
      21.848766      -2.776943
      21.881587      -2.722180
      21.875623      -2.725782
      21.824374      -2.757031
      21.741567      -2.783479
      21.654837      -2.797934
      21.596806      -2.818900
      21.581003      -2.824491
      21.560728      -2.847212
      21.529725      -2.855423
      21.505552      -2.823867
      21.468668      -2.754391
      21.431215      -2.680975
      21.419034      -2.567948
      21.476291      -2.405335
      21.524531      -2.250261
      21.595290      -2.128910
      21.679868      -2.047616
      21.775469      -1.999940
      21.882163      -1.959097
      21.990224      -1.920951
      22.067150      -1.924355
      22.163171      -1.931421
      22.306759      -1.934585
      22.447006      -1.979905
      22.513049      -2.078535
      22.542164      -2.176712
      22.582106      -2.281725
      22.648735      -2.365286
      22.663168      -2.442819
      22.694085      -2.531867
      22.690530      -2.649223
      22.698403      -2.777722
      22.687948      -2.921820
      22.665309      -3.060639
      22.576144      -3.164979
      22.499496      -3.227435
      22.439859      -3.263714
      22.391791      -3.276087
      22.358372      -3.284222
      22.348335      -3.285008
      22.346868      -3.339440
      22.298451      -3.426242
      22.214687      -3.519546
      22.134869      -3.594430
      22.068957      -3.673722
      22.063804      -3.686139
      22.069265      -3.665278
      22.017358      -3.668025
      21.969502      -3.708345
      21.900170      -3.761248
      21.794958      -3.799715
      21.665819      -3.807966
      21.548109      -3.787324
      21.410279      -3.774720
      21.275581      -3.760673
      21.171425      -3.774474
      21.060410      -3.806487
      20.901802      -3.865713
      20.712713      -3.934709
      20.570186      -3.982279
      20.423218      -4.020314
      20.292352      -3.993208
      20.147018      -3.845920
      19.906378      -3.595474
      19.621730      -3.301988
      19.335615      -2.951469
      19.030588      -2.572103
      18.739963      -2.204430
      18.479406      -1.891337
      18.229074      -1.710090
      18.072814      -1.639300
      17.982256      -1.575673
      17.874535      -1.437627
      17.758861      -1.254031
      17.663458      -1.064655
      17.590796      -0.919310
      17.567366      -0.814092
      17.574078      -0.761395
      17.606533      -0.758908
      17.671173      -0.826664
      17.735834      -0.931672
      17.786093      -0.999730
      17.810029      -1.028407
      17.805749      -1.033336
      17.803612      -1.029828
      17.844625      -1.015849
      17.869278      -1.018866
      17.855763      -1.048691
      17.854694      -1.084013
      17.871388      -1.087440
      17.899621      -1.090287
      17.931805      -1.090402
      17.960039      -1.082379
      17.982014      -1.075574
      18.011579      -1.108321
      18.030228      -1.156664
      18.046372      -1.221973
      18.045784      -1.257900
      18.042399      -1.272351
      18.052379      -1.268119
      18.093554      -1.272858
      18.131987      -1.293811
      18.110750      -1.328989
      18.076002      -1.372079
      18.042503      -1.417299
      18.014831      -1.446631
      18.017088      -1.415436
      18.022032      -1.364709
      18.013446      -1.341819
      18.021699      -1.340546
      18.022246      -1.352223
      18.018494      -1.366411
      18.008709      -1.401396
      17.992135      -1.434669
      17.958526      -1.459502
      17.936061      -1.493055
      17.955058      -1.510403
      17.962888      -1.522198
      17.929647      -1.541658
      17.908517      -1.585397
      17.913476      -1.613576
      17.932823      -1.618262
      17.942977      -1.624813
      17.951028      -1.636394
      17.939040      -1.658993
      17.941239      -1.696137
      17.919505      -1.740875
      17.881112      -1.788433
      17.852706      -1.791927
      17.823861      -1.801359
      17.791634      -1.829570
      17.769722      -1.837344
      17.770681      -1.825769
      17.801983      -1.826223
      17.777394      -1.851885
      17.775766      -1.871208
      17.778016      -1.881274
      17.787111      -1.919200
      17.788671      -1.933447
      17.802461      -1.917653
      17.790565      -1.923765
      17.789432      -1.953895
      17.798482      -1.972704
      17.793669      -2.008483
      17.781249      -2.031307
      17.750801      -2.029465
      17.712853      -2.028668
      17.669141      -2.038277
      17.631816      -2.041075
      17.631401      -2.028454
      17.656539      -2.013227
      17.657091      -2.024731
      17.611460      -2.041364
      17.604778      -2.035270
      17.607567      -2.037957
      17.584386      -2.070503
      17.600888      -2.063257
      17.625349      -2.014716
      17.621876      -2.021597
      17.621425      -2.062820
      17.634960      -2.077017
      17.612633      -2.078599
      17.586783      -2.081587
      17.551699      -2.065294
      17.509714      -2.063435
      17.485409      -2.066564
      17.472701      -2.047898
      17.495335      -2.035754
      17.506410      -2.065810
      17.438028      -2.139090
      17.393563      -2.208963
      17.378728      -2.248862
      17.369424      -2.286385
      17.396163      -2.323206
      17.412157      -2.374751
      17.415444      -2.444787
      17.407005      -2.557571
      17.385975      -2.719063
      17.348452      -2.962634
      17.350787      -3.253688
      17.348353      -3.570482
      17.338444      -3.922244
      17.307648      -4.309330
      17.284389      -4.712384
      17.301915      -5.093517
      17.340602      -5.461800
      17.340262      -5.778693
      17.339051      -6.082387
      17.367127      -6.370904
      17.394429      -6.675664
      17.415975      -6.964142
      17.409585      -7.222642
      17.400968      -7.424332
      17.383088      -7.559347
      17.381252      -7.623079
      17.356402      -7.629506
      17.314623      -7.593871
      17.255715      -7.539322
      17.204015      -7.457599
      17.139295      -7.368506
      17.103454      -7.284525
      17.103442      -7.194998
      17.095376      -7.109441
      17.050905      -7.019921
      17.011363      -6.957688
      16.995999      -6.913862
      16.971661      -6.886564
      16.959553      -6.861360
      16.964877      -6.846982
      16.960616      -6.860743
      16.962584      -6.898395
      16.954029      -6.931130
      16.947767      -6.932049
      16.955732      -6.904399
      16.957775      -6.891648
      16.951820      -6.877123
      16.971865      -6.849021
      17.014816      -6.820876
      17.056436      -6.835487
      17.038626      -6.862265
      17.035900      -6.865886
      17.032021      -6.861684
      17.028825      -6.884208
      17.015657      -6.882437
      16.993820      -6.868092
      16.948485      -6.871478
      16.899145      -6.901427
      16.854525      -6.941153
      16.823948      -6.957643
      16.784407      -6.952459
      16.756472      -6.943052
      16.723149      -6.933069
      16.680174      -6.930056
      16.643182      -6.928814
      16.647867      -6.910219
      16.636045      -6.906803
      16.605715      -6.920566
      16.599800      -6.928553
      16.616020      -6.933558
      16.619902      -6.933547
      16.632470      -6.922932
      16.608590      -6.924945
      16.590463      -6.936560
      16.599394      -6.948473
      16.616874      -6.965003
      16.625421      -6.965100
      16.648286      -6.953315
      16.644961      -6.949037
      16.625256      -6.953738
      16.594291      -6.958042
      16.588096      -6.960415
      16.609562      -6.987526
      16.586531      -7.038009
      16.573288      -7.083203
      16.583401      -7.102008
      16.589344      -7.116216
      16.588530      -7.109140
      16.583006      -7.102358
      16.578829      -7.096041
      16.575558      -7.109560
      16.570544      -7.137909
      16.559044      -7.166211
      16.541882      -7.184589
      16.520807      -7.188692
      16.488644      -7.195920
      16.458512      -7.204866
      16.437707      -7.209897
      16.452248      -7.209945
      16.479738      -7.231065
      16.449474      -7.262982
      16.440371      -7.308887
      16.434381      -7.353484
      16.412552      -7.411458
      16.397804      -7.457871
      16.387682      -7.502260
      16.375042      -7.537274
      16.365134      -7.583523
      16.364861      -7.627863
      16.357534      -7.667446
      16.356816      -7.695146
      16.347315      -7.715286
      16.338472      -7.720373
      16.337380      -7.720139
      16.346303      -7.722220
      16.349993      -7.732029
      16.381567      -7.738473
      16.415520      -7.766982
      16.404504      -7.803810
      16.406736      -7.829116
      16.426135      -7.847415
      16.417027      -7.870145
      16.412014      -7.878134
      16.403755      -7.876388
      16.373149      -7.891613
      16.378500      -7.909157
      16.391235      -7.923774
      16.401634      -7.958849
      16.415518      -8.001625
      16.423849      -8.037103
      16.434857      -8.054701
      16.468401      -8.050615
      16.482288      -8.043151
      16.510004      -8.032010
      16.549217      -8.030970
      16.608643      -8.034860
      16.617271      -8.056639
      16.591356      -8.077248
      16.593200      -8.088521
      16.578315      -8.105819
      16.570846      -8.125798
      16.579827      -8.104503
      16.575418      -8.068515
      16.577188      -8.038883
      16.589512      -8.018709
      16.598541      -8.013464
      16.586988      -8.024234
      16.588167      -8.022526
      16.580851      -8.016481
      16.574538      -8.019043
      16.564597      -8.030722
      16.546389      -8.041135
      16.523342      -8.062711
      16.558437      -8.051967
      16.564978      -8.064749
      16.530971      -8.134253
      16.573615      -8.208834
      16.560522      -8.286410
      16.648494      -8.450278
      16.774596      -8.813728
      16.861946      -9.548619
      17.409657     -10.759806
      17.653863     -12.605738
      18.069158     -14.526224
      18.718164     -16.487546
      18.895655     -18.445542
      19.131031     -20.398357
      19.186300     -22.357600
      19.166187     -24.278815
      19.057673     -26.037461
      19.058871     -27.849648
      19.373221     -29.545541
      19.730494     -31.199454
      20.058008     -32.799047
      20.342346     -34.433200
      20.712108     -36.030456
      21.170121     -37.546860
      21.593294     -38.950210
      22.138847     -40.328354
      22.721117     -41.597841
      23.314579     -42.689850
      23.922518     -43.569185
      24.499953     -44.222256
      24.933454     -44.630008
      25.348186     -44.824177
      25.633631     -44.957065
      25.923214     -45.098108
      26.167656     -45.206901
      26.258378     -45.186681
      26.315523     -44.957643
      26.411954     -44.663123
      26.390238     -44.346309
      26.371988     -44.251923
      26.250079     -44.290822
      26.096415     -44.420418
      25.979368     -44.516436
      25.851417     -44.596703
      25.718932     -44.644084
      25.536874     -44.670190
      25.367252     -44.736615
      25.094227     -44.927156
      24.849673     -45.212336
      24.619358     -45.623094
      24.386874     -46.237964
      24.151984     -47.066456
      23.961921     -47.982034
      23.806671     -48.920265
      23.613376     -49.882908
      23.386388     -50.943789
      23.163914     -52.053813
      22.909751     -53.278288
      22.591920     -54.605168
      22.247367     -56.044805
      21.866387     -57.506103
      21.405572     -59.048626
      20.791458     -60.552064
      20.173894     -61.962150
      19.597981     -63.389464
      18.944457     -64.618043
      18.301687     -65.603106
      17.700214     -66.311760
      17.233808     -66.868681
      16.920784     -67.363097
      16.655272     -67.779334
      16.409734     -68.119107
      16.251130     -68.364887
      16.124567     -68.449244
      16.046018     -68.383368
      16.040911     -68.224199
      16.068147     -68.004724
      16.155259     -67.761009
      16.224705     -67.525161
      16.269739     -67.312011
      16.325250     -67.155226
      16.374527     -67.041543
      16.436307     -66.957589
      16.486451     -66.879974
      16.518473     -66.823909
      16.557136     -66.767174
      16.617603     -66.725773
      16.668082     -66.707282
      16.696857     -66.705218
      16.692348     -66.671355
      16.773331     -66.607951
      16.856864     -66.519636
      16.838489     -66.392431
      16.818721     -66.233378
      16.808053     -66.059317
      16.779618     -65.886883
      16.751191     -65.739744
      16.742745     -65.634599
      16.713447     -65.574518
      16.706793     -65.530863
      16.691908     -65.510075
      16.669788     -65.490564
      16.651862     -65.434713
      16.626479     -65.351886
      16.607948     -65.285379
      16.626520     -65.238183
      16.678216     -65.197156
      16.704099     -65.165216
      16.700250     -65.155798
      16.710372     -65.155983
      16.708994     -65.154434
      16.685941     -65.148324
      16.660333     -65.128716
      16.642848     -65.099967
      16.626400     -65.080821
