       9.647955       1.609673
       9.639018       1.655842
       9.629686       1.673860
       9.628115       1.672426
       9.618930       1.643806
       9.651055       1.639960
       9.629212       1.641371
       9.623302       1.635834
       9.637020       1.616090
       9.633806       1.584708
       9.620046       1.563907
       9.594580       1.562204
       9.579583       1.568176
       9.581661       1.591013
       9.581105       1.625273
       9.566286       1.635844
       9.564474       1.629724
       9.557599       1.577217
       9.580481       1.556777
       9.556889       1.569467
       9.539595       1.585771
       9.557574       1.587966
       9.544552       1.557486
       9.532885       1.531595
       9.523761       1.522959
       9.526430       1.512660
       9.529328       1.522613
       9.521748       1.534897
       9.509225       1.525108
       9.514284       1.512537
       9.477913       1.490266
       9.454596       1.535183
       9.354591       1.654725
       9.044652       1.912429
       8.591917       2.504995
       8.186342       3.419762
       7.859820       4.604360
       7.582588       6.020273
       7.350911       7.652334
       7.031385       9.597950
       6.637870      11.850987
       6.168808      14.354617
       5.608478      17.032538
       5.032934      19.879441
       4.408657      22.934527
       3.806556      26.162920
       3.239407      29.392736
       2.760386      32.562796
       2.422528      35.604131
       2.189687      38.584485
       1.976013      41.495742
       1.899745      44.279112
       1.887189      46.853388
       1.976918      49.264322
       2.085778      51.461601
       2.216422      53.400180
       2.320029      55.065930
       2.390148      56.512852
       2.362460      57.814607
       2.294408      58.984887
       2.183209      60.064123
       2.135496      61.085652
       2.074166      62.050208
       2.009764      62.965937
       1.994225      63.674047
       2.093491      64.161197
       2.026600      64.379122
       1.963346      64.451195
       1.793460      64.566744
       1.665138      64.656885
       1.563269      64.622735
       1.434327      64.459991
       1.168105      64.200145
       0.794413      63.713748
       0.463703      63.025673
       0.179839      62.139670
      -0.147081      61.151877
      -0.596324      60.104718
      -1.263250      59.070866
      -2.157464      58.154380
      -3.164923      57.351378
      -4.441091      56.668961
      -5.711900      56.155146
      -6.982149      55.844117
      -8.025933      55.750799
      -9.098022      55.784599
     -10.144082      55.887291
     -11.004951      56.108184
     -11.890685      56.400756
     -12.595038      56.739043
     -13.313161      57.095583
     -14.207850      57.551759
     -15.438539      58.188525
     -17.034769      59.075199
     -18.774779      60.267501
     -20.597927      61.707564
     -22.488307      63.297725
     -24.429946      65.138799
     -26.189250      67.277711
     -27.504585      69.421518
     -28.540795      71.324757
     -29.287324      72.774253
     -29.719888      73.913522
     -29.936847      74.756162
     -30.011084      75.256411
     -30.054151      75.456802
     -29.993766      75.406202
     -29.853136      75.209113
     -29.662454      75.049210
     -29.462991      74.951667
     -29.314606      74.918168
     -29.228134      74.932311
     -29.180618      74.897691
     -29.192583      74.736952
     -29.326605      74.527498
     -29.514868      74.349158
     -29.598361      74.264646
     -29.647786      74.365171
     -29.733196      74.509323
     -29.765401      74.643251
     -29.783962      74.758338
     -29.814073      74.786649
     -29.806997      74.747356
     -29.870675      74.658949
     -29.884757      74.563527
     -29.912137      74.577618
     -29.869077      74.664228
     -29.831954      74.654116
     -29.805760      74.607678
     -29.761761      74.565441
     -29.702065      74.517007
     -29.678193      74.448173
     -29.645797      74.359586
     -29.601654      74.275972
     -29.609857      74.134332
     -29.599390      73.943470
     -29.592345      73.774145
     -29.560816      73.656002
     -29.495666      73.600754
     -29.417502      73.501700
     -29.331217      73.332656
     -29.259345      73.054212
     -29.105771      72.674102
     -28.799305      72.237800
     -28.591662      71.771759
     -28.614889      71.345040
     -28.695875      71.005559
     -28.751658      70.713972
     -28.725869      70.355626
     -28.516668      69.923380
     -28.090029      69.399511
     -27.543495      68.868915
     -27.019655      68.356528
     -26.502713      67.801793
     -25.976979      67.240462
     -25.451225      66.661592
     -24.851871      66.097177
     -24.226823      65.574595
     -23.543316      65.068630
     -22.892506      64.499950
     -22.408426      63.862072
     -21.924341      63.187592
     -21.515181      62.508123
     -21.166641      61.818062
     -20.785972      61.117354
     -20.372624      60.396610
     -19.904134      59.618845
     -19.325774      58.777206
     -18.683646      57.831757
     -17.990556      56.762566
     -17.416610      55.616036
     -16.885535      54.472431
     -16.506306      53.327961
     -16.319179      52.161760
     -16.250735      51.028189
     -16.159753      50.051947
     -15.944822      49.245346
     -15.648433      48.631530
     -15.683977      48.100944
     -16.041676      47.495613
     -16.404702      46.840415
     -16.431144      46.306963
     -16.509664      45.858679
     -16.607375      45.430882
     -16.799339      45.066679
     -16.936006      44.774650
     -16.938394      44.511108
     -16.970280      44.275173
     -16.927545      44.134922
     -16.880125      44.112507
     -16.831390      44.183171
     -16.791241      44.338844
     -16.786124      44.603047
     -16.775291      45.004149
     -16.759855      45.553542
     -16.735582      46.229431
     -16.726533      47.037460
     -16.679764      48.018491
     -16.576213      49.209622
     -16.484837      50.490526
     -16.506383      51.799620
     -16.718795      53.165299
     -16.985702      54.642451
     -17.179659      56.226700
     -17.376607      57.816156
     -17.556407      59.331907
     -17.714544      60.701680
     -17.731744      61.894162
     -17.713874      62.813382
     -17.712316      63.506732
     -17.643542      63.998278
     -17.547248      64.426191
     -17.739732      64.899872
     -18.026387      65.357569
     -18.204039      65.736023
     -18.280982      66.082509
     -18.182834      66.408216
     -18.093500      66.642140
     -17.930824      66.774926
     -17.743939      66.831899
     -17.564162      66.825949
     -17.370965      66.770647
     -17.236748      66.612959
     -17.189454      66.406171
     -17.224031      66.207941
     -17.260552      66.033259
     -17.234041      65.855652
     -17.197215      65.661080
     -17.174417      65.470840
     -17.151340      65.319495
     -17.115999      65.170180
     -16.936289      64.957982
     -16.749423      64.631833
     -16.777060      64.219884
     -16.925636      63.841381
     -17.104573      63.571025
     -17.243311      63.410092
     -17.265356      63.286257
     -17.216964      63.159406
     -17.075451      63.015891
     -16.895143      62.839562
     -16.748686      62.591431
     -16.603421      62.199542
     -16.298567      61.590384
     -16.156983      60.796683
     -16.152001      59.969445
     -16.176061      59.197421
     -16.201391      58.548250
     -16.176251      57.995895
     -16.225414      57.429960
     -16.404004      56.707405
     -16.614251      55.806436
     -16.784083      54.772658
     -16.778396      53.665310
     -16.656209      52.412489
     -16.720584      50.543798
     -16.958742      47.990859
     -17.188847      45.265763
     -17.207205      42.769127
     -17.131735      40.544979
     -17.165918      38.530606
     -17.210474      36.741881
     -17.109413      35.171722
     -16.975526      33.803096
     -16.709800      32.658839
     -16.170373      31.859509
     -15.611669      31.379623
     -15.186125      31.059725
     -14.799243      30.757752
     -14.316416      30.499941
     -13.784757      30.349975
     -13.275681      30.328116
     -12.792506      30.429730
     -12.336334      30.641411
     -11.871707      30.917426
     -11.530098      31.263552
     -11.299633      31.613360
     -11.169217      31.918060
     -11.113806      32.101352
     -11.045674      32.028560
     -10.906785      31.517171
     -10.917022      30.546823
     -11.048947      29.366367
     -11.080672      28.296251
     -11.166648      27.448079
     -11.424869      26.758692
     -11.766111      26.170208
     -12.120903      25.721412
     -12.406777      25.294839
     -12.542364      24.917946
     -12.640690      24.624079
     -12.764561      24.450521
     -13.137680      24.328498
     -13.586641      24.144948
     -13.692038      23.969656
     -13.618987      23.818687
     -13.373258      23.682722
     -13.088846      23.564121
     -12.773972      23.443599
     -12.493871      23.337026
     -12.197128      23.245947
     -11.807731      23.171273
     -11.348351      23.089111
     -10.867108      22.998700
     -10.402470      22.932944
      -9.939458      22.898046
      -9.409133      22.910385
      -8.622522      22.960442
      -7.777232      23.061176
      -7.055589      23.125860
      -6.417748      23.201100
      -5.988121      23.341140
      -5.782259      23.550558
      -5.829956      23.783935
      -6.033629      24.061944
      -6.312037      24.370023
      -6.532368      24.711879
      -6.707485      25.094916
      -6.942870      25.535128
      -7.259587      26.023521
      -7.683803      26.592784
      -8.164871      27.300105
      -8.654234      28.153430
      -9.074711      29.124541
      -9.412591      30.179844
      -9.782016      31.215210
     -10.201402      32.241480
     -10.598622      33.274608
     -10.939365      34.328774
     -11.222376      35.361875
     -11.444914      36.420283
     -11.524896      37.498800
     -11.473563      38.585401
     -11.262995      39.683198
     -10.979723      40.814962
     -10.790897      41.933466
     -10.631239      43.045185
     -10.372286      44.279268
     -10.037692      45.728735
      -9.716043      47.426881
      -9.346225      49.251344
      -9.042468      51.113027
      -8.875800      52.910072
      -8.802643      54.510320
      -8.768721      55.884955
      -8.800718      56.974944
      -9.000177      57.783371
      -9.319160      58.304816
      -9.702134      58.563181
     -10.136423      58.666009
     -10.668944      58.582910
     -11.102518      58.320791
     -11.189767      57.992461
     -11.024775      57.722600
     -10.787298      57.498172
     -10.467829      57.262213
     -10.060961      56.909743
      -9.658884      56.433464
      -9.090621      55.915010
      -8.466932      55.399306
      -7.985874      54.864494
      -7.520070      54.323548
      -7.085786      53.776609
      -6.795335      53.220970
      -6.527783      52.684249
      -6.238450      52.149821
      -5.887307      51.523431
      -5.534657      50.648015
      -5.342646      49.431511
      -5.270019      47.836284
      -5.320998      45.951662
      -5.474344      43.799598
      -5.719530      41.445146
      -5.976034      38.953993
      -6.209933      36.404758
      -6.415313      33.832655
      -6.757967      31.317706
      -7.141755      28.918402
      -7.354076      26.639260
      -7.538726      24.404272
      -7.861333      22.053288
      -8.435370      19.503141
      -9.201318      16.785768
      -9.873834      14.165418
     -10.559030      11.752332
     -11.341260       9.551025
     -12.038916       7.570417
     -12.594325       5.857452
     -13.063660       4.405107
     -13.322603       3.078989
     -13.483124       1.773610
     -13.642127       0.359076
     -13.794837      -1.296720
     -13.887037      -3.025697
     -13.867377      -4.701063
     -13.699011      -6.158082
     -13.494275      -7.208576
     -13.466639      -7.965897
     -13.589234      -8.724719
     -13.729499      -9.494129
     -13.834085     -10.296438
     -14.009404     -11.087267
     -14.321240     -11.830551
     -14.637132     -12.543718
     -15.013583     -13.387149
     -15.420798     -14.408512
     -15.878100     -15.493774
     -16.433563     -16.621128
     -17.347285     -17.740216
     -18.708645     -18.634899
     -20.033116     -19.231597
     -21.047617     -19.736173
     -21.890306     -20.369012
     -22.621239     -21.095335
     -23.239971     -21.760380
     -23.670696     -22.318346
     -23.979078     -22.811846
     -24.192481     -23.283504
     -24.349859     -23.700161
     -24.415419     -24.008782
     -24.410984     -24.257160
     -24.300747     -24.481829
     -24.239024     -24.724500
     -24.229086     -25.101969
     -24.300567     -25.511902
     -24.417325     -25.894810
     -24.519311     -26.284622
     -24.555155     -26.639758
     -24.613046     -26.931534
     -24.733534     -27.222752
     -24.967684     -27.468085
     -25.202910     -27.599118
     -25.461085     -27.666157
     -25.762150     -27.754608
     -26.137651     -27.855758
     -26.561271     -27.956832
     -26.899194     -28.053614
     -27.149867     -28.164176
     -27.236225     -28.243057
     -27.174706     -28.275188
     -27.029469     -28.251479
     -26.889273     -28.307638
     -26.778987     -28.491591
     -26.699658     -28.686331
     -26.638379     -28.731409
     -26.600552     -28.607508
     -26.460716     -28.362479
     -26.263917     -28.170614
     -26.221362     -28.108085
     -26.299201     -28.137684
     -26.403760     -28.089725
     -26.404406     -27.865887
     -26.365625     -27.607000
     -26.335417     -27.449317
     -26.416068     -27.353668
     -26.582195     -27.259794
     -26.944070     -27.069947
     -27.432218     -26.624961
     -28.124720     -25.970647
     -29.078693     -25.233524
     -30.270954     -24.380878
     -31.466148     -23.336254
     -32.693601     -21.976496
     -33.640521     -20.237683
     -34.215187     -18.158501
     -34.509829     -16.162982
     -34.456504     -14.393130
     -34.058971     -12.837691
     -33.334174     -11.294814
     -32.255762      -9.770971
     -31.232601      -8.522985
     -30.118730      -7.709715
     -28.948323      -7.276740
     -27.882663      -6.993374
     -26.814716      -6.849118
     -25.586811      -6.767572
     -24.515498      -6.734316
     -23.400454      -6.633608
     -22.520905      -6.498674
     -21.800626      -6.351630
     -20.949593      -6.139520
     -20.018717      -5.887571
     -19.242430      -5.720616
     -18.524605      -5.645108
     -17.909487      -5.605179
     -17.420461      -5.562890
     -17.079541      -5.477469
     -16.661584      -5.238184
     -16.069164      -4.879258
     -15.534333      -4.537697
     -15.086551      -4.313514
     -14.639194      -4.166985
     -14.215144      -4.000916
     -13.802080      -3.816447
     -13.347533      -3.621063
     -12.855957      -3.375126
     -12.351117      -3.004578
     -11.969572      -2.557539
     -11.535012      -2.018948
