       6.156569      -4.315725
       5.602567      -5.183245
       5.057452      -5.994109
       4.568313      -6.701296
       4.249830      -7.243759
       4.059340      -7.514614
       3.968629      -7.583285
       3.851808      -7.598153
       3.706462      -7.591525
       3.534343      -7.478270
       3.390704      -7.212127
       3.309892      -6.754678
       3.189675      -6.194180
       2.934909      -5.581456
       2.728774      -4.975449
       2.572321      -4.379117
       2.326073      -3.714840
       2.028369      -2.887013
       1.825620      -1.897935
       1.718951      -0.717707
       1.775933       0.581230
       1.850149       2.092291
       1.962107       3.736763
       2.006249       5.499008
       1.998491       7.385061
       1.941887       9.511974
       1.847858      11.883567
       1.762136      14.339538
       1.764045      16.780557
       1.746910      19.186250
       1.754532      21.548816
       1.801896      23.743119
       1.811423      25.775337
       1.846241      27.576880
       1.940083      29.098772
       2.071338      30.430009
       2.252604      31.625104
       2.485151      32.729458
       2.755524      33.720990
       3.008476      34.611154
       3.257753      35.430028
       3.503392      36.176395
       3.751016      36.793973
       3.974789      37.293960
       4.144352      37.688034
       4.272067      38.049132
       4.426383      38.406065
       4.615496      38.750617
       4.795874      39.054728
       5.081670      39.287452
       5.447306      39.384046
       5.950390      39.304396
       6.395126      39.065889
       6.782222      38.730359
       7.048518      38.358299
       7.183170      37.985896
       7.270084      37.633844
       7.300911      37.329025
       7.266855      37.064458
       7.208618      36.872482
       7.151557      36.718772
       7.117652      36.609632
       7.124949      36.508989
       7.140779      36.458860
       7.174595      36.522514
       7.224702      36.688894
       7.291415      36.852068
       7.365495      36.979081
       7.417667      36.991605
       7.453979      36.953106
       7.410607      36.876389
       7.334181      36.790367
       7.319713      36.695373
       7.287403      36.617609
       7.262788      36.550507
       7.237996      36.519393
       7.220050      36.507542
       7.270104      36.539375
       7.312169      36.595457
       7.326230      36.666248
       7.313375      36.759000
       7.298698      36.814744
       7.309874      36.900021
       7.300430      37.044753
       7.272293      37.224057
       7.287446      37.441315
       7.346356      37.613715
       7.397619      37.757293
       7.452308      37.861197
       7.457747      37.920994
       7.476954      37.974067
       7.475400      38.007359
       7.462065      37.984386
       7.448391      37.909961
       7.401379      37.708555
       7.375764      37.287752
       7.347586      36.727674
       7.215368      36.082089
       7.075171      35.369527
       6.896254      34.563640
       6.697007      33.687115
       6.462918      32.764934
       6.121882      31.861466
       5.614563      31.024541
       4.750347      30.252208
       3.513070      29.477768
       2.211405      28.648538
       0.994197      27.765410
      -0.242303      26.862081
      -1.474515      26.040659
      -2.766636      25.313512
      -4.147200      24.660888
      -5.570144      24.039930
      -7.016040      23.383066
      -8.383902      22.663420
      -9.535812      21.939277
     -10.415481      21.282775
     -11.042921      20.767559
     -11.512746      20.376566
     -11.880679      20.113036
     -12.107902      19.910451
     -12.235826      19.741883
     -12.260752      19.569354
     -12.193488      19.327982
     -12.049438      19.013503
     -11.745559      18.593922
     -11.302890      18.097130
     -10.752448      17.578857
     -10.208109      17.095123
      -9.709801      16.677216
      -9.238943      16.298455
      -8.749447      15.924839
      -8.106478      15.383994
      -7.254152      14.605713
      -6.607172      13.585722
      -5.996590      12.638974
      -5.345477      12.013068
      -4.869637      11.751350
      -4.543718      11.841685
      -4.309813      12.218303
      -4.144001      12.865330
      -4.006429      13.693190
      -3.676738      14.583257
      -3.088225      15.338185
      -2.367552      15.727846
      -1.723525      15.719110
      -1.299223      15.396174
      -1.031377      14.861848
      -0.926753      14.235308
      -0.861406      13.584765
      -0.765710      12.974221
      -0.634956      12.446493
      -0.505653      12.049859
      -0.422922      11.786670
      -0.338239      11.527776
      -0.243139      11.236721
      -0.044087      10.898916
       0.304641      10.356602
       0.591245       9.811099
       0.799531       9.527380
       0.972452       9.414540
       1.157768       9.330492
       1.359025       9.198990
       1.545656       9.063078
       1.842672       8.915983
       2.234540       8.713371
       2.658897       8.467012
       3.104641       8.216953
       3.509545       8.007022
       3.878447       7.886430
       4.182133       7.844598
       4.513938       7.807448
       4.878916       7.717141
       5.244681       7.571919
       5.542212       7.425777
       5.803470       7.309912
       5.983003       7.224409
       6.104076       7.157573
       6.212061       7.079358
       6.295292       7.019429
       6.380588       6.967101
       6.426118       6.965914
       6.461165       6.976415
       6.489883       6.999232
       6.500550       7.019211
       6.526280       7.019795
       6.575707       7.002128
       6.591949       6.965137
       6.630814       6.930986
       6.653455       6.909248
       6.643047       6.891671
       6.667045       6.868350
       6.674150       6.818257
       6.653873       6.777712
       6.607447       6.747268
       6.576432       6.721289
       6.575157       6.714766
       6.584149       6.727700
       6.592579       6.737867
       6.599676       6.738905
       6.603254       6.718714
       6.574071       6.691046
       6.593520       6.666659
       6.593887       6.650255
       6.600264       6.649422
       6.634018       6.629714
       6.623744       6.593791
       6.612418       6.549925
       6.592919       6.515530
       6.581995       6.486246
       6.593305       6.480233
       6.592785       6.476557
       6.601199       6.459871
       6.616119       6.422235
       6.623399       6.386784
       6.596018       6.356569
       6.616143       6.343273
       6.613008       6.336207
       6.612746       6.339689
       6.641674       6.321039
       6.624725       6.282538
       6.612536       6.244326
       6.598376       6.232957
       6.590154       6.238586
       6.597119       6.273532
       6.592805       6.314024
       6.610111       6.329711
       6.616333       6.304777
       6.602205       6.285439
       6.551329       6.272727
       6.561463       6.262925
       6.570363       6.264714
       6.557555       6.282712
       6.583073       6.270187
       6.576929       6.221601
       6.558814       6.157122
       6.556055       6.105165
       6.558271       6.076145
       6.572004       6.081513
       6.582054       6.095007
       6.593352       6.104232
       6.598615       6.084640
       6.602197       6.065982
       6.583953       6.035699
       6.611733       6.042187
       6.649890       6.062193
       6.650454       6.078449
       6.690836       6.081359
       6.701996       6.055324
       6.691108       6.012217
       6.689206       5.998775
       6.677941       6.004244
       6.674414       6.016229
       6.679217       6.022339
       6.680863       6.017363
       6.688843       5.988430
       6.689458       5.955748
       6.681897       5.925578
       6.669490       5.928212
       6.707191       5.939308
       6.709305       5.958455
       6.723463       5.965499
       6.742629       5.943706
       6.726659       5.904138
       6.718520       5.884299
       6.713643       5.881098
       6.721624       5.887893
       6.729278       5.904476
       6.708709       5.913577
       6.686812       5.892224
       6.661192       5.862282
       6.651199       5.847465
       6.622726       5.848244
       6.679728       5.850279
       6.687596       5.870291
       6.672041       5.882165
       6.689801       5.860575
       6.687430       5.815171
       6.690016       5.781553
       6.692609       5.792312
       6.687832       5.809752
       6.696832       5.832904
       6.677874       5.855903
       6.674716       5.846643
       6.669857       5.822492
       6.660210       5.816479
       6.630816       5.802822
       6.626574       5.802521
       6.646021       5.788044
       6.629307       5.772625
       6.644977       5.744676
       6.653775       5.685086
       6.636852       5.612736
       6.633913       5.566495
       6.618013       5.527538
       6.620802       5.498472
       6.623021       5.483306
       6.623346       5.470611
       6.619197       5.441394
       6.613580       5.396293
       6.591228       5.338379
       6.575945       5.316492
       6.612757       5.313726
       6.615873       5.300803
       6.644367       5.281015
       6.659260       5.229984
       6.618164       5.140297
       6.569366       5.037131
       6.480627       4.877673
       6.353825       4.603331
       6.167175       4.193308
       5.880808       3.567843
       5.560658       2.747161
       5.478220       1.686879
       6.046000       0.339753
       7.945534      -1.279712
      10.211934      -2.948758
      11.565691      -4.336431
      12.222070      -5.056901
      12.817597      -5.391526
      13.336643      -5.703598
      13.874611      -6.012815
      14.177815      -6.233044
      14.649990      -6.289938
      15.201440      -6.239627
      15.799354      -6.209811
      16.441172      -6.284411
      16.999093      -6.445725
      17.450180      -6.643816
      17.889653      -6.898828
      18.390710      -7.251976
      18.822634      -7.616251
      19.159429      -7.893753
      19.399024      -8.132738
      19.515124      -8.460191
      19.467434      -8.931310
      19.228221      -9.547070
      18.655761     -10.448475
      17.688656     -11.650829
      16.494053     -12.976381
      15.145826     -14.251240
      13.784005     -15.165915
      12.507553     -15.638204
      11.336106     -15.758347
      10.251319     -15.660179
       9.164090     -15.140831
       8.105260     -14.044729
       7.138299     -12.508137
       6.408465     -10.665443
       5.679384      -8.712294
       5.207029      -6.540698
       4.649203      -4.337682
       4.272752      -2.262095
       3.863495      -0.292608
       3.537800       1.493066
       3.235388       3.326419
       2.870031       5.282253
       2.550124       7.427482
       2.262717       9.665817
       2.049889      11.841864
       1.957089      13.841514
       1.940853      15.536254
       2.005169      16.916781
       2.131393      18.028622
       2.321076      18.928527
       2.539609      19.633937
       2.834498      20.085308
       3.150296      20.144299
       3.423186      19.831343
       3.652199      19.212108
       3.811401      18.451956
       3.931798      17.616451
       4.085969      16.763034
       4.261551      15.864574
       4.518149      14.870647
       4.941257      13.640947
       5.721702      11.933458
       7.017114       9.366747
       8.342139       6.336708
       9.601271       3.549344
      10.643495       1.518257
      11.383922       0.352435
      11.833317      -0.263653
      12.181347      -0.759559
      12.503346      -1.295755
      12.939741      -1.907031
      13.388605      -2.667720
      13.795014      -3.493837
      14.080632      -4.322305
      14.268258      -5.057027
      14.581928      -5.807520
      15.007297      -6.514713
      15.491343      -7.115368
      16.022519      -7.563639
      16.529575      -7.829567
      17.019578      -7.973185
      17.475671      -7.955189
      17.960210      -7.762272
      18.423286      -7.501243
      18.759902      -7.166915
      19.053413      -6.802516
      19.310102      -6.411193
      19.508617      -5.971526
      19.677385      -5.506830
      19.835679      -5.005068
      20.006331      -4.403203
      20.206827      -3.701174
      20.425301      -2.999886
      20.775449      -2.481836
      21.158452      -1.968839
      21.456848      -1.450816
      21.699000      -0.842683
      21.987949      -0.184568
      22.256054       0.507501
      22.497186       1.253516
      22.714118       2.054942
      22.890891       2.922972
      23.082681       3.795668
      23.322715       4.633784
      23.568706       5.438897
      23.813471       6.217347
      24.033555       7.013385
      24.242608       7.799922
      24.453214       8.590108
      24.572527       9.303194
      24.541760       9.770417
      24.490754      10.069149
      24.481035      10.247168
      24.529775      10.349872
      24.552122      10.351037
      24.440311      10.160061
      24.185310       9.734606
      23.935865       9.130658
      23.705915       8.400859
      23.512904       7.633901
      23.297174       6.876758
      23.070356       6.131915
      22.801301       5.326650
      22.530017       4.407700
      22.247802       3.340923
      21.918277       2.322019
      21.568601       1.434534
      21.261613       0.666440
      20.991793      -0.024932
      20.727520      -0.652772
      20.456044      -1.207578
      20.200657      -1.683134
      20.004665      -2.060244
      19.848278      -2.307922
      19.751847      -2.440425
      19.736396      -2.476579
      19.718071      -2.470059
      19.753718      -2.433929
      19.781721      -2.383821
      19.764723      -2.346133
      19.788509      -2.340756
      19.796679      -2.358307
      19.799205      -2.388637
      19.792723      -2.409349
