      13.710595       1.347337
      12.926755       2.608098
      11.934025       4.103307
      10.694465       6.130956
       8.771497       8.898099
       6.461991      12.157980
       4.262733      15.585331
       2.721898      18.848539
       1.399539      21.829736
       0.330136      24.531895
      -0.726159      26.863048
      -1.604847      28.832673
      -2.234945      30.390575
      -2.568164      31.642026
      -2.662314      32.615116
      -2.467722      33.379536
      -1.973430      34.053524
      -1.337015      34.662485
      -0.652046      35.167705
       0.026013      35.585774
       0.775507      35.854894
       1.462307      35.945735
       2.126541      35.871046
       2.671023      35.685282
       3.175107      35.421565
       3.645444      35.125607
       4.078550      34.753345
       4.496409      34.285240
       4.880991      33.611190
       5.226824      32.601155
       5.468026      31.021517
       5.705563      28.588207
       5.974596      25.126295
       6.094472      21.123474
       6.274489      16.991544
       6.465338      12.986942
       6.670193       9.416978
       6.978079       6.473403
       7.372570       3.932857
       7.644279       1.701250
       7.767079      -0.212256
       7.742085      -1.791527
       7.629591      -3.000066
       7.519870      -3.890185
       7.480368      -4.494117
       7.489188      -4.915897
       7.475561      -5.220793
       7.357570      -5.429053
       7.213087      -5.513549
       7.015915      -5.519602
       6.748922      -5.609191
       6.467701      -5.717494
       6.183870      -5.804492
       5.818481      -5.828357
       5.359492      -5.772432
       4.807249      -5.648936
       4.309596      -5.560410
       3.718631      -5.565916
       3.116555      -5.666567
       2.436960      -5.794113
       1.799463      -5.992997
       1.181976      -6.311317
       0.645544      -6.787309
       0.111478      -7.443750
      -0.337777      -8.208532
      -0.830380      -9.089628
      -1.353207     -10.079585
      -1.837773     -11.219453
      -2.255979     -12.491854
      -2.677222     -13.998841
      -3.039384     -15.693639
      -3.363765     -17.522013
      -3.497154     -19.552344
      -3.611790     -21.808652
      -3.675275     -24.159966
      -3.755980     -26.553969
      -3.790016     -28.946458
      -3.737113     -31.170943
      -3.587067     -33.192186
      -3.169555     -35.080862
      -2.447266     -36.939446
      -1.596221     -38.740571
      -0.872759     -40.469916
      -0.325607     -42.020509
       0.171831     -43.391258
       0.737853     -44.589874
       1.223395     -45.534240
       1.618621     -46.146502
       2.030414     -46.425232
       2.337132     -46.569218
       2.435130     -46.742619
       2.342839     -47.129199
       2.033329     -47.657876
       1.566763     -48.147994
       0.863490     -48.718786
      -0.051071     -49.408741
      -1.180034     -50.137897
      -2.241635     -50.732372
      -3.340573     -51.078906
      -4.700488     -51.072922
      -6.300169     -50.722022
      -8.264666     -50.053938
     -10.400185     -49.151591
     -12.825614     -47.960751
     -15.108693     -46.573750
     -17.299768     -45.086213
     -19.252652     -43.510143
     -20.981785     -41.881807
     -22.699088     -40.034827
     -23.995041     -38.123398
     -24.937403     -36.195996
     -25.558969     -34.348313
     -26.213649     -32.150017
     -26.998867     -29.558400
     -27.775993     -26.612134
     -28.724303     -23.446268
     -29.758567     -20.242315
     -30.931174     -17.067029
     -32.024653     -13.867473
     -33.055554     -10.546639
     -33.993151      -7.104050
     -34.989305      -3.339062
     -35.899695       0.756893
     -36.706539       5.480673
     -37.287740      10.361186
     -37.779783      14.816890
     -38.306365      18.891337
     -38.829051      22.746932
     -39.280820      26.435455
     -39.527962      29.963364
     -39.597738      33.356594
     -39.480142      36.860912
     -39.146305      40.760286
     -38.239510      45.658507
     -36.641382      51.674775
     -34.749623      57.589008
     -32.634549      62.647049
     -30.544667      67.051946
     -28.716947      71.001867
     -27.131257      74.399953
     -25.547827      77.309708
     -23.836265      80.032919
     -22.313916      82.511114
     -21.030945      84.483862
     -19.682433      85.953344
     -18.436583      87.146336
     -17.156674      88.080041
     -15.489507      88.715407
     -13.680920      89.219003
     -11.994991      89.879179
     -10.601676      90.695150
      -9.359629      91.628660
      -8.152015      92.630809
      -6.965148      93.658050
      -5.738175      94.589890
      -4.657524      95.281763
      -3.797080      95.767504
      -3.199657      96.156649
      -2.809656      96.693981
      -2.653904      97.404438
      -2.616156      98.220214
      -2.736399      99.149518
      -3.106377     100.308073
      -3.411600     101.641190
      -3.819547     103.221811
      -4.213053     104.856909
      -4.629152     106.591896
      -5.222857     108.483201
      -5.885960     110.437959
      -6.740496     112.466417
      -7.617598     114.476603
      -8.516503     116.579374
      -9.479264     118.898622
     -10.053884     121.365494
     -10.561226     124.029387
     -11.156337     126.651908
     -11.690911     129.069044
     -12.059306     131.391381
     -12.272796     133.759530
     -12.294541     136.316345
     -12.126451     138.984036
     -11.841791     141.616212
     -11.460827     144.160049
     -10.960346     146.750698
     -10.390851     149.443189
      -9.851630     152.130794
      -9.330562     154.674932
      -8.757761     157.193454
      -8.083364     159.714618
      -7.500672     162.152329
      -6.933604     164.332977
      -6.334802     166.221349
      -5.673255     167.867627
      -4.824759     169.474292
      -4.009874     170.845138
      -3.233346     171.912245
      -2.280546     172.643461
      -1.056297     173.189196
       0.209914     173.610319
       1.390467     173.948076
       2.363630     174.280161
       3.124832     174.689822
       3.724447     175.178283
       4.193063     175.749624
       4.616884     176.107004
       4.815754     176.042270
       4.754540     175.934968
       4.549760     176.051712
       4.303005     176.572346
       4.103720     177.310011
       3.938224     177.955276
       3.803999     178.393360
       3.725713     178.848172
       3.715595     179.428081
       3.779135    -179.979548
       3.807167    -179.461439
       3.913397    -178.955473
       3.975508    -178.344576
       4.014785    -177.646428
       4.061664    -176.945618
       4.006840    -176.190720
       3.977398    -175.371398
       3.932416    -174.643466
       3.909698    -173.998764
       3.872532    -173.431114
       3.810209    -172.861113
       3.737330    -172.297893
       3.628405    -171.762688
       3.448436    -171.273624
       3.354197    -170.820522
       3.321320    -170.485116
       3.351485    -170.395164
       3.598112    -170.904549
       3.944717    -172.057878
       4.316953    -173.560875
       4.599163    -175.114034
       4.787086    -176.594532
       4.994917    -178.077751
       5.914609     179.821772
       6.711865     176.891996
       7.216284     173.574338
       7.500770     170.043030
       7.904132     166.492274
       8.387624     163.066090
       8.776329     159.730840
       9.274286     156.462753
       9.772059     153.059622
      10.269879     149.605277
      10.752815     146.122733
      11.171629     142.795750
      11.613091     139.716193
      12.157895     136.907056
      12.693515     134.228204
      13.141103     131.516683
      13.392861     128.631271
      13.385058     125.559573
      13.267911     122.323115
      13.273609     118.941635
      13.255362     115.724907
      13.189766     112.600354
      13.100950     109.570465
      12.984504     106.527424
      12.701092     103.617484
      12.367356     100.941672
      11.957722      98.564188
      11.642278      96.335213
      11.442777      94.290396
      11.359051      92.406638
      11.360985      90.711751
      11.300934      89.168937
      11.182410      87.734454
      11.050513      86.348376
      10.936697      84.918973
      10.835466      83.268139
      10.743877      81.023131
      10.659599      78.050472
      10.587055      74.539043
      10.681177      70.894887
      10.714132      67.418215
      10.735506      64.236383
      10.754822      61.348111
      10.791495      58.712491
      10.814526      56.232747
      10.849307      53.904067
      10.961989      51.763868
      11.167556      49.837393
      11.398693      48.137808
      11.654603      46.612616
      11.923696      45.172931
      12.295969      43.776289
      12.731014      42.428363
      13.052821      41.197292
      13.293340      40.100843
      13.479205      39.145389
      13.588207      38.328736
      13.643150      37.562563
      13.716541      36.766166
      13.772840      35.939178
      13.736959      35.153013
      13.656819      34.421336
      13.626672      33.683409
      13.620267      32.969917
      13.600267      32.366118
      13.548498      31.868349
      13.399276      31.490011
      13.163028      31.303171
      13.056330      31.241999
      13.174637      31.264291
      13.383958      31.442138
      13.500367      31.695847
      13.456212      31.867533
      13.333538      31.945270
      13.197539      31.967187
      13.116240      32.009805
      13.059527      32.145374
      12.999714      32.444355
      12.965205      32.913602
      12.996797      33.564871
      13.166491      34.384617
      13.202996      35.358042
      13.161707      36.340465
      13.145110      37.208452
      13.156037      37.917048
      13.143471      38.578329
      13.116265      39.353920
      13.077064      40.309003
      12.967664      41.423173
      12.934225      42.582311
      13.015571      43.680363
      13.154784      44.640076
      13.267607      45.402003
      13.221652      45.995594
      13.094739      46.493968
      12.942254      46.988680
      12.831255      47.534488
      12.781494      48.175276
      12.761411      48.833577
      12.800325      49.414924
      12.837732      49.871664
      12.823915      50.183300
      12.822890      50.364642
      12.818621      50.438585
      12.779774      50.415918
      12.731290      50.317339
      12.655969      50.139752
      12.582213      49.959003
      12.527226      49.835120
      12.501144      49.714087
      12.517052      49.572568
      12.494418      49.399075
      12.491492      49.164345
      12.511182      48.826568
      12.512253      48.360182
      12.525443      47.777126
      12.505202      47.114060
      12.446214      46.422347
      12.395226      45.704459
      12.344565      45.010313
      12.317365      44.347402
      12.298413      43.677385
      12.273841      42.942877
      12.247601      42.145864
      12.236660      41.280070
      12.220302      40.372426
      12.244828      39.467164
      12.222282      38.573596
      12.203563      37.663975
      12.196884      36.774763
      12.177104      35.921382
      12.150509      35.141152
      12.108446      34.431869
      12.087207      33.793741
      12.125856      33.185105
      12.118752      32.580323
      12.096520      31.986943
      12.074045      31.433028
      12.062834      30.894671
      12.089064      30.401496
      12.096150      29.954883
      12.102205      29.549803
      12.155815      29.144741
      12.200401      28.724886
      12.218448      28.315014
      12.203672      27.854366
      12.178952      27.347091
      12.192586      26.880118
      12.201853      26.567088
      12.191965      26.301547
      12.228745      26.002512
      12.264818      25.741333
      12.256667      25.572211
      12.281352      25.345381
      12.340596      24.916673
      12.389068      24.357921
      12.408746      23.692822
      12.350041      22.954790
      12.227240      22.145334
      12.055289      21.259002
      11.907674      20.494822
