      20.555936       7.458429
      20.536408       7.450032
      20.527663       7.401119
      20.495381       7.308693
      20.477339       7.233992
      20.465573       7.192400
      20.455983       7.212646
      20.469845       7.267568
      20.482838       7.329257
      20.446879       7.350295
      20.356571       7.376199
      20.231652       7.411041
      20.059475       7.417400
      19.963825       7.435521
      19.880836       7.459213
      19.769351       7.502008
      19.668401       7.552294
      19.568832       7.608952
      19.453946       7.687525
      19.357806       7.804524
      19.249348       7.969637
      19.143808       8.200512
      19.029110       8.487418
      18.886086       8.834108
      18.717505       9.180375
      18.560547       9.555353
      18.376693       9.931610
      18.191374      10.343625
      18.011590      10.737666
      17.817677      11.134676
      17.649458      11.491689
      17.482909      11.816663
      17.295743      12.106924
      17.123448      12.402430
      16.956292      12.803252
      16.782405      13.417128
      16.607325      14.224495
      16.454511      15.185367
      16.323828      16.142263
      16.257499      17.023087
      16.134125      17.783151
      16.298797      18.544288
      16.744880      19.246216
      17.347276      19.749287
      17.881704      19.947552
      18.248403      19.942472
      18.417649      19.857168
      18.543380      19.669879
      18.623551      19.413066
      18.642743      19.160491
      18.591153      18.932162
      18.486278      18.705400
      18.427030      18.450930
      18.432591      18.153265
      18.451270      17.841460
      18.480390      17.608454
      18.486506      17.474740
      18.505840      17.439965
      18.538244      17.457914
      18.483710      17.625088
      18.366323      17.872010
      18.278254      18.138734
      18.236903      18.378207
      18.225468      18.584828
      18.213302      18.743352
      18.201837      18.868350
      18.245401      18.933406
      18.279995      18.870269
      18.320661      18.737028
      18.301972      18.570619
      18.211837      18.395823
      18.162035      18.230806
      18.093407      18.072152
      18.028807      17.965467
      17.974348      17.900792
      17.932693      17.877085
      17.929857      17.883611
      17.927304      17.916369
      17.921940      17.913704
      17.918882      17.893250
      17.896106      17.836851
      17.840625      17.760399
      17.828370      17.706137
      17.780248      17.694010
      17.737102      17.686873
      17.720118      17.662235
      17.691862      17.613285
      17.672949      17.566457
      17.668246      17.512688
      17.690462      17.484960
      17.705661      17.484785
      17.731635      17.496449
      17.722873      17.470956
      17.703603      17.429463
      17.657304      17.327118
      17.665287      17.269816
      17.662907      17.247056
      17.631609      17.294826
      17.627532      17.376329
      17.625831      17.469793
      17.608847      17.602403
      17.568008      17.771203
      17.459449      18.001339
      17.281265      18.327992
      17.044881      18.766690
      16.766266      19.312156
      16.447874      19.960745
      16.095122      20.681303
      15.669775      21.414840
      15.215896      22.178954
      14.784381      22.958768
      14.408018      23.766780
      14.126035      24.617690
      13.871256      25.503446
      13.585930      26.410592
      13.287384      27.314236
      12.951648      28.225287
      12.638645      29.132339
      12.373826      30.050902
      12.150981      30.937580
      11.966845      31.800018
      11.790098      32.607330
      11.592433      33.281711
      11.394480      33.886631
      11.198224      34.370192
      11.010253      34.779275
      10.884138      35.147879
      10.782342      35.466388
      10.665783      35.720284
      10.470230      35.962159
      10.063038      36.315867
       9.429649      36.786879
       8.854326      37.306318
       8.420728      37.826353
       8.170434      38.308560
       8.085361      38.714809
       8.054710      38.980862
       8.076889      39.145450
       8.090386      39.221074
       8.065074      39.269420
       8.043187      39.299512
       8.022854      39.293400
       7.973529      39.243525
       7.982151      39.164210
       8.006672      39.055971
       8.026130      38.930774
       8.054200      38.790807
       8.115385      38.613727
       8.204469      38.379376
       8.318527      38.066173
       8.514940      37.633560
       8.794652      37.127840
       9.118457      36.585075
       9.335677      36.038720
       9.488091      35.498753
       9.582896      34.953098
       9.621191      34.414988
       9.603299      33.922930
       9.504701      33.510601
       9.370021      33.206961
       9.205054      33.005609
       9.064546      32.858217
       9.011470      32.707608
       9.004091      32.543718
       9.028096      32.368564
       9.066340      32.176068
       9.101156      31.995676
       9.038607      31.833507
       8.905984      31.694465
       8.791593      31.563896
       8.649460      31.422275
       8.350317      31.261554
       7.943061      31.098282
       7.501576      30.961705
       7.030135      30.911756
       6.575551      30.984327
       6.118744      31.170319
       5.711989      31.442844
       5.307990      31.801531
       4.863198      32.220143
       4.385446      32.699036
       3.908159      33.237855
       3.471442      33.830657
       3.123130      34.452620
       2.818720      35.069754
       2.502535      35.649736
       2.133607      36.191721
       1.722170      36.688102
       1.328693      37.149682
       0.972573      37.583888
       0.746892      37.976124
       0.612000      38.327367
       0.583241      38.618387
       0.549646      38.838381
       0.496917      38.983708
       0.472830      39.085652
       0.459800      39.148801
       0.475005      39.173776
       0.544973      39.133705
       0.595600      39.015447
       0.612730      38.811658
       0.611297      38.503135
       0.586712      38.076982
       0.588436      37.596844
       0.568849      37.116171
       0.548069      36.658683
       0.516204      36.252492
       0.491274      35.913212
       0.434108      35.602377
       0.381720      35.345281
       0.355836      35.159470
       0.343938      35.040206
       0.350170      34.942468
       0.351314      34.820601
       0.314783      34.649454
       0.282084      34.400063
       0.210503      34.046549
       0.087555      33.608079
      -0.039422      33.094121
      -0.200118      32.556995
      -0.393817      32.037767
      -0.606576      31.575752
      -0.824680      31.214746
      -1.025452      30.975130
      -1.175159      30.883886
      -1.323987      30.919537
      -1.474005      31.064817
      -1.616861      31.315389
      -1.808436      31.632647
      -2.047096      32.052403
      -2.349219      32.490279
      -2.706431      32.911093
      -3.071377      33.354557
      -3.460339      33.832563
      -3.895689      34.308534
      -4.411573      34.762552
      -5.029426      35.249609
      -5.647518      35.774991
      -6.230984      36.357788
      -6.726987      37.035090
      -7.170232      37.885601
      -7.527547      39.016000
      -7.768687      40.372630
      -7.956917      41.890783
      -8.101624      43.407684
      -8.200457      44.925004
      -8.256832      46.392753
      -8.278617      47.816171
      -8.284843      49.236443
      -8.211240      50.706324
      -8.094597      52.143274
      -7.993781      53.327062
      -7.946751      54.355104
      -7.894434      55.403099
      -7.853151      56.557318
      -7.801834      57.837357
      -7.655829      59.376154
      -7.512245      60.992654
      -7.388239      62.598785
      -7.266748      64.086141
      -7.128903      65.450552
      -6.985144      66.740495
      -6.821574      67.967986
      -6.660706      69.124613
      -6.438147      70.236420
      -6.210286      71.342209
      -6.005123      72.391899
      -5.791652      73.346207
      -5.551958      74.203894
      -5.325501      74.948772
      -5.099512      75.587786
      -4.878252      76.161197
      -4.692926      76.700482
      -4.513211      77.232025
      -4.351300      77.743124
      -4.213888      78.216708
      -4.073610      78.640134
      -3.958734      79.027768
      -3.870104      79.377945
      -3.802052      79.709277
      -3.759718      80.053513
      -3.724149      80.393685
      -3.712233      80.735420
      -3.749940      81.083571
      -3.788298      81.493528
      -3.794064      82.003050
      -3.791090      82.559742
      -3.786528      83.141992
      -3.781198      83.705397
      -3.782819      84.253551
      -3.751135      84.802152
      -3.739269      85.330412
      -3.741389      85.804477
      -3.736819      86.242677
      -3.730067      86.684385
      -3.722419      87.126743
      -3.761471      87.538531
      -3.737422      87.928861
      -3.709899      88.309331
      -3.623092      88.682914
      -3.556889      89.022449
      -3.541847      89.321088
      -3.556860      89.560578
      -3.593094      89.748341
      -3.615845      89.905631
      -3.609632      90.056723
      -3.604441      90.156486
      -3.589111      90.204085
      -3.585078      90.191204
      -3.600300      90.155923
      -3.606602      90.181752
      -3.588740      90.313514
      -3.577742      90.507678
      -3.557868      90.751141
      -3.524176      91.009010
      -3.513560      91.260595
      -3.488776      91.453904
      -3.500428      91.571463
      -3.533800      91.589658
      -3.574828      91.553998
      -3.656682      91.493052
      -3.774001      91.447823
      -3.847798      91.451544
      -3.875018      91.507312
      -3.850602      91.581556
      -3.823390      91.696843
      -3.826629      91.800676
      -3.879175      91.930048
      -3.924617      92.073932
      -3.932196      92.196281
      -3.897403      92.303164
      -3.837446      92.374631
      -3.788547      92.372251
      -3.746145      92.301921
      -3.701134      92.143397
      -3.662398      91.921859
      -3.617306      91.642405
      -3.561515      91.344252
      -3.484263      90.979499
      -3.421069      90.564194
      -3.380806      90.047203
      -3.372512      89.366443
      -3.342468      88.500659
      -3.285044      87.535695
      -3.226780      86.478204
      -3.155217      85.395447
      -3.103060      84.313176
      -3.082292      83.257998
      -3.072693      82.172356
      -3.084507      81.045774
      -3.093908      79.878568
      -3.085947      78.658154
      -3.054625      77.284733
      -3.032569      75.744508
      -2.995886      74.149393
      -2.975312      72.579700
      -2.937903      71.075611
      -2.870051      69.614143
      -2.853336      68.157021
      -2.834161      66.679243
      -2.854539      65.185140
      -2.851716      63.711650
      -2.835149      62.248656
      -2.807814      60.799189
      -2.794577      59.317108
      -2.817730      57.832617
      -2.873022      56.362381
      -2.980630      54.897614
      -3.117972      53.404803
      -3.144970      51.845544
      -3.103259      50.185947
      -3.064838      48.464472
      -3.071219      46.680391
      -3.077588      44.914348
      -3.089376      43.192465
      -3.185080      41.609731
      -3.330349      40.256499
      -3.397311      39.161883
      -3.500819      38.261360
      -3.648759      37.422370
      -3.735139      36.539955
      -3.744936      35.544521
      -3.669206      34.421130
      -3.705953      33.404659
      -3.927338      32.685327
      -4.161350      32.231358
      -4.291041      31.936971
      -4.229525      31.711698
      -3.990877      31.395515
      -3.856834      31.004369
      -3.898301      30.553548
      -4.086417      30.122006
      -4.320095      29.731710
      -4.542327      29.414896
      -4.694993      29.143981
      -4.794863      28.884815
      -4.890518      28.564320
      -4.938245      28.192770
      -4.988187      27.797177
      -5.039140      27.410602
      -5.056530      27.047340
      -5.110063      26.749622
      -5.193335      26.545508
      -5.296262      26.415626
      -5.429320      26.324093
      -5.488013      26.272524
      -5.486240      26.176318
      -5.471592      25.885157
      -5.446743      25.272783
      -5.382380      24.295101
      -5.328033      23.012472
      -5.237853      21.623026
      -5.156821      20.240906
