      -9.367912      -2.754188
      -9.405899      -2.788365
      -9.436207      -2.841061
      -9.472880      -2.900222
      -9.525300      -2.928256
      -9.572393      -2.935093
      -9.643687      -2.934769
      -9.700894      -2.960021
      -9.741924      -3.004379
      -9.809997      -3.056889
      -9.904835      -3.122027
      -9.972711      -3.220754
     -10.004870      -3.371313
      -9.948292      -3.379130
      -9.815360      -3.141716
      -9.692551      -2.766003
      -9.645919      -2.537904
      -9.550933      -2.428611
      -9.248500      -1.892201
      -8.654128      -0.588490
      -8.069650       1.369677
      -7.554570       3.591993
      -7.148011       6.017450
      -6.857037       8.597325
      -6.769105      11.292408
      -7.064459      14.078802
      -7.568240      17.035752
      -8.119279      19.953779
      -8.566832      22.412421
      -9.093650      24.277203
      -9.513058      25.674068
      -9.809204      26.907786
      -9.878326      27.938636
      -9.942503      28.565036
      -9.968295      28.542390
     -10.077225      28.198780
     -10.090047      28.054175
      -9.869266      28.483917
      -9.372270      29.675813
      -8.752141      31.645632
      -8.364702      33.880376
      -8.165429      35.915799
      -8.111871      37.564258
      -8.090428      38.644229
      -7.954238      39.215197
      -7.760763      39.620646
      -7.604577      40.008290
      -7.452401      40.457414
      -7.388749      40.843866
      -7.453149      41.036646
      -7.676726      40.839193
      -8.055550      39.906404
      -8.647134      37.551571
      -9.337666      33.729570
      -9.865584      28.851248
      -9.980318      23.801530
      -9.953403      18.683698
      -9.931550      13.810627
      -9.925118       8.990050
     -10.149344       4.373836
     -10.164875      -0.101749
     -10.184124      -4.288640
      -9.885933      -7.941371
      -9.414008     -11.164042
      -8.945166     -13.934671
      -8.435176     -16.465812
      -7.979560     -18.576228
      -7.654074     -20.376814
      -7.358275     -21.731066
      -7.093105     -23.053131
      -6.804499     -24.184470
      -6.386770     -25.392200
      -5.879501     -26.784823
      -5.409098     -28.534109
      -4.904244     -30.915899
      -4.585772     -33.535937
      -4.406406     -36.217269
      -4.408110     -38.756922
      -4.255616     -41.302636
      -4.267788     -43.341367
      -4.407114     -44.886075
      -4.447608     -46.196145
      -4.433262     -47.418522
      -4.494118     -48.592261
      -4.632792     -49.754571
      -4.833176     -50.669576
      -5.207442     -50.713551
      -5.493582     -49.813720
      -5.636130     -48.390840
      -5.829633     -46.809291
      -5.962498     -45.722561
      -6.083695     -45.111655
      -6.290451     -44.651082
      -6.501912     -43.856469
      -6.740270     -42.474956
      -6.852004     -40.793498
      -6.979689     -38.999943
      -6.996518     -37.577639
      -7.028980     -36.491635
      -6.890259     -36.007281
      -6.756490     -35.773328
      -6.623776     -35.742651
      -6.556743     -35.700628
      -6.481478     -35.510092
      -6.402871     -35.261684
      -6.360505     -35.080272
      -6.344492     -34.964407
      -6.325430     -34.986808
      -6.270489     -35.063289
      -6.169293     -35.064535
      -6.025237     -34.928434
      -5.863929     -34.737055
      -5.738100     -34.553100
      -5.657446     -34.441823
      -5.572632     -34.393277
      -5.499449     -34.416132
      -5.430842     -34.414245
      -5.366879     -34.370935
      -5.282844     -34.305734
      -5.239652     -34.257715
      -5.219662     -34.230812
      -5.208188     -34.260877
      -5.207512     -34.314829
      -5.188798     -34.315322
      -5.154537     -34.261193
      -5.111188     -34.233537
      -5.115475     -34.239776
      -5.115441     -34.259920
      -5.136402     -34.312913
      -5.199692     -34.366442
      -5.241363     -34.407652
      -5.268506     -34.441964
      -5.252283     -34.507252
      -5.238890     -34.570296
      -5.270872     -34.602622
      -5.292341     -34.568582
      -5.315219     -34.557314
      -5.354775     -34.576496
      -5.397802     -34.619661
      -5.409399     -34.651741
      -5.426019     -34.668811
      -5.452974     -34.658252
      -5.485641     -34.603470
      -5.552341     -34.537385
      -5.625214     -34.513268
      -5.722873     -34.509380
      -5.782846     -34.510523
      -5.847370     -34.501771
      -5.882896     -34.505088
      -5.926563     -34.487185
      -5.956976     -34.468202
      -5.998522     -34.456467
      -6.035507     -34.476507
      -6.044959     -34.507451
      -6.049611     -34.514035
      -6.020663     -34.507362
      -6.010374     -34.508386
      -6.006947     -34.507434
      -5.989993     -34.513234
      -5.978281     -34.543913
      -5.979436     -34.569165
      -5.962298     -34.569080
      -5.966143     -34.542398
      -5.967947     -34.543053
      -5.948720     -34.571872
      -5.963167     -34.617048
      -5.952747     -34.627102
      -5.944862     -34.617155
      -5.926942     -34.607421
      -5.930622     -34.611853
      -5.920984     -34.617922
      -5.930412     -34.617713
      -5.934252     -34.647484
      -5.925542     -34.810466
      -5.898890     -35.140025
      -5.844481     -35.743719
      -5.692679     -36.746529
      -5.565412     -38.204992
      -5.602173     -39.894801
      -5.644851     -41.455642
      -5.677924     -42.821097
      -5.624911     -43.887612
      -5.593697     -44.725983
      -5.633784     -45.377203
      -5.688027     -46.181574
      -5.675960     -47.257687
      -5.670022     -48.630252
      -5.649700     -50.216624
      -5.602223     -51.882661
      -5.622153     -53.489835
      -5.713323     -54.954709
      -5.691700     -56.595397
      -5.687883     -58.551553
      -5.716822     -60.806509
      -5.698956     -63.038195
      -5.597932     -65.159485
      -5.521291     -67.149660
      -5.503306     -68.917806
      -5.520851     -70.398742
      -5.527903     -71.682127
      -5.525084     -72.906860
      -5.613719     -74.049679
      -5.677401     -75.080650
      -5.791426     -75.977222
      -5.854417     -76.878812
      -5.864764     -77.748268
      -5.930687     -78.536573
      -5.962617     -79.195676
      -5.990738     -79.808078
      -5.958924     -80.341297
      -5.953992     -80.701950
      -5.950495     -80.963627
      -5.962966     -81.271101
      -5.945794     -81.705537
      -5.908396     -82.243705
      -5.870543     -82.808597
      -5.817691     -83.358800
      -5.791020     -83.813670
      -5.823230     -84.182571
      -5.870640     -84.568860
      -5.887397     -84.987652
      -5.901341     -85.447126
      -5.898368     -85.902336
      -5.873550     -86.391603
      -5.853317     -86.972193
      -5.829106     -87.647921
      -5.837744     -88.301492
      -5.836928     -88.855882
      -5.858828     -89.341458
      -5.892940     -89.802244
      -5.877087     -90.256026
      -5.822650     -90.692760
      -5.737052     -90.998723
      -5.639118     -91.139373
      -5.546501     -91.145502
      -5.502383     -91.057726
      -5.486431     -90.910860
      -5.402554     -90.734142
      -5.320490     -90.598009
      -5.188871     -90.551557
      -5.035883     -90.582185
      -4.912431     -90.610103
      -4.815668     -90.614455
      -4.727509     -90.636603
      -4.638992     -90.729945
      -4.597423     -90.845173
      -4.568568     -90.897571
      -4.545435     -90.880834
      -4.517990     -90.818324
      -4.528230     -90.761380
      -4.576226     -90.708574
      -4.640347     -90.650960
      -4.669894     -90.592696
      -4.724838     -90.533207
      -4.761274     -90.451385
      -4.754923     -90.377539
      -4.744725     -90.364658
      -4.758479     -90.364775
      -4.779688     -90.371293
      -4.808752     -90.381056
      -4.833848     -90.413335
      -4.865285     -90.436464
      -4.893750     -90.423487
      -4.920780     -90.397686
      -4.957903     -90.399027
      -4.982500     -90.405584
      -5.021220     -90.388293
      -5.081945     -90.353254
      -5.097021     -90.348543
      -5.125487     -90.347076
      -5.162822     -90.337333
      -5.179966     -90.351739
      -5.223497     -90.378083
      -5.267387     -90.385291
      -5.307853     -90.382095
      -5.346638     -90.400940
      -5.382249     -90.429636
      -5.413475     -90.439874
      -5.439835     -90.424283
      -5.448169     -90.439097
      -5.465806     -90.476826
      -5.470241     -90.507620
      -5.474440     -90.482587
      -5.490370     -90.441768
      -5.474068     -90.404981
      -5.483578     -90.395384
      -5.471845     -90.403019
      -5.468936     -90.417017
      -5.463032     -90.437358
      -5.481309     -90.444838
      -5.505205     -90.415890
      -5.515945     -90.414462
      -5.503038     -90.452512
      -5.472286     -90.483480
      -5.461116     -90.486113
      -5.439402     -90.487658
      -5.411327     -90.490980
      -5.396418     -90.514760
      -5.322658     -90.516256
      -5.238633     -90.532740
      -5.132818     -90.519005
      -5.069066     -90.479556
      -5.040429     -90.434590
      -4.984120     -90.426236
      -4.944253     -90.449705
      -4.889450     -90.430393
      -4.823596     -90.381813
      -4.787346     -90.377860
      -4.735618     -90.382037
      -4.718927     -90.371584
      -4.719521     -90.360044
      -4.734605     -90.349689
      -4.775445     -90.343093
      -4.808981     -90.315563
      -4.839865     -90.285265
      -4.861760     -90.269179
      -4.888328     -90.275571
      -4.935469     -90.295543
      -4.997015     -90.309104
      -5.069006     -90.302323
      -5.120264     -90.270451
      -5.150794     -90.244389
      -5.167615     -90.220648
      -5.178696     -90.214256
      -5.211796     -90.264759
      -5.244898     -90.321314
      -5.297696     -90.351369
      -5.302185     -90.324530
      -5.308123     -90.287801
      -5.355874     -90.293474
      -5.403505     -90.316593
      -5.437857     -90.324112
      -5.471045     -90.331087
      -5.496760     -90.342899
      -5.517126     -90.347999
      -5.552988     -90.348339
      -5.563757     -90.358266
      -5.568582     -90.340694
      -5.558564     -90.315029
      -5.565004     -90.299166
      -5.552103     -90.323694
      -5.543312     -90.333602
      -5.530796     -90.299749
      -5.513527     -90.276319
      -5.513793     -90.263574
      -5.533314     -90.255599
      -5.524405     -90.256415
      -5.531879     -90.283536
      -5.543554     -90.276290
      -5.561243     -90.245758
      -5.568426     -90.211157
      -5.594024     -90.188543
      -5.601111     -90.187639
      -5.565172     -90.169950
      -5.509456     -90.170445
      -5.452213     -90.186104
      -5.388577     -90.168813
      -5.336370     -90.122944
      -5.289989     -90.075384
      -5.218336     -90.076676
      -5.137241     -90.099368
      -5.055867     -90.109781
      -4.959393     -90.102088
      -4.897545     -90.069060
      -4.869362     -90.015603
      -4.832766     -89.979001
      -4.813727     -89.960797
      -4.806486     -89.946109
      -4.796617     -89.921999
      -4.764666     -89.884590
      -4.756386     -89.830434
      -4.746507     -89.761873
      -4.740555     -89.705308
      -4.776454     -89.680488
      -4.802542     -89.668763
      -4.839269     -89.643419
      -4.866401     -89.606273
      -4.875094     -89.608089
      -4.906828     -89.624564
      -4.941797     -89.626226
      -4.982878     -89.622719
      -5.023570     -89.625011
      -5.076826     -89.620397
      -5.107303     -89.613267
      -5.146720     -89.603796
      -5.192845     -89.602358
      -5.254139     -89.602960
      -5.297934     -89.591789
      -5.338501     -89.564794
      -5.384622     -89.557907
      -5.444103     -89.574731
      -5.476981     -89.583445
      -5.514918     -89.574382
      -5.531330     -89.553079
      -5.567335     -89.530872
      -5.592110     -89.529241
      -5.606118     -89.527162
      -5.609158     -89.516612
      -5.633511     -89.533000
      -5.635263     -89.548435
      -5.654416     -89.544035
      -5.654560     -89.531135
      -5.672909     -89.528201
      -5.708628     -89.531446
      -5.728781     -89.513368
      -5.744188     -89.481020
      -5.754132     -89.459902
      -5.770398     -89.452101
      -5.783619     -89.471714
      -5.782125     -89.477445
      -5.781356     -89.463370
      -5.767883     -89.429604
      -5.782653     -89.410088
      -5.785943     -89.421609
      -5.784630     -89.442582
      -5.745476     -89.434888
      -5.694318     -89.411137
      -5.675479     -89.380402
      -5.679447     -89.351464
      -5.677894     -89.318961
      -5.687554     -89.259355
      -5.694568     -89.123417
      -5.739097     -88.889163
      -5.836568     -88.448368
      -5.998821     -87.642841
      -6.147950     -86.505569
      -6.271378     -85.292605
      -6.387129     -83.981723
      -6.572462     -82.320242
      -6.796137     -80.198899
      -6.909065     -77.811113
      -6.940093     -75.299250
      -6.981646     -72.717931
      -6.996363     -70.144685
      -6.962953     -67.541296
      -6.923875     -64.933818
      -6.872113     -62.338079
      -6.696793     -59.892325
      -6.545167     -57.454454
      -6.434469     -54.902107
      -6.342547     -52.226169
      -6.370971     -49.729790
      -6.397707     -47.741689
      -6.487468     -46.319213
      -6.626296     -45.234605
      -6.724667     -44.307463
      -6.725208     -43.282174
      -6.725407     -42.260295
      -6.786862     -41.612796
      -6.794614     -41.422279
      -6.726166     -41.304647
      -6.574506     -40.968822
      -6.479515     -40.501266
      -6.569495     -40.296676
      -6.633976     -40.418731
      -6.644897     -40.606513
      -6.617430     -40.712576
      -6.512054     -40.734141
      -6.349213     -40.668318
      -6.083061     -40.464226
      -5.763289     -40.197913
      -5.470481     -39.940190
      -5.203407     -39.779558
      -4.944528     -39.742463
      -4.750391     -39.853932
      -4.726054     -40.037384
      -4.730879     -40.215321
      -4.618004     -40.285643
      -4.360048     -40.283868
      -4.128936     -40.269936
      -3.900365     -40.289995
      -3.662438     -40.339658
      -3.488465     -40.420372
      -3.424004     -40.535217
      -3.413658     -40.665266
      -3.410738     -40.832617
      -3.470794     -41.039060
      -3.541052     -41.325139
      -3.680846     -41.601571
      -3.857976     -41.877450
      -4.129932     -42.169318
      -4.409269     -42.583890
      -4.630590     -43.028370
      -4.724161     -43.446405
      -4.805200     -43.791754
      -4.849580     -44.169363
      -4.916661     -44.728256
      -5.024659     -45.481740
      -5.151143     -46.436510
      -5.265029     -47.605887
      -5.379501     -49.023093
      -5.436463     -50.629729
      -5.475146     -52.320930
      -5.477660     -54.116731
      -5.469642     -56.005404
      -5.366682     -58.026820
