       4.401754      12.242703
       4.991068      12.085866
       4.609296      11.902836
       3.765769      11.980589
       3.689658      11.741100
       3.688179      11.218110
       3.505255      10.766972
       3.439959      10.545558
       3.995993      10.566263
       3.473171      10.788904
       2.632640      11.025473
       2.625763      11.207612
       2.795467      11.434558
       2.717091      11.619502
       2.714099      11.662915
       2.897722      11.617474
       2.871742      11.569807
       2.729811      11.285617
       2.656121      10.803078
       2.710056      10.088071
       2.888799       9.187771
       2.970110       8.481298
       3.022494       7.898261
       2.778500       7.194947
       2.777596       6.464500
       2.930959       5.540413
       2.877951       4.489963
       2.451697       3.487213
       1.859625       2.768792
       1.635132       2.469442
       1.708343       2.457971
       1.939976       2.580712
       2.246933       2.853317
       2.497675       3.348178
       2.747199       3.923018
       3.090548       4.328728
       3.501358       4.433876
       3.930608       4.335403
       4.462554       4.172628
       5.023380       3.856967
       5.452348       3.437448
       5.649084       2.952377
       6.237480       2.355599
       6.173915       1.930657
       5.532982       1.902196
       5.287001       1.681705
       5.395935       1.051017
       5.346695       0.254114
       5.203651      -0.503348
       5.007228      -1.017917
       4.862349      -1.350329
       4.766504      -1.559004
       4.627482      -1.652681
       4.424326      -1.529917
       4.105017      -1.188381
       3.793167      -0.695335
       3.488494      -0.203819
       3.240702       0.220325
       2.998193       0.653595
       2.612671       1.270354
       2.213458       2.292308
       1.715674       3.791855
       1.110898       5.565511
       0.635936       7.247041
       0.297959       8.708647
       0.075251       9.994072
      -0.259332      11.257734
      -0.719509      12.653867
      -1.276149      14.190316
      -1.902992      15.879392
      -2.398607      17.639774
      -2.803652      19.358176
      -3.095023      21.035093
      -3.491737      22.639072
      -3.978003      24.088874
      -4.529466      25.286526
      -5.008606      26.139393
      -5.464787      26.687809
      -5.772387      26.869071
      -5.938710      26.738081
      -5.975415      26.514187
      -5.887373      26.582569
      -5.711720      27.524970
      -5.735516      29.632015
      -5.693356      31.994583
      -5.472773      33.257749
      -5.290959      32.960621
      -5.018882      32.351834
      -4.640034      32.213516
      -4.409468      31.879416
      -3.880004      30.356700
      -2.311349      27.403902
       0.314524      24.137961
       3.409855      21.287481
       7.011034      19.492078
      11.179463      18.819936
      15.522986      19.217652
      19.235848      20.112600
      21.785287      21.041437
      23.228156      22.045913
      23.727494      23.558817
      23.913528      25.982401
      23.813602      29.593501
      23.571224      34.444220
      23.223180      40.295141
      22.853274      46.791675
      22.363137      53.819472
      21.638566      61.067049
      20.855847      68.390158
      20.006523      75.725303
      18.777149      83.938117
      17.160823      93.218092
      15.363756     102.407133
      13.562960     110.650337
      11.846857     117.836099
      10.086928     124.142828
       8.649305     129.759596
       7.539624     134.589848
       6.657553     138.707807
       6.056423     142.176343
       5.616237     145.252364
       5.215425     148.029882
       4.766755     150.646001
       4.579853     153.167515
       4.453645     155.604372
       4.368829     157.899539
       4.222735     159.997821
       3.817018     162.060570
       3.595418     164.028500
       3.523431     165.878365
       3.424191     167.584366
       3.075994     168.966208
       2.702671     170.394212
       2.624472     172.070507
       2.830957     173.793837
       3.442879     175.271460
       4.496183     175.998848
       6.010673     175.735500
       7.822187     175.109896
       9.541738     174.906678
      11.417405     175.017982
      14.057750     174.656813
      17.281033     173.900322
      20.309533     172.989028
      22.860853     172.258143
      25.212260     171.542334
      27.474562     170.633605
      29.819112     169.425294
      32.287544     167.994318
      35.020219     166.207594
      38.174689     164.190938
      41.062242     162.434357
      43.142408     161.214982
      44.747266     160.132341
      45.921102     159.092355
      46.623651     158.336146
      47.215508     157.632062
      47.517508     156.055968
      47.644665     153.752816
      47.689447     150.925475
      47.605853     147.179903
      47.471619     142.435252
      46.919016     136.198096
      45.935969     129.153313
      45.032509     121.477429
      44.497479     114.748557
      44.092146     109.048277
      44.084744     104.674547
      44.011175     101.062077
      44.143757      97.325589
      44.302164      93.197546
      44.699429      88.842098
      44.790746      84.211509
      44.502458      78.871683
      43.494776      72.552904
      42.142906      65.695681
      40.936023      58.729175
      39.981659      52.661033
      39.488999      48.097811
      39.326884      44.477332
      39.371204      41.836539
      39.468221      40.002617
      39.507473      38.792118
      39.362578      37.611915
      39.069100      36.456009
      38.745683      35.205872
      38.529841      33.806015
      38.299252      32.270792
      37.994170      30.560814
      37.117373      28.759305
      36.092257      26.293249
      34.720519      22.797909
      33.418677      17.946510
      32.174421      11.888049
      31.113305       5.405275
      30.151743      -0.843817
      29.197751      -6.172373
      28.263704     -10.748868
      27.541729     -14.804079
      27.008754     -18.550550
      26.563287     -21.951968
      26.236912     -25.117567
      26.061671     -28.227961
      25.810613     -31.296546
      25.537853     -34.283193
      25.442458     -37.232523
      25.799896     -40.035174
      26.501481     -42.644598
      27.360422     -44.899378
      28.188046     -46.663488
      28.813267     -47.961678
      29.172048     -48.917638
      29.403247     -49.651641
      29.568286     -50.455313
      29.362887     -51.373591
      28.373708     -52.442938
      26.332430     -53.875439
      23.434222     -55.855541
      20.127538     -58.179976
      17.454499     -60.459611
      15.334398     -62.393532
      13.466055     -63.761755
      11.593791     -64.531511
       9.730292     -65.007028
       7.936623     -65.394628
       6.243724     -65.771368
       4.704766     -66.000755
       3.422944     -66.065024
       2.315135     -66.010547
       1.266366     -65.955809
       0.085771     -65.991294
      -1.040753     -66.189354
      -2.280635     -66.312693
      -3.573885     -66.206941
      -4.985862     -65.929445
      -6.773775     -65.425276
      -9.476585     -64.258352
     -13.464999     -61.327026
     -18.095749     -56.817538
     -22.587636     -52.077224
     -26.703062     -47.652121
     -30.357195     -43.767706
     -33.470290     -40.570430
     -36.006183     -37.811391
     -37.931893     -35.359473
     -39.369825     -33.389117
     -39.920905     -32.296153
     -39.324798     -32.563148
     -38.539497     -33.236019
     -38.626865     -32.601053
     -39.626329     -30.310665
     -40.638530     -27.854332
     -41.267248     -26.125395
     -41.692189     -24.602397
     -42.033278     -23.029130
     -42.118422     -21.525191
     -42.046212     -20.339937
     -41.804017     -19.561554
     -41.420880     -18.894333
     -41.013323     -18.113335
     -40.662609     -17.076974
     -40.282986     -15.890163
     -39.931875     -14.633632
     -39.617149     -13.311236
     -39.314260     -11.950076
     -39.125536     -10.575425
     -39.050425      -9.195322
     -39.074608      -7.878846
     -39.245779      -6.668547
     -39.393170      -5.599670
     -39.459969      -4.703154
     -39.742351      -4.088581
     -40.471381      -3.626894
     -42.497294      -3.599784
     -45.632177      -3.873109
     -48.061713      -3.274176
     -50.473556      -1.414769
     -53.264445       1.679149
     -56.488246       5.865168
     -59.402489      10.883472
     -61.648707      15.171476
     -63.831531      16.818137
     -66.462697      14.674252
     -68.404176      11.514854
     -69.407370      11.365304
     -70.145967      11.933121
     -70.618779      12.636444
     -70.535015      13.629242
     -69.713124      14.314919
     -68.667737      14.696277
     -67.787795      15.196696
     -66.920501      16.024913
     -65.945492      17.100381
     -65.064292      18.173667
     -64.398919      19.324304
     -63.796148      20.461061
     -62.903602      21.559946
     -61.862013      22.346927
     -60.790932      22.993105
     -59.613333      23.569804
     -58.621412      23.991937
     -57.861972      24.236263
     -57.367552      24.298080
     -56.815745      24.353047
     -56.148322      24.483903
     -55.145745      24.738535
     -54.190364      24.993878
     -53.349288      25.255108
     -52.591772      25.541954
     -51.915898      25.882395
     -51.225919      26.196844
     -50.396222      26.516689
     -49.443493      26.797573
     -48.161754      27.095250
     -46.690755      27.336940
     -45.008555      27.591191
     -43.201630      27.882984
     -41.263032      28.264199
     -39.293395      28.711582
     -37.471763      29.052616
     -35.625407      29.336315
     -33.718581      29.634281
     -31.761312      29.957540
     -29.704858      30.379295
     -27.614536      30.820266
     -25.563078      31.170992
     -23.516709      31.456403
     -21.514887      31.670131
     -19.598227      31.830403
     -17.688093      31.987764
     -15.960106      32.119986
     -14.862811      32.160501
     -15.553648      31.755824
     -17.687033      30.354963
     -20.055756      28.258587
     -22.483479      25.220106
     -23.547998      22.430839
     -23.411538      20.371596
     -23.025441      18.929376
     -22.710861      17.904196
     -22.442003      17.355919
     -22.294558      17.304771
     -22.200497      17.641705
     -22.100122      18.107074
     -21.876568      18.395524
     -21.479188      18.409163
     -20.617448      18.452536
     -18.668541      18.838321
     -14.923292      19.742913
      -9.805271      20.950166
      -3.926547      22.219066
       1.184120      23.216382
       5.306602      24.174790
       8.173250      25.140611
       9.812080      25.966053
      11.068893      26.796545
      12.264789      27.657191
      13.473785      28.456601
      14.654571      28.974408
      15.697422      29.180263
      16.504754      29.185142
      17.236578      29.000532
      17.807105      28.545768
      18.378014      27.872328
      19.012057      26.768817
      19.617681      25.173408
      20.165573      23.122341
      20.559066      20.650934
      21.168091      18.115115
      22.152784      15.841545
      23.617616      13.934771
      25.786027      12.590309
      28.239288      11.881100
      30.892621      11.940892
      33.405638      12.522024
      35.870012      13.458715
      38.167483      14.301022
      40.072058      14.894887
      41.403696      15.170468
      42.189718      15.157382
      42.586576      14.902370
      42.719682      14.260277
      42.777491      13.096355
      42.941760      11.337137
      43.160073       9.018242
      43.422950       6.066768
      43.803644       2.933112
      44.266076      -0.044791
      44.756936      -2.654856
      45.033296      -4.766112
      45.091566      -6.215867
      45.033515      -6.939649
      45.108007      -6.980074
      45.425549      -6.691869
      45.916993      -6.374583
      46.347544      -6.198974
      46.780411      -6.110763
