       0.453855      20.627778
       0.488616      20.763071
       0.554144      20.855838
       0.622299      20.929261
       0.702557      21.026436
       0.772847      21.122867
       0.844668      21.206082
       0.890744      21.306455
       0.872879      21.475679
       0.809726      21.738157
       0.742893      22.022128
       0.664486      22.285527
       0.584685      22.487885
       0.497744      22.690141
       0.419297      22.875143
       0.276942      23.016756
       0.191698      23.046994
       0.052791      23.015746
      -0.084987      23.008366
      -0.235438      23.105909
      -0.357363      23.274863
      -0.490058      23.530098
      -0.608532      23.768592
      -0.685650      23.900808
      -0.742632      23.964537
      -0.789262      24.008459
      -0.845776      24.075051
      -0.901113      24.165020
      -0.956818      24.303292
      -1.057396      24.549475
      -1.268684      25.320513
      -1.880141      27.710504
      -3.205273      32.504075
      -4.658397      39.029636
      -5.812185      46.059532
      -6.558020      52.247360
      -6.945284      57.062157
      -7.220391      60.411113
      -7.368016      62.662650
      -7.472074      64.332902
      -7.512476      65.697289
      -7.534903      66.806880
      -7.514659      67.930334
      -7.512954      69.367255
      -7.442914      71.183690
      -7.291960      73.384835
      -7.028694      75.615729
      -6.744157      77.698556
      -6.474608      79.589663
      -6.284153      81.508080
      -6.220751      83.766120
      -6.395245      86.629549
      -6.793363      90.294163
      -7.379551      94.262789
      -8.010885      98.147494
      -8.440953     101.726246
      -8.762299     105.072327
      -8.919781     108.210324
      -8.949080     110.931413
      -8.705097     112.696339
      -8.415133     113.291470
      -8.141551     113.228707
      -7.860796     113.150053
      -7.621138     113.499564
      -7.373677     114.347086
      -7.149262     115.751465
      -6.866772     117.938748
      -6.684781     120.931616
      -6.435607     124.476457
      -6.218802     127.784148
      -6.157109     130.357797
      -6.167238     132.049081
      -6.197613     133.049793
      -6.190825     133.981224
      -5.866549     135.114329
      -5.557792     136.337638
      -5.179242     137.550718
      -4.763750     138.666707
      -4.413078     139.701010
      -4.126883     140.663662
      -3.936980     141.687222
      -3.802079     142.679774
      -3.575430     143.488925
      -3.313240     144.040071
      -2.936936     144.273995
      -2.526210     144.232875
      -2.092148     143.985934
      -1.615288     143.720158
      -1.272501     143.505264
      -1.114395     143.195813
      -0.914890     142.650972
      -0.712549     141.620321
      -0.535156     139.659628
      -0.582621     135.992372
      -0.836878     131.201103
      -1.180095     126.243607
      -1.551418     121.589296
      -1.838753     117.719706
      -2.079884     114.475340
      -2.360221     111.573327
      -2.394570     108.733727
      -2.412972     105.883781
      -2.380149     103.196895
      -2.278646     100.485879
      -2.166762      97.778127
      -2.192502      94.836432
      -2.283350      91.821425
      -2.323678      88.907726
      -2.378265      86.323974
      -2.526411      84.111755
      -2.689665      82.341944
      -2.859396      80.927962
      -3.036636      79.784900
      -3.222042      78.927291
      -3.410156      78.301405
      -3.590339      77.830060
      -3.802564      77.588962
      -3.928138      77.377415
      -4.081283      77.219455
      -4.139649      76.968303
      -4.231254      76.661485
      -4.303614      76.359218
      -4.358420      76.172115
      -4.382700      76.180698
      -4.354600      76.293973
      -4.291882      76.528227
      -4.190855      76.816934
      -4.094934      77.078120
      -4.047385      77.220747
      -4.022640      77.220310
      -3.989921      77.021924
      -3.978310      76.732621
      -3.970860      76.403902
      -3.953712      76.051588
      -3.931853      75.701450
      -3.954748      75.334905
      -3.994805      74.980377
      -4.071731      74.660648
      -4.150524      74.411488
      -4.236095      74.291325
      -4.343109      74.193923
      -4.448856      74.080326
      -4.525925      74.102882
      -4.634764      74.342659
      -4.739691      74.685312
      -4.811221      75.010388
      -4.864584      75.142038
      -4.918731      75.091938
      -4.960424      74.980143
      -4.991334      74.787640
      -5.004464      74.493581
      -5.027064      74.145386
      -5.034177      73.723578
      -5.071956      73.262690
      -5.074395      72.765462
      -5.080474      72.327184
      -5.054255      72.004799
      -5.055051      71.831233
      -5.084039      71.745113
      -5.093031      71.650489
      -5.129118      71.540220
      -5.166692      71.414525
      -5.182207      71.281413
      -5.206122      71.137160
      -5.239009      70.997384
      -5.261091      70.890078
      -5.306956      70.833217
      -5.326608      70.797081
      -5.337951      70.792170
      -5.335029      70.781791
      -5.346884      70.768784
      -5.346770      70.729845
      -5.359931      70.718999
      -5.376485      70.690484
      -5.363080      70.673115
      -5.345891      70.711986
      -5.331219      70.794414
      -5.310158      70.889296
      -5.312101      70.953103
      -5.324755      70.962953
      -5.342567      70.946007
      -5.376216      70.914781
      -5.420846      70.805454
      -5.452636      70.320621
      -5.486040      68.459662
      -5.258577      63.546599
      -4.961357      55.611655
      -4.816880      46.170947
      -4.469932      36.528435
      -4.079943      27.778750
      -3.627435      20.473430
      -3.240908      15.080663
      -3.043528      11.853941
      -3.102396      10.516524
      -3.364509      10.426241
      -3.555297      10.758710
      -3.714095      10.857963
      -3.819027      10.439971
      -3.915170       9.522600
      -4.161723       8.596984
      -4.390004       8.084964
      -4.604077       7.617817
      -4.712324       7.168874
      -4.750374       6.903048
      -4.717280       6.859788
      -4.628218       6.991048
      -4.564441       7.211856
      -4.552228       7.484169
      -4.575025       7.806387
      -4.658413       8.143577
      -4.671616       8.565704
      -4.558640       8.913908
      -4.385847       9.098449
      -4.275942       9.115266
      -4.192416       9.113180
      -4.215537       9.116312
      -4.245080       9.133997
      -4.266900       9.215897
      -4.151875       9.464874
      -3.948646       9.904753
      -3.734074      10.441677
      -3.550861      10.896223
      -3.449919      11.144467
      -3.498320      11.180722
      -3.603884      11.132882
      -3.672483      11.033366
      -3.697657      10.883061
      -3.744403      10.714979
      -3.823581      10.504395
      -3.923280      10.198817
      -4.017254       9.801258
      -4.119997       9.361858
      -4.233796       8.963215
      -4.347520       8.676867
      -4.458601       8.568385
      -4.532919       8.554020
      -4.544186       8.527199
      -4.538379       8.444041
      -4.571313       8.325984
      -4.620902       8.186482
      -4.691924       8.058221
      -4.731559       7.950076
      -4.750330       7.886121
      -4.735615       7.888991
      -4.749478       7.966239
      -4.777035       8.058986
      -4.789368       8.146538
      -4.774937       8.233375
      -4.765327       8.308252
      -4.745679       8.364988
      -4.734510       8.419469
      -4.705706       8.498462
      -4.687861       8.591197
      -4.694188       8.687114
      -4.724960       8.790653
      -4.758555       8.880961
      -4.798707       8.961938
      -4.816173       9.011350
      -4.850095       9.017092
      -4.894965       9.001382
      -4.932168       8.986975
      -4.971305       8.948269
      -5.041903       8.924153
      -5.127787       8.993053
      -5.130171       9.521845
      -5.082033      11.033981
      -5.082114      13.538307
      -4.860841      16.408799
      -4.312268      18.896540
      -3.555956      20.923326
      -2.400944      22.846574
      -1.289950      24.462573
      -0.041597      25.637521
       1.754061      26.756623
       3.330930      28.358924
       3.941244      30.232732
       3.708854      32.100964
       3.286295      33.782956
       3.093177      35.354650
       2.687023      37.127665
       1.844542      39.671781
       0.771961      43.561060
       0.277554      48.097029
       0.170295      52.267230
      -0.055143      55.774050
      -0.612537      58.990468
      -1.596780      62.383609
      -2.649935      65.936147
      -3.470753      68.947536
      -4.167387      71.164990
      -4.703509      72.893765
      -5.329458      74.689193
      -6.317549      76.881892
      -7.514527      79.667122
      -8.379553      82.980866
      -9.133949      87.245050
     -10.049455      92.631043
     -10.968458      98.201776
     -11.519089     102.744920
     -11.838614     106.071747
     -12.008133     108.410317
     -12.102898     110.379781
     -12.215785     112.356221
     -12.258834     114.333836
     -12.303723     116.233961
     -12.286768     118.050177
     -12.342638     120.267690
     -12.369618     123.516612
     -12.102565     127.532428
     -11.265417     131.795758
     -10.013682     135.836723
      -8.732178     139.619451
      -7.838823     142.709752
      -7.216288     145.084525
      -6.650156     146.866800
      -5.764325     148.076762
      -4.845672     148.621711
      -3.904134     148.708467
      -3.057760     148.285731
      -2.379290     147.692280
      -1.821856     147.174551
      -1.424299     146.782541
      -1.179275     146.368839
      -1.105673     145.740223
      -1.265915     144.436015
      -1.994933     141.353088
      -3.307224     136.171469
      -4.425605     130.414294
      -5.115117     125.549781
      -5.558681     122.012712
      -5.847759     119.645515
      -6.087290     117.813320
      -6.188439     116.282464
      -6.092923     114.969095
      -6.001165     113.853767
      -5.950631     112.728152
      -5.867487     111.526262
      -5.898202     110.314522
      -5.921310     109.131585
      -5.949033     108.084517
      -5.941243     107.058879
      -5.933988     106.039079
      -5.924228     105.014480
      -5.919893     104.122983
      -5.955920     103.328782
      -5.808653     102.704936
      -5.605522     102.023088
      -5.496577     101.325532
      -5.462358     100.518266
      -5.382338      99.761959
      -5.313948      99.104308
      -5.178168      98.638365
      -5.108197      98.340386
      -5.031429      98.079923
      -4.994690      97.765344
      -5.033780      97.089586
      -5.103191      95.997805
      -5.081336      94.595145
      -5.022648      93.026861
      -5.038770      91.377522
      -5.142364      89.623447
      -5.240329      87.745557
      -5.367147      85.806701
      -5.486458      83.838402
      -5.560450      81.841184
      -5.634687      79.685380
      -5.740314      77.254707
      -5.788138      74.421202
      -5.744947      70.914193
      -5.713997      65.895076
      -5.614097      58.928453
      -5.573009      50.265544
      -5.526240      40.411163
      -5.372117      29.782483
      -5.279286      18.706720
      -5.200383       7.788178
      -5.205362      -2.558050
      -5.260427     -12.719932
      -5.236993     -22.579153
      -5.326161     -31.990226
      -5.591289     -40.991791
      -5.874209     -49.338047
      -6.285744     -56.614951
      -6.707575     -62.506093
      -6.902128     -67.141690
      -7.137475     -70.928716
      -7.230982     -73.898193
      -7.363940     -75.959543
      -7.513869     -77.465740
      -7.541594     -78.807298
      -7.410369     -80.632621
      -7.427023     -83.163694
      -7.671973     -86.078617
      -7.910460     -88.655209
      -8.099141     -90.559085
      -8.215392     -91.785580
      -8.160107     -92.580500
      -8.048086     -93.369980
      -7.772287     -94.686292
      -7.591685     -96.282174
      -7.569075     -97.396278
      -7.584841     -97.573763
      -7.550011     -96.798631
      -7.003346     -94.792875
      -5.683874     -91.083391
      -4.422279     -86.446935
      -3.662961     -82.364247
      -3.121182     -79.336918
      -2.756125     -77.129857
      -2.538237     -75.569495
      -2.478639     -74.380146
      -2.336165     -73.354303
      -2.298581     -72.393045
      -2.293386     -71.356542
      -2.310207     -70.209201
      -2.332765     -69.092921
      -2.325586     -68.063854
      -2.288857     -67.211956
      -2.211786     -66.564734
      -2.082975     -66.151231
      -1.861595     -65.874007
      -1.605081     -65.670755
      -1.330531     -65.452849
      -1.103173     -65.262002
      -0.931773     -65.068090
      -0.805098     -64.853697
      -0.679868     -64.608601
      -0.523355     -64.335831
      -0.342978     -64.036570
      -0.181201     -63.721340
      -0.141138     -63.369934
      -0.154741     -62.978244
      -0.165432     -62.570910
      -0.135090     -62.181605
      -0.113538     -61.784568
      -0.109649     -61.384640
      -0.154305     -60.955770
      -0.164544     -60.543088
      -0.096330     -60.144205
       0.013355     -59.789196
       0.110353     -59.440563
       0.201412     -59.080099
       0.275314     -58.682061
       0.439277     -58.286457
       0.622417     -57.911738
       0.752505     -57.540170
       0.801660     -57.119717
       0.790349     -56.686626
       0.786160     -56.256464
       0.748089     -55.908963
       0.741411     -55.617464
       0.730325     -55.306173
       0.684693     -54.788045
       0.571594     -53.986199
       0.432729     -52.979833
       0.264442     -51.596169
       0.029181     -49.074209
      -0.593689     -44.481713
      -1.877400     -37.479899
      -3.408485     -29.006156
      -4.849737     -20.000715
      -5.826918     -12.019295
      -6.285214      -5.744402
      -6.571147      -1.298933
      -6.675848       1.404136
      -6.754670       3.030708
      -6.801580       4.210015
      -6.912648       5.236164
      -6.885040       6.608758
      -6.875754       8.548083
      -6.908188      11.320290
      -7.113170      15.487091
      -7.331967      21.016520
      -7.363770      27.167741
      -7.174575      33.263002
      -7.127280      39.597855
      -7.457043      46.215510
      -7.915194      52.070759
      -8.310132      56.455952
      -8.594391      59.736691
      -8.722999      62.705445
      -8.683117      65.789640
      -8.591565      68.918748
      -8.375235      71.635529
      -8.280036      74.064959
      -8.335340      76.635820
      -8.652927      79.896670
      -9.300608      84.060009
      -9.994343      88.542041
     -10.291428      92.428757
     -10.410466      95.473460
     -10.454654      97.716006
     -10.508686      99.454510
     -10.535751     100.753754
     -10.500044     101.576825
     -10.378114     102.032394
     -10.307557     102.337289
     -10.300922     102.528296
     -10.296995     102.597703
     -10.262039     102.524216
     -10.235781     102.313771
     -10.153766     101.905966
     -10.014094     101.157499
      -9.873682     100.143634
      -9.696106      98.969108
      -9.448069      97.624888
      -9.180435      95.872727
      -8.844179      93.968298
      -8.534282      92.512881
      -8.352556      91.707013
      -8.211052      90.946685
      -8.058119      89.851115
      -7.873485      88.498444
      -7.664374      87.024843
      -7.470512      85.778035
      -7.265446      84.865711
      -7.107553      84.374151
      -7.059414      84.371451
      -7.086264      85.216155
      -7.292818      87.128006
      -7.538289      89.612364
      -7.595664      92.158522
      -7.468037      94.303112
      -7.334225      96.037516
      -7.213495      97.577377
      -7.105715      99.165730
      -7.011802     100.990504
      -6.820723     102.878595
      -6.599867     104.391800
      -6.462049     105.439402
      -6.373617     106.212504
      -6.314439     106.761134
      -6.257219     107.201948
      -6.214254     107.604983
      -6.194052     108.011419
      -6.196577     108.414620
      -6.224466     108.990138
      -6.268662     109.764785
      -6.332466     111.006843
      -6.325685     113.458153
      -6.381970     117.298485
      -6.414468     121.786860
      -6.369335     126.276479
      -6.513300     130.073768
      -6.717347     133.028033
      -7.066688     135.639849
      -7.439570     138.688845
      -7.760588     142.356675
      -7.880306     146.219213
      -7.820799     149.670468
      -7.850928     152.797566
      -8.056463     155.818401
      -8.422702     159.256979
      -8.862422     163.055657
      -9.197681     166.480034
      -9.318371     169.250266
      -9.327737     171.446418
      -9.348130     173.224322
      -9.093250     174.805302
      -8.806590     176.135097
      -8.683023     177.353452
      -8.718513     178.549951
      -8.873298     179.721057
      -8.966017    -179.273045
      -9.098290    -178.275471
      -9.204394    -177.164864
      -9.303195    -175.842529
      -9.379917    -174.422200
      -9.572283    -173.237416
      -9.574613    -171.764436
      -9.538056    -169.748500
      -9.529349    -167.936927
      -9.648751    -166.345455
      -9.745205    -165.188940
      -9.767660    -164.526112
      -9.997989    -164.535495
     -10.243419    -165.357245
     -10.442529    -166.425188
     -10.398341    -167.497308
     -10.307307    -168.496534
     -10.074541    -169.402854
      -9.836353    -170.253533
      -9.657782    -171.095275
      -9.442991    -171.866784
      -9.210483    -172.612376
      -9.052727    -173.168680
      -8.921030    -173.580458
      -8.832821    -173.945706
      -8.807162    -174.334521
      -8.807363    -174.710610
      -8.807888    -175.070010
      -8.831631    -175.385522
      -8.864255    -175.700724
      -8.896377    -176.254463
      -8.995830    -176.900991
      -9.023153    -177.519737
      -8.952909    -178.282465
      -8.858931    -179.430179
      -8.746417     179.047543
      -8.872800     175.918085
      -9.222033     169.164044
      -9.368548     159.657286
      -8.727659     150.409367
      -8.259910     143.682205
      -7.880910     139.907764
      -7.678139     137.781922
      -7.479446     136.349518
      -7.125557     134.758318
      -6.586757     132.556669
      -6.003314     130.114120
      -5.500574     127.959001
      -5.097515     126.336016
      -4.715235     125.150495
      -4.441580     124.160109
      -4.282764     123.412380
      -4.174641     122.961862
      -4.073273     122.781996
      -3.978471     122.595846
      -3.891803     122.371063
      -3.838241     122.134108
      -3.809802     122.028157
      -3.814312     122.092911
      -3.874526     122.248637
      -3.991198     122.472857
      -4.093887     122.890881
      -4.206055     123.516194
      -4.381794     124.275541
      -4.587392     125.147998
      -4.849885     126.301891
      -5.085702     127.882114
      -5.405551     130.185664
      -5.740673     133.371531
      -5.911682     136.887540
      -6.000157     140.409417
      -6.077739     144.242832
      -6.260351     148.912306
      -6.563634     154.449537
      -6.844692     160.254748
      -7.025913     165.289713
      -7.083411     168.705444
      -7.152459     170.774012
      -7.163822     172.131122
      -6.996519     173.232851
      -7.059140     173.920566
      -7.311539     174.539973
      -7.643438     175.281310
      -7.869219     175.889137
      -7.966319     176.466249
      -7.951695     177.388287
      -7.834156     178.680080
      -7.741726    -179.889790
      -7.667912    -178.661410
      -7.722443    -177.716408
      -8.111442    -176.975789
      -8.734304    -176.507669
      -9.193699    -176.007668
      -9.408253    -175.617144
      -9.259370    -175.636669
      -9.056738    -175.610674
      -9.179270    -175.650755
      -9.486885    -175.883076
      -9.601411    -175.954163
      -9.532523    -176.074229
      -9.406968    -176.162607
      -9.458231    -176.431123
      -9.678827    -176.776185
      -9.715531    -176.851858
      -9.613095    -176.768608
      -9.642000    -176.788231
      -9.653327    -176.978840
      -9.722333    -177.172577
      -9.903638    -177.328856
     -10.005967    -177.306941
      -9.980167    -177.181513
     -10.117523    -177.043108
     -10.149015    -176.964035
     -10.103246    -177.162940
     -10.197493    -177.306378
     -10.279419    -177.326622
     -10.262824    -177.280810
     -10.229949    -177.018551
     -10.341271    -176.544486
     -10.414850    -176.064903
     -10.419647    -175.387251
     -10.296602    -174.569465
     -10.125079    -173.526331
      -9.813175    -172.085894
      -9.266568    -170.210150
      -8.661497    -168.311520
      -8.112806    -166.472554
      -7.393953    -164.548298
      -7.093357    -162.972981
      -7.160346    -161.909070
      -7.181503    -161.056351
      -7.251054    -159.989710
      -7.338874    -158.797641
      -7.536601    -157.402315
      -7.506191    -156.104626
      -7.469460    -155.066757
      -7.385395    -153.736642
      -7.055251    -152.444149
      -6.890224    -151.323362
      -7.148636    -150.201788
      -7.387818    -149.064263
      -7.435008    -147.948838
      -7.356711    -146.995618
      -7.477441    -146.000229
      -7.648451    -145.260349
      -7.730587    -144.665005
      -7.770290    -144.145148
      -7.827166    -143.725773
      -7.926645    -143.342272
      -7.883282    -143.160017
      -7.757672    -143.129078
      -7.753728    -143.156394
      -7.812965    -143.187139
      -7.757298    -143.226549
      -7.670124    -143.374688
      -7.536300    -143.669150
      -7.443679    -144.047036
      -7.312054    -144.450198
      -7.165045    -144.924457
      -7.086425    -145.429345
      -7.030566    -145.854062
      -7.012286    -146.279557
      -7.024911    -146.793255
      -7.108513    -147.381285
      -7.150852    -147.982429
      -7.114385    -148.488968
      -7.041476    -148.916911
      -6.919753    -149.357997
      -6.809235    -149.806222
      -6.716530    -150.239809
      -6.632569    -150.664147
      -6.590819    -151.168646
      -6.584148    -151.673621
      -6.557931    -152.093968
      -6.431275    -152.498402
      -6.365152    -152.991633
      -6.427262    -153.515424
      -6.437220    -153.961785
      -6.426596    -154.343003
      -6.438782    -154.691679
      -6.430660    -155.080104
      -6.492893    -155.493029
      -6.529768    -155.890829
      -6.535080    -156.200688
      -6.547481    -156.484911
      -6.533423    -156.807029
      -6.436594    -157.152499
      -6.351846    -157.479765
      -6.281406    -157.817377
      -6.247895    -158.173669
      -6.158769    -158.545736
      -6.071328    -158.902766
      -5.971467    -159.262448
      -5.916662    -159.550538
      -5.930848    -159.918788
      -5.982055    -160.436119
      -5.894470    -161.249874
      -5.810215    -163.350498
      -6.026253    -168.509259
      -6.441989    -177.132069
      -6.736630     171.715244
      -6.557435     159.304734
      -6.358420     146.961192
      -6.083806     135.920925
      -5.748281     126.689957
      -5.445650     118.902012
      -5.171639     112.136334
      -4.909754     106.308867
      -4.727691     101.296934
      -4.568490      96.543443
      -4.573150      92.101394
      -4.606838      88.102927
      -4.400243      85.067967
      -4.086597      82.842732
      -3.785488      81.089735
      -3.238863      79.746972
      -2.622274      78.975647
      -1.823774      78.895405
      -0.930513      79.180196
       0.109074      79.454875
       1.107431      79.374885
       2.582486      79.150355
       4.866978      79.068038
       8.968137      79.342785
      13.148780      79.629077
      15.493412      79.693472
      16.564030      79.507239
      17.239578      78.976055
      18.041892      78.236715
      18.784333      77.371421
      19.322917      76.481411
      19.638168      75.710892
      19.657532      75.008309
      19.716818      74.326597
      19.488933      73.385335
      18.807668      72.074628
      17.235943      70.502779
      15.193646      69.004344
      13.445899      67.716421
      11.783270      66.326968
      10.182295      64.752544
       8.872636      63.021603
       7.577017      60.936658
       6.259579      58.404478
       5.255290      55.472302
       4.349230      52.273933
       3.629297      48.516865
       3.192406      43.994602
       2.974395      38.683309
       2.682770      32.960045
       2.269473      26.979733
       1.625217      20.994615
       0.757172      15.573822
      -0.359170      11.267418
      -1.313495       8.441044
      -2.116662       6.917489
      -2.673804       6.232223
      -3.157803       5.837061
      -3.246087       5.412986
      -2.621446       5.065990
      -1.061665       5.118119
       0.509988       5.193168
       1.754403       5.203112
       2.552591       4.918759
       3.117872       4.478330
       3.582798       4.006932
       4.056978       3.566937
       4.458570       3.052323
       4.808771       2.382806
       4.996336       1.318711
       4.950097      -0.457713
       4.623959      -3.716245
       3.924913      -9.561250
       3.030041     -18.119119
       2.142653     -28.153369
       1.176046     -38.329499
       0.364687     -47.184584
      -0.466445     -54.262287
      -1.216176     -59.911933
      -1.995093     -64.683511
      -2.517989     -68.789644
      -2.939171     -72.380417
      -3.330289     -75.705375
      -3.929639     -78.656968
      -4.426314     -81.228563
      -4.790123     -83.629638
      -4.994768     -85.933984
      -5.021893     -88.103937
      -5.169556     -89.925855
      -5.299779     -91.327223
      -5.337744     -92.402316
      -5.365990     -93.341538
      -5.510671     -94.146026
      -5.725768     -94.704525
      -5.760519     -94.669108
      -5.563147     -93.869671
      -5.326982     -92.528550
      -5.090634     -90.684610
      -4.802298     -88.337570
      -4.476249     -85.752283
      -4.155193     -83.539132
      -3.862711     -81.929058
      -3.659547     -80.864636
      -3.587103     -79.951467
      -3.562465     -78.930040
      -3.553741     -77.832411
      -3.511809     -76.841855
      -3.503129     -76.032680
      -3.497916     -75.399844
      -3.477014     -74.893033
      -3.465004     -74.784187
      -3.446984     -75.666251
      -3.560196     -77.759177
      -3.637489     -80.549474
      -3.635158     -83.230672
      -3.671902     -85.520351
      -3.973431     -87.168863
      -4.312149     -88.079050
      -4.552367     -88.505671
      -4.648961     -88.751738
      -4.582544     -88.970731
      -4.419199     -89.218187
      -4.323754     -89.397683
      -4.378888     -89.340273
      -4.511584     -89.052640
      -4.566864     -88.771768
      -4.597917     -88.581247
      -4.615713     -88.453575
      -4.608549     -88.284463
