       6.159383      19.047007
       6.104541      19.088659
       6.043142      19.147962
       5.990514      19.241651
       5.953106      19.371358
       5.890455      19.489367
       5.882733      19.539894
       5.891575      19.543319
       5.891350      19.505781
       6.028380      19.491104
       6.444107      19.521125
       7.332362      19.570322
       8.728040      19.678665
      10.809211      19.882644
      13.722150      20.333767
      17.213119      21.172525
      20.529518      22.241381
      23.393749      23.246491
      26.077189      23.967934
      28.444558      24.374598
      30.664038      24.423049
      32.527119      24.153795
      33.877442      23.724308
      34.705089      23.158924
      35.212490      22.440245
      35.511396      21.534684
      35.701237      19.666826
      35.539406      15.197415
      34.844743       8.429949
      33.704913       1.112608
      32.414431      -5.403446
      31.209583     -10.247185
      30.083271     -13.152448
      29.173828     -14.226421
      28.524160     -14.070352
      28.124436     -13.453542
      27.913430     -12.859329
      27.752242     -12.456486
      27.530502     -12.290970
      27.251882     -12.321568
      26.907329     -12.590047
      26.618662     -13.196887
      26.462909     -14.011542
      26.404028     -14.693771
      26.330252     -15.136356
      26.310622     -15.621882
      26.314908     -16.989715
      26.144682     -20.091756
      25.582469     -24.562006
      25.189774     -29.668887
      24.697041     -35.745417
      23.173680     -42.237754
      21.078714     -47.541881
      18.951180     -50.961454
      17.171919     -53.017840
      15.903575     -54.558385
      15.134847     -56.308007
      14.486763     -58.540693
      13.745921     -61.194964
      12.947781     -64.129432
      11.966086     -67.405368
      10.785425     -71.049996
       9.609475     -75.072864
       8.594556     -79.076008
       7.672128     -82.846928
       6.816586     -86.377032
       6.162494     -89.994009
       5.822960     -94.019500
       5.950266     -98.407850
       6.266480    -103.354087
       6.820677    -109.201963
       7.784633    -116.029627
       8.511285    -122.482522
       7.761724    -127.247787
       6.639590    -130.482477
       5.972449    -133.076050
       5.300000    -135.426888
       4.452755    -137.673368
       3.753236    -139.496257
       3.471219    -140.912527
       3.416421    -142.160412
       3.188781    -143.636219
       2.908609    -145.483258
       2.806948    -147.569009
       2.621010    -149.813605
       1.865821    -152.147667
       0.637708    -154.271585
      -0.820789    -155.890227
      -2.454710    -156.920839
      -4.073338    -157.985799
      -4.403953    -158.824724
      -3.707215    -159.030166
      -2.545837    -158.797952
      -1.175014    -158.566903
       0.017880    -158.550914
       0.739215    -158.583524
       0.943294    -158.578541
       0.916892    -158.493378
       0.892249    -158.207872
       0.899629    -157.768447
       1.026050    -157.225121
       1.380387    -156.717883
       2.037815    -156.258127
       3.640175    -155.639439
       6.512795    -155.022957
       9.437289    -153.921034
      12.277904    -151.892071
      14.791299    -150.630051
      16.150303    -150.774810
      16.915519    -151.578395
      17.536921    -152.019237
      18.317574    -151.847027
      20.466579    -151.244989
      24.293602    -150.418703
      28.308930    -149.906151
      31.732840    -149.611951
      34.209519    -148.958759
      35.875289    -147.902910
      36.812821    -146.551764
      37.224179    -145.368311
      37.243894    -143.863042
      37.545014    -141.325859
      39.801910    -136.442744
      43.984135    -129.336928
      48.938775    -121.903594
      53.073501    -114.235335
      56.273527    -105.971537
      58.698702     -97.027436
      60.031313     -88.434759
      60.660254     -80.359559
      60.677715     -72.753631
      60.269424     -65.297866
      59.709973     -57.743777
      58.906776     -49.868036
      58.043761     -42.064178
      57.134206     -34.002285
      56.077021     -25.794427
      54.803257     -17.824340
      53.651710     -10.691643
      52.659556      -4.547761
      51.875817       0.608775
      51.337416       5.161573
      51.077838       8.938879
      51.034659      11.704782
      51.147997      13.805144
      51.319819      15.536949
      51.400247      17.308181
      51.186275      19.367059
      50.365448      21.809458
      48.809865      25.020483
      46.462174      29.542311
      43.173693      36.146126
      38.924173      44.608482
      33.862866      53.426913
      28.537057      62.143890
      23.758208      70.795624
      19.624189      79.368411
      15.800156      87.473301
      12.440045      94.476682
      10.162926      99.965332
       8.810079     104.269296
       8.053016     107.560940
       7.561352     109.947030
       7.208867     111.269112
       6.935256     110.633658
       6.938243     108.667535
       7.160646     106.475084
       7.388505     104.863223
       7.425352     104.013321
       7.368482     104.006386
       7.277272     104.293105
       7.178005     104.819607
       7.083911     105.455139
       6.921282     106.414304
       6.656362     108.071355
       6.406924     111.090374
       6.337463     115.954547
       6.564196     122.235717
       7.086384     129.085655
       7.570800     135.737222
       7.852960     141.871322
       8.056991     146.933691
       8.604491     150.911117
       9.051947     154.506451
       9.273199     158.032232
       9.149963     161.049950
       8.968214     163.334800
       8.724077     165.120281
       8.180892     166.639150
       7.210447     167.969761
       5.693638     169.139934
       3.973101     170.219437
       3.174305     171.110642
       3.014446     171.775413
       3.193317     172.241765
       3.308657     172.567380
       2.543489     172.720901
       0.195048     172.525940
      -4.243701     172.026424
      -9.187464     171.471364
     -13.270906     171.280249
     -16.522718     171.679050
     -18.759143     172.378850
     -20.271353     173.088558
     -21.317330     173.651254
     -21.856460     173.862107
     -22.200424     173.926764
     -22.466424     173.951826
     -22.686187     173.968340
     -22.859068     173.936692
     -22.949824     173.602120
     -22.840565     172.823190
     -22.489760     171.913158
     -22.085517     171.328295
     -21.660841     170.998931
     -20.973540     170.434409
     -19.578361     168.944623
     -17.365227     166.599886
     -14.368790     163.912728
     -10.761857     161.269701
      -6.943306     158.682423
      -3.546812     155.596231
      -1.350444     152.145083
       0.041391     148.584914
       0.683444     145.554228
       1.347155     142.993411
       2.250117     140.256828
       3.412962     137.352387
       4.512102     134.512874
       5.188533     131.996207
       5.651343     129.736885
       5.826338     127.606828
       5.799389     125.394677
       5.792105     123.142669
       6.100587     121.099650
       6.859056     119.188314
       7.889823     117.279261
       9.005075     115.468184
      10.175017     113.783457
      11.484494     112.225839
      12.878469     110.927673
      14.236823     109.705005
      15.684868     108.520571
      17.930735     106.841061
      20.731549     104.178577
      23.239249     100.237607
      24.997965      95.616354
      25.646349      90.766587
      25.163986      85.827178
      24.452422      80.909772
      23.678730      76.471556
      22.870944      73.001232
      22.365381      70.471461
      22.180059      68.422992
      22.323790      66.520710
      22.488011      64.694950
      22.456273      62.993087
      21.989433      61.554189
      21.023313      60.925321
      19.499334      61.783043
      17.537590      64.267964
      15.298090      68.353847
      12.924813      73.144320
      10.207478      77.101478
       7.810221      79.676268
       6.200072      81.595973
       5.075791      83.239793
       4.275349      84.693899
       3.692186      85.978514
       3.278690      87.020918
       3.046688      87.765471
       2.992709      88.348741
       2.995028      88.761267
       3.031297      89.090778
       3.131267      89.244279
       3.284802      89.251292
       3.503399      89.123038
       3.839674      88.927397
       4.216707      88.726666
       4.561841      88.645709
       4.876630      88.712289
       5.214804      88.899411
       5.617055      89.066764
       6.036858      89.189686
       6.405339      89.340963
       6.661731      89.584047
       6.812266      89.984985
       6.768374      90.508212
       6.444281      91.092474
       5.765432      91.806786
       4.157223      92.773373
       1.269196      94.033343
      -1.702500      95.731553
      -3.945967      97.779099
      -5.241212      99.742550
      -5.777341     101.431202
      -5.922006     102.972801
      -5.656531     104.838743
      -4.609727     107.519918
      -2.611553     111.000645
       0.288291     115.034850
       2.999864     118.731161
       5.099445     121.842609
       6.696555     124.339683
       7.831639     126.369715
       8.746610     128.145724
       9.399597     129.642183
       9.500829     130.908447
       9.285175     132.344465
       9.029410     134.068174
       8.891608     136.092378
       8.850239     138.430685
       8.870135     141.052924
       8.872798     143.899577
       8.813838     146.728492
       8.723937     149.437720
       8.561010     152.002772
       8.401835     154.447254
       8.232219     156.899555
       8.067113     159.330476
       7.884600     161.608925
       7.715164     163.719341
       7.530040     165.663918
       7.280192     167.486914
       7.022247     169.136107
       6.835278     170.580469
       6.739223     171.757151
       6.616765     172.663413
       6.500146     173.314740
       6.466493     173.741847
       6.443912     173.869839
       6.357991     173.676103
       6.351234     173.131378
       6.739904     172.186512
       7.801533     170.887141
       9.315216     169.444605
      10.572110     167.891329
      11.713135     165.795388
      13.021900     163.310593
      14.551255     160.703964
      16.440496     157.679933
      18.459949     154.049697
      20.347423     149.702476
      22.013259     144.986491
      23.535380     140.271594
      24.875534     135.614107
      25.986221     130.968471
      26.748444     126.545140
      27.146033     122.511548
      27.565097     118.964823
      28.018080     115.379912
      28.458857     111.365650
      28.969947     107.286421
      29.514378     102.886813
      30.007167      97.873053
      30.354514      92.058157
      30.510240      85.584473
      30.567689      78.923012
      30.392911      72.221723
      29.862170      65.526525
      29.208191      58.652137
      28.381953      51.992488
      27.590513      45.991407
      26.960249      40.858918
      26.562726      36.469084
      26.242971      32.636283
      26.027356      29.029732
      25.636669      25.370861
      25.269694      21.799887
      24.790806      18.335453
      24.551119      15.195659
      24.588217      12.327022
      24.826437       9.672403
      25.142744       7.278455
      25.323187       5.345538
      25.346158       3.762472
      25.334909       2.475807
      25.385184       1.254211
      25.464155      -0.070745
      25.460337      -1.630209
      25.388154      -3.777391
      25.177131      -7.245061
      24.827399     -12.265266
      24.238065     -18.123955
      23.222497     -24.441443
      21.843552     -31.545488
      20.085047     -40.106213
      18.006716     -50.366021
      15.810013     -61.124581
      14.018515     -70.703248
      12.853141     -77.384088
      11.917631     -80.878775
      11.183139     -82.589370
      10.801338     -84.041095
      10.325810     -85.817154
       9.180114     -87.560631
       7.390830     -89.210746
       6.249851     -90.935485
       6.236060     -92.261277
       6.580378     -92.560732
       6.975336     -91.974694
       7.444379     -90.888488
       8.099213     -89.327519
       8.723598     -87.529449
       9.475639     -85.452459
      10.228855     -83.180917
      10.732413     -81.036240
      11.048359     -79.245926
      11.205409     -77.749798
      11.312123     -76.545431
      11.428978     -75.591521
      11.678130     -74.643625
      12.096397     -73.657149
      12.839269     -72.704103
      14.106529     -72.055769
      15.665137     -71.956540
      17.104369     -72.414644
      17.831073     -73.123813
      17.354169     -74.062895
      15.609716     -75.388857
      13.068063     -77.141441
      10.756261     -78.899431
       9.040209     -80.303140
       8.204286     -81.120655
       7.970145     -81.441009
       8.043593     -81.467640
       8.128219     -81.504029
       7.870241     -82.021545
       6.884892     -83.986211
       6.026885     -88.574058
       5.824359     -93.542181
       5.492906     -96.516690
       4.829112     -97.223086
       4.122967     -96.818049
       3.509085     -96.383404
       2.465164     -96.348657
       0.466586     -96.600610
      -2.767267     -97.363027
      -5.805424     -98.464269
      -8.154149     -99.394341
      -9.706602     -99.940834
     -10.744750    -100.165141
     -11.530983    -100.130510
     -12.619557     -99.766874
     -14.888718     -98.087899
     -18.903988     -94.061008
     -23.795386     -87.976858
     -28.943221     -81.304503
     -34.056516     -74.857562
     -39.190581     -68.706822
     -43.286312     -64.201160
     -46.428525     -61.688097
     -48.404095     -61.217491
     -49.839967     -61.567012
     -50.830761     -62.147946
     -51.815075     -62.016845
     -53.006887     -60.886480
     -53.791481     -58.256742
     -54.045236     -53.293714
     -54.278193     -45.289737
     -54.819533     -35.207958
     -55.720317     -24.876783
     -56.991667     -15.075206
     -58.662099      -6.500322
     -60.612617       0.554375
     -62.738915       6.523511
     -64.646263      11.242007
     -65.895343      13.710302
     -66.670010      14.644644
     -67.238786      14.720167
     -67.593165      14.461163
     -67.797917      13.865639
     -68.132236      13.555671
     -68.561543      13.823636
     -68.859760      14.305046
     -68.935830      14.722815
     -68.815468      14.905361
     -68.644200      14.692402
     -68.470304      14.428549
     -68.317390      14.402337
     -68.298137      14.678532
     -68.375752      14.693728
     -68.519855      14.270314
     -68.621013      13.814983
     -68.729276      13.444186
     -68.806143      13.519957
     -68.846563      14.224658
     -68.950163      15.077716
     -69.219903      15.838036
     -69.557724      16.400596
     -69.855916      16.726478
     -70.084735      17.104710
     -70.287317      17.497988
     -70.406649      17.896807
     -70.503386      18.395090
     -70.564672      18.981332
     -70.680060      19.727084
     -70.859217      20.636523
     -71.044361      21.595106
     -71.206562      22.489441
     -71.346512      23.113496
     -71.475417      23.428474
     -71.582058      23.703583
     -71.674487      24.239335
     -71.714461      25.054508
     -71.734107      25.934203
     -71.732519      26.779395
     -71.709186      27.720043
     -71.551410      28.665079
     -71.404539      29.827498
     -71.261393      31.155491
     -71.095083      32.488338
     -70.885338      33.887064
     -70.576994      35.348899
     -70.122615      36.795845
     -69.725898      38.350911
     -69.461836      40.130544
     -69.298184      42.027042
     -69.163513      43.810055
     -69.013960      45.350732
     -68.865423      46.824435
     -68.652880      48.238946
     -68.205990      49.345804
     -67.115379      49.772255
     -64.994958      49.178630
     -61.031695      47.274026
     -54.068360      44.427281
     -44.947924      41.796469
     -35.185805      39.335192
     -25.515348      36.772262
     -16.801282      34.358853
     -10.157939      32.025920
      -5.599328      30.250919
      -2.202466      29.073229
       0.586262      28.438817
       2.971723      28.251005
       5.075336      28.357763
       7.324150      28.365570
       9.877702      28.227573
      12.694057      27.746446
      15.332082      27.229158
      17.494233      26.744150
      19.030272      26.548553
      20.095304      27.154464
      20.930813      28.733356
      21.729014      31.083736
      22.408557      34.082013
      22.805296      38.111001
      22.841612      43.500789
      22.338859      50.013630
      21.427264      56.943908
      20.530898      63.545739
      19.513039      69.434520
      18.596966      74.486888
      17.765776      78.690404
      16.957355      82.075876
      16.306305      84.865002
      15.873271      87.412802
      15.748387      89.997827
      15.626381      92.679914
      15.480919      95.186556
      15.452029      97.401232
      15.603284      99.231261
      15.819806     100.697684
      15.888705     101.868372
      15.873804     102.865121
      15.872516     103.866484
      15.892635     104.988272
      15.899260     106.178175
      15.866080     107.435765
      15.745027     108.725625
      15.611054     109.990938
      15.539898     111.195557
      15.559357     112.545402
      15.546976     113.803565
      15.433860     114.910296
      15.348491     115.894679
      15.250473     116.806430
      15.170800     117.649609
      15.077723     118.341249
      14.922607     118.947959
      14.735366     119.569814
      14.545638     120.186180
      14.384964     120.772753
      14.286223     121.314282
      14.200488     121.840851
      14.104420     122.372705
      13.979887     122.997872
      13.895790     123.946827
      13.784733     125.567645
      13.555147     127.993019
      13.336807     131.310628
      13.154158     135.780129
      12.893789     141.145159
      12.485972     146.680281
      11.940372     151.536070
      11.399110     155.226563
      10.903800     157.908534
