       2.630817      16.301220
       2.316208      16.113837
       2.062528      15.875763
       1.830322      15.587575
       1.557138      15.201921
       1.328748      14.769942
       1.072391      14.371206
       0.849562      14.077187
       0.647812      13.950284
       0.461649      13.991783
       0.377132      14.067830
       0.222892      14.074795
      -0.192619      14.084717
      -1.047295      14.295185
      -2.194540      15.130573
      -3.404128      17.329391
      -4.591564      21.373873
      -6.018271      26.955836
      -8.249396      33.126097
     -10.776268      39.429661
     -13.098569      45.734286
     -15.208246      51.441935
     -17.095610      56.415643
     -18.549446      60.641375
     -19.063495      64.147471
     -19.165817      66.766975
     -19.619734      68.207704
     -20.574919      68.572112
     -21.325840      68.454247
     -21.708646      68.380692
     -22.046221      68.514998
     -22.700020      68.326089
     -23.564548      67.672383
     -24.396425      66.598961
     -25.025051      65.333459
     -25.547924      63.782397
     -25.921351      62.105651
     -26.060714      60.542326
     -25.978904      59.498148
     -25.555838      59.177449
     -24.462471      59.576230
     -23.103673      60.409122
     -21.611464      61.622921
     -19.341074      63.514256
     -16.056993      67.156708
     -12.922628      72.162487
     -10.906855      77.325537
      -9.443485      81.947922
      -8.228602      85.844751
      -7.443860      88.988178
      -6.969465      91.493217
      -6.534072      93.420843
      -6.195309      94.911901
      -5.783113      96.113907
      -5.366016      97.288229
      -4.986440      98.572241
      -4.634004      99.961019
      -4.121152     101.446045
      -3.153603     102.599374
      -1.218537     102.487118
       1.580414     100.251343
       4.476912      96.350143
       6.591046      90.644442
       7.200481      83.378840
       7.261452      76.270271
       7.202994      70.623214
       7.035398      66.778501
       6.838207      64.436177
       6.449416      62.566335
       6.075289      59.462775
       5.362471      49.584376
       4.206881      33.353641
       3.602043      15.270428
       3.843142      -1.698450
       4.299904     -15.671437
       4.445482     -26.403576
       4.189229     -33.966794
       4.116998     -39.570342
       3.814093     -44.884807
       3.351537     -49.203522
       2.684042     -52.034729
       1.544546     -53.780174
       0.109509     -54.716729
      -1.579315     -55.244858
      -3.666093     -55.328034
      -6.001349     -55.306756
      -7.957448     -55.705823
      -9.485252     -56.667766
     -10.862673     -57.940914
     -11.791991     -59.526397
     -12.220907     -61.019888
     -12.523064     -62.185593
     -12.569716     -62.835754
     -12.764432     -63.085900
     -13.117398     -63.181112
     -13.419579     -63.497057
     -13.542978     -64.224945
     -13.552932     -65.418656
     -13.621104     -66.941988
     -13.839883     -68.581511
     -14.066282     -70.159703
     -14.377190     -71.474912
     -14.669571     -72.546595
     -14.895159     -73.622678
     -15.046389     -74.883804
     -15.252127     -76.216207
     -15.278352     -76.981485
     -15.123294     -76.796714
     -15.075357     -76.181314
     -15.142249     -75.755378
     -15.275511     -75.658199
     -15.452239     -75.840254
     -15.557058     -76.197192
     -15.559221     -76.679310
     -15.500493     -77.180958
     -15.659957     -77.703481
     -15.681693     -78.475233
     -15.569951     -80.209113
     -15.445290     -82.340788
     -15.345024     -84.124034
     -15.279550     -85.287175
     -15.275209     -86.047542
     -15.350357     -86.663937
     -15.488766     -87.229770
     -15.688439     -87.639645
     -15.887713     -87.825154
     -15.988652     -87.930678
     -15.994357     -88.128698
     -15.919843     -88.525663
     -15.652133     -89.385793
     -15.148771     -90.889625
     -14.616332     -92.513017
     -14.364417     -93.460515
     -14.489144     -93.137310
     -14.818418     -91.064021
     -15.298246     -85.939551
     -15.879792     -75.205412
     -15.263784     -57.930456
     -14.139881     -37.396688
     -12.421551     -16.354980
     -10.709902       4.017404
     -10.255990      22.802671
     -10.941259      38.642660
     -11.614868      51.132707
     -12.398878      61.209472
     -13.247636      69.743422
     -13.781475      77.409996
     -13.971656      84.837298
     -14.239312      92.412622
     -14.574505      99.752857
     -14.698557     106.488733
     -14.616396     112.999096
     -14.195356     119.605600
     -13.468919     126.102015
     -12.618139     132.250725
     -11.756445     138.157011
     -10.860041     143.707812
     -10.099770     148.572033
      -9.502676     152.812642
      -9.072965     156.810944
      -9.118840     160.839990
      -9.768461     164.925223
     -11.281944     168.547805
     -13.560244     171.648995
     -16.105047     174.410446
     -18.253442     176.814886
     -19.552608     179.230187
     -19.994113    -178.224763
     -19.868928    -175.697227
     -19.658632    -173.382155
     -19.320491    -171.380110
     -18.798939    -169.585207
     -17.868106    -167.724209
     -16.747224    -166.030448
     -15.696249    -164.815318
     -14.818780    -163.910358
     -13.992344    -163.076387
     -13.192450    -162.209749
     -12.155620    -161.346170
     -10.694092    -160.466242
      -8.579466    -159.494847
      -6.255053    -158.533332
      -4.203878    -157.661894
      -2.672045    -157.080421
      -1.572957    -156.764996
      -0.686968    -156.471953
       0.076989    -156.052024
       0.643460    -155.639041
       1.059004    -155.411596
       1.189787    -155.329891
       0.973917    -155.257512
       0.749187    -155.254132
       0.675707    -155.308035
       0.500336    -155.424098
       0.266383    -155.601418
       0.012067    -155.852468
      -0.287378    -156.108929
      -0.545084    -156.315857
      -0.808997    -156.438692
      -1.153528    -156.561963
      -1.489372    -156.744509
      -1.845322    -156.908434
      -2.209206    -157.026187
      -2.595533    -157.157065
      -2.961020    -157.295101
      -3.280697    -157.448049
      -3.578171    -157.724268
      -3.864291    -158.179614
      -4.049909    -158.718423
      -4.191232    -159.142441
      -4.313502    -159.413764
      -4.447308    -159.636177
      -4.531543    -159.866905
      -4.625050    -160.114467
      -4.749608    -160.364828
      -4.782125    -160.514881
      -4.784243    -160.532667
      -4.770486    -160.643057
      -4.687702    -161.240520
      -4.469293    -162.642402
      -4.258644    -164.734925
      -3.986500    -166.676160
      -3.675434    -167.633344
      -3.301753    -167.895468
      -2.756233    -168.208551
      -2.115348    -169.005628
      -1.293822    -170.516007
      -0.175865    -172.699899
       0.663241    -175.490745
       0.986340     179.780079
       0.728197     171.817067
       0.392441     161.380946
       0.381483     149.251404
       0.204726     136.409201
      -0.608111     124.080881
      -1.418637     113.637950
      -2.017073     105.498463
      -2.112847      99.122007
      -1.441825      93.666026
      -0.427352      88.479424
       0.597729      83.412917
       1.751647      77.879505
       2.825314      71.910986
       3.239625      66.421417
       3.196828      62.282131
       3.095881      59.733971
       3.315728      58.424659
       3.946676      57.790055
       4.810988      57.447785
       5.688834      57.104034
       6.338208      56.797959
       6.679240      56.585590
       6.800377      56.495823
       6.770167      56.526869
       6.681068      56.585697
       6.627747      56.634573
       6.577231      56.534096
       6.511157      56.368370
       6.452319      56.264847
       6.325846      56.261345
       6.215590      56.255502
       6.141215      56.138535
       6.091520      55.875275
       6.025287      55.503737
       5.970107      55.114286
       5.888057      54.732709
       5.760783      54.389881
       5.593191      54.050210
       5.416863      53.701441
       5.286710      53.345596
       5.210711      53.032736
       5.117398      52.831587
       5.016406      52.826376
       4.925110      52.921248
       4.885900      53.051261
       4.817437      53.123290
       4.767335      53.128317
       4.721222      53.055841
       4.679752      53.040663
       4.620769      53.045170
       4.543592      53.022046
       4.528028      52.960517
       4.539057      52.963718
       4.490487      53.006775
       4.459407      53.030842
       4.428641      52.980542
       4.378579      52.878166
       4.299760      52.760607
       4.205899      52.695110
       4.147794      52.654223
       4.059918      52.638720
       3.949038      52.593302
       3.849671      52.538369
       3.734502      52.499483
       3.614624      52.532808
       3.486252      52.616747
       3.426168      52.940307
       3.466600      53.500171
       3.478070      54.016210
       3.404399      54.287174
       3.338202      54.250572
       3.255698      54.012140
       3.125846      53.747034
       3.019374      53.500467
       2.948502      53.328199
       2.867145      53.264484
       2.778421      53.241904
       2.659207      53.202572
       2.513871      53.149154
       2.326632      53.092278
       2.131904      53.026097
       1.951498      52.960789
       1.698169      52.878404
       1.447809      52.825618
       1.241379      52.788355
       1.035351      52.767883
       0.878538      52.760471
       0.800248      52.747425
       0.835138      52.788020
       0.935945      52.897274
       1.115407      53.005396
       1.273179      53.087582
       1.410772      53.148542
       1.493463      53.266981
       1.616979      53.546318
       1.873899      54.027338
       2.457670      54.672414
       3.397407      55.476999
       4.661460      56.449885
       6.288547      57.532423
       8.290899      58.602741
      10.477656      59.595468
      12.492841      60.431882
      14.083549      61.113021
      15.044116      61.593900
      15.401954      61.964132
      15.310588      62.284501
      14.920673      62.398189
      14.211399      62.120829
      12.910232      61.486667
      10.561720      60.671241
       7.456810      59.787015
       4.200459      58.825271
       0.925457      57.825569
      -1.559708      56.750146
      -3.326193      56.010869
      -4.638409      55.814154
      -5.354469      55.943676
      -5.801325      56.183987
      -6.186898      56.496925
      -6.626502      56.830953
      -7.272960      57.223624
      -7.963518      57.596439
      -8.606129      57.854167
      -9.211157      57.997969
      -9.807727      58.045476
     -10.301603      57.989838
     -10.809913      57.882867
     -11.346135      57.711036
     -11.881982      57.436507
     -12.360531      56.998996
     -12.750273      56.402490
     -13.059033      55.734922
     -13.367756      55.087723
     -13.700953      54.526990
     -14.044667      54.042210
     -14.269823      53.601314
     -14.372928      53.203436
     -14.300621      52.808531
     -13.776766      52.298077
     -12.722662      51.632534
     -11.238360      50.771743
      -9.353675      49.692051
      -7.362070      48.505184
      -5.803850      47.255802
      -4.732083      45.964334
      -3.856402      44.691755
      -3.280438      43.539528
      -2.867900      42.520097
      -2.526916      41.582959
      -2.161670      40.587306
      -1.767814      39.368810
      -1.333012      37.822897
      -0.943670      35.858629
      -0.727693      33.599220
      -0.675300      31.148655
      -0.663960      28.416875
      -0.703330      25.371730
      -0.732331      22.298393
      -0.801449      19.429639
      -0.933820      16.808120
      -1.131545      14.364582
      -1.295182      12.183413
      -1.445132      10.340647
      -1.561568       8.774856
      -1.629417       7.344282
      -1.674886       5.868614
      -1.755104       4.204233
      -1.798716       2.318327
      -1.830935       0.235367
      -1.849085      -1.913995
      -1.871530      -4.025723
      -1.978473      -5.991642
      -2.125615      -7.785107
      -2.278757      -9.505594
      -2.504997     -11.187388
      -2.802962     -12.921762
      -3.115601     -14.809334
      -3.446722     -16.856767
      -3.821736     -18.943320
      -4.228539     -21.019218
      -4.597429     -23.054610
      -4.920978     -25.185852
      -5.166421     -27.555280
      -5.325870     -30.425599
      -5.398375     -33.675137
      -5.440094     -36.974266
      -5.520015     -39.926551
      -5.569536     -42.374246
      -5.679494     -44.131823
      -5.855768     -45.345982
      -6.100872     -46.267276
      -6.339049     -47.149399
      -6.433233     -48.050630
      -6.352327     -48.844403
      -5.997138     -49.419033
      -5.466755     -49.826241
      -4.927051     -50.232342
      -4.292703     -50.744728
      -3.534712     -51.467910
      -2.600111     -52.460875
      -1.622040     -54.163752
      -0.618453     -56.386695
       0.508750     -58.255906
       1.560431     -59.786019
       2.686526     -62.222273
       4.025663     -66.025293
       5.013199     -69.926683
       5.386290     -73.053547
       5.328517     -75.103352
       4.883404     -76.144314
       4.388531     -76.688723
       3.966830     -77.088198
       3.536418     -77.375919
       3.119702     -77.461810
       2.789097     -77.524048
       2.483333     -77.957013
       1.889176     -79.119595
       1.153783     -80.524659
       0.567613     -81.682661
       0.137201     -82.238023
      -0.282874     -82.245774
      -0.702158     -81.964786
      -1.006977     -81.721789
      -1.255258     -81.590649
      -1.480901     -81.304721
      -1.973018     -80.253909
      -2.974524     -76.263379
      -4.410828     -68.547337
      -6.186266     -59.979479
      -7.184074     -52.932443
      -7.113820     -47.776946
      -6.350601     -43.618047
      -5.169360     -39.680584
      -3.782021     -35.484461
      -2.552022     -31.249892
      -1.570656     -27.331743
      -1.151336     -24.231500
      -1.195805     -22.112709
      -1.294421     -20.786176
      -1.380652     -19.904307
      -1.321011     -19.309811
      -1.219281     -18.692597
      -1.048791     -18.080230
      -0.868136     -17.307935
      -0.629182     -16.350257
      -0.394604     -15.051657
      -0.177813     -13.445555
       0.158242     -11.851318
       0.475775     -10.483284
       0.657529      -9.560542
       0.587299      -9.360684
       0.327358      -9.937476
       0.011390     -11.047988
      -0.358145     -12.496568
      -0.761877     -14.194013
      -1.156975     -16.129432
      -1.512182     -18.056669
      -1.721118     -19.706878
      -1.923792     -21.084193
      -2.096803     -22.087924
      -2.344283     -22.821181
      -2.584432     -23.294726
      -2.856772     -23.636899
      -3.128051     -23.894175
      -3.245721     -24.095771
      -3.103155     -24.231962
      -2.962148     -24.324425
      -3.098127     -24.425776
      -3.803434     -24.625116
      -5.608125     -25.045491
      -8.625812     -25.834029
     -12.291687     -26.992038
     -15.520921     -28.480558
     -17.834108     -29.982561
     -18.875757     -31.226656
     -19.586788     -32.060109
     -20.229989     -32.570150
     -21.003880     -32.780721
     -21.686488     -32.850585
     -22.170874     -32.873748
     -22.600335     -32.986635
     -22.969218     -33.218973
     -23.220506     -33.595778
     -23.412655     -34.060921
     -23.538663     -34.475410
     -23.650926     -34.649301
     -23.726470     -34.573963
     -23.796134     -34.335080
     -23.845352     -34.031684
     -23.887203     -33.722656
     -23.945456     -33.412401
     -24.008344     -33.078702
     -24.021279     -32.717512
     -24.013316     -32.332797
     -23.947627     -31.968549
     -23.918548     -31.594578
     -23.944581     -31.264006
     -24.008182     -30.998167
     -24.032579     -30.771820
     -24.001173     -30.531669
     -23.988610     -30.276289
     -23.939095     -29.978787
     -23.872731     -29.780127
     -23.700067     -29.743015
     -22.941021     -30.972138
     -21.677983     -34.523973
     -20.507487     -38.511795
     -19.549078     -41.875051
     -18.845769     -44.155297
     -18.403536     -45.337472
     -18.238289     -45.624095
     -18.291420     -45.335724
     -18.436968     -44.893025
     -18.547662     -44.677335
     -18.104928     -45.521578
     -15.893935     -50.252945
     -13.057296     -58.062796
     -10.484370     -65.060965
      -8.886610     -68.757971
      -8.476070     -69.671441
      -9.111872     -69.570347
     -10.354502     -69.507502
     -11.496064     -69.749625
     -12.244296     -70.192454
     -12.614750     -70.392865
     -12.596121     -70.098252
     -12.453539     -69.357158
     -12.431419     -68.563583
     -12.448074     -68.094118
     -12.460069     -67.983708
     -12.371145     -67.931748
     -12.268497     -67.638816
     -12.214197     -66.922249
     -12.132854     -65.570205
     -12.159199     -63.500719
     -12.097967     -61.334861
     -12.085372     -59.235602
     -12.032464     -57.562712
     -11.994608     -56.095395
     -11.954115     -54.931755
     -11.961379     -54.290559
     -11.939951     -53.995073
     -11.809318     -53.873365
     -11.665312     -53.713560
     -11.530321     -53.387313
     -11.476690     -52.879497
     -11.344281     -52.105011
     -11.228224     -50.825253
     -10.847550     -49.275144
     -10.583371     -47.542702
     -10.249534     -45.513136
      -9.961549     -43.204263
      -9.775335     -40.631111
      -9.595319     -37.936367
      -9.493465     -34.949324
      -9.307997     -31.719700
      -8.955895     -28.961177
      -8.536173     -26.764227
      -8.012262     -25.142826
      -7.463934     -23.894552
      -6.887115     -22.963234
      -6.293989     -22.148342
      -5.672608     -21.457343
      -5.101167     -20.844176
      -4.629770     -20.394989
      -4.180789     -19.988147
      -3.773107     -19.562132
      -3.319178     -19.012850
      -2.904016     -18.286811
      -2.523130     -17.496948
      -2.141403     -16.636838
      -1.788338     -15.786018
      -1.427865     -15.033861
      -1.049751     -14.359407
      -0.790047     -13.794116
      -0.549087     -13.339379
      -0.450768     -12.993692
      -0.431840     -12.844153
      -0.459362     -12.792160
      -0.494638     -12.749837
      -0.531696     -12.633208
      -0.582872     -12.541949
      -0.569815     -12.523363
      -0.574400     -12.581255
      -0.589436     -12.698123
      -0.579915     -12.843797
      -0.549583     -12.984513
      -0.552329     -13.130861
      -0.511636     -13.293090
      -0.445161     -13.468154
      -0.383606     -13.713723
      -0.328518     -14.001346
      -0.318911     -14.266625
      -0.341195     -14.420739
      -0.376963     -14.472136
      -0.389015     -14.425361
      -0.409892     -14.341831
      -0.372626     -14.208665
      -0.304193     -14.047362
      -0.335390     -13.905758
      -0.424869     -13.843159
      -0.471346     -13.850026
      -0.507365     -13.878852
      -0.538098     -13.926325
      -0.535399     -13.990203
      -0.505021     -14.113728
      -0.449093     -14.388497
      -0.369746     -14.863366
      -0.289149     -15.612170
      -0.180983     -16.603946
      -0.034572     -17.757080
       0.117718     -18.878294
       0.282884     -19.760603
       0.439209     -20.331742
       0.582754     -20.624437
       0.639021     -20.755788
       0.684794     -20.815342
       0.755258     -20.861562
       0.821462     -20.948869
       0.893786     -21.066768
       0.960106     -21.231851
       1.060405     -21.395084
       1.172236     -21.568861
       1.276536     -21.743587
       1.351292     -21.974145
       1.414117     -22.251365
       1.467548     -22.648473
       1.585547     -23.143007
       1.763825     -23.676814
       1.919490     -24.249782
       2.091419     -24.821685
       2.303739     -25.379266
       2.565063     -25.868225
       3.058785     -26.203180
       3.977424     -26.562179
       5.429391     -27.232366
       7.026064     -28.251943
       8.278105     -29.446015
       8.987881     -30.684175
       9.144968     -31.804015
       8.916210     -32.671363
       8.648836     -33.178057
       8.698596     -33.203132
       8.819254     -32.936343
       8.968208     -32.653047
       9.122239     -32.528792
       9.275656     -32.540928
       9.408901     -32.615267
       9.560678     -32.743009
       9.759202     -32.911045
      10.045914     -33.140466
      10.482008     -33.423262
      11.030826     -33.754931
      11.541960     -34.099775
      11.912168     -34.438292
      12.114469     -34.720898
      12.239347     -34.974396
      12.328991     -35.196942
      12.423287     -35.430062
      12.561195     -35.675080
      12.706603     -35.909249
      12.816707     -36.098714
      12.862953     -36.275031
      12.857848     -36.421959
      12.799625     -36.564988
      12.727224     -36.684617
      12.610736     -36.774800
      12.559763     -36.837407
      12.491898     -36.877336
      12.418649     -36.869762
      12.338910     -36.846149
      12.260159     -36.844041
      12.122149     -36.855970
      11.997808     -36.836314
      11.809442     -36.755479
      11.586642     -36.603325
      11.350311     -36.414620
      11.102435     -36.235966
      10.881502     -36.060336
      10.682852     -35.918810
      10.489037     -35.816822
      10.324669     -35.708168
      10.135394     -35.597392
       9.933606     -35.491776
       9.714445     -35.415290
       9.495197     -35.358667
       9.304237     -35.331256
       9.134253     -35.332028
       8.992527     -35.343933
       8.895848     -35.346959
       8.781896     -35.346587
       8.643094     -35.339149
       8.491674     -35.336953
       8.349503     -35.316364
       8.212670     -35.307393
       8.075888     -35.295805
       7.931121     -35.274103
       7.796072     -35.231915
       7.645948     -35.172371
       7.500117     -35.123643
       7.323745     -35.088041
       7.194233     -35.075587
       7.080166     -35.064457
       6.954658     -35.059253
       6.841870     -35.032590
       6.754204     -35.009002
       6.663778     -34.982102
       6.592899     -34.955186
       6.540174     -34.945242
       6.509872     -34.930862
       6.506876     -34.916988
       6.498714     -34.918686
       6.487017     -34.920463
       6.464530     -34.911058
       6.433089     -34.886161
       6.415515     -34.876150
       6.400485     -34.875575
       6.412368     -34.889063
       6.425252     -34.891933
       6.402846     -34.888429
       6.423151     -34.855387
       6.437047     -34.796260
       6.429346     -34.745285
       6.436575     -34.705640
       6.445310     -34.691142
       6.430400     -34.670761
       6.359591     -34.653218
       6.333505     -34.621621
       6.314778     -34.553613
       6.295655     -34.476456
       6.264600     -34.423935
       6.243966     -34.405811
       6.241997     -34.398841
       6.239643     -34.389836
       6.213985     -34.371564
       6.177526     -34.347262
       6.187222     -34.315079
       6.198886     -34.280604
       6.185550     -34.259262
       6.181779     -34.249140
       6.180945     -34.242792
       6.194151     -34.222223
       6.189893     -34.208730
       6.176377     -34.207066
       6.174668     -34.191733
       6.151199     -34.173293
       6.128350     -34.153518
       6.104937     -34.155079
       6.113980     -34.160218
       6.126527     -34.169633
       6.118896     -34.179189
       6.090193     -34.193795
       6.105525     -34.189926
       6.098678     -34.172477
       6.078931     -34.163258
       6.079488     -34.167916
       6.088704     -34.183859
       6.096461     -34.195468
       6.091219     -34.195803
       6.079934     -34.200568
       6.052189     -34.196131
       6.007776     -34.182825
       5.984211     -34.179865
       5.971217     -34.195295
       5.979289     -34.203839
       5.982728     -34.202855
       5.923047     -34.165255
       5.872500     -34.105819
       5.775760     -34.004084
       5.614553     -33.813227
       5.461726     -33.556126
       5.301351     -33.252581
       5.033278     -32.465345
       4.304833     -30.151809
       3.071443     -25.692631
       1.964096     -19.433200
       1.691022     -12.260183
       1.958697      -5.330699
       2.755545       0.809173
       3.807957       5.936378
       4.810116      10.277662
       5.366658      14.141394
       5.375417      17.762388
       4.642471      20.855325
       2.741717      23.235310
      -1.086535      24.716115
      -6.959660      25.235233
     -13.358367      25.034393
     -19.301336      24.355976
     -23.920100      23.581752
     -27.327559      22.977196
     -29.582043      22.310477
     -30.978224      21.565179
     -32.177965      20.678100
     -33.234304      19.676371
     -33.957478      18.571057
     -34.575892      17.316369
     -35.130627      15.973182
     -35.533585      14.581937
     -35.655700      13.311966
     -35.639726      12.269258
     -35.531239      11.451283
     -35.416601      10.804892
     -35.230844      10.281822
     -34.484385       9.828149
     -32.037927       9.507320
     -28.261756       9.171899
     -23.906233       8.643283
     -19.495588       7.865159
     -15.928616       6.860288
     -13.398869       5.875319
     -11.867386       5.058272
     -11.108560       4.664975
     -10.455349       4.698071
      -9.398767       4.936504
      -8.044174       5.191096
      -6.704194       5.389812
      -5.460137       5.456581
      -4.365270       5.353402
      -3.523223       5.047470
      -2.842165       4.542324
      -2.296798       3.884323
      -1.882419       3.219470
      -1.554823       2.673729
      -1.231607       2.336265
      -0.989211       2.217566
      -0.797704       2.241120
      -0.652170       2.322926
      -0.471938       2.397340
      -0.297496       2.426044
      -0.039328       2.392451
       0.222903       2.350948
       0.449520       2.349153
       0.639052       2.360726
       0.824612       2.405296
       0.965039       2.476703
       1.086131       2.575470
       1.194188       2.660244
       1.261717       2.715870
       1.288211       2.680281
       1.305840       2.626398
       1.349941       2.574412
       1.392098       2.500330
       1.430694       2.385759
       1.477260       2.252046
       1.520524       2.095171
