      11.699583      18.582091
      11.643726      18.470320
      11.582017      18.330337
      11.492446      18.199263
      11.383128      18.106160
      11.268162      18.053431
      11.167121      18.050706
      11.069336      18.110666
      11.006393      18.171787
      10.983834      18.215290
      10.996537      18.234889
      11.025922      18.267459
      11.085316      18.333956
      11.191926      18.418186
      11.327221      18.565290
      11.482369      18.795827
      11.901060      19.303715
      13.836657      21.911842
      16.433115      29.006248
      18.144113      39.603438
      18.575680      51.272512
      17.665084      62.719210
      15.908323      72.820589
      14.337303      81.425156
      13.568326      88.326399
      12.718663      93.704726
      11.642201      97.732462
      10.681630     100.777504
       9.781054     103.233254
       9.164855     105.449174
       8.711954     107.629356
       8.315811     109.586717
       8.682551     109.572447
      12.327643     103.654805
      17.365805      91.491964
      21.507235      75.654488
      25.197849      58.902463
      27.498735      43.457746
      27.168868      30.457119
      24.030607      20.774458
      20.940117      14.234842
      18.948310      10.001221
      17.345849       7.164393
      16.352818       4.922977
      15.734773       2.889748
      15.232546       0.904338
      14.593130      -1.126644
      13.816802      -3.051270
      12.932619      -4.683242
      12.024433      -6.189163
      11.040451      -7.699729
      10.291439      -9.190005
       9.622446     -10.119763
       9.084731      -9.947361
       9.249638      -9.135224
      10.061085      -8.311459
      11.610345      -7.496582
      13.696674      -6.321201
      15.991822      -4.422372
      18.160632      -1.930294
      20.095375       0.656308
      21.538193       2.997305
      22.238678       5.010856
      22.617628       6.283971
      23.725858       6.896770
      25.272064       7.367125
      26.860765       7.879670
      28.090891       8.330830
      28.693670       8.396652
      28.872394       7.677238
      28.754096       6.269184
      28.348428       4.352654
      27.910662       1.343566
      27.379677      -2.924174
      26.728363      -7.961088
      25.963036     -13.194768
      25.042393     -18.094761
      23.953516     -22.266606
      22.800048     -25.460648
      21.594018     -27.840451
      20.305765     -30.041702
      19.036169     -32.235282
      17.748942     -34.404053
      16.456405     -36.482388
      15.345795     -38.421459
      14.431052     -40.376547
      13.647107     -42.492558
      12.984185     -44.830792
      12.411250     -47.393377
      11.726899     -49.951547
      11.083430     -52.398205
      10.590056     -54.826347
      10.151601     -57.414310
       9.698000     -60.260060
       9.188230     -63.228284
       8.689010     -66.001285
       8.327336     -68.263050
       8.192559     -69.742315
       8.293533     -70.566425
       8.595862     -71.096516
       8.899137     -71.659197
       9.001523     -72.232496
       8.922833     -72.648398
       8.659631     -72.914762
       8.769347     -73.230284
       9.157349     -73.999214
       9.299832     -75.076492
       9.069905     -75.972297
       8.458504     -76.670232
       7.867023     -77.508516
       7.404757     -78.741986
       7.040557     -80.187441
       6.705566     -81.538631
       6.502774     -82.696098
       6.472934     -83.573345
       6.453319     -84.345310
       6.435304     -85.166876
       6.478858     -86.049329
       6.520010     -86.898832
       6.505115     -87.657936
       6.563721     -88.328847
       6.666268     -88.985565
       6.720902     -89.458697
       6.756687     -89.596947
       6.758214     -89.467498
       6.758367     -89.140018
       6.750241     -88.566200
       6.773715     -87.731462
       6.882084     -86.383376
       7.161934     -84.101517
       7.536370     -80.810140
       7.880235     -76.000531
       8.187799     -69.233197
       8.482627     -61.146229
       9.273472     -53.749079
      10.185838     -47.774921
      11.011966     -43.309898
      11.709474     -40.143075
      12.240047     -37.894487
      12.564294     -36.090695
      12.723425     -33.974658
      12.969119     -31.021233
      13.244970     -27.239819
      13.717763     -23.133966
      14.395135     -19.003389
      14.956957     -14.845275
      15.383073     -10.827679
      15.848232      -7.250883
      16.272730      -4.343784
      16.726532      -2.134962
      17.250165      -0.537121
      17.780186       0.643984
      18.375991       1.664418
      18.918852       2.694955
      19.424242       3.621159
      19.800289       4.474406
      20.103761       5.240597
      20.507723       5.931827
      21.145690       6.563508
      22.039977       7.175269
      22.908658       7.686476
      23.714565       8.035849
      24.461961       8.272778
      24.978953       8.350895
      25.342564       8.313551
      25.532182       8.210697
      25.647745       8.072874
      25.705085       7.963420
      25.764197       7.858797
      25.776607       7.785456
      25.757128       7.708499
      25.677237       7.672291
      25.593388       7.619663
      25.446145       7.570983
      25.284243       7.537370
      25.088287       7.541847
      24.918075       7.612460
      24.810132       7.710823
      24.730356       7.805393
      24.666605       7.862499
      24.605098       7.860833
      24.512615       7.827419
      24.380742       7.817933
      24.259739       7.796325
      24.107940       7.728278
      23.909215       7.576425
      23.683266       7.360294
      23.469424       7.109038
      23.270725       6.854254
      23.055965       6.613128
      22.862556       6.425782
      22.634535       6.219299
      22.328472       5.878152
      21.959477       5.259425
      21.526141       4.448724
      21.000941       3.559618
      20.209476       2.619110
      18.717635       1.416701
      16.489094      -0.155079
      14.591016      -2.090970
      13.173805      -3.967176
      12.037633      -5.556034
      11.128623      -6.763508
      10.460331      -7.725686
       9.905752      -8.593398
       9.452990      -9.368382
       8.933596     -10.114100
       8.402299     -10.840159
       7.662014     -11.584324
       6.582071     -12.411761
       4.661914     -13.348917
       0.887463     -14.510251
      -3.816694     -15.870013
      -7.448678     -17.025635
      -9.383957     -17.709042
     -10.548865     -17.868267
     -11.243173     -17.726081
     -11.585460     -17.555435
     -11.808338     -17.484238
     -11.943289     -17.531048
     -12.156774     -17.624586
     -12.424455     -17.734352
     -12.648708     -17.844506
     -12.789476     -17.979433
     -12.893180     -18.139275
     -13.071071     -18.361765
     -13.620738     -18.678113
     -14.868314     -19.156680
     -16.677111     -19.779743
     -17.874022     -20.567976
     -18.133964     -21.409919
     -17.944937     -22.194236
     -17.733994     -22.780251
     -17.730540     -23.159383
     -18.019786     -23.446919
     -18.759420     -23.787962
     -20.290875     -24.222891
     -22.244558     -24.770785
     -24.068020     -25.357788
     -25.422562     -25.844139
     -26.639732     -26.109563
     -28.074887     -26.278204
     -30.195146     -26.463883
     -33.411568     -27.005104
     -38.039027     -28.522923
     -44.049511     -31.139851
     -49.632169     -33.986550
     -53.816261     -35.959191
     -56.593901     -36.137209
     -57.813927     -34.649014
     -58.399611     -32.564795
     -58.934704     -30.881402
     -59.289257     -30.040187
     -59.576210     -30.065145
     -60.078854     -30.681863
     -60.528323     -31.378484
     -60.267690     -31.726349
     -58.972235     -31.400681
     -56.450614     -30.232057
     -52.662631     -28.205209
     -47.823661     -25.738358
     -42.174350     -23.266913
     -35.479738     -21.066946
     -27.891651     -19.346001
     -20.384748     -18.072385
     -13.504718     -17.103108
      -7.465494     -16.234967
      -2.269408     -15.300696
       1.584103     -14.304281
       4.396918     -13.363999
       6.619236     -12.552834
       8.506545     -11.693394
      10.097018     -10.763339
      11.326513      -9.975088
      12.166745      -9.507635
      12.803409      -9.246696
      13.231206      -9.025314
      13.735701      -8.669559
      14.716783      -7.982055
      16.055462      -6.885156
      17.630750      -5.474460
      19.316676      -3.872508
      21.108058      -2.116361
      23.035211      -0.068763
      24.868290       2.226244
      26.388915       4.603465
      27.538849       6.692078
      28.469375       8.375604
      29.180232       9.599170
      29.709261      10.404844
      30.090452      10.905159
      30.357135      11.163230
      30.568129      11.236387
      30.686263      11.213616
      30.680867      11.192426
      30.613372      11.157134
      30.513866      11.154214
      30.403488      11.146575
      30.271887      11.119309
      30.154417      11.062020
      29.997324      11.027963
      29.843750      11.032633
      29.725428      11.053286
      29.630825      11.104531
      29.608801      11.145997
      29.596561      11.145861
      29.564478      11.086727
      29.529767      11.009944
      29.449201      10.934974
      29.351471      10.872957
      29.212834      10.781735
      29.057371      10.660900
      28.868323      10.494045
      28.684701      10.235533
      28.409611       9.921776
      28.078855       9.546534
      27.510253       8.974931
      26.416935       8.045548
      24.655353       6.720789
      22.398236       5.115277
      19.933925       3.256460
      17.537175       1.141987
      14.898361      -1.429464
      11.975746      -4.791471
       9.587784      -8.424865
       7.851233     -11.479153
       6.518860     -13.584278
       5.454574     -14.942832
       4.524475     -16.217085
       3.647016     -17.758791
       2.809891     -19.422054
       2.030456     -21.023286
       1.301935     -22.432694
       0.660823     -23.573347
       0.264951     -24.349652
       0.034078     -24.655800
      -0.047787     -24.547795
      -0.032446     -24.167074
       0.036666     -23.801649
       0.083938     -23.623972
       0.104653     -23.668761
       0.077146     -23.915250
       0.143546     -24.412733
       0.295876     -24.903746
       0.531963     -24.974117
       1.246622     -24.248043
       2.629821     -22.590888
       3.643341     -20.593952
       4.446546     -18.561542
       5.071176     -16.080490
       5.389918     -12.296950
       5.655640      -5.553035
       5.893892       5.258200
       6.210408      18.488330
       6.640198      32.466035
       7.119337      45.716009
       7.594227      57.390676
       7.640047      66.960591
       7.501236      74.523355
       7.345268      80.634345
       7.274070      86.307460
       7.233719      91.704021
       7.269667      96.490754
       7.304019     100.471415
       7.305709     103.714022
       7.308622     106.426281
       7.284685     109.060740
       7.090400     111.886265
       6.516714     115.022513
       5.430011     118.298303
       4.197075     121.384233
       2.992973     124.247749
       1.920496     126.757460
       1.152340     128.984435
       0.710102     131.012135
       0.511463     132.837210
       0.574600     134.410798
       0.956485     135.656411
       1.488496     136.425977
       2.115417     136.664749
       2.478097     136.830160
       2.618821     137.285437
       2.568214     138.145539
       2.416968     139.319209
       2.241632     140.746378
       2.178299     142.654595
       2.147476     144.964372
       2.464656     147.133023
       2.948863     148.882552
       3.306293     150.549667
       3.622309     152.380551
       3.849866     154.496543
       3.963225     156.736068
       3.956222     158.901076
       3.854528     160.828324
       3.727024     162.554199
       3.571843     164.117072
       3.398776     165.621234
       3.258570     167.029402
