       5.333621      38.820002
       5.220901      38.864811
       5.135603      38.848224
       5.053849      38.785977
       5.007025      38.731806
       4.998696      38.695007
       5.035375      38.590243
       5.085007      38.361135
       5.088884      37.988363
       4.984208      37.492794
       4.781893      36.927670
       4.407203      36.263343
       3.597511      35.354135
       2.171968      33.510336
       0.177034      30.230944
      -1.454088      26.069238
      -2.380338      21.816277
      -2.940596      18.179741
      -3.069108      15.175422
      -2.846020      12.563438
      -2.573517      10.478449
      -2.322926       8.958069
      -2.091527       7.946356
      -1.816040       7.116241
      -1.439415       6.064351
      -1.226666       4.627372
      -1.839537       2.756857
      -4.365105       0.786032
      -8.924260      -0.654254
     -13.704000      -1.432612
     -17.892985      -1.706682
     -21.775265      -1.630418
     -25.051762      -1.443962
     -27.771260      -1.274680
     -30.126980      -1.211413
     -32.320781      -1.361141
     -34.073828      -1.569883
     -35.467260      -1.592474
     -36.699460      -1.417818
     -37.522116      -0.876316
     -38.052913      -0.042689
     -38.371366       0.808293
     -38.770359       1.499727
     -39.249842       1.849001
     -39.753381       1.909953
     -40.230982       1.739747
     -40.513345       1.504303
     -40.412535       1.236387
     -40.128854       0.803575
     -39.833059       0.082099
     -39.550091      -0.903908
     -39.208841      -2.674730
     -38.018329      -6.198415
     -35.264027     -11.694471
     -32.217333     -17.694930
     -29.303175     -23.103430
     -26.740855     -27.511278
     -24.521819     -31.004629
     -22.682365     -33.624554
     -20.941464     -35.620380
     -19.028244     -37.372901
     -16.845701     -39.015585
     -14.797270     -40.457941
     -12.910668     -41.792093
     -10.958040     -43.264801
      -8.848982     -45.237058
      -6.638699     -47.725700
      -4.472351     -50.436487
      -2.373265     -52.969026
      -0.393773     -55.282956
       1.425234     -57.528970
       3.046234     -59.860098
       4.415924     -62.120805
       5.453767     -63.967528
       6.279530     -65.319004
       6.918011     -66.397934
       7.409610     -67.284583
       7.961700     -68.194090
       8.839259     -69.621589
      10.072522     -71.577527
      11.198628     -73.601283
      12.021732     -75.280152
      12.527615     -77.093371
      13.095735     -79.414232
      13.800397     -82.131498
      14.354064     -84.689275
      14.758982     -86.573169
      15.073118     -87.788629
      15.315402     -88.816725
      15.731006     -90.000955
      16.095524     -91.345651
      16.411592     -92.351939
      16.799349     -92.553962
      17.080487     -91.637325
      17.422451     -89.275801
      17.473172     -85.401829
      17.151049     -80.185109
      16.551267     -73.687058
      15.950380     -66.728658
      15.504492     -59.770365
      14.858550     -52.591777
      13.446824     -44.201740
      10.985067     -33.850342
       8.636037     -22.943503
       7.110426     -13.366089
       5.880824      -6.180695
       5.067796      -1.349938
       4.696609       1.645656
       4.584115       3.490146
       4.697981       4.737961
       4.748219       5.863563
       4.706852       6.920801
       4.461660       7.968461
       4.201154       8.808050
       3.795822       9.172936
       3.345497       9.103140
       2.822775       8.482148
       2.047588       7.441440
       0.938550       6.013076
      -0.338464       4.222090
      -1.620247       2.333538
      -2.962113       0.670242
      -4.204200      -0.618477
      -5.216442      -1.357558
      -6.072179      -1.555304
      -6.840148      -1.369861
      -7.505563      -1.084193
      -8.228217      -0.855209
      -9.055963      -0.911113
      -9.985735      -1.161202
     -10.880825      -1.494199
     -11.624438      -1.767622
     -12.239565      -1.930503
     -12.630501      -1.964976
     -12.893174      -2.003876
     -13.160139      -2.082478
     -13.450646      -2.208243
     -13.718604      -2.262476
     -13.947943      -2.275372
     -14.204009      -2.300784
     -14.470459      -2.373162
     -14.674929      -2.504853
     -14.810627      -2.734961
     -14.955570      -2.969029
     -15.087207      -3.166295
     -15.229326      -3.328246
     -15.262158      -3.495230
     -14.889387      -3.573570
     -13.709214      -3.527779
     -11.675193      -3.264519
      -9.880255      -2.952258
      -8.681680      -2.805463
      -7.923561      -2.806178
      -7.542428      -2.921249
      -7.370290      -3.127121
      -7.211217      -3.237090
      -6.923383      -3.226667
      -6.624818      -3.083871
      -6.317118      -2.953111
      -6.122103      -2.859245
      -6.062174      -2.776465
      -6.146922      -2.705289
      -6.305047      -2.597265
      -6.572451      -2.433947
      -6.868739      -2.331859
      -7.093009      -2.287342
      -7.348267      -2.228777
      -7.649247      -2.149534
      -8.024954      -2.037461
      -8.400382      -1.932968
      -8.722210      -1.849714
      -9.041388      -1.777768
      -9.345817      -1.713865
      -9.570746      -1.634147
      -9.777519      -1.551055
      -9.935462      -1.469505
     -10.065579      -1.430960
     -10.193595      -1.435438
     -10.291277      -1.442571
     -10.411723      -1.448243
     -10.490002      -1.475671
     -10.545475      -1.505320
     -10.613384      -1.502524
     -10.707317      -1.472087
     -10.796611      -1.413639
     -10.899096      -1.377778
     -10.974300      -1.382734
     -11.049234      -1.426885
     -11.088645      -1.466115
     -11.022875      -1.507662
     -11.006315      -1.557831
     -11.056047      -1.571160
     -11.053792      -1.539954
     -11.063430      -1.501718
     -11.087668      -1.460869
     -11.124452      -1.414089
     -11.158606      -1.367069
     -11.177791      -1.312600
     -11.230105      -1.240945
     -11.326560      -1.173915
     -11.430049      -1.101044
     -11.478822      -0.992790
     -11.516457      -0.905513
     -11.557945      -0.876946
     -11.576406      -0.870144
     -11.604159      -0.834267
     -11.698120      -0.802819
     -11.729333      -0.750887
     -11.747275      -0.700873
     -11.752552      -0.669609
     -11.750577      -0.629058
     -11.737177      -0.599985
     -11.745791      -0.559728
     -11.774090      -0.524976
     -11.827661      -0.503258
     -11.830020      -0.509320
     -11.827302      -0.507001
     -11.783037      -0.501317
     -11.745910      -0.497526
     -11.742931      -0.437468
     -11.778011      -0.310470
     -11.754579      -0.086523
     -11.712507       0.224044
     -11.699093       0.433612
     -11.734428       0.516642
     -11.825889       0.500591
     -11.886674       0.494253
     -11.935366       0.557684
     -12.051701       0.701950
     -12.239548       0.874652
     -12.552055       1.032138
     -12.959322       1.141800
     -13.386623       1.247313
     -13.695259       1.349353
     -13.990468       1.479893
     -14.348377       1.690357
     -14.854497       1.952989
     -15.382616       2.183579
     -15.923273       2.306207
     -16.370181       2.186599
     -16.786634       1.894821
     -17.142681       1.590188
     -17.455769       1.325108
     -17.828236       1.087531
     -18.186449       0.870066
     -18.629206       0.669566
     -19.084355       0.481773
     -19.457022       0.305510
     -19.720636       0.138675
     -19.882937       0.001225
     -20.000740      -0.082823
     -20.096813      -0.157149
     -20.179430      -0.185945
     -20.271008      -0.158235
     -20.365338      -0.078814
     -20.415891       0.001581
     -20.409853       0.020004
     -20.358463       0.027365
     -20.311845       0.064695
     -20.320768       0.141379
     -20.301633       0.218036
     -20.286069       0.264359
     -20.294924       0.310977
     -20.344102       0.359058
     -20.415335       0.380208
     -20.456784       0.399026
     -20.475506       0.441399
     -20.540816       0.485556
     -20.548558       0.574816
     -20.544718       0.643319
     -20.537729       0.684477
     -20.545272       0.722997
     -20.554782       0.734570
     -20.544191       0.727183
     -20.540294       0.739096
     -20.542720       0.808063
     -20.527529       0.895705
     -20.478063       0.945158
     -20.413105       0.971929
     -20.380711       1.004352
     -20.342233       1.032992
     -20.312902       1.043061
     -20.353784       1.021312
     -20.379976       0.997599
     -20.370237       1.018446
     -20.387455       1.060245
     -20.375900       1.138114
     -20.349387       1.220743
     -20.315644       1.238878
     -20.325923       1.244036
     -20.321804       1.262726
     -20.302674       1.253083
     -20.347495       1.242858
     -20.409295       1.231759
     -20.405215       1.275786
     -20.271573       1.349183
     -20.078878       1.397724
     -19.865317       1.417631
     -19.623381       1.447014
     -19.471078       1.484203
     -19.439058       1.553986
     -19.409224       1.623747
     -19.367864       1.653355
     -19.335862       1.647057
     -19.285126       1.688913
     -19.174923       1.831536
     -19.032534       2.058281
     -18.710458       2.447836
     -17.842985       3.218230
     -16.169602       4.526793
     -13.729791       6.456626
     -10.661002       8.734417
      -7.430563      10.830673
      -4.659288      12.246141
      -2.517852      12.937138
      -0.963560      13.020110
       0.206754      12.642423
       0.969282      12.015611
       1.524067      11.374984
       2.106393      10.880167
       2.744006      10.574193
       3.434338      10.443800
       4.015805      10.370066
       4.526296      10.333849
       4.977782      10.326747
       5.337013      10.306513
       5.665467      10.338679
       5.947972      10.434903
       6.101555      10.711653
       6.107845      11.206010
       6.010882      12.070956
       5.886253      13.594214
       5.691373      16.094864
       5.421386      20.224502
       5.051977      25.994651
       4.890968      32.976331
       4.967128      40.840854
       5.172704      48.288196
       5.298620      54.499737
       5.205771      58.932723
       5.035999      61.643180
       4.836472      62.585836
       4.552537      61.327342
       4.163800      57.497841
       3.806354      51.258325
       3.725305      43.831299
       3.752989      36.502673
       3.876873      30.409051
       3.961573      26.028329
       4.097739      23.301541
       4.295701      21.923797
       4.538936      21.425100
       4.716960      21.627985
       4.810285      22.400947
       4.798232      23.606083
       4.824520      24.945971
       4.896184      26.097588
       5.082874      26.846235
       5.341506      27.289176
       5.675528      27.575488
       6.077320      27.810595
       6.589371      28.117097
       7.474721      28.511767
       8.732004      29.102361
      10.471123      29.976747
      12.787855      30.944322
      15.528765      31.994891
      18.349853      33.269156
      21.023038      34.874880
      23.601197      36.871561
      25.853226      39.241794
      27.783677      41.751847
      29.642795      44.189918
      31.364727      46.278943
      32.701717      47.904851
      33.653252      48.826452
      34.211209      48.534540
      34.073539      47.003324
      33.167702      44.185270
      31.650465      39.511363
      29.600233      33.684149
      27.195067      27.508634
      24.546534      21.488101
      21.772926      15.940666
      19.035443      11.598908
      16.538745       8.929663
      14.424552       7.726522
      12.676201       7.558794
      11.445226       7.868718
      10.639710       8.250297
      10.012677       8.528832
       9.497485       8.745221
       8.993597       8.989073
       8.204953       9.254776
       6.997613       9.777265
       5.373709      10.475210
       3.672971      11.193093
       1.984982      11.852305
       0.315159      12.430434
      -1.290560      12.970694
      -2.836146      13.466732
      -4.259801      13.882486
      -5.309150      14.222414
      -6.038225      14.427318
      -6.345748      14.437772
      -6.374669      14.240200
      -6.312356      13.970095
      -6.224300      13.677335
      -6.083313      13.460154
      -5.886341      13.304417
      -5.637437      13.195599
      -5.288033      13.077390
      -4.867618      12.877140
      -4.385371      12.555216
      -3.915420      12.086447
      -3.520533      11.458608
      -3.164841      10.713863
      -2.851709       9.944661
      -2.601354       9.180409
      -2.391755       8.431188
      -2.155178       7.720205
      -1.932777       7.056245
      -1.704550       6.424960
      -1.458596       5.883815
      -1.179346       5.358296
      -0.888099       4.850355
      -0.612629       4.291567
      -0.393858       3.734572
      -0.192174       3.441041
      -0.174303       3.826487
       0.042938       4.501926
       0.435425       4.971372
       0.838674       4.974607
       1.229492       4.366397
       1.637562       3.267989
       2.007763       2.227923
       2.208830       1.289070
       2.440538       0.215677
       2.678322      -1.188683
       2.938755      -2.957891
       3.243044      -5.148104
       3.631784      -7.883900
       4.211315     -11.156081
       4.883882     -14.592402
       5.587755     -17.884424
       6.376976     -20.278297
       7.303870     -21.846393
       8.356452     -23.254867
       9.598582     -24.929986
      11.146013     -26.850592
      13.394592     -28.844417
      15.830284     -30.997526
      17.937742     -33.364064
      19.514625     -35.856249
      20.534609     -38.281728
      21.156210     -40.461973
      21.546715     -42.344900
      21.775789     -44.568023
      21.988957     -48.647898
      21.719222     -54.374882
      21.098640     -59.968692
      20.361382     -64.268857
      19.472612     -66.613770
      18.497456     -66.903492
      17.533709     -65.593348
      17.005174     -64.008283
      16.790904     -63.484589
      16.797966     -64.314319
      16.874123     -65.937007
      16.629757     -66.967415
      15.346645     -65.963206
      13.038917     -62.287712
      10.045014     -56.483962
       6.238381     -49.227098
       2.650149     -42.134367
      -0.625748     -36.002057
      -4.133013     -30.751717
      -7.478019     -26.104509
      -9.985588     -21.678974
     -11.682153     -16.892856
     -12.533233     -11.939029
     -12.662902      -7.297631
     -12.363258      -3.215135
     -11.724977       0.226603
     -10.750165       3.143455
      -9.568779       5.748543
      -8.167002       8.392484
      -6.685019      11.145880
      -5.419849      13.839210
      -4.439210      16.418828
      -3.765649      19.106686
      -3.130205      22.498097
      -2.304596      27.490439
      -1.475273      33.999608
      -0.863028      41.494071
      -0.475857      49.146311
      -0.031581      56.630552
       0.428961      63.990841
       0.603090      70.748860
