       6.202057       0.234663
       6.057660       0.484045
       5.818993       0.802129
       5.540528       1.162397
       5.195978       1.541587
       4.823949       1.869417
       4.482261       2.092409
       4.239010       2.196926
       4.059097       2.192079
       3.794445       2.136116
       3.195220       2.048571
       2.248922       1.905561
       1.249508       1.668803
       0.284201       1.371973
      -0.641237       1.087324
      -1.520659       0.810483
      -2.500426       0.539983
      -3.634467       0.200244
      -4.953996      -0.241754
      -6.478981      -1.091221
      -8.374819      -3.038323
     -10.561103      -5.930590
     -12.148576      -8.911370
     -13.283686     -11.420773
     -14.228427     -13.225721
     -15.046878     -14.390744
     -15.687283     -15.162265
     -16.306343     -15.635714
     -16.938405     -15.992423
     -17.543913     -16.432470
     -18.037116     -16.918203
     -18.433952     -17.480093
     -18.686818     -18.183797
     -18.748765     -19.039998
     -18.674941     -19.992736
     -18.585200     -20.971185
     -18.452473     -22.081109
     -18.420995     -23.311410
     -18.374660     -24.506799
     -18.339151     -25.546139
     -18.374116     -26.260852
     -18.377768     -26.654616
     -18.416418     -26.919159
     -18.428085     -27.289016
     -18.374835     -28.081228
     -18.166461     -29.602946
     -17.507191     -32.140464
     -16.719468     -35.178845
     -15.896860     -37.969528
     -15.118995     -40.107184
     -14.480149     -41.492045
     -14.040871     -42.171465
     -13.630621     -42.315369
     -13.427760     -42.147734
     -13.252529     -41.967417
     -13.031272     -41.999925
     -12.732397     -42.245836
     -12.346070     -42.604624
     -12.038924     -42.892811
     -11.792949     -42.975662
     -11.587358     -42.917820
     -11.477673     -42.793281
     -11.467713     -42.724904
     -11.494310     -42.750495
     -11.518461     -42.786063
     -11.478905     -42.798167
     -11.462075     -42.791289
     -11.439786     -42.781915
     -11.422574     -42.776053
     -11.476429     -42.740956
     -11.541002     -42.605537
     -11.859496     -42.199204
     -12.411372     -41.469178
     -12.966965     -40.602644
     -13.426944     -39.810386
     -13.784441     -39.274807
     -14.006727     -39.087974
     -14.125229     -39.051884
     -14.122678     -39.092634
     -14.133361     -39.147937
     -14.117557     -39.190438
     -14.093075     -39.244662
     -14.015436     -39.304551
     -13.942939     -39.363248
     -13.870932     -39.379726
     -13.839451     -39.367581
     -13.869109     -39.363965
     -13.850577     -39.374626
     -13.852295     -39.392918
     -13.853308     -39.420076
     -13.867499     -39.442629
     -13.851412     -39.464211
     -13.829111     -39.481745
     -13.833755     -39.488186
     -13.863790     -39.465360
     -13.840688     -39.470525
     -13.807942     -39.492151
     -13.834237     -39.522794
     -13.812749     -39.535962
     -13.830896     -39.527168
     -13.849272     -39.544486
     -13.782614     -39.582985
     -13.729748     -39.623561
     -13.677442     -39.664272
     -13.632526     -39.709289
     -13.582898     -39.746572
     -13.517558     -39.767309
     -13.433480     -39.780887
     -13.398012     -39.782939
     -13.380796     -39.778206
     -13.367714     -39.783143
     -13.368516     -39.785831
     -13.393649     -39.783102
     -13.370459     -39.755543
     -13.381947     -39.713292
     -13.356343     -39.679625
     -13.288733     -39.702103
     -13.283745     -39.740304
     -13.292520     -39.757988
     -13.301535     -39.749600
     -13.305443     -39.712862
     -13.301922     -39.683030
     -13.326936     -39.680711
     -13.366230     -39.666409
     -13.381165     -39.651532
     -13.391852     -39.636359
     -13.389882     -39.625991
     -13.415062     -39.620335
     -13.391957     -39.608482
     -13.414641     -39.583959
     -13.465301     -39.589821
     -13.493793     -39.607630
     -13.540468     -39.635300
     -13.573921     -39.656081
     -13.593263     -39.669678
     -13.611384     -39.678479
     -13.597645     -39.689356
     -13.591399     -39.680468
     -13.573025     -39.683287
     -13.526301     -39.710023
     -13.468539     -39.728089
     -13.378803     -39.743840
     -13.262380     -39.768477
     -13.164913     -39.790722
     -13.053770     -39.795691
     -12.950044     -39.793950
     -12.833111     -39.801940
     -12.677232     -39.828988
     -12.529559     -39.875907
     -12.364945     -39.901931
     -12.191600     -39.919929
     -12.032452     -39.931957
     -11.859529     -39.949613
     -11.702847     -39.957219
     -11.578631     -39.944350
     -11.466819     -39.916070
     -11.339119     -39.906519
     -11.249754     -39.913712
     -11.168550     -39.917998
     -11.176793     -39.933740
     -11.146059     -39.938381
     -11.133989     -39.943981
     -11.107908     -39.960038
     -10.999587     -39.971804
     -10.944586     -39.997444
     -10.905708     -40.017771
     -10.887455     -40.029523
     -10.863210     -40.028750
     -10.787671     -40.020916
     -10.685665     -40.022303
     -10.609034     -40.001614
     -10.515689     -39.967788
     -10.412167     -39.937800
     -10.313320     -39.932759
     -10.172798     -39.916847
     -10.083971     -39.889169
      -9.971545     -39.867060
      -9.863624     -39.832206
      -9.787484     -39.792731
      -9.662515     -39.788789
      -9.571015     -39.816892
      -9.508794     -39.868372
      -9.472817     -39.937103
      -9.444424     -39.994661
      -9.405540     -40.036415
      -9.339174     -40.069396
      -9.279066     -40.108260
      -9.220593     -40.162678
      -9.111549     -40.270611
      -8.882404     -40.478028
      -8.192263     -40.979469
      -7.125948     -41.735319
      -5.875673     -42.545087
      -4.575256     -43.284948
      -3.234691     -44.015896
      -2.029584     -44.702421
      -0.955156     -45.309093
       0.060242     -45.819197
       1.060912     -46.261997
       2.018189     -46.664974
       2.884812     -46.986942
       3.564880     -47.174908
       4.040342     -47.263729
       4.350552     -47.321464
       4.522606     -47.398069
       4.669089     -47.493408
       4.759718     -47.564961
       4.884703     -47.566147
       5.000512     -47.506381
       5.064629     -47.458554
       5.144740     -47.414496
       5.197018     -47.378811
       5.257150     -47.357023
       5.307005     -47.379535
       5.356271     -47.403325
       5.395956     -47.419707
       5.451041     -47.410168
       5.461748     -47.383746
       5.465683     -47.390570
       5.473004     -47.465164
       5.508097     -47.576579
       5.503640     -47.671461
       5.549149     -47.781900
       5.539805     -47.931113
       5.579103     -48.218799
       5.707956     -48.669361
       5.916876     -49.223630
       6.200058     -49.845154
       6.639621     -50.537873
       7.278367     -51.261982
       7.849046     -51.868226
       8.288280     -52.240143
       8.669830     -52.463702
       9.008560     -52.633882
       9.407079     -52.778859
       9.833551     -52.931963
      10.244221     -53.075463
      10.637105     -53.201906
      10.967845     -53.324114
      11.293026     -53.462859
      11.555978     -53.583110
      11.753031     -53.645309
      11.855198     -53.687167
      11.971438     -53.737961
      12.056918     -53.785269
      12.153561     -53.829186
      12.205043     -53.857279
      12.235894     -53.868455
      12.275148     -53.885765
      12.295883     -53.954721
      12.279558     -53.997438
      12.319744     -53.999697
      12.327318     -53.993790
      12.374376     -54.015283
      12.443126     -54.061886
      12.475713     -54.092106
      12.488903     -54.127004
      12.512235     -54.155991
      12.517963     -54.170290
      12.537054     -54.164097
      12.548080     -54.153747
      12.554378     -54.162334
      12.547673     -54.186231
      12.587390     -54.225874
      12.564208     -54.234932
      12.615617     -54.245501
      12.630740     -54.223134
      12.640919     -54.226558
      12.654683     -54.237152
      12.651111     -54.274711
      12.654591     -54.303819
      12.647530     -54.332058
      12.635438     -54.339033
      12.635263     -54.356678
      12.636889     -54.353288
      12.624480     -54.345750
      12.614784     -54.347571
      12.632358     -54.370773
      12.618941     -54.388278
      12.632495     -54.395010
      12.649298     -54.359583
      12.626175     -54.335205
      12.629395     -54.353205
      12.635863     -54.391386
      12.622735     -54.384723
      12.596863     -54.369253
      12.594609     -54.363740
      12.595662     -54.355979
      12.591006     -54.353128
      12.579343     -54.346833
      12.559800     -54.338926
      12.549496     -54.331082
      12.562497     -54.325651
      12.520040     -54.303746
      12.519706     -54.254520
      12.507657     -54.193283
      12.477991     -54.179465
      12.483406     -54.202404
      12.482810     -54.238852
      12.494276     -54.261631
      12.490596     -54.251485
      12.481270     -54.225213
      12.492291     -54.217869
      12.489807     -54.198567
      12.477170     -54.183219
      12.457844     -54.197790
      12.473774     -54.222022
      12.450919     -54.234859
      12.407243     -54.209000
      12.387195     -54.145810
      12.372440     -54.107129
      12.417743     -54.129627
      12.458071     -54.159852
      12.454256     -54.158298
      12.444362     -54.144334
      12.435912     -54.118883
      12.428995     -54.089547
      12.427179     -54.044226
      12.441207     -53.995053
      12.431689     -53.940888
      12.451096     -53.858309
      12.485973     -53.733313
      12.459119     -53.580540
      12.474365     -53.401190
      12.450998     -53.251453
      12.399487     -53.136414
      12.373798     -53.074210
      12.366167     -53.041848
      12.318040     -52.999679
      12.241910     -52.919927
      12.183081     -52.827566
      12.113648     -52.749159
      12.060653     -52.697130
      12.006202     -52.676575
      11.944135     -52.661621
      11.900042     -52.630837
      11.869412     -52.599145
      11.761299     -52.552925
      11.708192     -52.508061
      11.649705     -52.475014
      11.596561     -52.485136
      11.593405     -52.521005
      11.574554     -52.552100
      11.563402     -52.561080
      11.516765     -52.562416
      11.513955     -52.575525
      11.496291     -52.573747
      11.475967     -52.523239
      11.456692     -52.479915
      11.440057     -52.486447
      11.428302     -52.473931
      11.432102     -52.466383
      11.384001     -52.440655
      11.388589     -52.412606
      11.368954     -52.376139
      11.343040     -52.365264
      11.358928     -52.383906
      11.365287     -52.406000
      11.368226     -52.411537
      11.343770     -52.395674
      11.324253     -52.355113
      11.327409     -52.328079
      11.337872     -52.299685
      11.328219     -52.278931
      11.320346     -52.279004
      11.303854     -52.290947
      11.294153     -52.281602
      11.228192     -52.265938
      11.237544     -52.250508
      11.216851     -52.249507
      11.218471     -52.272840
      11.236108     -52.313707
      11.230612     -52.339615
      11.234397     -52.357032
      11.232060     -52.364992
      11.235058     -52.357008
      11.259819     -52.342898
      11.278040     -52.345414
      11.279518     -52.332353
      11.282580     -52.323300
      11.297700     -52.326578
      11.320654     -52.351262
      11.297086     -52.351189
      11.338710     -52.348673
      11.333602     -52.301987
      11.347245     -52.277357
      11.407916     -52.315723
      11.420824     -52.345958
      11.431464     -52.341188
      11.428787     -52.340673
      11.429469     -52.353253
      11.441893     -52.352826
      11.448058     -52.343136
      11.439161     -52.313838
      11.458370     -52.316476
      11.494140     -52.331022
      11.511306     -52.326044
      11.485460     -52.279995
      11.537983     -52.241600
      11.513489     -52.191116
      11.529654     -52.176040
      11.583640     -52.190382
      11.597154     -52.206129
      11.595140     -52.212147
      11.581487     -52.204740
      11.579036     -52.187332
      11.577903     -52.182339
      11.594312     -52.179095
      11.601629     -52.177089
      11.615425     -52.178687
      11.650110     -52.181450
      11.659526     -52.180445
      11.681252     -52.156952
      11.714647     -52.102208
      11.730087     -52.073921
      11.789238     -52.097550
      11.852580     -52.120772
      11.847624     -52.114841
      11.839940     -52.103942
      11.847895     -52.091299
      11.855415     -52.085767
      11.856062     -52.050272
      11.847867     -51.988996
      11.833823     -51.948027
      11.839127     -51.919807
      11.847769     -51.925534
      11.813680     -51.904474
      11.851419     -51.866812
      11.834258     -51.813167
      11.859933     -51.790887
      11.923327     -51.828680
      11.919638     -51.864938
      11.909630     -51.849866
      11.900092     -51.826839
      11.906292     -51.805881
      11.915383     -51.799052
      11.915794     -51.780697
      11.882634     -51.752522
      11.872765     -51.748578
      11.900120     -51.744318
      11.861577     -51.725721
      11.889187     -51.709605
      11.889573     -51.660991
      11.858899     -51.616127
      11.883557     -51.606685
      11.902664     -51.609337
      11.909104     -51.596893
      11.893912     -51.587543
      11.888097     -51.574522
      11.886960     -51.555468
      11.887351     -51.534509
      11.867130     -51.505328
      11.864260     -51.485536
      11.870486     -51.492671
      11.876582     -51.508563
      11.831969     -51.499918
      11.856825     -51.471917
      11.817630     -51.436422
      11.816005     -51.432405
      11.849270     -51.462854
      11.848008     -51.482719
      11.836798     -51.486177
      11.810655     -51.470562
      11.804591     -51.424775
      11.789595     -51.336843
      11.698976     -51.175799
      11.564939     -50.927877
      11.393950     -50.585442
      11.265001     -50.194238
      11.140716     -49.766747
      10.995201     -49.285246
      10.843157     -48.808962
      10.687117     -48.432644
      10.596697     -48.205865
      10.579628     -48.115000
      10.562508     -48.087378
      10.561960     -48.081491
      10.565109     -48.059246
      10.552429     -48.039944
      10.576635     -48.044748
      10.576167     -48.075269
      10.576959     -48.113159
      10.593858     -48.157071
      10.615289     -48.197880
      10.565847     -48.214943
      10.591853     -48.209284
      10.560909     -48.157203
      10.546915     -48.114262
      10.565747     -48.098059
      10.566214     -48.105728
      10.570141     -48.129377
      10.565028     -48.128090
      10.549285     -48.115146
      10.523175     -48.098297
      10.507434     -48.067071
      10.464438     -48.033242
      10.437752     -48.027195
      10.435332     -48.027433
      10.416181     -48.022848
      10.400744     -48.012216
      10.399907     -47.982287
      10.356941     -47.943843
      10.352953     -47.942920
      10.373191     -47.980315
      10.372252     -48.020638
      10.368891     -48.049809
      10.357633     -48.052466
      10.324179     -48.050372
      10.267074     -48.050644
      10.157822     -48.043101
      10.039249     -48.020958
       9.909398     -48.015839
       9.765672     -47.989383
       9.445004     -47.931414
       8.906205     -47.752986
       8.460833     -47.576249
       8.099692     -47.495171
       7.839883     -47.525386
       7.589259     -47.554237
       7.293600     -47.520816
       6.905200     -47.445415
       6.338740     -47.312911
       5.607804     -47.122331
       4.857954     -46.924772
       4.319625     -46.761381
       4.023211     -46.681789
       3.898807     -46.677690
       3.903754     -46.692349
       3.902837     -46.655965
       4.040842     -46.601770
       4.241380     -46.585955
       4.484353     -46.650850
       4.860088     -46.793214
       5.316778     -46.964594
       5.935246     -47.133638
       6.570397     -47.242290
       7.044392     -47.279364
       7.376352     -47.286358
       7.547525     -47.281302
       7.578663     -47.274677
       7.574286     -47.301429
       7.598134     -47.330833
       7.645142     -47.341334
       7.653996     -47.306145
       7.700180     -47.252650
       7.670282     -47.194055
       7.627083     -47.179158
       7.627474     -47.202802
       7.609003     -47.231920
       7.621569     -47.246977
       7.628329     -47.254413
       7.626474     -47.257332
       7.618479     -47.253034
       7.606159     -47.244174
       7.579933     -47.264414
       7.569131     -47.311318
       7.551622     -47.373075
       7.547458     -47.442360
       7.489506     -47.462682
       7.515927     -47.453716
       7.517310     -47.451278
       7.532860     -47.476530
       7.595601     -47.536674
       7.623481     -47.602982
       7.625811     -47.665871
       7.601878     -47.715077
       7.587218     -47.746172
       7.597099     -47.778952
       7.594101     -47.817910
       7.566768     -47.836236
       7.533106     -47.851191
       7.511902     -47.891858
       7.522392     -47.939608
       7.524058     -47.983661
       7.536025     -47.964845
       7.549526     -47.913953
       7.519567     -47.867156
       7.555811     -47.872372
       7.628127     -47.905657
       7.668712     -47.938666
       7.693779     -47.950609
       7.686790     -47.930472
       7.684474     -47.902146
       7.686383     -47.875602
       7.686833     -47.836556
       7.678751     -47.794276
       7.680117     -47.780346
       7.684449     -47.773658
       7.681857     -47.750480
       7.629433     -47.717890
       7.648028     -47.690690
       7.632835     -47.676027
       7.629745     -47.674856
       7.657943     -47.701541
       7.641076     -47.720017
       7.641490     -47.714922
       7.644087     -47.708341
       7.646800     -47.702464
       7.650501     -47.708452
       7.657473     -47.710546
       7.652370     -47.709944
       7.656522     -47.720605
       7.678944     -47.743865
       7.701811     -47.756858
       7.677887     -47.739916
       7.693762     -47.710662
       7.691180     -47.679097
       7.648491     -47.665317
       7.629290     -47.670529
       7.561391     -47.642528
       7.432832     -47.587085
       7.263825     -47.564121
       7.112077     -47.569061
       6.938220     -47.543231
       6.747512     -47.466845
