     -22.142252     -11.408470
     -22.287003     -11.604734
     -22.348836     -11.872643
     -22.396128     -12.367159
     -22.500161     -13.191398
     -22.673166     -14.229907
     -22.778740     -15.181662
     -22.795439     -15.767314
     -22.807516     -16.047654
     -22.812266     -16.129779
     -22.837671     -16.147894
     -22.882503     -16.213839
     -22.871913     -16.307457
     -22.794647     -16.402546
     -22.693742     -16.523549
     -22.494741     -16.567450
     -22.143539     -16.543881
     -21.607540     -16.511063
     -20.851843     -16.474727
     -20.059076     -16.480716
     -19.407706     -16.419181
     -18.828378     -16.228434
     -18.308669     -15.970311
     -17.881478     -15.804605
     -17.538329     -15.787232
     -17.351954     -15.910368
     -17.232051     -16.191268
     -17.212343     -16.606153
     -17.181671     -17.046016
     -17.063137     -17.334344
     -16.888488     -17.481695
     -16.755451     -17.614987
     -16.699456     -17.788839
     -16.630035     -18.051176
     -16.589194     -18.325687
     -16.596615     -18.448791
     -16.600633     -18.462876
     -16.644696     -18.374614
     -16.677023     -18.184860
     -16.758219     -17.784838
     -17.057723     -16.801412
     -17.464689     -15.319824
     -17.971759     -13.662505
     -18.457192     -12.115307
     -19.260259     -10.499964
     -20.267677      -8.633187
     -21.443018      -6.517320
     -22.251741      -4.406891
     -22.895086      -2.599306
     -23.371125      -1.106946
     -23.788671       0.113858
     -24.402137       1.317979
     -25.322174       2.706985
     -26.152086       4.304774
     -26.817545       5.951209
     -27.388655       7.511382
     -27.761257       8.817531
     -27.840529       9.747129
     -27.897004      10.345182
     -27.905037      10.791037
     -27.890114      11.201919
     -27.892608      11.697234
     -27.883545      12.359823
     -27.865061      13.199154
     -27.799645      14.117534
     -27.731491      14.961860
     -27.679972      15.573465
     -27.673505      15.936517
     -27.661620      16.091615
     -27.701790      16.161713
     -27.715800      16.215769
     -27.691828      16.322223
     -27.663357      16.443716
     -27.619379      16.574949
     -27.651493      16.726153
     -27.683399      16.924316
     -27.729155      17.175132
     -27.760410      17.377216
     -27.731068      17.537730
     -27.736093      17.639925
     -27.744746      17.763935
     -27.754338      17.913670
     -27.798702      18.033461
     -27.766573      18.136665
     -27.755919      18.206931
     -27.766860      18.200171
     -27.784792      18.177614
     -27.793695      18.214865
     -27.786725      18.255964
     -27.788218      18.276883
     -27.782487      18.235915
     -27.785664      18.144449
     -27.769291      18.094276
     -27.741963      18.076712
     -27.703155      18.104486
     -27.633887      18.151322
     -27.575568      18.224806
     -27.494364      18.275046
     -27.386596      18.292625
     -27.299060      18.311698
     -27.191897      18.347804
     -27.072347      18.415486
     -26.962911      18.481399
     -26.784867      18.564442
     -26.465806      18.601143
     -26.217744      18.577653
     -26.003194      18.532298
     -25.757174      18.513502
     -25.475734      18.493556
     -25.115515      18.480525
     -24.700526      18.406028
     -24.290319      18.320233
     -23.776769      18.280167
     -23.265198      18.253125
     -22.833219      18.154587
     -22.443751      18.040386
     -22.005335      17.922033
     -21.576807      17.851622
     -21.214903      17.860658
     -20.968890      17.891787
     -20.829172      17.958353
     -20.707968      18.080911
     -20.588410      18.239963
     -20.445259      18.423854
     -20.308843      18.554815
     -20.186472      18.609130
     -20.084074      18.569178
     -20.082638      18.516757
     -20.121966      18.510434
     -20.140005      18.573256
     -20.171999      18.652144
     -20.137501      18.722607
     -20.197631      18.746330
     -20.215932      18.760006
     -20.256698      18.800232
     -20.208908      18.926134
     -20.147969      19.084088
     -20.093361      19.250828
     -20.012022      19.344916
     -19.960092      19.364389
     -19.932078      19.329014
     -19.932278      19.308817
     -19.899868      19.306983
     -19.885550      19.346182
     -19.841724      19.421216
     -19.831598      19.451596
     -19.802505      19.483731
     -19.788820      19.516562
     -19.751879      19.529516
     -19.656827      19.494923
     -19.549959      19.413147
     -19.421545      19.320878
     -19.296391      19.213590
     -19.140030      19.194716
     -19.056601      19.259924
     -18.937018      19.393042
     -18.788379      19.554949
     -18.558025      19.643852
     -18.273299      19.706736
     -17.788186      19.774540
     -17.313610      19.871214
     -16.818651      20.026266
     -16.458263      20.225097
     -16.041710      20.461581
     -15.663683      20.648168
     -15.227203      20.786059
     -14.734388      20.873116
     -14.150223      20.910394
     -13.540749      20.972324
     -12.955701      21.127588
     -12.394842      21.433189
     -11.982063      21.781547
     -11.537683      22.141414
     -11.089154      22.422116
     -10.703639      22.564463
     -10.278016      22.596223
      -9.959423      22.529782
      -9.626199      22.497783
      -9.413707      22.549414
      -9.211329      22.704620
      -9.003188      22.918953
      -8.777474      23.127788
      -8.503977      23.337400
      -8.188516      23.492128
      -7.879143      23.601151
      -7.620615      23.713008
      -7.407386      23.830067
      -7.265851      23.940249
      -7.150923      24.004289
      -7.031693      24.013539
      -6.938258      24.011858
      -6.796558      23.994818
      -6.688105      23.920976
      -6.515127      23.791775
      -6.363012      23.636131
      -6.243144      23.480267
      -6.177973      23.347321
      -6.125881      23.266284
      -6.118349      23.196593
      -6.069811      23.158870
      -6.032120      23.094483
      -5.996077      22.976912
      -6.015347      22.837399
      -5.998486      22.789793
      -6.042101      22.818206
      -6.021543      22.867964
      -6.014183      22.898485
      -5.961994      22.936195
      -5.850592      22.970751
      -5.738428      22.969874
      -5.650557      22.971863
      -5.580649      22.980841
      -5.532542      23.017218
      -5.481104      23.050726
      -5.447658      23.089393
      -5.457536      23.120068
      -5.573520      23.149586
      -5.696551      23.215421
      -5.879606      23.309249
      -5.992096      23.392066
      -6.020121      23.441085
      -6.064958      23.479677
      -6.076200      23.500397
      -6.158802      23.502359
      -6.223623      23.451594
      -6.356028      23.350582
      -6.411675      23.257004
      -6.458567      23.200580
      -6.445446      23.178957
      -6.453447      23.201848
      -6.468128      23.196136
      -6.507064      23.125350
      -6.559295      23.063440
      -6.571522      23.055513
      -6.563640      23.078018
      -6.529447      23.128733
      -6.535856      23.205005
      -6.556672      23.303753
      -6.569968      23.463943
      -6.600465      23.650875
      -6.596816      23.832525
      -6.609164      23.971523
      -6.681769      24.058547
      -6.709047      24.087604
      -6.751426      24.074898
      -6.780416      24.017621
      -6.770195      23.915901
      -6.796685      23.824307
      -6.819404      23.729811
      -6.865455      23.622930
      -6.888336      23.538906
      -6.874080      23.445828
      -6.876981      23.340096
      -6.849178      23.226087
      -6.836002      23.119706
      -6.843675      23.016302
      -6.871632      22.894384
      -6.909741      22.782750
      -6.941604      22.710742
      -6.938628      22.701159
      -6.967442      22.708131
      -7.015472      22.714057
      -7.029752      22.690751
      -7.041165      22.620091
      -7.025398      22.559319
      -7.013236      22.527912
      -6.997212      22.550523
      -6.984191      22.621222
      -6.942930      22.686299
      -6.910957      22.754079
      -6.849985      22.846297
      -6.799183      22.980389
      -6.725347      23.146087
      -6.517972      23.275143
      -6.410432      23.354310
      -6.434043      23.392224
      -6.474350      23.408755
      -6.516404      23.412184
      -6.607591      23.385995
      -6.667687      23.331521
      -6.748408      23.314086
      -6.808480      23.320949
      -6.867286      23.319436
      -6.913451      23.311434
      -6.917295      23.315699
      -6.920745      23.355585
      -6.922552      23.413799
      -6.923670      23.542177
      -6.961222      23.728845
      -6.979212      23.897748
      -7.007344      24.001297
      -7.011093      24.049296
      -7.009420      24.042344
      -6.987274      24.037300
      -6.959909      24.041953
      -6.906967      24.025344
      -6.880981      24.022036
      -6.860513      24.031435
      -6.835033      24.019013
      -6.800210      23.976907
      -6.754336      23.920631
      -6.741127      23.871678
      -6.713950      23.832017
      -6.729918      23.822653
      -6.767978      23.839203
      -6.804179      23.832693
      -6.848811      23.808747
      -6.863545      23.794312
      -6.884976      23.794300
      -6.885887      23.809661
      -6.926791      23.836304
      -6.969555      23.831507
      -7.021821      23.799709
      -7.048648      23.761836
      -7.122072      23.760699
      -7.164110      23.762377
      -7.187533      23.755653
      -7.251473      23.753103
      -7.320250      23.729075
      -7.405518      23.719038
      -7.502787      23.762394
      -7.643812      23.856188
      -7.833767      24.003623
      -8.005676      24.162251
      -8.111305      24.277042
      -8.197032      24.336138
      -8.224777      24.356758
      -8.231541      24.351573
      -8.256917      24.363114
      -8.312935      24.408964
      -8.375527      24.491196
      -8.410533      24.596596
      -8.428199      24.691089
      -8.436508      24.765722
      -8.413053      24.831950
      -8.380676      24.911357
      -8.403233      24.981362
      -8.420111      25.017838
      -8.441651      25.032581
      -8.446126      25.026940
      -8.423750      25.018382
      -8.433211      25.025114
      -8.443211      25.006533
      -8.503946      24.984254
      -8.565463      25.004794
      -8.606228      25.046861
      -8.618418      25.074932
      -8.585970      25.107401
      -8.575955      25.124943
      -8.551939      25.118097
      -8.530060      25.087264
      -8.522380      25.044855
      -8.488403      25.020053
      -8.494930      25.026622
      -8.487716      25.028545
      -8.469138      25.015698
      -8.494278      25.005307
      -8.516072      25.005523
      -8.567316      24.987797
      -8.614881      24.968644
      -8.636588      24.962944
      -8.656122      24.957842
      -8.648352      24.965377
      -8.631642      24.948960
      -8.641023      24.917268
      -8.609444      24.893746
      -8.607583      24.875702
      -8.583767      24.880729
      -8.557321      24.914927
      -8.543198      24.951600
      -8.517937      24.951554
      -8.511388      24.940818
      -8.481135      24.928702
      -8.464959      24.910631
      -8.466002      24.913985
      -8.490456      24.953645
      -8.495259      24.976492
      -8.484350      24.976041
      -8.420286      24.959435
      -8.317779      24.926735
      -8.216923      24.877023
      -8.173004      24.831896
      -8.149895      24.822544
      -8.161131      24.846601
      -8.180664      24.873247
      -8.159093      24.885596
      -8.126975      24.860750
      -8.134671      24.871646
      -8.150151      24.897852
      -8.245353      24.950821
      -8.349900      25.048282
      -8.453585      25.209841
      -8.454715      25.360428
      -8.422303      25.408850
      -8.387808      25.361322
      -8.353624      25.308664
      -8.341672      25.300626
      -8.333471      25.295157
      -8.319639      25.283148
      -8.302213      25.258280
      -8.274200      25.218401
      -8.274659      25.171347
      -8.283738      25.127789
      -8.278926      25.063321
      -8.295455      24.988193
      -8.303909      24.927621
      -8.308010      24.901745
      -8.328714      24.879022
      -8.334457      24.822158
      -8.334857      24.739666
      -8.303440      24.629667
      -8.295146      24.492340
      -8.284259      24.340715
      -8.261879      24.229752
      -8.274729      24.176871
      -8.280989      24.177034
      -8.250780      24.187306
      -8.253635      24.188443
      -8.227068      24.166611
      -8.229312      24.125605
      -8.239563      24.063472
      -8.267105      23.909341
      -8.266181      23.719619
      -8.217181      23.520075
      -8.194951      23.363402
      -8.174712      23.254156
      -8.178294      23.205073
      -8.189203      23.194118
      -8.215004      23.197673
      -8.239657      23.237243
      -8.269215      23.320937
      -8.270086      23.428093
      -8.292609      23.506599
      -8.317435      23.519096
      -8.352859      23.526768
      -8.417470      23.560636
      -8.439192      23.622660
      -8.437537      23.691441
      -8.410125      23.784414
      -8.425919      23.924262
      -8.437751      24.053265
      -8.466982      24.122994
      -8.451713      24.127866
      -8.439408      24.104659
      -8.445292      24.102918
      -8.468974      24.116697
      -8.503953      24.139406
      -8.480187      24.125304
      -8.475926      24.073863
      -8.453031      24.020101
      -8.426398      23.972483
      -8.394539      23.902206
      -8.350129      23.802924
      -8.319275      23.718400
      -8.287699      23.647878
      -8.184633      23.530387
      -7.998898      23.219367
      -7.855440      22.841073
      -7.752740      22.603960
      -7.634277      22.507257
      -7.504148      22.467959
      -7.388522      22.455491
      -7.281805      22.428532
      -7.165776      22.407411
      -7.080875      22.426720
      -7.014350      22.467949
      -6.929708      22.517804
      -6.801962      22.535161
      -6.717285      22.532475
      -6.647011      22.530600
      -6.648006      22.550424
      -6.666544      22.593117
      -6.690454      22.654260
      -6.743997      22.715728
      -6.746732      22.760337
      -6.731898      22.792265
      -6.686886      22.785239
      -6.665639      22.772963
      -6.610615      22.776674
      -6.546356      22.764791
      -6.488840      22.757884
      -6.470165      22.774787
      -6.444902      22.794463
      -6.462003      22.783461
      -6.483711      22.768145
      -6.514038      22.763679
      -6.542936      22.767509
      -6.623370      22.772281
      -6.690955      22.776715
      -6.829173      22.797792
      -6.919013      22.841819
      -6.987719      22.914839
      -7.053569      23.009561
      -7.113034      23.108816
      -7.120316      23.170338
      -7.105099      23.178687
      -7.102976      23.165709
      -7.105512      23.168223
      -7.078609      23.162069
      -7.081756      23.150808
      -7.087480      23.157829
      -7.116454      23.168096
      -7.163338      23.193236
      -7.177769      23.235050
      -7.183270      23.298631
      -7.163323      23.311607
      -7.160087      23.298490
      -7.148981      23.284760
      -7.158108      23.268214
      -7.161201      23.240058
      -7.164083      23.188578
      -7.183539      23.123912
      -7.210010      23.027663
      -7.259846      22.920184
      -7.299072      22.816307
      -7.302681      22.706478
      -7.350492      22.594817
      -7.365386      22.465125
      -7.372618      22.300926
      -7.395485      22.090971
      -7.410186      21.882583
      -7.422376      21.716468
      -7.457715      21.599091
      -7.503855      21.555841
      -7.544428      21.541113
      -7.587094      21.504532
      -7.677295      21.480519
      -7.724853      21.479467
      -7.799049      21.494541
      -7.882640      21.530973
      -7.937413      21.564319
      -8.000981      21.596376
      -8.046783      21.644827
      -8.089182      21.685451
      -8.108380      21.705229
      -8.110558      21.706096
      -8.124844      21.721437
      -8.143579      21.750283
      -8.156988      21.783641
      -8.156085      21.812394
      -8.166195      21.819316
      -8.196836      21.808477
      -8.208150      21.787852
      -8.255565      21.760422
      -8.288580      21.732664
      -8.307309      21.687185
      -8.336194      21.592949
      -8.369218      21.442989
      -8.411428      21.116147
      -8.576605      20.468925
      -8.825594      19.512110
      -9.096595      18.301610
      -9.433966      16.937305
      -9.870191      15.505260
     -10.531700      13.896744
     -11.123979      12.176146
     -11.720065      10.307206
     -12.351815       8.259429
     -12.820393       6.165894
     -13.141067       4.180813
     -13.300203       2.474862
     -13.403623       1.196625
     -13.317619       0.318631
     -13.199571      -0.233602
     -13.046026      -0.507848
     -12.881669      -0.687843
     -12.699450      -0.825487
     -12.448587      -0.989443
     -12.271260      -1.149968
     -12.084498      -1.267723
     -11.902197      -1.350033
     -11.772825      -1.457944
     -11.738196      -1.521433
     -11.747105      -1.477624
     -11.773411      -1.410974
     -11.784297      -1.367081
     -11.728864      -1.349625
     -11.647294      -1.385694
     -11.607653      -1.430559
     -11.599411      -1.416145
     -11.631877      -1.342269
     -11.705718      -1.228154
     -11.769234      -1.005269
     -11.919054      -0.486486
     -12.117368       0.448368
     -12.278944       1.596493
     -12.365962       2.640182
     -12.414141       3.416778
     -12.434747       3.862930
     -12.469439       3.976424
     -12.468183       3.894231
     -12.469145       3.798649
     -12.440595       3.805059
     -12.384690       3.888500
     -12.273446       4.006778
     -12.182829       4.126586
     -12.119952       4.262848
     -12.030885       4.422059
     -11.931708       4.647594
     -11.756191       4.990823
     -11.516375       5.436872
     -11.258733       5.921260
     -10.999878       6.400706
     -10.755853       6.939412
     -10.582432       7.655021
     -10.464292       8.586891
     -10.426077       9.738651
     -10.399818      11.079730
     -10.311149      12.444772
     -10.153514      13.641850
      -9.997022      14.525853
      -9.814830      15.077455
      -9.652710      15.375348
      -9.512040      15.456487
      -9.311432      15.466250
      -9.040844      15.476532
      -8.706646      15.480929
      -8.273642      15.495857
      -7.723500      15.442717
      -7.039810      15.280262
      -6.293625      15.037476
      -5.528155      14.773753
      -4.684293      14.515531
      -3.823513      14.264063
      -2.856838      14.032005
      -2.011221      13.886608
      -1.332347      13.793441
      -0.822018      13.682906
      -0.453831      13.549665
      -0.149830      13.431708
       0.102500      13.349469
       0.361706      13.334335
       0.604987      13.357798
       0.799169      13.411100
       0.949997      13.423292
       1.028095      13.394807
       1.000494      13.360974
       0.935346      13.387111
       0.865372      13.479816
       0.835777      13.547505
       0.783189      13.634197
       0.707784      13.723058
       0.593796      13.810701
       0.516145      13.883746
       0.475050      13.923421
       0.441171      13.917663
       0.421698      13.874137
       0.395551      13.812306
       0.316999      13.741812
       0.273764      13.658168
       0.231531      13.549445
       0.186243      13.488995
       0.199014      13.490448
       0.187287      13.494982
       0.172544      13.444652
       0.141627      13.378087
       0.103641      13.322626
       0.059230      13.292745
       0.024539      13.289830
      -0.012641      13.292713
      -0.075825      13.296198
      -0.143368      13.279477
      -0.256887      13.242397
      -0.350459      13.200785
      -0.397119      13.173610
      -0.473432      13.183200
      -0.522159      13.206180
      -0.611017      13.217969
      -0.705092      13.200468
      -0.907908      13.218369
      -1.006336      13.266460
      -1.120379      13.292340
      -1.204233      13.320891
      -1.253885      13.363124
      -1.269490      13.416876
      -1.252128      13.473691
      -1.330495      13.539800
      -1.497197      13.616975
      -1.604856      13.692182
      -1.676223      13.711866
      -1.710158      13.670196
      -1.712186      13.641300
      -1.733362      13.698166
      -1.886708      13.759680
      -2.153328      13.773504
      -2.320008      13.655686
      -2.437734      13.478443
      -2.498410      13.297533
      -2.468586      13.119756
      -2.417994      12.888339
      -2.311125      12.517983
      -2.212187      11.948411
      -2.062738      11.135462
      -1.854186      10.140908
      -1.599767       8.961521
      -1.321537       7.687366
      -0.871653       6.124588
      -0.439757       4.489140
      -0.150541       3.054263
       0.084372       1.967999
       0.221664       1.217396
       0.337707       0.789221
       0.447881       0.560732
       0.570240       0.485623
       0.688954       0.441751
       0.717381       0.356624
       0.734554       0.262267
       0.712719       0.149354
       0.708159       0.088587
       0.674920       0.087415
       0.643767       0.104674
       0.625308       0.114256
       0.567379       0.039074
       0.497409      -0.134579
       0.455143      -0.365127
       0.343175      -0.674951
       0.229729      -1.027870
       0.196821      -1.385439
       0.120040      -1.749569
       0.008883      -2.251667
      -0.153106      -3.043573
      -0.234771      -3.831112
      -0.322899      -4.424072
      -0.446222      -4.796384
      -0.550267      -4.999112
      -0.685500      -5.064437
      -0.717133      -5.036857
      -0.825089      -5.009228
      -0.916072      -4.981309
      -1.015919      -4.876316
      -1.127561      -4.664618
      -1.192087      -4.373537
      -1.267475      -3.962812
      -1.426834      -3.399100
      -1.542281      -2.622160
      -1.723878      -1.641146
      -1.925553      -0.560532
      -2.144384       0.515871
      -2.308982       1.436979
      -2.463639       2.152888
      -2.547129       2.642440
      -2.561533       2.964723
      -2.604936       3.191801
      -2.686680       3.437589
      -2.761999       3.732925
      -2.800582       3.997246
      -2.858597       4.212556
      -2.893946       4.368147
      -2.903463       4.459235
      -2.909216       4.540167
      -2.974677       4.658755
      -3.103170       4.835019
      -3.212167       5.044252
      -3.281217       5.267494
      -3.337024       5.448785
      -3.417378       5.586331
      -3.466234       5.698390
      -3.553908       5.822835
      -3.629175       5.986526
      -3.679687       6.185770
      -3.758242       6.414477
      -3.799458       6.638025
      -3.842784       6.856282
      -3.883406       7.044106
      -3.919124       7.226521
      -3.971443       7.378336
      -4.029470       7.482663
      -4.097209       7.556780
      -4.194613       7.637383
      -4.272816       7.748932
      -4.369483       7.874293
      -4.463270       8.027711
      -4.498243       8.190418
      -4.558509       8.339571
      -4.652145       8.484210
      -4.801373       8.640896
      -4.968561       8.843957
      -5.159001       9.071284
      -5.303711       9.284219
      -5.443226       9.457062
      -5.551475       9.606676
      -5.617464       9.757523
      -5.719402      10.003611
      -5.848663      10.369172
      -6.000437      10.806408
      -6.103338      11.225120
      -6.145765      11.579443
      -6.151199      11.861838
      -6.178082      12.094234
      -6.259226      12.306948
      -6.478025      12.551876
      -6.682151      12.857353
      -6.846454      13.094746
      -6.951826      13.214008
      -6.968188      13.188787
      -6.937271      13.061113
      -6.903717      12.936380
      -6.799324      12.811736
      -6.617799      12.631484
      -6.337991      12.432723
      -5.970048      12.198524
      -5.555342      11.968125
      -5.085984      11.799296
      -4.665671      11.708328
      -4.299228      11.689158
      -4.014769      11.733866
      -3.800870      11.803871
      -3.619757      11.866383
      -3.460861      11.921178
      -3.427003      11.983873
      -3.434598      12.033955
      -3.485890      12.086283
      -3.534868      12.164476
      -3.512560      12.224441
      -3.471778      12.189003
      -3.396220      12.051907
      -3.284257      11.865375
      -3.172409      11.628552
      -3.037742      11.356554
      -2.871814      11.065153
      -2.674310      10.754161
      -2.458398      10.441914
      -2.191734      10.143284
      -1.947037       9.900875
      -1.725961       9.719353
      -1.447216       9.577733
      -0.947145       9.426798
      -0.162586       9.212790
       0.466514       8.940244
       1.064583       8.621445
       1.691584       8.256482
       2.182697       7.866580
       2.683784       7.461562
       2.989937       7.144689
       3.274618       7.023646
       3.539765       7.096094
       3.807733       7.236996
       4.023193       7.361761
       4.149500       7.454750
       4.147496       7.516177
       4.133554       7.565053
       4.047927       7.608528
       4.003976       7.627279
       3.902514       7.589731
       3.809334       7.454910
       3.655186       7.157289
       3.477648       6.770913
       3.326049       6.379380
       3.217949       6.005323
       3.127953       5.672145
       3.067242       5.357832
       2.964427       5.017054
       2.757296       4.692693
       2.484785       4.451008
       2.267175       4.363060
       2.043308       4.389553
       1.953973       4.465647
       1.806201       4.502915
       1.626485       4.547939
       1.436556       4.606680
       1.169127       4.656920
       0.921500       4.738367
       0.634986       4.925909
       0.369400       5.215874
       0.118315       5.627300
      -0.186054       6.191758
      -0.558563       6.863099
      -0.912796       7.500713
      -1.243735       8.027630
      -1.534686       8.458475
      -1.751012       8.819701
      -1.931805       9.176467
      -2.175492       9.644471
