       4.181801      17.512850
       4.203384      17.499826
       4.206534      17.479014
       4.213784      17.480443
       4.205197      17.510844
       4.191909      17.535100
       4.174943      17.535794
       4.158391      17.539922
       4.157388      17.517734
       4.150782      17.501558
       4.133851      17.491075
       4.120819      17.490470
       4.091064      17.496465
       4.063454      17.503329
       4.038875      17.506458
       4.001418      17.523310
       3.931712      17.523290
       3.825814      17.551509
       3.720092      17.598229
       3.572720      17.686366
       3.410011      17.810245
       3.282170      17.965964
       3.157767      18.092104
       3.088490      18.137984
       3.042598      18.130764
       3.016653      18.123246
       2.993921      18.151843
       2.919992      18.219733
       2.823339      18.295418
       2.747723      18.360462
       2.709339      18.413678
       2.681738      18.437561
       2.597407      18.442939
       2.517543      18.472065
       2.443583      18.531881
       2.385946      18.577078
       2.353674      18.611695
       2.313106      18.622640
       2.285388      18.619815
       2.249090      18.594365
       2.248108      18.574297
       2.246609      18.563365
       2.274607      18.526215
       2.315590      18.472632
       2.398689      18.414769
       2.480784      18.349430
       2.509368      18.282403
       2.499385      18.210208
       2.437589      18.201677
       2.351379      18.248745
       2.281769      18.325423
       2.222132      18.386942
       2.176144      18.395342
       2.115751      18.396727
       2.082697      18.389123
       2.043803      18.391231
       2.029611      18.390731
       2.050504      18.372163
       2.069855      18.337400
       2.088425      18.295386
       2.117585      18.245050
       2.109852      18.230826
       2.138285      18.210830
       2.110939      18.204497
       2.094769      18.210338
       2.073074      18.228383
       2.074802      18.241653
       2.110620      18.231477
       2.129446      18.203026
       2.141041      18.178793
       2.155604      18.156161
       2.174975      18.129581
       2.159027      18.120775
       2.160628      18.131818
       2.161958      18.140984
       2.175009      18.132588
       2.190805      18.139796
       2.178443      18.149658
       2.174462      18.141500
       2.201045      18.129347
       2.211451      18.150285
       2.233127      18.156025
       2.278355      18.148030
       2.296208      18.140124
       2.302355      18.125906
       2.304994      18.116314
       2.279730      18.122299
       2.258491      18.141643
       2.235874      18.162518
       2.221499      18.184082
       2.226081      18.193353
       2.212945      18.205478
       2.230411      18.180883
       2.227298      18.156706
       2.243254      18.132718
       2.253718      18.144370
       2.283385      18.153314
       2.327373      18.148846
       2.352659      18.139338
       2.375965      18.131765
       2.395168      18.121148
       2.407519      18.126675
       2.414262      18.136413
       2.413572      18.132713
       2.404458      18.133756
       2.421569      18.153866
       2.411125      18.204193
       2.423551      18.212213
       2.400505      18.199806
       2.381526      18.187487
       2.353158      18.210571
       2.332338      18.242096
       2.323151      18.256015
       2.322404      18.243922
       2.328099      18.225328
       2.348125      18.216164
       2.348409      18.218086
       2.340113      18.226643
       2.342759      18.219533
       2.335825      18.204056
       2.353773      18.181359
       2.351252      18.166760
       2.375901      18.118463
       2.344314      18.094466
       2.353463      18.105095
       2.335883      18.143123
       2.342350      18.157338
       2.395839      18.142749
       2.426245      18.106269
       2.448562      18.078090
       2.464849      18.068330
       2.460325      18.078463
       2.460997      18.096848
       2.460378      18.103746
       2.447509      18.102187
       2.433305      18.085920
       2.421844      18.089245
       2.418103      18.078140
       2.400362      18.077292
       2.402183      18.095841
       2.372971      18.128201
       2.360895      18.149865
       2.358757      18.149570
       2.346611      18.153450
       2.358906      18.153566
       2.364202      18.174901
       2.350975      18.186790
       2.342242      18.191231
       2.321738      18.205212
       2.292371      18.210937
       2.249129      18.203963
       2.262370      18.203345
       2.224413      18.192033
       2.226985      18.169241
       2.237993      18.179785
       2.251273      18.183808
       2.290869      18.162016
       2.318885      18.121853
       2.336997      18.101350
       2.325893      18.098623
       2.298338      18.119049
       2.275454      18.135713
       2.262451      18.146863
       2.236761      18.164940
       2.214880      18.166189
       2.214377      18.186704
       2.220624      18.183574
       2.217573      18.186688
       2.209672      18.194432
       2.200820      18.216543
       2.208193      18.215040
       2.230646      18.198771
       2.242822      18.190051
       2.264885      18.186823
       2.282526      18.203546
       2.296096      18.224209
       2.304166      18.235685
       2.266944      18.233805
       2.252807      18.220617
       2.232045      18.225757
       2.251353      18.224140
       2.213760      18.204090
       2.144969      18.181023
       2.092500      18.197014
       2.045822      18.221775
       2.066986      18.230902
       2.119532      18.188079
       2.160194      18.125974
       2.194407      18.090556
       2.166587      18.100503
       2.165441      18.111980
       2.150063      18.122454
       2.131661      18.131854
       2.100373      18.132513
       2.080677      18.143521
       2.051240      18.147026
       2.045157      18.154979
       2.041355      18.179533
       2.036566      18.201199
       2.086340      18.209303
       2.114884      18.201676
       2.117302      18.187722
       2.110514      18.170279
       2.076738      18.189496
       2.065151      18.215980
       2.067584      18.231044
       2.065437      18.245462
       2.086637      18.258158
       2.100937      18.265299
       2.125883      18.215173
       2.104436      18.188251
       2.110615      18.212107
       2.114539      18.261840
       2.132462      18.294484
       2.143608      18.282878
       2.193934      18.262806
       2.194721      18.263173
       2.175404      18.279011
       2.167817      18.294677
       2.160021      18.300307
       2.139983      18.296803
       2.096712      18.309222
       2.062005      18.343615
       2.063279      18.335477
       2.005576      18.335779
       1.953326      18.356418
       1.895276      18.399908
       1.857063      18.436051
       1.872923      18.446963
       1.871431      18.437042
       1.879134      18.424089
       1.897239      18.400140
       1.899444      18.387950
       1.907234      18.380345
       1.928586      18.366971
       1.951214      18.350586
       1.957807      18.343747
       1.984292      18.353346
       1.976343      18.326629
       1.951015      18.322703
       1.918073      18.372688
       1.883262      18.419415
       1.873095      18.440335
       1.883562      18.441943
       1.885313      18.415439
       1.871273      18.383302
       1.849326      18.384267
       1.865676      18.387541
       1.862865      18.393701
       1.833233      18.419251
       1.786319      18.428052
       1.720009      18.458043
       1.666922      18.475535
       1.609078      18.502122
       1.595684      18.517571
       1.569191      18.513344
       1.562466      18.509464
       1.599640      18.515980
       1.644842      18.506374
       1.686503      18.459544
       1.719688      18.417150
       1.720523      18.391595
       1.699324      18.388274
       1.687044      18.396020
       1.685831      18.413555
       1.706811      18.435765
       1.741465      18.432760
       1.760895      18.416230
       1.787761      18.398424
       1.810195      18.395748
       1.831428      18.392988
       1.874098      18.386263
       1.912064      18.364097
       1.922990      18.351023
       1.937673      18.348243
       1.956215      18.343846
       1.975838      18.341928
       1.998589      18.342545
       1.998359      18.337258
       2.017263      18.315618
       2.031787      18.285956
       2.101970      18.233928
       2.129087      18.195112
       2.176524      18.156605
       2.211560      18.148199
       2.241856      18.150212
       2.289695      18.160344
       2.303988      18.165780
       2.307835      18.169309
       2.303813      18.171242
       2.272598      18.190184
       2.227858      18.208964
       2.192796      18.232798
       2.187686      18.256796
       2.190810      18.255921
       2.195120      18.252965
       2.202397      18.224047
       2.173114      18.203741
       2.178295      18.212719
       2.175233      18.251544
       2.169103      18.272736
       2.170413      18.278145
       2.129976      18.272257
       2.128364      18.269190
       2.137028      18.291329
       2.152629      18.306138
       2.148166      18.282971
       2.116410      18.248490
       2.115580      18.240871
       2.114102      18.233645
       2.115181      18.238355
       2.094915      18.230023
       2.040098      18.235309
       2.017277      18.267214
       1.998760      18.307819
       2.028565      18.352018
       2.056935      18.375671
       2.071748      18.371997
       2.071473      18.353228
       2.061039      18.359212
       2.053826      18.366037
       2.079541      18.329508
       2.134313      18.256574
       2.196933      18.206942
       2.174218      18.210505
       2.172733      18.225839
       2.194031      18.200639
       2.212161      18.180973
       2.211344      18.179014
       2.174902      18.196532
       2.172950      18.233941
       2.189505      18.255285
       2.208278      18.270235
       2.247441      18.266704
       2.254690      18.275097
       2.227483      18.277144
       2.188706      18.275120
       2.155939      18.294259
       2.135022      18.306037
       2.165604      18.364739
       2.178074      18.420171
       2.171269      18.391934
       2.164208      18.344854
       2.157446      18.356581
       2.176217      18.362389
       2.160986      18.304050
       2.126546      18.225631
       1.999275      18.168332
       1.637941      18.130886
       0.946543      18.051979
       0.089003      17.894855
      -0.851527      17.663765
      -1.583097      17.418919
      -2.331401      17.268606
      -3.093850      17.236606
      -3.769526      17.228115
      -4.798368      17.267756
      -5.965623      17.232815
      -7.410148      17.044677
      -8.598432      16.722795
     -10.122468      16.300161
     -11.720048      15.688234
     -13.405636      14.912298
     -15.008722      13.967235
     -16.644823      12.926101
     -18.006838      11.841191
     -19.110748      10.839057
     -19.969993       9.950995
     -20.720059       9.230031
     -21.588869       8.683221
     -22.672838       8.279192
     -23.928194       8.112214
     -24.799779       8.188541
     -25.631783       8.428777
     -26.491180       8.706505
     -27.420773       8.955246
     -28.404465       9.130862
     -29.433397       9.305229
     -30.500961       9.502366
     -31.517779       9.750442
     -32.378936      10.037715
     -32.749435      10.299886
     -32.790129      10.432404
     -32.860770      10.409582
     -33.012032      10.346690
     -33.140306      10.206848
     -33.295663      10.015441
     -33.467837       9.678834
     -33.728322       8.850492
     -33.960997       6.900864
     -34.180350       4.113524
     -34.476624       1.330060
     -34.830987      -1.069682
     -35.065215      -2.968777
     -35.174262      -4.552358
     -35.120784      -6.125283
     -34.936909      -7.932900
     -34.752423      -9.677240
     -34.487931     -11.298563
     -34.215454     -12.859194
     -33.852899     -14.377531
     -33.462978     -15.702347
     -33.018283     -16.865040
     -32.522189     -17.821241
     -32.007109     -18.535769
     -31.216318     -19.340270
     -30.297675     -20.301139
     -29.291013     -21.362352
     -28.204242     -22.403081
     -27.103793     -23.367280
     -25.947807     -24.275024
     -24.719478     -25.199170
     -23.378879     -26.184140
     -22.188707     -27.110868
     -21.122595     -27.836966
     -20.179278     -28.469358
     -19.451446     -28.991811
     -18.880897     -29.300603
     -18.412524     -29.520673
     -17.980491     -29.752865
     -17.413171     -30.073781
     -16.725579     -30.508040
     -15.902706     -31.094324
     -14.871820     -31.812471
     -13.716349     -32.698783
     -12.368674     -33.707796
     -10.968852     -34.794166
      -9.582098     -35.787549
      -8.323128     -36.592722
      -7.197264     -37.171334
      -6.115802     -37.564872
      -5.080867     -37.883129
      -4.170570     -38.166138
      -3.307699     -38.423249
      -2.592501     -38.638420
      -1.896144     -38.748388
      -1.283293     -38.720387
      -0.957886     -38.639219
      -0.849348     -38.481082
      -0.844270     -38.196982
      -0.814471     -37.838568
      -0.849699     -37.457641
      -0.858329     -37.065995
      -0.885050     -36.593851
      -0.899428     -35.961246
      -0.873998     -35.138034
      -0.830919     -34.196432
      -0.738591     -33.110999
      -0.566472     -31.970130
      -0.429844     -30.980898
      -0.186406     -30.334991
      -0.029567     -30.079456
       0.051266     -30.115770
       0.134053     -30.364746
       0.111991     -30.752049
       0.232333     -31.483862
       0.488330     -32.638806
       0.253201     -33.787645
      -0.555806     -34.685896
      -1.870105     -35.243290
      -3.227023     -35.334379
      -4.219533     -35.166239
      -4.983918     -34.835094
      -5.547568     -34.515852
      -5.979627     -34.224433
      -6.391573     -33.966828
      -6.757537     -33.747655
      -7.073530     -33.582035
      -7.299421     -33.399552
      -7.394385     -33.184466
      -7.463039     -32.840329
      -7.504193     -32.413108
      -7.588571     -32.038184
      -7.731732     -31.810584
      -7.883339     -31.643580
      -7.997723     -31.536082
      -8.095409     -31.455019
      -8.181457     -31.410883
      -8.259538     -31.378326
      -8.368115     -31.286368
      -8.493918     -31.099144
      -8.525925     -30.940966
      -8.612436     -30.854933
      -8.643229     -30.808097
      -8.749039     -30.773328
      -8.885002     -30.718288
      -8.997678     -30.642640
      -9.127079     -30.557402
      -9.238446     -30.487869
      -9.335746     -30.438684
      -9.419699     -30.394604
      -9.491264     -30.353353
      -9.537140     -30.329148
      -9.597422     -30.314361
      -9.639232     -30.303761
      -9.653605     -30.269859
      -9.737268     -30.209862
      -9.759439     -30.071571
      -9.804253     -29.908168
      -9.776764     -29.569648
      -9.572800     -28.814075
      -9.290190     -27.573645
      -9.056859     -26.146367
      -8.884909     -24.649931
      -8.769726     -23.257111
      -8.675222     -21.880274
      -8.591802     -20.429216
      -8.492609     -18.803002
      -8.435956     -16.894693
      -8.612339     -14.587540
      -8.942369     -11.808546
      -9.465860      -8.694310
     -10.146128      -5.387912
     -11.035861      -1.999317
     -11.890190       1.503853
     -12.398388       4.899482
     -12.936489       8.047880
     -13.448792      10.979397
     -13.967953      13.658791
     -14.580549      16.131028
     -15.082861      18.165597
     -15.503592      19.795951
     -15.795857      21.007826
     -15.984745      21.747228
     -16.109739      22.084400
     -16.073213      22.061900
     -16.001294      21.745319
     -15.947201      21.198015
     -15.929049      20.448892
     -15.888988      19.592539
     -15.820842      18.672266
     -15.751573      17.709667
     -15.660130      16.770640
     -15.568934      15.917010
     -15.546312      15.183157
     -15.575442      14.601390
     -15.692630      14.144712
     -15.837909      13.805163
     -16.029072      13.616109
     -16.245167      13.547330
     -16.538831      13.598286
     -16.958885      13.681998
     -17.575335      13.796263
     -18.510919      13.941679
     -19.928264      14.147296
     -21.929944      14.503728
     -24.257179      15.119826
     -26.416498      15.939078
     -28.175731      16.810604
     -29.488898      17.604688
     -30.694919      18.338461
     -31.960848      19.068664
     -33.271805      19.809229
     -34.271619      20.530463
     -34.973983      21.150414
     -35.755869      21.775134
