       9.726302      19.844717
       9.673992      19.746234
       9.634117      19.746552
       9.628000      19.774014
       9.654674      19.851414
       9.656662      19.978693
       9.640988      20.088461
       9.643676      20.187401
       9.683717      20.230187
       9.745165      20.228424
       9.788491      20.169910
       9.763589      20.146449
       9.745703      20.145001
       9.726276      20.146953
       9.690853      20.144837
       9.686122      20.124117
       9.682244      20.106634
       9.649941      20.072309
       9.585450      20.023463
       9.505647      19.937254
       9.430606      19.835175
       9.352696      19.767092
       9.298485      19.730413
       9.270386      19.758439
       9.261148      19.784926
       9.229398      19.825027
       9.221310      19.916181
       9.173365      20.015463
       8.993739      20.242638
       8.518404      20.747708
       7.686830      21.386081
       6.313906      21.910645
       4.783648      22.114717
       3.115779      21.970333
       1.372892      21.515021
       0.229418      21.095478
      -0.021015      20.971503
      -0.007264      21.062271
      -0.190043      21.190363
      -0.295345      21.370976
      -0.352417      21.748486
      -0.367848      22.292380
      -0.294170      22.964063
      -0.278408      23.807441
      -0.302143      24.822292
      -0.385730      25.908174
      -0.517810      27.012307
      -0.406244      28.089361
      -0.148397      29.159805
       0.194607      30.353834
       0.611878      31.710991
       1.224250      33.089154
       1.934116      34.389887
       2.700128      35.400359
       3.476740      36.175042
       4.476884      36.868582
       5.653535      37.401518
       6.646591      37.773316
       7.295842      37.843610
       7.735725      37.612736
       7.919922      37.047628
       7.804918      36.002392
       7.515399      34.775843
       7.121019      33.463320
       6.807650      31.852202
       6.667340      30.090652
       6.396084      28.484825
       5.862201      27.184289
       5.243871      26.305889
       4.858666      25.730113
       4.716309      25.306095
       4.589401      24.846283
       4.376336      24.275041
       4.060238      23.398280
       3.617529      22.128849
       3.172192      20.437820
       2.830740      18.291836
       2.501044      15.386068
       1.926513      11.838621
       0.895002       8.033708
      -0.156763       3.989848
      -1.097097      -0.036788
      -1.806779      -3.503673
      -2.610219      -6.407833
      -3.727137      -9.140926
      -5.041449     -11.834983
      -6.179349     -14.278456
      -7.101700     -16.319306
      -7.830335     -17.926884
      -8.485024     -19.017238
      -9.297346     -19.694919
     -10.265323     -20.161271
     -11.059292     -20.674860
     -11.812235     -21.055323
     -12.683771     -21.191383
     -13.758521     -21.120553
     -15.129225     -20.709022
     -16.443488     -20.198438
     -17.120202     -19.934761
     -17.332133     -19.904407
     -17.529690     -20.012627
     -17.707605     -20.266999
     -17.935672     -20.423839
     -18.210836     -20.346772
     -18.356606     -20.169358
     -18.314920     -19.962519
     -18.225228     -19.802699
     -18.150662     -19.743895
     -18.098806     -19.782590
     -18.057823     -19.878262
     -18.008494     -20.011076
     -17.961736     -20.170658
     -17.994540     -20.317951
     -17.951195     -20.489650
     -17.950434     -20.613897
     -18.071883     -20.696967
     -18.147935     -20.727340
     -18.207410     -20.720181
     -18.272832     -20.691949
     -18.349122     -20.652816
     -18.365451     -20.662530
     -18.321366     -20.680730
     -18.311662     -20.675865
     -18.322148     -20.648154
     -18.329972     -20.628543
     -18.349556     -20.641502
     -18.395212     -20.726677
     -18.443886     -20.823261
     -18.457169     -20.931811
     -18.478431     -21.053693
     -18.504312     -21.187157
     -18.559722     -21.307978
     -18.619842     -21.419420
     -18.666005     -21.506783
     -18.697501     -21.591987
     -18.710098     -21.671339
     -18.729363     -21.751342
     -18.777290     -21.822793
     -18.817855     -21.846959
     -18.870443     -21.889254
     -18.918232     -21.936287
     -18.938066     -21.981164
     -18.971470     -22.031303
     -19.009400     -22.086398
     -19.042108     -22.133162
     -19.095871     -22.190854
     -19.164573     -22.254359
     -19.220277     -22.311322
     -19.254660     -22.358329
     -19.313962     -22.398472
     -19.355998     -22.426662
     -19.377981     -22.445709
     -19.385530     -22.472442
     -19.411424     -22.502594
     -19.433583     -22.510730
     -19.481165     -22.544187
     -19.530221     -22.573230
     -19.561766     -22.583794
     -19.600162     -22.602783
     -19.647739     -22.622191
     -19.672637     -22.638581
     -19.713757     -22.673396
     -19.739466     -22.696217
     -19.729343     -22.688130
     -19.717147     -22.645114
     -19.708730     -22.567907
     -19.650573     -22.436349
     -19.519385     -22.206938
     -19.201759     -21.721184
     -18.672246     -20.861717
     -18.017376     -19.597371
     -17.089788     -17.820946
     -15.971971     -15.522254
     -14.946657     -12.725902
     -14.092584      -9.650830
     -13.348040      -6.358869
     -12.747806      -3.017529
     -12.286717       0.117117
     -11.861990       2.742223
     -11.349336       4.940928
     -10.756116       6.763756
     -10.010514       8.446063
      -9.197856      10.125577
      -8.364862      11.909243
      -7.339179      13.955481
      -6.078960      16.377082
      -4.495998      19.309410
      -2.416325      22.970323
      -0.298721      27.023118
       1.621815      31.070507
       3.454658      34.867811
       5.011657      38.335206
       6.185589      41.812351
       7.191700      45.470831
       8.087514      49.438675
       8.832655      53.437632
       9.287988      57.369839
       9.667964      61.154903
      10.114348      64.958181
      10.527042      68.772678
      10.644489      72.427481
      10.501263      75.805012
      10.595427      78.970737
      10.736383      81.754671
      10.665300      84.208401
      10.449484      86.387902
      10.093321      88.332256
       9.552686      89.996515
       9.011968      91.297537
       8.437449      92.326459
       7.856598      93.293686
       7.237565      94.264663
       6.474848      95.298335
       5.582730      96.349133
       4.695363      97.297836
       4.134870      98.144473
       3.945098      99.023643
       4.008623     100.017983
       4.095054     101.249452
       4.236649     102.798900
       4.267595     104.707662
       4.242039     106.791753
       4.164423     108.638509
       4.098896     110.058888
       3.931111     110.983393
       3.577103     111.704292
       3.079368     112.358649
       2.497389     112.980989
       2.120082     113.639204
       1.897161     114.447811
       2.019440     115.444404
       2.259990     116.705355
       2.669028     118.028127
       3.145001     119.368646
       3.841459     120.920601
       4.883802     122.662553
       6.118105     124.306558
       7.213357     125.810176
       8.274734     127.327937
       9.203922     128.758428
       9.972660     129.830489
      10.417006     130.096324
      10.690221     129.823758
      10.653268     129.235115
      10.318421     128.476312
      10.187665     127.562483
      10.257271     126.601618
      10.222985     125.952962
      10.249658     125.758021
      10.397910     125.892493
      10.505597     126.045974
      10.437055     125.952856
      10.236514     125.701262
       9.997174     125.428938
       9.884349     125.180754
       9.842332     124.949599
       9.806960     124.722018
       9.893602     124.430295
       9.913488     124.129014
       9.840340     123.814551
       9.755822     123.400334
       9.718017     122.920966
       9.833420     122.456411
      10.067529     122.019104
      10.395311     121.642432
      10.680415     121.338256
      10.885667     120.998429
      10.889752     120.620786
      10.583749     120.214321
      10.172903     119.905444
       9.942838     119.859399
       9.739881     120.029317
       9.602809     120.197924
       9.364010     120.287050
       8.907788     120.306498
       8.127269     120.344208
       7.245082     120.353135
       6.382610     120.339671
       5.840791     120.362499
       5.591570     120.531407
       5.574001     120.802643
       5.675547     121.109772
       5.743788     121.332496
       5.934212     121.471154
       6.186920     121.576940
       6.366620     121.681531
       6.452219     121.756669
       6.391117     121.767083
       6.340498     121.573647
       6.403845     121.186202
       6.506676     120.825432
       6.575336     120.583203
       6.621049     120.435044
       6.722690     120.370416
       6.797936     120.316824
       6.758475     120.273849
       6.609014     120.247485
       6.424080     120.258753
       6.300078     120.284904
       6.232913     120.281008
       6.132880     120.318524
       6.084329     120.356554
       6.012463     120.389718
       5.948658     120.408398
       5.882195     120.414392
       5.839965     120.437939
       5.801484     120.453967
       5.786407     120.467285
       5.793356     120.484605
       5.812394     120.498972
       5.883250     120.459922
       5.925030     120.425893
       5.964091     120.423368
       6.011283     120.406659
       6.072780     120.360935
       6.139745     120.309325
       6.219347     120.235867
       6.286475     120.132247
       6.349303     120.052456
       6.414883     120.010482
       6.432043     120.021323
       6.420139     120.043869
       6.405328     120.049989
       6.398912     120.047939
       6.398054     120.062228
       6.426600     120.045685
       6.453517     120.000127
       6.439198     119.993812
       6.426980     120.009015
       6.416792     120.007985
       6.410968     120.007956
       6.416125     120.006276
       6.421280     119.992472
       6.421494     119.961047
       6.446964     119.901578
       6.474947     119.846470
       6.467902     119.809867
       6.447472     119.793062
       6.435495     119.778258
       6.437635     119.765765
       6.453971     119.750864
       6.476379     119.723422
       6.518016     119.676863
       6.555812     119.690579
       6.620722     119.738683
       6.677503     119.779336
       6.708444     119.813947
       6.750910     119.851366
       6.798384     119.886006
       6.829756     119.899159
       6.875931     119.907756
       6.933589     119.907717
       6.956125     119.923259
       6.965489     119.950187
       6.963985     119.967332
       6.956282     119.980621
       6.960632     119.997038
       6.986324     119.992394
       7.010222     119.954966
       7.012259     119.956404
       7.018698     119.968585
       7.035449     119.965593
       7.053715     119.975443
       7.100112     119.976463
       7.124028     119.982146
       7.140415     119.963330
       7.186146     119.931157
       7.227438     119.918422
       7.221109     119.929991
       7.208716     119.947642
       7.207594     119.944475
       7.210217     119.918917
       7.219752     119.899586
       7.232867     119.876632
       7.253316     119.622522
       7.384966     118.848254
       7.727191     117.401298
