       4.772947      13.406525
       4.809136      13.409466
       4.798929      13.415753
       4.795119      13.446357
       4.854647      13.511961
       4.885363      13.588231
       4.876067      13.621323
       4.896884      13.617311
       4.919405      13.580044
       4.933086      13.541376
       4.847229      13.558105
       4.522365      13.580721
       4.013565      13.493605
       3.567861      13.278216
       2.802516      13.082363
       2.008059      12.943480
       1.276185      12.805268
       0.774297      12.635566
       0.204329      12.463109
      -0.247048      12.466500
      -0.672081      12.660469
      -1.179260      12.846305
      -1.730801      12.864975
      -2.136063      12.759068
      -2.531265      12.590171
      -3.151713      12.380958
      -3.983474      12.154206
      -4.998390      11.842439
      -6.060299      11.304798
      -7.096064      10.425483
      -7.984385       9.375479
      -8.875339       8.205308
      -9.777370       6.868661
     -10.762463       5.511544
     -11.669628       4.257437
     -12.382132       3.122704
     -13.418883       1.938906
     -14.671759       0.844041
     -16.258676      -0.137985
     -18.013991      -1.102232
     -20.266343      -2.181394
     -23.060912      -3.424168
     -26.006441      -4.501162
     -28.874914      -5.392450
     -31.004114      -5.688722
     -32.576891      -5.625652
     -33.650884      -5.527860
     -33.902771      -5.495480
     -34.130692      -5.674169
     -34.997476      -6.103044
     -35.649923      -6.611347
     -35.455639      -7.155182
     -35.004135      -7.758809
     -34.526148      -8.434524
     -34.059046      -8.845551
     -33.354741      -9.025861
     -32.439598      -8.730819
     -31.692551      -8.177393
     -30.969967      -7.695232
     -30.123631      -7.454835
     -29.258709      -7.176891
     -28.231361      -6.818687
     -26.951351      -6.483457
     -25.353303      -6.253691
     -23.188365      -6.020568
     -20.422797      -5.652826
     -17.016835      -5.225140
     -13.810874      -4.882189
     -11.426695      -4.766284
      -9.865599      -4.800244
      -8.637754      -4.983104
      -7.603839      -5.321555
      -6.494999      -5.697542
      -5.478265      -6.264816
      -4.374283      -6.778735
      -3.324441      -7.214684
      -2.235706      -7.432220
      -1.157166      -7.658705
       0.157911      -7.913781
       1.443202      -8.299601
       2.356105      -8.607761
       2.146518      -8.714697
       1.274250      -8.806249
       0.505284      -8.987979
      -0.099249      -9.372934
      -0.918252      -9.826453
      -1.967187     -10.425831
      -2.990161     -11.202694
      -4.063678     -12.117296
      -5.307093     -13.161773
      -6.891783     -14.451747
      -8.359884     -15.980458
      -9.464175     -17.623292
     -10.251911     -19.317326
     -10.866300     -21.200703
     -11.451465     -23.317282
     -11.926358     -25.623577
     -12.419818     -27.893715
     -12.777830     -30.075201
     -13.201486     -32.246468
     -13.732948     -34.429775
     -14.176877     -36.441625
     -14.561954     -38.262215
     -14.844076     -39.874482
     -15.012949     -41.524354
     -15.143559     -43.338802
     -15.258618     -45.364225
     -15.353512     -47.353409
     -15.444226     -49.087808
     -15.491500     -50.458315
     -15.466405     -51.639397
     -15.526714     -52.858966
     -15.760055     -54.193356
     -16.110297     -55.459645
     -16.415549     -56.582477
     -16.550713     -57.608144
     -16.568051     -58.646416
     -16.643834     -59.755187
     -16.722128     -60.774253
     -16.754567     -61.614290
     -16.730513     -62.153376
     -16.595837     -62.388937
     -16.392034     -62.431781
     -16.243851     -62.347502
     -16.066985     -62.079739
     -15.773034     -61.672871
     -15.348621     -61.123911
     -14.851033     -60.443636
     -14.354003     -59.631002
     -13.879622     -58.676379
     -13.418479     -57.435793
     -12.874569     -55.627426
     -12.305039     -53.089277
     -11.756014     -49.914512
     -11.153879     -46.348437
     -10.453351     -42.652369
      -9.757840     -39.000793
      -9.183903     -35.535664
      -8.674538     -32.287656
      -8.391552     -29.163388
      -8.290996     -26.270816
      -8.302995     -23.586862
      -8.334447     -21.074717
      -8.418810     -18.887537
      -8.581109     -16.935898
      -8.669839     -15.036875
      -8.713788     -13.208128
      -8.729089     -11.449295
      -8.713151      -9.709708
      -8.632680      -7.733243
      -8.368096      -5.103940
      -7.919859      -1.777732
      -7.670839       1.916282
      -7.450641       6.137496
      -7.326657      10.579895
      -7.386732      14.768609
      -7.670345      18.621806
      -7.893898      22.134228
      -8.274126      25.156253
      -8.753484      27.852173
      -9.124404      30.312739
      -9.324747      32.615522
      -9.403912      34.825769
      -9.407352      36.572349
      -9.400278      37.453554
      -9.351837      37.573418
      -9.425762      37.512455
      -9.532124      37.604962
      -9.500706      37.845514
      -9.413078      38.086959
      -9.504288      38.309316
      -9.659874      38.161791
      -9.874627      37.685193
     -10.001662      36.796197
      -9.843140      35.243813
      -9.555922      32.821702
      -9.510153      29.393030
      -9.781753      25.268618
     -10.274291      20.611104
     -10.342611      15.663529
      -9.826124      11.140454
      -9.213512       7.397834
      -8.971512       4.103229
      -9.242370       0.795429
      -9.887441      -2.372391
     -10.635017      -5.249646
     -11.024361      -7.629817
     -11.321207      -9.371229
     -11.577394     -10.515531
     -12.011296     -11.243283
     -12.583174     -11.569928
     -13.190336     -11.608903
     -13.782845     -11.527607
     -14.467256     -11.313115
     -15.102338     -10.983618
     -15.709982     -10.659978
     -16.218195     -10.529499
     -16.743463     -10.507506
     -17.493862     -10.587230
     -18.433839     -10.803297
     -18.977128     -11.045471
     -19.077272     -11.359038
     -19.157920     -11.702580
     -19.352987     -11.958889
     -19.615955     -12.075132
     -19.815405     -12.102651
     -19.905045     -12.114376
     -19.955530     -12.217069
     -19.979099     -12.461987
     -19.906467     -12.802739
     -19.795007     -13.142561
     -19.710472     -13.377249
     -19.661811     -13.498563
     -19.727638     -13.536070
     -19.897408     -13.582576
     -20.015685     -13.719968
     -20.156699     -13.961492
     -20.267176     -14.271674
     -20.370465     -14.529108
     -20.448702     -14.631068
     -20.540954     -14.684994
     -20.602821     -14.719995
     -20.641738     -14.708097
     -20.677223     -14.669998
     -20.690045     -14.631543
     -20.660554     -14.603127
     -20.650028     -14.595698
     -20.667283     -14.631073
     -20.639421     -14.701962
     -20.638442     -14.738690
     -20.738028     -14.741578
     -20.762316     -14.723164
     -20.789899     -14.676220
     -20.804484     -14.630745
     -20.810009     -14.616232
     -20.853373     -14.642195
     -20.950144     -14.660439
     -21.053431     -14.621594
     -21.184201     -14.522352
     -21.356662     -14.442495
     -21.467723     -14.432202
     -21.583517     -14.485369
     -21.698699     -14.527604
     -21.784646     -14.499116
     -21.910946     -14.436988
     -22.036968     -14.418297
     -22.107026     -14.449693
     -22.194603     -14.483358
     -22.267944     -14.497406
     -22.332484     -14.478022
     -22.395949     -14.413528
     -22.432952     -14.309972
     -22.438965     -14.132193
     -22.451792     -13.873421
     -22.473926     -13.508029
     -22.496421     -13.029897
     -22.552806     -12.385405
     -22.603263     -11.517234
     -22.630948     -10.584637
     -22.609816      -9.604160
     -22.626036      -8.675044
     -22.703352      -7.853542
     -22.845510      -7.170956
     -22.969811      -6.793691
     -23.053981      -6.672460
     -23.068564      -6.600919
     -23.115016      -6.543792
     -23.210280      -6.477026
     -23.331268      -6.411470
     -23.420018      -6.408561
     -23.471808      -6.516229
     -23.505091      -6.645817
     -23.494338      -6.779702
     -23.451603      -6.918577
     -23.410372      -7.048391
     -23.391779      -7.204663
     -23.402166      -7.468810
     -23.391906      -7.777389
     -23.382461      -8.034961
     -23.340008      -8.211576
     -23.292754      -8.333037
     -23.251742      -8.462805
     -23.235820      -8.575123
     -23.232233      -8.576643
     -23.240240      -8.431744
     -23.248708      -8.168417
     -23.217067      -7.844836
     -23.191362      -7.528699
     -23.214724      -7.340246
     -23.248844      -7.296626
     -23.285437      -7.259426
     -23.320551      -7.180126
     -23.365940      -7.145762
     -23.433018      -7.134253
     -23.481435      -7.125697
     -23.497269      -7.166618
     -23.464902      -7.270074
     -23.446766      -7.415478
     -23.421116      -7.591581
     -23.359922      -7.777327
     -23.285163      -7.948670
     -23.212820      -8.112775
     -23.122894      -8.260076
     -23.041061      -8.358143
     -22.939008      -8.409226
     -22.849456      -8.414996
     -22.795009      -8.399762
     -22.806877      -8.317952
     -22.890488      -8.177705
     -22.977261      -7.977529
     -23.083839      -7.748246
     -23.176421      -7.544713
     -23.244284      -7.450935
     -23.293031      -7.468559
     -23.360068      -7.523437
     -23.434902      -7.534374
     -23.524374      -7.510623
     -23.611283      -7.499930
     -23.676136      -7.515549
     -23.720160      -7.549293
     -23.737058      -7.589483
     -23.746473      -7.667171
     -23.779950      -7.796756
     -23.847706      -7.999673
     -23.872824      -8.306166
     -23.870619      -8.646872
     -23.835731      -8.851169
     -23.787403      -8.938568
     -23.749778      -8.980534
     -23.736742      -9.040978
     -23.740941      -9.096349
     -23.760301      -9.105300
     -23.791653      -9.096073
     -23.799082      -9.097629
     -23.806436      -9.073168
     -23.786918      -9.007575
     -23.770603      -8.931967
     -23.741905      -8.873242
     -23.720983      -8.816258
     -23.729937      -8.819939
     -23.683361      -8.874958
     -23.617143      -8.931278
     -23.459532      -8.955174
     -23.251853      -8.981245
     -23.076949      -9.003870
     -22.965544      -9.030638
     -22.850243      -9.018591
     -22.716080      -8.996565
     -22.602217      -9.010054
     -22.511284      -9.085420
     -22.432804      -9.164840
     -22.365172      -9.179995
     -22.300688      -9.145764
     -22.171275      -9.126345
     -21.999217      -9.190045
     -21.832930      -9.296586
     -21.661547      -9.414467
     -21.455687      -9.523472
     -21.249623      -9.626872
     -21.043588      -9.692799
     -20.866137      -9.766636
     -20.666112      -9.929298
     -20.311961     -10.219994
     -19.882696     -10.587944
     -19.399562     -10.987442
     -18.970249     -11.470071
     -18.597131     -12.063355
     -18.257881     -12.587396
     -17.962010     -13.053983
     -17.767389     -13.342327
     -17.592204     -13.459190
     -17.485012     -13.488459
     -17.430023     -13.400126
     -17.364971     -13.297100
     -17.332462     -13.297384
     -17.417112     -13.405307
     -17.493347     -13.501193
     -17.658793     -13.589440
     -17.811999     -13.583286
     -17.795114     -13.659973
     -17.829497     -13.997650
     -17.785190     -14.654090
     -17.760174     -15.612627
     -17.740237     -16.722236
     -17.673731     -17.858798
     -17.600959     -19.021896
     -17.472384     -20.232005
     -17.414973     -21.303094
     -17.374838     -22.183114
     -17.482470     -22.876262
     -17.687131     -23.360910
     -17.826474     -23.681508
     -17.995657     -23.833895
     -18.196980     -23.779287
     -18.266489     -23.570967
     -18.355084     -23.302711
     -18.634987     -22.970782
     -18.908165     -22.633846
     -19.070370     -22.304396
     -19.129055     -22.009288
     -19.158127     -21.774238
     -19.181028     -21.585314
     -19.241283     -21.386370
     -19.312771     -21.190440
     -19.382694     -20.994928
     -19.445124     -20.829435
     -19.498185     -20.695828
     -19.535488     -20.567136
     -19.562512     -20.411604
     -19.618160     -20.217651
     -19.671176     -19.972667
     -19.658387     -19.676056
     -19.681831     -19.301771
     -19.779958     -18.883771
     -19.927057     -18.423293
     -20.078847     -17.950065
     -20.183289     -17.583538
     -20.239855     -17.385236
     -20.288996     -17.324990
     -20.337449     -17.298915
     -20.361325     -17.250325
     -20.406529     -17.157745
     -20.467926     -17.023256
     -20.519375     -16.841322
     -20.531427     -16.625753
     -20.551011     -16.427251
     -20.522094     -16.277962
     -20.484715     -16.178318
     -20.471618     -16.077591
     -20.460765     -15.979884
     -20.475809     -15.882343
     -20.524797     -15.836242
     -20.574210     -15.840473
     -20.645579     -15.870500
     -20.717689     -15.906321
     -20.768678     -15.934276
     -20.795705     -15.934125
     -20.846211     -15.893383
     -20.888193     -15.860200
     -20.948582     -15.843171
     -21.019126     -15.881790
     -21.051634     -15.937727
     -21.101059     -15.961239
     -21.118617     -15.965012
     -21.113651     -15.995585
     -21.113777     -16.038689
     -21.144583     -16.095129
     -21.172110     -16.138190
     -21.203751     -16.173977
     -21.235703     -16.216495
     -21.263029     -16.245851
     -21.299145     -16.237940
     -21.332690     -16.222963
     -21.360320     -16.234280
     -21.378082     -16.259250
     -21.394372     -16.264516
