       5.143101       6.194092
       5.026255       6.230435
       4.919897       6.283330
       4.774118       6.322619
       4.624849       6.377983
       4.499755       6.463909
       4.404873       6.517784
       4.316003       6.544198
       4.224606       6.474460
       4.200478       6.230465
       4.314722       5.513028
       4.465524       4.478882
       4.561200       2.937931
       4.364461       0.824027
       3.742692      -1.542432
       2.688602      -3.971872
       1.073013      -6.416491
      -0.563487      -8.883572
      -1.824679     -11.434418
      -2.696222     -14.224722
      -3.036902     -17.900248
      -2.979089     -23.389900
      -2.600269     -30.870857
      -2.252472     -39.394953
      -2.043627     -47.788078
      -2.165337     -55.161385
      -1.639571     -60.382214
      -1.311087     -64.523526
      -1.132661     -67.624123
      -0.906141     -69.795752
      -0.809846     -71.330498
      -0.827677     -72.446739
      -0.907424     -73.198155
      -1.049182     -73.862130
      -1.209481     -74.568346
      -1.253933     -75.442382
      -1.127852     -76.400692
      -0.942657     -77.378245
      -0.780721     -78.513065
      -0.336280     -80.778317
       1.053586     -86.398772
       1.424002     -93.975777
       0.607746    -100.565321
       0.188249    -105.270183
       0.032864    -108.699834
      -0.031380    -112.217514
      -0.324381    -116.379216
      -0.679087    -120.989055
      -0.852640    -125.440294
       0.301950    -129.483397
       0.850190    -132.577301
       0.653724    -134.696003
       0.342500    -136.340096
       0.095562    -138.008551
      -0.108074    -139.816811
      -0.187212    -141.418531
      -0.113140    -142.858367
       0.120531    -144.104067
       0.269560    -145.337557
       0.191924    -146.775381
      -0.076525    -148.290083
      -0.237419    -149.733590
      -0.385360    -150.875583
      -0.522409    -151.979808
      -0.842968    -153.009390
      -1.237283    -154.144282
      -1.341647    -155.636952
      -1.167122    -157.415381
      -1.000381    -159.085731
      -1.223292    -160.455081
      -1.321512    -161.885562
      -1.355769    -163.354636
      -1.584096    -164.708658
      -2.005487    -165.756570
      -2.245745    -166.638994
      -2.252672    -167.717215
      -2.096471    -169.321082
      -1.738893    -172.043638
      -1.351709    -175.791317
      -1.319718    -179.498022
      -1.430881     177.586900
      -1.678102     174.970188
      -2.257869     172.362608
      -2.900073     170.044681
      -3.611582     169.025522
      -3.544315     170.111183
      -2.695085     174.249192
      -1.617517     179.780720
      -0.938370    -173.654887
      -0.775671    -166.509972
      -0.504202    -158.745399
      -0.475216    -151.505151
      -2.101828    -146.069403
      -5.229830    -142.429919
      -9.272514    -139.525633
     -14.040395    -136.203468
     -18.005652    -132.509089
     -20.450788    -128.424245
     -21.898181    -124.195847
     -22.380678    -119.925387
     -22.694435    -115.299791
     -23.272136    -110.414499
     -23.588156    -105.564354
     -23.486270    -101.358006
     -23.226201     -97.844727
     -23.171749     -94.810807
     -23.726758     -91.729870
     -25.058222     -88.353054
     -26.866511     -84.671440
     -29.376028     -80.688448
     -31.058688     -76.812630
     -32.264403     -73.111171
     -33.484213     -69.576098
     -34.343024     -66.413913
     -34.795555     -63.673736
     -35.564583     -61.209846
     -36.809272     -58.829963
     -37.878320     -56.571607
     -38.538557     -54.418173
     -39.143048     -52.328516
     -39.755409     -50.106710
     -40.544904     -47.364172
     -41.453855     -42.723301
     -43.037502     -35.073875
     -44.790348     -27.691379
     -45.734854     -22.722173
     -46.583022     -19.521463
     -47.380098     -16.992942
     -48.384973     -14.530991
     -49.207072     -12.091136
     -50.161779      -9.793429
     -51.324579      -7.263021
     -52.573160      -3.703063
     -53.831984       0.046387
     -54.610064       3.161999
     -55.042237       5.679345
     -55.400574       7.811965
     -55.884489       9.546152
     -56.245788      11.121122
     -56.580141      12.577754
     -57.106516      14.026661
     -57.702478      15.372735
     -58.308226      16.748474
     -58.746602      18.028643
     -58.615812      19.025506
     -57.521995      20.063633
     -56.350302      21.409453
     -55.110537      22.885158
     -53.032794      23.957176
     -50.341231      24.582581
     -46.970627      24.078269
     -43.532068      23.287934
     -41.174755      23.251164
     -40.143937      23.829137
     -40.915046      24.163330
     -42.603711      24.193778
     -43.633050      24.453767
     -43.504393      24.880017
     -41.526078      25.607748
     -37.910593      26.521871
     -31.828363      27.838265
     -24.481972      29.248585
     -17.711556      30.457325
     -12.136957      31.643835
      -7.687994      32.844207
      -4.184263      33.915863
      -1.214625      34.932805
       0.748915      35.653177
       2.109659      35.991500
       3.389914      36.005336
       4.133383      35.716148
       5.245131      35.719541
       6.010001      35.549113
       6.510145      34.794438
       7.128212      33.855510
       7.647377      32.715676
       8.319102      31.828684
       8.567525      30.878946
       8.624885      29.727691
       8.495589      28.036119
       8.344955      25.581940
       7.906268      22.674533
       7.924268      19.663941
       8.019216      16.385511
       8.225781      12.696019
       8.439338       8.762119
       8.482879       5.021095
       8.732357       1.651664
       8.979236      -1.683115
       9.251092      -4.364561
       9.518993      -6.460477
       9.847680      -7.585829
      10.400547      -7.967740
      11.063146      -7.922574
      11.858693      -7.620780
      13.010862      -7.137471
      14.747664      -6.224782
      16.894709      -4.864948
      18.594628      -2.987414
      20.050507      -0.461918
      21.107371       2.463555
      22.029156       5.320816
      22.499853       7.606892
      22.726753       9.113712
      22.566617       9.741932
      22.346011       9.860036
      22.035004       9.983314
      21.676356      10.366715
      21.432274      11.106016
      21.191701      12.095289
      20.750654      13.234886
      20.136478      14.518851
      19.279973      16.188111
      18.272512      18.384035
      17.073207      21.262849
      15.579627      24.679859
      13.966372      28.689216
      12.034286      33.034875
      10.314683      37.126242
       8.839746      40.782891
       7.310693      44.041647
       5.456927      47.345526
       3.897076      50.541831
       2.506357      53.377274
       1.376073      55.716538
       0.321245      57.786038
      -0.338991      59.554873
      -0.824324      61.214567
      -0.861087      63.118501
      -0.484549      64.490051
       0.182026      64.887720
       0.588901      64.828251
       0.731960      64.691817
       0.882902      64.166879
       1.054372      63.398979
       1.306128      62.329798
       1.733512      61.224383
       2.239891      60.184732
       2.631770      59.195595
       3.088485      58.060945
       3.463473      56.792194
       3.815776      55.879238
       4.068378      55.337928
       4.272707      55.081584
       4.311900      54.712960
       4.362060      54.400046
       4.436154      54.193103
       4.591442      54.048247
       4.709586      53.688250
       4.877264      53.092220
       5.019871      52.116128
       5.126532      51.253351
       5.176178      50.517619
       5.101383      49.787628
       5.051921      49.172777
       4.988289      48.676384
       4.902866      48.392117
       4.769816      48.046934
       4.611402      47.435881
       4.543598      46.024080
       4.876860      44.002500
       5.075008      42.270009
       5.075689      41.272741
       4.992478      40.752971
       4.934227      40.081753
       5.113217      38.959027
       5.251864      37.723763
       5.197055      36.817588
       4.995720      35.934025
       4.492018      34.872955
       3.801130      33.568700
       3.490290      32.455238
       3.303453      31.579842
       3.141412      30.745024
       3.254674      29.932963
       3.551349      28.855316
       3.837228      28.021314
       3.966571      27.615347
       3.993011      27.661603
       4.010487      27.857684
       4.000889      28.051462
       3.989575      28.104688
       3.984826      27.832524
       4.025804      27.520242
       4.167666      27.423099
       4.196139      27.251432
       4.163567      26.914697
       4.088147      25.940313
       4.055153      23.392955
       3.821739      19.333745
       3.520425      14.327929
       3.670377      10.002357
       4.031759       6.808572
       4.247267       5.156397
       4.398617       5.026423
       4.705337       4.889155
       4.771318       4.524710
       4.533322       4.109565
       4.367064       3.846352
       4.240924       3.674260
       3.972840       3.499201
       3.665023       3.265391
       3.192435       3.067662
       2.630041       2.863326
       2.200886       2.837729
       1.964140       3.127101
       1.900808       3.480757
       1.899508       3.744215
       1.879047       3.812022
       1.885704       3.814109
       1.890888       3.798672
       1.937382       3.785899
       1.947442       3.793931
       1.986229       3.887017
       2.005585       4.143591
       1.893280       4.884334
       1.418031       5.877332
       0.789067       6.774193
       0.701006       7.321038
       0.604904       7.498720
       0.623466       7.643535
       0.591104       8.010145
       0.547873       8.691761
       0.512547       9.533350
       0.499388      10.566720
       0.342639      11.674785
       0.118039      12.726505
      -0.088986      13.371763
      -0.213778      13.533870
      -0.261429      13.415157
      -0.149662      13.275587
       0.166069      13.357463
       0.456873      13.628187
       0.652873      13.837190
       0.715105      13.972289
       0.734388      14.018317
       0.703380      14.023618
       0.672973      13.919779
       0.624709      13.556115
       0.602060      13.574266
       0.383571      14.129181
       0.044475      15.104745
      -0.427949      16.134450
      -0.717438      16.473424
      -0.845063      16.131847
      -0.827728      15.607164
      -0.957505      14.984972
      -1.269291      13.693615
      -1.685146      11.220867
      -2.036213       7.994455
      -2.035969       4.784415
      -1.897110       2.008360
      -1.537565      -0.011201
      -1.108119      -1.888450
      -0.455844      -3.859287
       0.418897      -6.196495
       1.187944      -8.221216
       1.692191      -9.868249
       1.731851     -10.935891
       1.560562     -11.605035
       1.841169     -12.042905
       2.217469     -12.484318
       2.537492     -12.873877
       2.779958     -13.244443
       2.689216     -13.610361
       2.318497     -14.242047
       2.084181     -14.928630
       2.116727     -15.424239
       2.188563     -15.651746
       2.324805     -15.682935
       2.438145     -15.700090
       2.454725     -15.804890
       2.481950     -16.006085
       2.489799     -16.267299
       2.482545     -16.506633
       2.564490     -16.693802
       2.764354     -16.841119
       2.970181     -16.952505
       3.067833     -16.994182
       3.121379     -16.953412
       3.130134     -16.901812
       3.129188     -16.862564
       3.187027     -16.904474
       3.544019     -16.994226
       4.013308     -17.160814
       4.471709     -17.341368
       4.798607     -17.487996
       4.974383     -17.567346
       5.055238     -17.556420
       5.036106     -17.458278
       5.040283     -17.347596
       5.085786     -17.246905
       5.086321     -17.172037
       5.071579     -17.111374
       5.178378     -17.264620
       5.266717     -17.446817
       5.249398     -17.511499
       5.185753     -17.460533
       5.025749     -17.328555
