       1.645656      18.997104
       1.537461      19.090274
       1.378158      19.347163
       1.131847      19.870451
       1.098682      20.798879
       1.608676      22.208630
       2.078575      23.438863
       2.261941      24.136475
       2.124878      24.244362
       1.815193      23.998252
       1.456963      23.675740
       1.149901      23.513360
       0.799747      23.483453
       0.215065      23.489653
      -0.835388      23.450576
      -2.680396      23.145392
      -5.315012      22.194754
      -8.674609      20.320381
     -11.990732      17.724708
     -14.877853      14.905611
     -17.598396      12.018496
     -20.040598       9.087840
     -22.245342       5.892443
     -23.669730       2.938224
     -24.391872       0.457624
     -24.593968      -1.439581
     -24.570176      -2.752513
     -24.276620      -3.517470
     -23.760423      -4.106240
     -22.777439      -4.692274
     -21.682612      -5.325050
     -20.671008      -6.043483
     -19.488400      -6.990874
     -18.313103      -8.257455
     -16.906291      -9.835035
     -15.275790     -12.091979
     -13.428891     -16.258132
     -11.347809     -24.454282
      -9.830387     -34.574755
      -8.987805     -44.778968
      -8.409912     -54.242455
      -8.325761     -62.846376
      -8.882617     -70.859382
      -9.755107     -79.199979
      -9.797155     -88.802523
     -10.665760     -98.607794
     -13.288814    -106.978962
     -15.213720    -113.139144
     -16.728794    -117.198013
     -17.825226    -120.122290
     -18.531728    -122.833209
     -19.024430    -125.526040
     -19.203419    -128.315972
     -18.890297    -131.276348
     -17.516758    -134.681422
     -16.119166    -138.677907
     -15.377451    -142.354392
     -14.903410    -145.614349
     -14.599101    -148.691963
     -14.739452    -151.555489
     -14.787888    -154.362372
     -14.492461    -157.132148
     -13.827040    -159.785841
     -12.502742    -162.221677
     -10.704395    -164.138890
      -8.417649    -165.933250
      -6.818979    -167.889814
      -5.538391    -169.896173
      -4.015079    -171.624515
      -2.653529    -172.505035
      -1.250722    -173.493070
      -0.359139    -174.326244
       0.557775    -175.554508
       1.341492    -176.655498
       2.388658    -177.808711
       3.430544    -178.927769
       4.435491    -179.928898
       5.542695     179.012009
       6.618525     178.350832
       7.911040     177.889279
       8.899427     177.599897
       9.645543     177.491372
       9.712983     177.520320
       9.503950     177.614838
       8.944798     177.673938
       8.143881     178.013308
       5.886008     178.823421
       1.587555     179.991748
      -3.253311    -178.376516
      -7.942113    -176.578990
     -12.021693    -175.090235
     -16.359729    -173.394065
     -21.688681    -171.581715
     -26.733989    -168.979691
     -29.336854    -165.936980
     -31.995991    -162.252782
     -34.838445    -157.399168
     -37.278335    -152.695733
     -38.858349    -148.511621
     -40.059952    -145.671215
     -40.937286    -144.134433
     -41.689668    -143.244452
     -42.685139    -142.279711
     -43.820099    -140.862392
     -44.827271    -139.081341
     -45.419677    -137.153356
     -45.907055    -135.234385
     -46.408825    -133.272273
     -46.668719    -131.670874
     -46.930552    -130.280978
     -46.999750    -128.957779
     -47.046819    -127.601495
     -47.172694    -126.199903
     -47.203011    -124.692400
     -46.989812    -122.798345
     -46.669681    -121.025784
     -46.589797    -120.043529
     -46.868897    -120.146187
     -47.328240    -120.929644
     -47.860215    -121.751404
     -48.345572    -122.160472
     -48.753567    -122.105161
     -49.194731    -121.880931
     -49.466612    -120.906564
     -49.528418    -119.863537
     -49.341578    -119.656502
     -49.532503    -119.978095
     -50.134040    -120.573469
     -50.971391    -121.824085
     -51.928118    -124.068651
     -52.644160    -126.880712
     -52.942813    -129.537514
     -53.002151    -131.947792
     -52.969789    -134.677857
     -52.779632    -138.215431
     -52.319375    -142.294359
     -51.252540    -146.445978
     -49.902715    -150.964583
     -48.446851    -155.234422
     -47.222226    -159.227692
     -45.994812    -163.374006
     -44.594542    -167.179737
     -43.264694    -170.296081
     -42.296160    -172.572393
     -41.635022    -174.129457
     -41.525073    -174.847655
     -41.523597    -174.758442
     -41.134636    -174.193065
     -40.262257    -173.140451
     -38.825163    -171.663915
     -37.529112    -170.270163
     -35.965877    -169.268801
     -34.137395    -168.809909
     -32.174944    -168.489015
     -30.036702    -167.217874
     -27.845497    -163.654878
     -25.450876    -157.585697
     -23.073108    -150.086084
     -20.835154    -141.167452
     -18.465712    -130.829093
     -15.702333    -119.266240
     -12.819533    -107.174097
      -9.814540     -94.959665
      -7.175086     -83.899445
      -4.837793     -74.548034
      -1.897634     -66.692842
       1.275753     -59.485025
       3.981963     -52.353258
       6.546458     -45.699670
       8.862617     -39.775653
      10.341272     -34.732358
      11.048473     -30.827035
      11.000250     -27.670057
      10.829539     -24.610603
      10.580178     -21.495913
      10.601613     -18.150738
      10.757170     -14.606730
      10.961224     -11.253493
      11.061345      -8.332236
      11.162737      -5.884852
      11.174832      -3.904075
      10.789467      -2.114140
       9.817090      -0.419976
       8.757431       1.341738
       7.838995       3.185412
       7.228614       5.025509
       6.357882       6.685315
       4.685205       8.016663
       1.950618       8.885638
       0.099481       9.711619
      -1.090680      10.622377
      -1.831130      11.472556
      -2.655771      12.040205
      -3.271818      12.309377
      -3.641198      12.265364
      -3.858422      11.967440
      -4.151918      11.560256
      -4.861381      11.001517
      -6.590565      10.026968
      -9.515198       8.539504
     -11.870171       7.184617
     -12.918885       6.647373
     -13.341242       6.875925
     -13.512221       7.331718
     -13.597303       7.576834
     -13.467312       7.715733
     -13.271840       7.808783
     -13.162875       7.916088
     -13.175910       8.049770
     -13.052009       8.387241
     -12.809615       8.836408
     -12.608388       9.431985
     -12.443298      10.121494
     -12.478569      10.790814
     -13.092279      11.276299
     -14.410515      11.574504
     -16.180983      11.342043
     -17.591192      10.399237
     -18.531296       9.261667
     -19.252524       8.375630
     -19.483630       8.052803
     -19.518578       7.931064
     -19.567471       7.680642
     -19.639447       7.219084
     -19.556681       6.678434
     -19.325874       6.092449
     -18.871191       5.546727
     -18.410784       5.070441
     -17.980333       4.757086
     -17.521858       4.575550
     -17.196215       4.431337
     -16.942001       4.337382
     -16.792338       4.290091
     -16.735379       4.290928
     -16.549835       4.338904
     -16.248491       4.394308
     -15.916475       4.540201
     -15.549835       4.892672
     -15.008267       5.797264
     -13.849368       8.128034
     -11.890696      12.567432
      -9.648796      19.108142
      -8.088385      25.794690
      -6.804860      31.372753
      -6.046641      35.414496
      -5.656881      38.329810
      -5.252630      40.528635
      -4.071665      42.507421
      -2.155070      44.603289
       0.090229      47.176341
       1.599002      49.648241
       2.939882      51.727149
       4.416407      53.559364
       6.232861      55.449970
       8.300051      57.503893
      10.143942      59.318477
      11.588399      60.826326
      13.125140      61.833701
      15.081452      62.752854
      17.440726      63.879494
      19.459984      65.233185
      21.200186      66.149317
      22.830118      66.573670
      24.198885      66.905711
      24.951212      67.192295
      25.584920      67.788004
      25.724749      68.627254
      25.521788      70.133840
      24.808843      71.751083
      23.510432      73.543504
      21.404045      75.294830
      18.681786      77.250394
      15.621049      79.526818
      12.446753      82.025324
       9.538374      84.713278
       6.566149      87.320995
       3.725850      89.761727
       1.156989      91.924520
      -0.991579      94.051897
      -2.529912      96.292247
      -3.590394      97.937146
      -4.490044      98.760946
      -5.087860      98.964601
      -5.093537      99.034387
      -5.123446      98.897613
      -5.224435      98.256175
      -5.535499      97.274163
      -5.736240      95.582257
      -5.952724      93.153814
      -6.077418      90.789687
      -6.148715      88.812626
      -6.175625      87.013293
      -6.147922      85.478551
      -6.350085      84.448269
      -6.968939      83.913365
      -7.916833      83.551304
      -9.097909      83.156020
     -10.295261      82.623136
     -11.111733      82.202265
     -11.485703      81.965806
     -11.747527      81.930651
     -12.059173      81.723819
     -12.170779      81.148840
     -11.865782      79.980444
     -11.332830      78.279762
     -10.870533      76.011882
     -10.497473      73.695111
     -10.181010      71.524274
      -9.913238      69.627203
      -9.621646      67.505063
      -9.178456      64.887147
      -8.581059      62.095437
      -7.819533      59.370292
      -7.240565      57.154683
      -6.604734      55.196040
      -6.060580      53.248597
      -5.357047      50.946999
      -4.017810      47.800542
      -2.599493      43.146814
      -1.961816      38.713226
      -1.604073      34.800417
      -1.532911      30.857947
      -1.839779      26.564028
      -2.203193      22.303483
      -2.451839      18.231457
      -2.328674      14.532025
      -1.566907      11.040153
      -1.323250       7.721308
      -1.241998       4.756540
      -1.252656       2.016542
      -1.110803      -0.655317
      -0.874429      -3.334072
      -0.677698      -5.759472
      -0.590004      -7.896872
      -0.604637      -9.335187
      -0.808213     -10.150643
      -1.072260     -10.549792
      -1.447394     -11.127464
      -2.155201     -12.221769
      -2.939328     -13.467653
      -3.360126     -14.096221
      -3.523251     -13.966661
      -3.708316     -13.818770
      -3.892264     -13.609149
      -4.040786     -13.168203
      -4.004827     -12.397997
      -4.009438     -11.525855
      -4.207003     -10.391503
      -4.655234      -8.681347
      -4.818213      -7.026495
      -4.649732      -5.728480
      -4.530509      -4.746643
      -4.597519      -3.963703
      -4.746224      -3.340819
      -4.837468      -2.788010
      -4.982291      -2.242263
      -5.301389      -1.621180
      -5.365521      -0.959409
      -5.215865      -0.356811
      -5.092827       0.110671
      -5.031032       0.449456
      -5.086237       0.656918
      -5.079024       0.793597
      -4.970289       0.866229
      -4.948820       0.904262
      -5.041102       0.928919
      -5.235203       0.994815
      -5.389810       1.114289
      -5.325060       1.376194
      -5.219028       1.654548
      -5.207087       1.891778
      -5.286107       2.119181
      -5.463193       2.415554
      -5.630647       2.773490
      -5.781168       3.220461
      -6.157870       3.657732
      -6.983394       3.883573
      -7.399846       4.302104
      -7.531144       4.935701
      -7.938369       5.734903
      -8.361432       6.683947
      -8.440308       7.559633
      -8.430889       8.241521
      -8.508440       8.665766
      -8.653017       8.957825
      -8.776197       9.214395
      -8.854437       9.461887
      -8.858806       9.684247
      -8.842343       9.895159
      -8.837899      10.025755
      -8.861330      10.037417
      -8.874303       9.849373
      -8.890288       9.484346
      -9.030088       9.015035
      -9.152606       8.622098
      -9.199705       8.339365
      -9.266436       8.126721
      -9.327721       7.939456
      -9.412104       7.722581
      -9.454021       7.426848
      -9.409786       7.134542
      -9.350125       6.851779
      -9.374803       6.599959
      -9.287700       6.338280
      -9.165189       6.003988
      -9.124693       5.551833
      -9.151160       5.063615
      -9.123957       4.643915
      -9.002463       4.320309
      -8.896485       4.002823
      -8.719772       3.699159
      -8.487823       3.401896
      -8.247401       3.127325
      -7.981630       2.903683
      -7.761123       2.734820
      -7.604444       2.664630
      -7.554061       2.657899
      -7.298801       2.691840
      -6.921746       2.660947
      -6.356564       2.552812
      -5.898319       2.382930
      -5.501164       2.210620
      -5.229017       2.061002
      -4.930501       1.899461
      -4.353247       1.703643
      -3.737448       1.532243
      -3.230955       1.454349
      -2.731839       1.543049
      -2.309631       1.763556
      -1.907286       2.056834
      -1.552663       2.344289
      -1.254726       2.561683
      -1.092530       2.682584
      -0.956710       2.717669
      -0.888125       2.717520
      -0.798025       2.712023
      -0.749620       2.693532
      -0.736742       2.667890
      -0.788731       2.550863
      -0.750514       2.513421
      -0.661944       2.598157
      -0.678577       2.743861
      -0.700515       2.916798
      -0.735611       2.985909
      -0.729740       2.898574
      -0.561525       2.721187
      -0.590449       2.470171
      -0.783219       2.149003
      -1.014891       1.800146
      -1.328434       1.373380
      -1.859607       0.830882
      -2.697621       0.071365
      -3.699320      -0.874871
      -4.167522      -1.779066
      -4.519399      -2.601966
      -4.896740      -3.320988
      -5.401607      -3.960582
      -6.257230      -4.627985
      -7.438173      -5.863985
