       5.841383       9.370679
       5.865311       9.353331
       5.854998       9.294429
       5.860494       9.214000
       5.821374       9.153231
       5.751087       9.129044
       5.687499       9.143042
       5.628604       9.179857
       5.563866       9.246995
       5.483284       9.342228
       5.405962       9.508439
       5.288562       9.685331
       5.092435       9.803501
       4.680305       9.833046
       4.094591       9.826249
       3.522555       9.753460
       2.971959       9.645152
       2.194559       9.415260
       1.428619       9.107888
       0.259209       8.472124
      -1.462040       6.952467
      -3.921191       3.764326
      -6.973689      -0.963253
      -9.239227      -6.291927
     -10.221335     -10.826079
     -10.786410     -14.151924
     -11.297553     -16.301676
     -11.284452     -17.433561
     -11.298426     -18.076147
     -11.566467     -18.424164
     -12.040021     -18.423983
     -12.577252     -18.283661
     -13.526692     -17.932265
     -14.702330     -17.106661
     -15.791827     -15.674693
     -16.931998     -14.028981
     -17.879314     -12.430561
     -18.213056     -11.032933
     -18.276927      -9.969254
     -18.348200      -9.057701
     -18.415629      -8.216200
     -18.452818      -7.540710
     -18.360691      -7.040708
     -18.306812      -6.594524
     -18.081273      -6.037069
     -17.582169      -5.263683
     -16.730094      -4.270713
     -15.559490      -3.095894
     -14.172547      -1.903085
     -12.826549      -0.668740
     -11.325551       0.620030
      -9.707510       1.778738
      -8.160036       2.687329
      -6.845915       3.307413
      -5.842907       3.728523
      -5.079389       4.093334
      -4.531926       4.461543
      -4.117058       4.799483
      -3.727105       5.028270
      -3.358213       5.172018
      -3.029203       5.273081
      -2.758740       5.374894
      -2.509862       5.450910
      -2.262013       5.478961
      -2.017996       5.480176
      -1.848467       5.394408
      -1.759328       5.225104
      -1.659515       4.994061
      -1.521587       4.657503
      -1.268356       3.645947
      -0.787307       1.173855
      -0.255661      -2.512647
       0.299721      -6.321778
       0.719440      -9.492322
       1.010604     -11.769738
       1.181056     -13.282311
       1.279829     -14.465942
       1.345983     -15.410980
       1.367133     -16.117376
       1.308578     -16.609727
       1.205361     -16.996082
       1.086696     -17.384558
       0.978142     -17.794102
       0.887155     -18.127855
       0.843741     -18.363953
       0.827991     -18.490579
       0.750741     -18.483261
       0.633572     -18.385160
       0.506353     -18.221075
       0.377299     -18.027501
       0.212310     -17.795949
       0.066344     -17.583644
      -0.087559     -17.356332
      -0.345510     -17.099406
      -0.683421     -16.783205
      -1.009676     -16.462264
      -1.377796     -16.125500
      -1.871237     -15.638304
      -2.494263     -14.932716
      -3.163226     -14.019099
      -3.794054     -13.025187
      -4.313312     -12.185380
      -4.793507     -11.577029
      -5.347265     -11.162939
      -5.861338     -10.896719
      -6.374540     -10.756351
      -6.813551     -10.719255
      -7.183847     -10.676539
      -7.504615     -10.541427
      -7.689500     -10.314827
      -7.807843     -10.009327
      -7.826510      -9.597277
      -7.671832      -9.001460
      -7.421995      -8.319904
      -7.149818      -7.575685
      -7.002799      -6.755128
      -7.008193      -5.953470
      -6.963959      -5.225884
      -6.927593      -4.609058
      -6.964938      -4.088053
      -6.961797      -3.636301
      -6.980357      -3.199472
      -7.055576      -2.754303
      -7.173236      -2.218895
      -7.255401      -1.544779
      -7.272047      -0.709898
      -7.266547       0.236390
      -7.218979       1.322956
      -7.107034       2.363408
      -6.946959       3.253707
      -6.733684       4.044409
      -6.446205       5.063255
      -6.084130       6.996369
      -5.781926      10.121748
      -5.474631      13.862920
      -5.164634      17.893254
      -5.001929      21.633338
      -4.909788      24.478159
      -4.769830      26.327172
      -4.479281      27.376433
      -4.189617      27.927681
      -4.018512      28.245888
      -3.917239      28.464787
      -3.893540      28.615183
      -3.909086      28.717518
      -3.897519      28.733692
      -3.859421      28.606566
      -3.871058      28.307930
      -4.225129      27.801991
      -5.297765      27.093084
      -6.969913      26.405426
      -9.886209      25.751219
     -14.241691      25.243702
     -19.827472      25.247126
     -25.761281      26.155025
     -30.614195      27.868141
     -34.558640      30.087426
     -38.093625      32.181454
     -40.925187      33.711300
     -42.973292      34.404669
     -44.350039      34.279645
     -45.442719      33.647569
     -46.308211      33.031057
     -46.775491      32.670950
     -46.860348      32.650959
     -46.770683      32.666355
     -46.636954      32.734485
     -46.475002      32.894026
     -46.417538      33.171394
     -46.337970      33.527328
     -46.216963      33.893679
     -46.092215      34.193166
     -46.005478      34.445515
     -46.031021      34.619899
     -46.101958      34.804796
     -46.166629      35.009624
     -46.239737      35.220754
     -46.306584      35.452801
     -46.343153      35.743622
     -46.352430      36.091689
     -46.324448      36.463775
     -46.276515      36.856624
     -46.215598      37.283753
     -46.110701      37.732901
     -45.975136      38.208047
     -45.798360      38.734344
     -45.594404      39.255592
     -45.227621      39.845230
     -44.782455      40.418284
     -44.209399      40.948175
     -43.711598      41.438909
     -43.272450      41.865560
     -42.470532      42.355459
     -41.020827      42.967172
     -38.703835      43.691004
     -35.610596      44.449968
     -32.071506      45.159856
     -28.451753      45.638093
     -25.264623      45.811629
     -22.833047      45.807005
     -21.199028      45.836415
     -20.018217      45.942244
     -19.001704      46.158596
     -17.871313      46.413060
     -16.693883      46.724283
     -15.425514      47.092708
     -14.283635      47.548715
     -13.494192      48.141111
     -13.069990      49.052221
     -12.595551      50.295162
     -12.247416      51.901346
     -11.846884      53.817752
     -11.393191      55.881638
     -10.949149      57.862031
     -10.634420      59.646006
     -10.363949      61.217146
     -10.087863      62.591314
      -9.691140      63.813419
      -9.233546      64.798904
      -8.700259      65.630796
      -8.052121      66.408503
      -7.359777      67.248000
      -6.771497      68.194260
      -6.325013      69.233517
      -6.140336      70.369692
      -6.171514      71.794524
      -6.394862      73.937943
      -6.637538      76.989402
      -6.645208      80.734109
      -6.319835      84.694200
      -5.598486      88.536212
      -4.823907      92.411097
      -4.029360      96.349939
      -3.274426     100.413072
      -2.503364     104.586858
      -1.836349     108.816597
      -1.291927     112.826740
      -0.892888     116.659563
      -0.521495     120.403221
      -0.352507     124.151172
      -0.287480     127.342693
      -0.187195     130.004468
      -0.073043     132.345641
      -0.208396     134.633338
      -0.649354     136.940803
      -1.434835     139.163872
      -2.328480     140.922989
      -2.833886     142.157411
      -3.037517     143.048024
      -3.181146     143.731125
      -3.203398     143.997135
      -3.050778     143.686858
      -2.375938     142.747947
      -0.765687     141.183111
       2.381833     139.037793
       6.742637     136.768077
      11.392701     134.724883
      15.864567     132.819152
      19.764126     130.977951
      23.369685     128.911142
      25.993944     126.522584
      27.853371     123.849755
      29.149227     120.979536
      30.047009     117.524482
      30.763825     113.729544
      31.431591     109.531017
      31.906986     104.806299
      31.888928      99.344226
      31.358478      93.594919
      30.397164      88.239040
      29.110502      83.729168
      27.033716      80.341438
      24.327592      78.413685
      20.905420      77.509497
      16.613575      77.532067
      11.348506      77.919148
       5.716485      78.392771
       0.931445      78.662020
      -2.648683      78.774319
      -5.646263      78.577425
      -7.846910      78.096750
      -8.833923      77.283004
      -9.079242      76.026307
      -9.111186      73.590758
      -8.827166      68.764062
      -8.485375      61.676504
      -8.229592      54.014384
      -7.928618      47.474898
      -7.443329      42.633043
      -6.886256      39.178929
      -6.326320      36.647905
      -5.599344      34.944671
      -4.479860      34.223823
      -2.662379      34.443120
       0.333780      35.383943
       4.715575      36.653709
      10.755107      38.169013
      17.121511      39.877563
      20.910372      41.458629
      21.753525      42.498231
      21.760346      43.028351
      21.494012      43.373025
      21.257652      43.829682
      21.044530      44.413880
      20.714071      45.076252
      20.303686      45.745307
      19.777241      46.483448
      19.355362      47.284109
      18.763257      48.239281
      18.291820      49.262884
      17.840605      50.366779
      17.395950      51.431550
      16.711611      52.363108
      15.588906      53.173225
      13.714489      53.885013
      10.607938      54.424021
       5.898080      54.932478
       0.106941      55.529795
      -6.072759      56.285587
     -12.213350      57.201942
     -17.896284      58.019539
     -22.529934      58.849328
     -25.185733      59.654039
     -26.446264      60.389820
     -27.179582      60.919163
     -27.366233      61.157220
     -27.322619      61.158099
     -27.053868      61.014477
     -26.710392      60.807767
     -26.196781      60.587787
     -25.532187      60.438444
     -24.612624      60.318499
     -23.110482      60.226464
     -20.366846      60.195350
     -15.470052      60.327514
     -10.555516      60.788446
      -7.793385      61.466404
      -6.033676      61.986426
      -4.744536      62.221399
      -3.804190      62.261421
      -2.823441      62.217732
      -1.860911      62.209951
      -0.962417      62.239647
      -0.190667      62.323780
       0.511015      62.430095
       1.215980      62.483979
       1.910144      62.387455
       2.534478      62.053161
       3.122708      61.524508
       3.839486      60.851830
       4.925833      60.162234
       7.162992      59.534663
      10.632076      59.249760
      13.217496      59.206061
      14.953189      59.122516
      15.997312      58.848662
      16.620859      58.410617
      17.004044      57.924390
      17.179224      57.381545
      17.244644      56.503978
      17.319582      54.497571
      17.585698      50.425054
      18.152428      44.320708
      18.882198      37.371063
      19.435781      30.536291
      19.765374      24.544497
      19.844594      19.461538
      19.698564      15.179437
      19.262673      11.666221
      18.642554       8.734615
      17.915595       6.093121
      16.969153       3.501669
      15.457530       0.797562
      13.490777      -2.169595
      11.369212      -5.427984
       9.189902      -8.838525
       7.445828     -12.599518
       6.254476     -16.865464
       5.248394     -21.388646
       4.283580     -25.650698
       3.516581     -29.122205
       3.018321     -31.538946
       2.710324     -32.973545
       2.440048     -33.608773
       1.860228     -33.852929
       0.407121     -34.014124
      -2.109655     -34.338947
      -4.837987     -35.097288
      -8.087155     -36.293821
     -12.176563     -37.639556
     -16.598227     -38.841456
     -20.525910     -39.911303
     -23.911034     -40.897881
     -27.110287     -41.895081
     -30.259997     -42.677693
     -33.022608     -43.102071
     -35.343644     -43.478718
     -37.220101     -43.833645
     -38.670336     -43.845875
     -39.637112     -43.495917
     -39.980042     -42.990879
     -39.783580     -42.284877
     -39.074289     -41.294185
     -37.675292     -39.797733
     -35.173961     -37.664835
     -32.362813     -35.323837
     -29.711114     -33.206439
     -27.164006     -31.227945
     -24.758585     -29.501172
     -22.579559     -27.864408
     -20.646903     -26.290315
     -18.936751     -24.551275
     -17.497109     -22.800905
     -16.221460     -21.092950
     -15.094483     -19.530449
     -14.097353     -18.148123
     -13.330639     -17.013784
     -12.794950     -16.026074
     -12.276402     -15.231720
     -11.682188     -14.597241
     -11.199808     -14.025101
     -10.928231     -13.410895
     -10.598792     -12.752358
     -10.316851     -12.089292
     -10.130123     -11.465485
     -10.063491     -10.867812
     -10.302423     -10.237717
     -10.554611      -9.505342
     -10.885518      -8.560663
     -11.207181      -7.431973
     -11.509838      -6.288014
     -11.576471      -5.311063
     -11.713403      -4.655837
     -11.728497      -4.408230
     -11.942556      -4.992365
     -12.377828      -6.789252
     -12.685250      -9.634627
