      -4.779925       9.450822
      -5.350868       8.448554
      -5.798951       6.775265
      -5.924352       5.093521
      -5.981661       3.866298
      -5.992996       3.213490
      -5.860141       3.104404
      -5.442950       3.472248
      -4.756518       3.964959
      -3.475603       4.282118
      -0.882106       4.431937
       2.789678       4.916747
       6.489079       6.283239
       8.501875       8.331541
       9.202848      10.370152
       9.768486      12.144368
      10.235798      13.774750
      10.623936      15.180207
      11.105969      16.425712
      11.802233      17.627083
      12.413710      18.855261
      12.684941      20.002761
      12.996100      21.253543
      13.276360      22.632374
      13.510185      24.019503
      13.829143      25.247238
      14.191074      26.204346
      14.522450      26.790294
      14.729725      27.166398
      14.935494      27.491437
      15.098409      27.881097
      15.206875      28.371430
      15.341735      29.016577
      15.504055      29.872144
      15.906446      31.556652
      16.717583      34.994907
      17.308938      39.723470
      17.302164      44.194882
      16.955960      47.978425
      16.443318      51.186921
      15.870464      53.866692
      15.292684      55.995433
      14.877275      57.813567
      14.576880      59.390483
      14.316838      60.904252
      13.961783      62.419186
      13.380201      64.021426
      12.736385      65.391976
      12.258003      66.510976
      11.847188      67.680479
      11.505379      69.301477
      11.001839      71.653563
      10.380699      74.653523
       9.623946      77.725314
       8.726197      80.461712
       7.692036      83.272617
       6.703735      86.554469
       5.756119      90.075937
       4.976689      93.286789
       4.387164      95.915673
       4.095122      98.096622
       4.042725     100.096686
       3.900530     102.059224
       3.828249     104.259757
       3.811970     106.731778
       3.862062     109.199360
       3.924184     111.668874
       3.811593     114.324423
       3.619260     117.066387
       3.500252     119.829062
       3.502704     122.410143
       3.510389     124.776727
       3.480038     127.007364
       3.547490     129.262781
       3.636585     131.643150
       3.598860     134.159108
       3.583771     136.629574
       3.496698     139.006757
       3.451078     141.360325
       3.315420     143.877555
       3.319333     146.608426
       3.322267     149.171225
       3.338069     151.696906
       3.489471     154.214282
       3.491463     156.859737
       3.525547     159.476119
       3.695603     162.010844
       3.946947     164.351725
       4.024417     166.347049
       4.106285     167.898809
       4.274986     169.063951
       4.328934     169.802218
       4.199565     169.947560
       4.221313     169.408683
       4.187582     168.186131
       4.132467     166.406926
       3.928584     163.962580
       3.863320     161.211689
       4.081407     158.329443
       4.204203     155.041132
       4.336442     151.088826
       4.742861     146.344262
       5.850884     141.174126
       8.525976     135.922790
      13.089126     130.856516
      18.684863     126.601327
      24.069863     123.607214
      28.920281     121.754921
      32.946897     120.423717
      36.510852     119.421558
      39.700479     118.735999
      42.162446     118.240038
      43.988045     118.203786
      45.524414     118.767851
      46.655663     119.657357
      47.457543     120.797893
      48.165100     122.081303
      48.783482     122.981601
      49.190500     123.618842
      49.633184     124.207193
      50.230627     124.656633
      50.911630     125.225944
      51.695500     125.692325
      52.617621     125.871782
      53.284976     125.891220
      53.846171     126.141162
      54.445440     126.575235
      54.741359     126.969489
      54.806987     127.391856
      54.910175     128.050614
      54.880144     128.714190
      54.688694     129.254476
      54.184123     129.850937
      52.814695     130.614471
      50.554921     131.501169
      48.111556     132.486679
      46.195140     133.565579
      44.696559     134.381501
      43.370999     134.648997
      41.829822     134.545338
      39.902640     134.368086
      37.828563     134.277298
      35.900426     134.018506
      33.949496     132.430318
      31.878672     127.681315
      29.202686     117.359771
      25.828934     102.240352
      21.510545      83.891013
      16.708615      65.935550
      12.738832      50.339230
      10.630239      38.361570
       9.873902      30.593579
       9.283898      25.974385
       8.481649      23.693966
       7.974968      23.120638
       7.644212      23.606465
       7.413783      24.388943
       6.792706      25.340930
       5.829177      26.849234
       4.403062      28.824812
       3.163202      31.125210
       2.217877      33.246981
       1.289192      35.064773
       0.414490      36.702362
      -0.542246      38.203505
      -1.535856      39.598722
      -2.299864      40.789020
      -3.118465      42.032200
      -3.642965      43.481016
      -3.839530      44.940284
      -4.126987      46.336528
      -4.464495      47.737799
      -4.542419      49.151173
      -4.388209      50.481881
      -3.734222      51.698925
      -2.252366      53.235497
      -0.728227      54.849967
       0.651189      56.260568
       2.158782      57.458475
       3.579630      58.490986
       4.878407      59.524983
       6.455932      60.650734
       7.870646      61.767374
       9.063157      62.795373
      10.033106      63.852674
      10.800060      65.084852
      11.388931      66.623737
      11.768234      68.587018
      11.994977      70.471922
      12.103493      71.918417
      12.292179      73.001261
      12.460883      73.999102
      12.527015      75.074914
      12.551453      76.164927
      12.505349      77.224011
      12.443444      78.324695
      12.293209      79.485028
      12.050271      80.664430
      11.818077      81.831694
      11.635130      83.087370
      11.480688      84.562254
      11.393766      86.299038
      11.271723      88.084577
      10.982690      89.798164
      10.593054      91.416291
      10.169774      92.895109
       9.702025      94.194907
       9.254172      95.438237
       8.840101      96.703637
       8.164449      98.074318
       7.295329      99.489645
       6.413238     100.877851
       5.673846     102.288651
       5.091206     103.707174
       4.601236     104.954855
       4.259190     105.849568
       3.963131     106.332638
       3.754502     106.532931
       3.852740     106.731506
       4.566253     107.239832
       5.796689     108.125870
       7.536771     109.378448
       9.210820     110.414062
      10.562649     110.794066
      11.515669     110.571226
      12.280175     110.037060
      13.043558     108.788057
      13.901958     106.016348
      14.532541     101.497578
      15.026669      96.053466
      15.098151      89.748778
      15.108060      82.974425
      15.214257      76.417487
      15.210223      70.505353
      14.956215      65.571934
      14.401900      61.331859
      14.117034      57.906390
      13.628063      55.134458
      13.291445      52.926741
      12.928777      50.883052
      12.806237      48.736534
      12.810876      46.166726
      13.119799      43.338516
      13.579651      40.467782
      14.113948      37.643474
      14.717989      34.739807
      15.254932      31.763617
      15.745859      28.953392
      16.142982      26.311331
      16.447104      23.737745
      16.845280      21.170852
      17.526178      18.597975
      18.457192      16.222645
      19.541271      14.304891
      21.000455      12.892574
      22.872148      11.863229
      24.984859      11.246651
      27.413929      11.005526
      30.064149      11.117134
      32.677106      11.416794
      35.057716      11.689328
      37.017170      11.910514
      38.407291      12.032302
      39.549008      11.956079
      40.641556      11.779758
      41.674334      11.554239
      42.781872      11.388089
      43.817268      11.180840
      44.766587      10.878042
      45.698738      10.320927
      46.745849       9.594007
      47.856286       8.992934
      48.956387       8.473571
      49.991977       8.006484
      50.956198       7.567459
      51.825372       6.933137
      52.552614       6.084746
      53.330112       5.161848
      53.979608       4.457184
      54.138214       4.118085
      54.079216       4.034367
      53.967169       4.083256
      54.011698       4.162673
      53.936191       4.338353
      53.838463       4.716409
      53.682844       5.266242
      53.626026       5.966743
      53.612276       6.633412
      53.664941       7.596876
      53.556061       9.355344
      53.513339      11.465936
      53.512858      13.584552
      53.497349      15.373472
      53.408106      16.714800
      53.380392      17.605239
      53.329937      18.146177
      53.243730      18.588493
      53.157251      19.078882
      53.025305      19.511080
      52.916206      19.797314
      52.751223      19.885841
      52.615625      19.845557
      52.453157      19.863877
      52.292074      19.949193
      52.084286      20.011193
      51.925816      20.112949
      51.745348      20.200439
      51.682042      20.177521
      51.627215      20.121728
      51.545142      20.208055
      51.402656      20.375194
      51.247173      20.582504
      51.069673      20.874471
      50.769878      21.226817
      50.408734      21.568050
      49.857778      21.888669
      49.118339      22.126979
      48.054093      22.137948
      46.655537      22.041682
      45.054526      22.076536
      43.055288      22.208650
      41.116675      22.376372
      39.133494      22.589052
      37.152567      22.851052
      35.104567      23.082802
      32.985370      23.275762
      30.818013      23.489845
      28.912663      23.713402
      27.255643      23.829446
      25.771616      23.908144
      24.347591      24.132432
      22.778947      24.504346
      20.916866      24.910500
      18.683397      25.437968
      16.331175      26.087869
      14.007105      26.909345
      11.885337      27.796352
      10.149727      28.571749
       8.895420      29.054136
       7.934661      29.349419
       7.166428      29.435483
       6.689591      29.392729
       6.459768      29.227274
       6.480885      28.993688
       6.341486      28.707223
       6.047474      28.425761
       5.822424      28.193549
       5.693915      28.014408
       5.757225      27.955657
       5.887665      27.935039
       5.966947      27.867206
       6.008737      27.703881
       5.916582      27.397022
       5.888131      26.878547
       5.880228      26.259174
       5.955617      25.712793
       6.124150      25.375893
       6.220262      25.236314
       6.285679      25.207619
       6.351302      25.242466
       6.368162      25.251529
       6.362834      25.257712
       6.404650      25.224320
       6.445050      25.091079
       6.521035      24.919830
       6.752190      24.765727
       7.048567      24.616585
       7.403291      24.464487
       7.744699      24.291040
       8.106096      24.060849
       8.435835      23.660963
       8.662904      23.069649
       8.803813      22.232833
       8.959001      21.098482
       9.078212      19.783551
       9.231272      18.138301
       9.462130      15.822396
       9.617640      12.745968
       9.651511       9.101170
       9.492825       5.123874
       9.285237       1.167291
       9.152683      -2.567526
       9.164758      -5.892192
       9.266846      -9.003791
       9.602831     -12.254818
      10.195607     -15.980898
      10.766940     -19.886934
      11.345228     -23.603818
      11.722853     -26.881733
      11.860062     -29.715876
      11.843193     -31.940663
      11.746314     -33.563246
      11.565258     -34.722275
      11.495410     -35.616558
      11.354965     -36.208743
      11.267153     -36.739844
