      -0.111523      14.607282
      -0.058930      14.657998
      -0.048065      14.707936
      -0.054221      14.761878
      -0.054453      14.785514
      -0.056512      14.797338
      -0.061358      14.799699
      -0.071827      14.785128
      -0.092987      14.753717
      -0.128442      14.766374
      -0.166190      14.825990
      -0.205126      14.896790
      -0.230016      14.963348
      -0.262569      15.020578
      -0.294517      15.114347
      -0.306472      15.259369
      -0.316244      15.458560
      -0.312005      15.701671
      -0.268793      15.957722
      -0.258656      16.209379
      -0.249995      16.454833
      -0.288771      16.694744
      -0.307846      16.987046
      -0.343687      17.471800
      -0.344164      18.228471
      -0.420331      19.195346
      -0.514856      20.201834
      -0.629692      21.049888
      -0.685303      21.515800
      -0.744326      21.653023
      -0.868724      21.918943
      -1.282099      22.887538
      -2.018062      24.886995
      -2.954082      28.032267
      -4.064877      32.340648
      -4.984085      36.990784
      -5.681406      41.344227
      -6.353523      45.278469
      -6.864979      48.715780
      -7.438044      51.651297
      -7.902570      54.248901
      -8.320462      56.494847
      -8.591376      58.343614
      -8.781040      59.765940
      -8.928474      60.885615
      -8.944743      61.965589
      -8.840496      63.197330
      -8.630323      64.589465
      -8.386298      66.055290
      -8.179990      67.553594
      -7.959215      69.059034
      -7.701384      70.549372
      -7.467830      72.000991
      -7.288579      73.227754
      -7.060002      74.068577
      -6.887914      74.533356
      -6.781394      74.774798
      -6.779121      74.919251
      -6.899450      74.961366
      -7.050696      74.871327
      -7.188168      74.719715
      -7.293057      74.623682
      -7.406833      74.514476
      -7.429366      74.398049
      -7.414990      74.207644
      -7.388133      73.953626
      -7.361376      73.537452
      -7.401013      72.842883
      -7.450106      71.766285
      -7.512161      70.012200
      -7.642948      66.848811
      -7.659543      60.815528
      -7.376125      51.135986
      -6.248813      38.579874
      -4.553938      25.137826
      -3.090181      12.767413
      -1.730409       2.020512
      -0.668478      -7.205061
      -0.074388     -14.737936
       0.152612     -20.732931
       0.221698     -25.478660
       0.128157     -29.399456
      -0.139819     -32.519802
      -0.440095     -35.101575
      -0.690896     -37.485885
      -0.963811     -40.000327
      -1.454498     -42.764527
      -2.114569     -45.686925
      -2.774754     -48.635818
      -3.442866     -51.610167
      -4.180151     -54.939293
      -5.099618     -58.903265
      -6.206287     -63.461304
      -7.284192     -68.092904
      -8.023622     -72.238786
      -8.570917     -75.728956
      -8.968673     -78.758092
      -9.129535     -81.299432
      -9.027602     -83.419387
      -8.731216     -85.085900
      -8.232035     -86.546892
      -7.707915     -87.798965
      -7.351716     -88.880828
      -7.206060     -89.570768
      -7.156975     -89.883939
      -7.125410     -89.877421
      -7.034388     -89.715605
      -6.865658     -89.402598
      -6.686515     -89.033028
      -6.548380     -88.615265
      -6.395600     -88.123375
      -6.268376     -87.506999
      -6.157796     -86.838090
      -6.046051     -86.097569
      -5.893394     -85.290555
      -5.719690     -84.506233
      -5.519857     -83.821063
      -5.374545     -83.203249
      -5.221386     -82.577742
      -5.143906     -81.909775
      -5.151397     -81.157461
      -5.224625     -80.358379
      -5.385495     -79.421119
      -5.538812     -78.374688
      -5.661036     -77.132150
      -6.025657     -75.260015
      -6.833619     -72.049056
      -8.161431     -67.336923
      -9.212390     -62.234721
      -9.911323     -57.791385
     -10.439232     -54.209841
     -11.132764     -51.347684
     -11.848191     -48.814465
     -12.509150     -46.398674
     -13.552849     -43.745087
     -14.911085     -40.456591
     -16.270703     -36.605829
     -17.508654     -32.609946
     -18.615083     -28.756600
     -19.524244     -25.415881
     -20.407223     -22.667379
     -21.446743     -20.411813
     -22.718839     -18.467346
     -23.921528     -16.579367
     -25.155241     -14.686425
     -26.788959     -12.783190
     -28.946929     -10.738247
     -31.918515      -8.710716
     -35.731708      -6.999724
     -39.346339      -5.758704
     -42.368738      -4.878253
     -45.304653      -4.259224
     -47.924755      -3.712468
     -50.374337      -3.306800
     -52.937432      -2.827037
     -56.067526      -2.120424
     -59.240493      -1.633447
     -61.706816      -1.479376
     -63.213460      -1.404405
     -64.951799      -1.238241
     -66.732422      -1.005107
     -68.031312      -1.407458
     -68.315589      -1.922375
     -68.471538      -2.199458
     -68.615063      -1.763943
     -68.221717      -1.098436
     -67.648787      -0.832275
     -66.837363      -0.462917
     -65.878864      -0.010197
     -64.623512       0.263398
     -62.648462       0.321789
     -60.008354       0.635294
     -55.984441       1.240638
     -51.238867       1.810106
     -46.488562       2.175454
     -41.962909       2.372111
     -38.474503       2.418917
     -35.819897       2.413699
     -33.750224       2.408730
     -32.099609       2.428886
     -30.741575       2.423170
     -29.657354       2.357305
     -28.705144       2.254825
     -27.872427       2.080546
     -27.150880       1.906321
     -26.457163       1.743956
     -25.861338       1.635876
     -25.370334       1.532457
     -24.739028       1.389951
     -23.769923       1.014195
     -22.021713       0.208067
     -19.390477      -0.840365
     -16.347891      -1.844528
     -13.307751      -2.636045
     -10.303955      -3.177124
      -7.542395      -3.539141
      -5.228343      -3.819387
      -3.281406      -4.029432
      -1.470516      -4.210965
       0.175398      -4.394900
       1.430620      -4.569132
       2.475128      -4.658612
       3.546185      -4.638392
       4.667871      -4.554476
       5.940735      -4.318562
       7.720525      -3.721394
      10.815104      -2.589776
      15.009338      -0.887014
      19.549225       1.352773
      23.014544       3.466693
      25.304237       4.976474
      27.159049       6.099449
      28.907707       7.145308
      30.287640       8.163870
      31.315649       8.984675
      32.054805       9.594393
      32.587905      10.087251
      33.005021      10.466261
      33.365300      10.803413
      33.681422      11.130465
      33.925276      11.384233
      34.231951      11.693966
      34.656800      12.060434
      35.166906      12.462689
      35.763417      12.822118
      36.441224      13.141682
      37.250858      13.398820
      38.027191      13.573480
      38.730662      13.604240
      39.518365      13.528582
      40.677202      13.521092
      42.721334      13.642530
      45.822878      14.112833
      49.212629      14.777729
      52.616479      15.588233
      55.665767      16.338242
      58.302461      17.068975
      60.657345      17.894513
      62.235741      18.453687
      63.168679      18.511944
      63.902157      18.503648
      64.723693      18.438648
      65.812395      18.472279
      66.805880      18.055732
      67.378814      17.252372
      68.039170      16.924730
      68.396900      16.962916
      68.832522      17.214498
      69.081182      17.355801
      68.586183      16.915714
      67.996846      16.270516
      67.798826      16.182013
      67.767585      16.849527
      67.726436      17.786015
      67.263067      18.523834
      66.773663      18.898874
      66.070046      19.069392
      65.212091      19.169966
      64.141710      19.562069
      62.925910      20.101558
      61.592196      20.537013
      60.260507      20.825804
      59.276765      20.912133
      58.180938      20.870336
      56.586173      20.522833
      54.411771      19.632909
      52.021523      17.871399
      50.399987      14.780678
      50.404698      10.323577
      51.461848       5.364585
      52.500921       0.999356
      52.779010      -1.874347
      52.617932      -3.872541
      52.391211      -6.130820
      52.135022      -8.656052
      51.889028     -10.763559
      51.597986     -12.221450
      51.362717     -13.173997
      51.127253     -13.707403
      51.093686     -14.272929
      51.167187     -14.882301
      51.314938     -15.358943
      51.214262     -15.458733
      51.028330     -15.671253
      50.767556     -16.140997
      50.554037     -16.724061
      50.320783     -17.201572
      50.018564     -17.653056
      49.691410     -18.115546
      49.446286     -18.627073
      49.297568     -19.095057
      49.109169     -19.449545
      48.800078     -19.684642
      48.400180     -19.878409
      48.072413     -20.156223
      47.771662     -20.468453
      47.447349     -20.741037
      47.016390     -20.889353
      46.188772     -21.019247
      44.521575     -21.383206
      41.766069     -22.115757
      38.226766     -23.210049
      34.267381     -24.438288
      30.324231     -25.494572
      26.855723     -26.207714
      23.754762     -26.544636
      20.927466     -26.357291
      18.172191     -25.565817
      15.548296     -24.362601
      13.077304     -23.162285
      10.541209     -22.048188
       8.102383     -21.077468
       6.046232     -20.286174
       4.672606     -19.754436
       3.985678     -19.370126
       3.569311     -18.986177
       3.426588     -18.550142
       3.432904     -18.012407
       3.686760     -17.283893
       4.242115     -16.330852
       4.967704     -15.252490
       5.674153     -14.211062
       6.290052     -13.296835
       6.845162     -12.494906
       7.523359     -11.684910
       8.253041     -10.823873
       8.918285     -10.023717
       9.456639      -9.307139
       9.864380      -8.526804
      10.339358      -7.146891
      10.929584      -4.191245
      11.387414      -0.017373
      11.691619       4.032145
      11.660856       7.491247
      11.340351      10.536110
      10.828768      13.394524
      10.313025      16.129359
       9.895812      18.715226
       9.631266      21.174764
       9.378074      23.560206
       9.149774      25.932510
       8.921189      28.371151
       8.557515      30.863705
       8.199654      33.496263
       7.810786      36.353140
       7.447908      39.718797
       6.983484      44.043857
       6.387273      49.039923
       5.753961      54.140604
       5.347506      58.662604
       5.139297      62.476485
       4.905304      65.652361
       4.703843      68.775850
       4.435950      72.128896
       4.132634      75.887542
       3.765646      79.794940
       3.385376      83.584098
       2.992573      87.216239
       2.689118      90.796924
       2.446655      94.366107
       2.304164      97.894006
       2.288587     101.409345
       2.279255     105.021164
       2.096316     108.888219
       1.775678     113.035068
       1.217810     117.079841
       0.579507     120.818273
      -0.078360     124.195322
      -0.625917     127.064356
      -1.072475     129.309253
      -1.318045     131.061094
      -1.460191     132.375599
      -1.498756     133.295869
      -1.290602     133.955967
      -0.735750     134.596813
       0.776965     135.574483
       3.646038     136.927795
       5.804660     137.952025
       7.142337     138.666202
       8.001878     139.323309
       8.632643     139.794352
       9.318245     139.941724
      10.202269     140.038874
      11.422398     140.349947
      13.563862     140.978174
      16.089710     141.643926
      18.017506     142.200376
      19.036304     142.664688
      19.446255     143.190276
      19.498126     143.677581
      19.595565     144.060014
      19.848722     144.316095
      19.965130     144.336786
      19.723018     143.937180
      19.011820     143.192637
      17.741361     141.984909
      15.806933     140.398624
      13.279175     138.731917
      10.329943     136.896652
       7.478148     135.077415
       4.358813     133.098848
       0.574842     130.794443
      -3.746428     128.302072
      -7.763540     126.053357
     -11.512668     124.279757
     -14.895179     123.251253
     -18.320454     122.689995
     -21.375420     122.259148
     -24.310420     121.819179
     -26.995785     121.273667
     -29.127878     120.633220
     -31.084751     119.811150
     -33.106948     118.714074
     -35.034827     117.379092
     -36.571026     115.959413
     -37.749995     114.622149
     -38.369999     113.858547
     -38.278425     114.046193
     -37.563486     115.036598
     -36.435544     116.359690
     -35.336266     117.748527
     -34.321602     119.056213
     -33.414007     120.143428
     -32.677769     121.002908
     -32.154520     121.655604
     -31.780296     122.172236
     -31.418771     122.662873
     -31.064055     123.259053
     -30.711289     124.001935
     -30.470362     124.811125
     -30.177124     125.706381
     -29.747488     126.777500
     -29.268860     128.079921
     -28.789839     129.411425
     -28.382696     130.641612
     -28.054141     131.666619
     -27.664352     132.525632
     -27.114238     133.321961
     -26.455065     134.009142
     -25.857248     134.503228
     -25.340830     134.811445
     -24.868599     134.958340
     -24.420854     134.946586
     -24.033834     134.910800
     -23.691550     134.900756
     -23.317256     134.824869
     -23.023585     134.679149
     -22.730032     134.564018
     -22.494517     134.487617
     -22.325490     134.289548
     -22.167032     133.834289
     -22.120480     132.983601
     -22.046481     131.489911
     -21.640021     129.053103
     -20.692506     125.906626
     -19.537881     122.141714
     -18.220426     118.218415
     -17.053533     114.649047
     -15.847636     111.729675
     -14.728401     109.224325
     -13.747143     107.068010
     -12.797214     105.256613
     -11.836900     103.628334
     -10.854759     102.196717
      -9.912207     100.852905
      -9.063079      99.635482
      -8.301023      98.385654
      -7.520847      97.048292
      -6.686667      95.719245
      -5.807960      94.499093
      -4.855336      93.401201
      -3.838613      92.402014
      -2.822550      91.446735
      -1.863183      90.474582
      -0.876034      89.321700
       0.056649      87.962763
       0.896312      86.228475
       1.650189      84.000267
       2.410996      80.963039
       3.182680      76.761739
       4.069476      71.529899
       4.943169      65.744300
       5.746896      60.136585
       6.529076      54.723354
       7.169404      49.683002
       7.645659      45.165121
       8.021465      41.224433
       8.258288      37.415424
       8.300054      33.505362
       8.261343      29.563798
       8.159680      25.602233
       7.967462      21.502057
       7.586537      17.166948
       6.889939      12.351675
       5.933252       6.934784
