       2.250606      -2.691023
       1.487647      -2.439579
       0.797230      -2.146584
       0.102741      -1.908037
      -0.594679      -1.711864
      -1.297800      -1.537588
      -2.118972      -1.405039
      -2.985398      -1.156190
      -3.750490      -0.719859
      -4.415701      -0.209249
      -5.007352       0.291205
      -5.495333       0.788766
      -5.949005       1.357069
      -6.530490       1.939871
      -7.244563       2.514238
      -8.017488       3.018690
      -8.701835       3.627037
      -9.315453       4.814808
      -9.698595       6.934086
      -9.847480       9.989351
      -9.735703      13.604933
      -9.554594      17.706888
      -9.427795      21.961347
      -9.402519      26.069471
      -9.433889      29.834230
      -9.485703      33.142237
      -9.542298      36.053748
      -9.511239      38.530230
      -9.476320      40.878346
      -9.354472      43.222059
      -9.174476      45.501387
      -8.747778      47.703863
      -7.716604      49.923581
      -6.419523      52.026686
      -5.410842      53.781801
      -4.682056      54.957414
      -4.567539      55.450363
      -4.861830      55.474867
      -5.578960      55.381238
      -7.111013      55.426146
      -9.192752      55.479763
     -11.392668      55.745330
     -13.447273      56.046082
     -15.515743      56.190778
     -17.751956      55.832659
     -19.392126      55.014508
     -20.841633      54.039053
     -22.797627      53.390504
     -24.854875      53.225040
     -26.459869      53.532465
     -27.720696      54.042395
     -28.902157      54.811946
     -30.265742      55.897355
     -31.591780      57.411819
     -32.591630      59.199048
     -33.429029      60.987817
     -34.199232      62.649803
     -35.012567      64.202749
     -35.757416      65.773490
     -36.363762      67.294584
     -36.847065      68.688972
     -37.224019      69.886928
     -37.533156      70.925087
     -37.828412      71.915129
     -38.115214      73.006774
     -38.346516      74.327471
     -38.510994      75.959737
     -38.650517      77.776366
     -38.721160      79.762582
     -38.735993      82.048336
     -38.651539      84.892949
     -38.590520      88.423092
     -38.234610      92.233388
     -37.640851      95.727638
     -37.179370      98.570356
     -37.009086     100.698354
     -36.982226     102.310371
     -37.038211     103.668356
     -37.054712     105.080040
     -37.081557     106.602843
     -37.080848     108.087733
     -37.050754     109.404967
     -37.089035     110.500663
     -37.215055     111.141722
     -37.391256     111.219745
     -37.632081     110.851962
     -37.950425     110.207056
     -38.255407     109.421209
     -38.515028     108.615487
     -38.688904     107.757018
     -38.801534     106.736450
     -38.958624     105.570425
     -39.139522     104.390411
     -39.308879     103.337593
     -39.450065     102.448835
     -39.536865     101.697366
     -39.618211     101.026349
     -39.694075     100.344229
     -39.772742      99.676320
     -39.831883      99.013492
     -39.884363      98.376678
     -39.935187      97.771230
     -39.949923      97.241077
     -39.953061      96.785837
     -39.946907      96.386512
     -39.950951      95.956122
     -39.977086      95.577381
     -39.939728      95.362778
     -39.756905      95.472790
     -39.292350      96.220723
     -38.419762      97.585916
     -37.482429      99.066249
     -36.788314     100.297815
     -36.367332     101.137857
     -36.245102     101.582818
     -36.486482     101.618362
     -36.951234     101.243031
     -37.373855     100.670941
     -37.703030     100.156340
     -37.964159      99.855408
     -38.171216      99.719169
     -38.358134      99.645546
     -38.564334      99.519079
     -38.749483      99.331093
     -38.874017      99.145719
     -38.949158      99.004332
     -38.994843      98.918158
     -39.022399      98.848275
     -39.042952      98.732552
     -39.122733      98.557981
     -39.194299      98.346593
     -39.328390      98.100877
     -39.474911      97.783732
     -39.599317      97.421486
     -39.697251      97.011534
     -39.771304      96.575781
     -39.850022      96.029716
     -40.006857      95.074252
     -40.183150      93.003421
     -40.418376      89.632520
     -40.753831      85.774217
     -41.165027      82.581288
     -41.377905      80.373509
     -41.397027      78.809338
     -41.299411      77.223122
     -41.223214      75.373077
     -41.211139      73.393762
     -41.255154      71.353069
     -41.324216      69.303512
     -41.375817      67.323561
     -41.369911      65.492512
     -41.323069      63.794516
     -41.202683      62.177103
     -40.749275      60.571648
     -39.846658      59.068166
     -38.572224      57.625110
     -37.286958      56.315729
     -36.069638      55.066736
     -35.013750      53.809738
     -34.117396      52.454668
     -33.371598      51.081582
     -32.718440      49.819169
     -32.064269      48.664023
     -31.425522      47.576939
     -30.797317      46.478552
     -30.199228      45.316640
     -29.637397      44.059560
     -29.039529      42.789905
     -28.437510      41.606705
     -27.823235      40.522333
     -27.152580      39.452508
     -26.434743      38.271154
     -25.669468      36.830549
     -24.962128      35.184698
     -24.326047      33.460161
     -23.818204      31.890924
     -23.361739      30.592707
     -22.847314      29.641850
     -22.280551      28.991325
     -21.743541      28.468238
     -21.191077      27.928970
     -20.666528      27.309046
     -20.184366      26.570524
     -19.852489      25.522740
     -19.680377      23.950191
     -19.641157      22.041605
     -19.643296      20.011860
     -19.630034      17.981139
     -19.583520      15.849434
     -19.551246      13.402835
     -19.565799      10.563885
     -19.682381       7.546365
     -19.885686       4.813266
     -20.126507       2.710181
     -20.250640       0.647256
     -20.203913      -2.400998
     -20.070531      -7.080220
     -19.879834     -13.422225
     -19.488619     -21.542242
     -18.969810     -31.359160
     -18.123506     -42.379671
     -16.744168     -53.557241
     -14.964218     -64.431874
     -12.863692     -74.057392
     -10.593259     -82.459212
      -8.223502     -89.752761
      -6.417389     -96.041693
      -5.420641    -101.243196
      -4.976025    -105.631555
      -4.706493    -109.822846
      -4.669027    -114.011077
      -4.584352    -117.953319
      -4.428201    -121.785870
      -3.971997    -125.417903
      -3.134453    -128.797371
      -1.950687    -131.757465
      -0.944877    -134.282738
      -0.484201    -136.610535
      -0.801629    -138.797409
      -1.907500    -140.785496
      -3.666049    -142.544836
      -5.745284    -144.228446
      -7.716111    -145.804967
      -9.292647    -147.163419
     -10.619347    -148.083310
     -11.792928    -148.591014
     -12.833872    -148.603196
     -13.473359    -147.666208
     -13.608176    -145.371672
     -13.226488    -142.679045
     -12.583684    -140.905960
     -12.195188    -140.281638
     -12.103067    -139.807194
     -12.009667    -138.788162
     -11.909458    -137.431770
     -11.822148    -136.153440
     -11.765720    -134.902465
     -11.736390    -133.493297
     -11.773366    -132.007708
     -11.919604    -130.567135
     -12.084067    -129.109464
     -12.176238    -127.403056
     -12.225174    -125.462743
     -12.380385    -123.199322
     -12.679318    -120.442903
     -13.021961    -117.228680
     -13.305980    -113.845540
     -13.556354    -110.607799
     -13.769755    -107.432569
     -13.966200    -104.161645
     -14.126060    -100.936621
     -14.354696     -97.858123
     -14.625844     -94.712306
     -15.057972     -91.366439
     -15.776800     -87.773397
     -16.902099     -83.858539
     -17.999654     -80.003297
     -19.029812     -76.187789
     -19.820255     -72.733105
     -20.445570     -69.606561
     -20.983616     -66.820757
     -21.548908     -64.257123
     -22.196573     -61.980320
     -22.999227     -59.787467
     -23.833652     -57.540841
     -24.520059     -55.415898
     -24.978389     -53.576941
     -25.334970     -51.803695
     -25.686771     -49.446966
     -26.032351     -45.812805
     -26.208034     -40.973019
     -26.110248     -35.814513
     -25.821571     -30.873235
     -25.640814     -26.169693
     -25.579599     -21.762418
     -25.591462     -17.518062
     -25.693219     -13.184496
     -25.756951      -8.690143
     -25.780218      -3.936722
     -25.738239       0.537906
     -25.749155       4.633940
     -25.773991       8.299744
     -25.839969      11.847156
     -25.795617      15.448653
     -25.627370      19.383761
     -25.111115      23.393899
     -24.395884      27.407217
     -23.635167      31.127524
     -22.951026      34.517151
     -22.382444      37.391972
     -21.902431      39.805626
     -21.446209      42.032467
     -20.404139      44.658519
     -18.602175      48.450071
     -16.116238      53.881525
     -12.843591      61.870547
      -9.496422      72.780009
      -6.656815      85.074476
      -4.441951      97.705185
      -2.887610     109.256614
      -1.420942     118.595106
       0.162385     125.904800
       1.448638     131.501539
       2.255202     135.991624
       2.637457     139.957014
       2.601622     143.748348
       2.568259     147.467449
       2.693980     151.023499
       2.940655     154.091448
       3.179701     156.342017
       3.421911     157.657319
       3.683373     158.133200
       4.044037     157.899150
       4.509773     157.004749
       5.019128     155.816750
       5.408997     154.336212
       5.551325     152.200725
       5.440096     148.858481
       5.352089     144.250069
       5.306681     138.727643
       4.820924     132.435389
       3.917685     125.969739
       2.233877     119.628496
       0.117912     113.703491
      -2.249642     108.713395
      -4.129908     105.006622
      -5.741061     102.482116
      -6.931135     100.681986
      -7.899363      99.149323
      -8.872384      97.254977
      -9.981859      94.970408
     -10.977657      92.436140
     -11.866485      89.877198
     -12.617371      87.362979
     -13.233529      85.075321
     -13.599106      82.974221
     -13.724140      81.234984
     -13.565433      79.683724
     -13.290056      78.384509
     -13.132128      77.123655
     -13.135511      75.798877
     -13.223233      74.309942
     -13.348840      72.645154
     -13.524210      70.820516
     -13.762094      68.858468
     -13.988108      66.921375
     -14.246768      65.079976
     -14.506040      63.329465
     -14.776226      61.746882
     -15.107260      60.246164
     -15.392297      58.899821
     -15.650317      57.747677
     -15.846409      56.730286
     -15.987988      55.775803
     -16.116087      54.913094
     -16.229653      54.151673
     -16.286661      53.460470
     -16.091720      52.761117
     -15.626120      52.143799
     -14.962775      51.687996
     -14.603941      51.386623
     -14.539809      51.065768
     -14.622533      50.603889
     -14.852976      50.052005
     -15.105444      49.472178
     -15.243416      48.985937
     -15.298589      48.648520
     -15.368955      48.389577
     -15.492377      48.133563
     -15.664179      47.809595
     -15.889719      47.378160
     -16.114206      46.831041
     -16.290826      46.309936
     -16.425398      45.941462
     -16.432696      45.779573
     -16.393960      45.776144
     -16.380995      45.710730
     -16.433880      45.077243
     -16.637997      43.747521
     -16.954879      42.005384
     -17.318885      40.147021
     -17.678159      38.288073
     -18.031629      36.440498
     -18.415450      34.516716
     -18.810679      32.661688
     -19.208481      30.995292
     -19.541086      29.625021
     -19.802202      28.535379
     -19.987432      27.653689
     -20.046543      27.144425
     -19.826699      27.387711
     -19.209590      28.998875
     -18.296657      31.331383
     -17.484032      33.472391
     -16.702693      35.054928
     -16.037091      36.131305
     -15.519273      36.908324
     -15.055878      37.634728
     -14.507443      38.531422
     -13.834748      39.730969
     -13.132560      41.219901
     -12.383054      42.920520
     -11.632584      44.745848
     -11.009269      46.526219
     -10.553524      48.074410
     -10.243754      49.273186
     -10.044125      50.234872
      -9.924404      51.002899
      -9.851586      51.592075
      -9.819642      52.037741
      -9.756393      52.413252
      -9.755039      52.740387
      -9.715219      52.994055
      -9.698946      53.190832
      -9.656082      53.441095
      -9.627086      53.750920
      -9.600018      54.033006
      -9.629163      54.279179
      -9.637460      54.461119
      -9.677963      54.651096
      -9.730958      54.890854
      -9.815812      55.245407
      -9.909113      55.699470
      -9.962939      56.248688
     -10.012525      56.840448
     -10.083671      57.468631
     -10.116210      58.090330
     -10.171734      58.688215
     -10.216996      59.187901
     -10.256513      59.587634
     -10.301775      59.900043
     -10.344005      60.086164
     -10.380336      60.121960
     -10.420897      60.030750
     -10.499831      59.819343
     -10.569766      59.628078
     -10.638830      59.565573
     -10.698272      59.550075
     -10.748388      59.465538
     -10.794268      59.267755
     -10.861115      58.954735
     -10.944060      58.517515
     -11.008145      57.941846
     -11.071202      57.173931
     -11.129228      56.134120
     -11.234352      54.660786
     -11.466342      52.576258
     -11.842606      49.914527
     -12.335335      47.096273
     -12.814000      44.590161
     -13.179149      42.801402
     -13.376779      41.705745
     -13.448561      41.178898
     -13.441710      40.990169
     -13.408989      40.877010
     -13.377014      40.736880
     -13.352964      40.572810
     -13.299134      40.443858
     -13.235179      40.442171
     -13.157329      40.546019
     -13.041438      40.681911
     -12.949689      40.796660
     -12.883539      40.825152
     -12.849287      40.761632
     -12.856123      40.553547
     -12.832285      40.177458
     -12.714484      39.601167
     -12.521191      38.852690
     -12.257185      37.929778
     -11.894400      36.788069
     -11.416143      35.348032
     -10.964910      33.672378
     -10.623983      31.874083
     -10.408041      30.169270
     -10.183039      28.452841
     -10.019959      26.644042
      -9.856594      24.811016
      -9.731892      22.912377
      -9.623007      21.088994
      -9.419924      19.403248
      -9.285676      17.954962
      -9.114307      16.786757
      -8.956836      15.863924
      -9.020540      15.200307
      -9.216491      14.741705
      -9.597915      14.628546
      -9.635037      14.584397
      -9.686392      14.408033
      -9.735627      14.105330
      -9.682073      13.716688
      -9.694021      13.273210
      -9.720230      12.830806
      -9.848349      12.345763
     -10.010448      11.774383
     -10.136593      11.233217
     -10.193145      10.827840
     -10.121461      10.517952
     -10.057756      10.292811
