       3.183871      10.186054
       3.147047       9.925768
       3.061346       9.667469
       2.979371       9.400078
       2.936029       9.149976
       2.898338       8.959029
       2.818263       8.818656
       2.765782       8.769662
       2.706778       8.791861
       2.631280       8.886457
       2.572355       9.026862
       2.529442       9.220869
       2.481193       9.433023
       2.430487       9.638553
       2.381042       9.800825
       2.321538       9.927752
       2.250754       9.964535
       2.195661       9.932455
       2.178982       9.898002
       2.189144       9.923058
       2.197866      10.005030
       2.208143      10.119775
       2.213702      10.204505
       2.245584      10.298117
       2.261686      10.387627
       2.276299      10.434549
       2.302393      10.480389
       2.331848      10.498123
       2.373406      10.458190
       2.376692      10.380622
       2.372127      10.312290
       2.361994      10.272166
       2.365180      10.247913
       2.376582      10.214884
       2.425223      10.208315
       2.447871      10.187126
       2.464114      10.164205
       2.473783      10.140099
       2.491277      10.150977
       2.510994      10.171787
       2.545057      10.190595
       2.555273      10.220124
       2.578946      10.233822
       2.609468      10.256358
       2.617574      10.274562
       2.596599      10.292543
       2.570370      10.321471
       2.542734      10.345363
       2.536292      10.376681
       2.541358      10.419474
       2.561467      10.454868
       2.555399      10.469563
       2.574050      10.537899
       2.592771      10.711753
       2.609520      10.989706
       2.627582      11.334120
       2.667960      11.636922
       2.679922      11.847487
       2.690646      12.012693
       2.689719      12.205940
       2.685649      12.451579
       2.713370      12.800873
       2.759754      13.324595
       2.802966      14.167490
       2.876403      15.640658
       2.982556      18.143009
       3.026844      21.543849
       3.132207      25.495480
       3.242329      29.772616
       3.188540      33.845687
       3.029742      37.352652
       2.743634      40.158635
       2.577105      42.438543
       2.518679      44.472252
       2.414668      46.509239
       2.311031      48.520998
       2.056863      50.460155
       1.764107      52.185079
       1.397660      53.643274
       1.051596      54.909674
       0.529083      56.055747
       0.122738      57.109323
      -0.153959      58.177514
      -0.355541      59.202555
      -0.502473      60.159092
      -0.571755      61.179747
      -0.616218      62.248384
      -0.650285      63.327882
      -0.673971      64.309088
      -0.678342      65.155386
      -0.682526      65.899686
      -0.697119      66.599024
      -0.671996      67.322682
      -0.648182      68.142455
      -0.648839      69.011260
      -0.683130      69.909163
      -0.765378      70.778464
      -0.819909      71.559633
      -0.836598      72.288265
      -0.848842      73.018207
      -0.853944      73.680924
      -0.919636      74.253547
      -0.985875      74.710652
      -1.071027      75.049497
      -1.167221      75.303383
      -1.124430      75.534680
      -1.116210      75.844135
      -1.081370      76.193943
      -1.072092      76.555135
      -1.027417      76.933944
      -1.017385      77.284111
      -1.052525      77.557654
      -1.054825      77.785478
      -1.064697      78.008896
      -1.028426      78.233800
      -1.029808      78.443429
      -1.000883      78.737342
      -0.980557      79.129785
      -1.050008      79.622836
      -1.130694      80.046796
      -1.157525      80.397332
      -1.167116      80.744959
      -1.206813      81.126420
      -1.206860      81.522661
      -1.226914      81.914865
      -1.236615      82.256722
      -1.215440      82.635667
      -1.198391      83.117756
      -1.192017      83.637525
      -1.185932      84.041591
      -1.131262      84.347943
      -0.732549      84.455516
       0.232857      84.019132
       1.411142      82.573371
       2.304920      80.368156
       2.705503      77.950291
       2.535809      75.020010
       1.781696      71.652276
       0.911891      68.082685
       0.234329      64.720531
      -0.502767      61.504701
      -1.263184      58.386779
      -1.630025      55.439935
      -1.501201      53.167703
      -1.389228      51.887605
      -1.737042      50.587628
      -2.208302      48.457279
      -2.556488      45.703604
      -2.796663      42.788273
      -2.918417      40.069336
      -3.211674      37.858700
      -3.540044      36.107498
      -3.763867      34.578888
      -3.752376      33.196441
      -3.581939      32.410650
      -3.284941      33.180148
      -3.075335      36.952098
      -2.981446      44.122002
      -2.881817      52.711216
      -2.938290      60.847730
      -3.305508      67.429575
      -3.615627      72.045001
      -3.938127      74.933215
      -4.293352      76.990048
      -4.678717      78.893719
      -5.061038      80.903701
      -5.271041      83.066252
      -5.338367      85.200817
      -5.240701      87.070013
      -4.976335      88.622697
      -4.712829      89.820147
      -4.526381      90.853867
      -4.357109      91.799277
      -4.220567      92.511890
      -3.959471      92.945486
      -3.674445      92.999049
      -3.387984      92.802408
      -3.048773      92.417363
      -2.836738      92.104755
      -2.518723      92.006517
      -2.172849      91.896826
      -1.863258      91.443724
      -1.635378      90.442876
      -1.548626      88.673083
      -1.668484      86.061510
      -1.806674      83.150619
      -2.025461      79.998818
      -2.370792      76.547549
      -2.910718      72.406072
      -3.635638      67.275501
      -4.685716      61.310498
      -6.015493      54.946360
      -7.016353      48.388606
      -7.606451      42.593890
      -7.773013      38.478568
      -7.934787      35.694105
      -8.049991      33.993029
      -8.233907      32.527704
      -8.475724      30.452087
      -8.687679      27.665154
      -8.719869      24.648835
      -8.589594      21.725473
      -8.445255      19.016360
      -8.201596      16.517738
      -7.885648      14.540479
      -7.675181      13.281868
      -7.532833      12.780968
      -7.428595      12.736077
      -7.309216      12.928403
      -7.146341      13.211617
      -6.800140      13.373068
      -6.351756      13.346065
      -5.826360      13.175747
      -5.225250      12.897614
      -4.642359      12.528691
      -4.159177      12.087935
      -3.799869      11.659317
      -3.544407      11.409908
      -3.356006      11.466247
      -3.178064      11.718941
      -2.884278      12.067935
      -2.471610      12.496609
      -2.009101      13.103379
      -1.578082      14.137587
      -1.303172      15.744171
      -1.320423      18.181968
      -1.721058      21.358644
      -2.197612      25.062904
      -2.689297      28.926105
      -3.072376      32.936617
      -3.098038      36.985772
      -2.913457      41.053014
      -2.667514      45.004664
      -2.464192      48.480637
      -2.365195      51.324132
      -2.390302      53.627488
      -2.484381      55.525710
      -2.556394      57.039280
      -2.680016      58.311947
      -2.719975      59.456713
      -2.680841      60.433528
      -2.631339      61.352866
      -2.564528      62.245499
      -2.540086      63.276650
      -2.521541      64.482333
      -2.527805      65.906641
      -2.502965      67.491114
      -2.478601      69.093946
      -2.446056      70.739782
      -2.433822      72.361382
      -2.426227      74.013591
      -2.409448      75.668806
      -2.361266      77.336859
      -2.289119      79.030027
      -2.230153      80.710790
      -2.128128      82.278385
      -2.008218      83.763361
      -1.774741      85.117800
      -1.546178      86.282505
      -1.309200      87.444839
      -1.045482      88.604075
      -0.725982      89.599968
       0.305856      90.200578
       2.125143      90.420533
       3.889711      90.671272
       5.407668      91.174178
       6.462534      91.802172
       6.797762      92.430370
       6.783954      93.043695
       6.709226      93.690796
       6.661933      94.345717
       6.744201      94.977519
       6.948349      95.550832
       6.957305      95.939113
       6.784705      96.096626
       6.524769      96.091497
       6.270134      96.120794
       5.990577      96.221393
       5.602524      96.305449
       5.159739      96.431537
       4.754701      96.567087
       4.355602      96.705531
       4.015735      96.808044
       3.704878      96.829774
       3.406685      96.795532
       3.050559      96.677633
       2.587116      96.489093
       1.905821      96.021556
       1.077304      94.990245
       0.337616      93.473182
      -0.142764      92.059303
      -0.540755      91.178035
      -0.872662      90.780177
      -1.311495      90.663744
      -1.970152      91.107550
      -2.741469      92.196786
      -3.463191      93.991534
      -4.087454      96.180138
      -4.657104      98.483367
      -5.024333     100.908013
      -5.228923     103.316572
      -5.642094     105.796102
      -6.139557     108.069441
      -6.715098     109.915460
      -7.141119     111.671303
      -7.345278     113.670075
      -7.456530     116.133829
      -7.418129     118.753484
      -7.164465     121.565196
      -6.879777     124.990932
      -6.605950     128.670448
      -6.704428     132.527352
      -7.026158     136.246044
      -7.283209     139.442762
      -7.382877     142.260234
      -7.501379     144.892070
      -7.692543     147.344702
      -7.839612     149.553647
      -7.898643     151.542608
      -7.848548     153.634596
      -7.866096     155.934775
      -8.065603     158.419327
      -8.347444     161.092623
      -8.658950     163.829459
      -9.109211     166.577835
      -9.657768     169.103098
     -10.251815     171.501671
     -10.325834     173.631787
     -10.374855     175.439629
     -10.376368     176.737038
     -10.448054     177.530986
     -10.601841     177.865616
     -10.398625     177.985837
      -9.860781     178.035961
      -9.615864     178.365520
      -9.627249     179.246467
      -9.888334    -179.747149
     -10.124929    -178.757423
     -10.289790    -177.743918
     -10.463443    -177.303697
     -10.217477    -177.784620
     -10.049949    -178.987588
      -9.999567     179.316700
      -9.669377     175.704376
      -9.467200     170.020668
      -9.081421     162.635068
      -8.358184     154.261103
      -7.111445     145.690818
      -5.287996     137.753208
      -3.614986     130.062781
      -3.118063     123.259947
      -2.616045     117.685269
      -2.373183     112.754196
      -2.327624     108.116030
      -2.486944     103.604622
      -2.644287      99.360730
      -2.816509      95.533347
      -3.005573      92.297122
      -3.271675      89.541101
      -3.546787      87.092093
      -3.788856      84.489943
      -4.065227      81.513879
      -4.299233      77.861024
      -4.442663      73.068502
      -4.555358      66.217010
      -4.449463      57.695993
      -4.146273      48.538775
      -3.513925      40.001646
      -2.953982      33.144029
      -2.789783      27.414796
      -2.648892      22.658663
      -2.496099      18.399114
      -2.367931      14.110099
      -2.213909       9.654356
      -2.036060       4.909868
      -1.857739      -0.038989
      -1.543638      -5.150394
      -0.881251     -10.910476
       0.003767     -16.691880
       0.916008     -21.799302
       1.659287     -26.334215
       2.190959     -30.614348
       2.364331     -35.281229
       2.264551     -40.836983
       1.782573     -46.516301
       1.393469     -51.702917
       1.379539     -56.245793
       1.384717     -59.930137
       1.211574     -62.983961
       0.919271     -65.476386
       0.628402     -67.295312
       0.317204     -68.351487
       0.051897     -68.859624
      -0.088946     -69.322061
      -0.274050     -70.027048
      -0.501334     -71.001027
      -0.559660     -72.141714
      -0.535954     -73.644739
      -0.399993     -75.593964
      -0.106762     -77.925831
       0.108665     -80.319926
      -0.035163     -82.415605
      -0.613098     -83.886215
      -1.225704     -84.954041
      -1.705533     -86.750139
      -1.865320     -89.641739
      -1.873264     -92.641825
      -1.727523     -95.011275
      -1.745215     -96.286448
      -2.043101     -97.003724
      -2.514130     -97.590695
      -2.948624     -98.320929
      -3.267658     -99.001378
      -3.309924     -99.266368
      -3.302157     -99.231990
      -3.243193     -99.069872
      -3.167658     -99.026975
      -3.097050     -98.853346
      -3.043558     -98.440441
      -2.901031     -97.504434
      -2.775569     -95.932750
      -2.558623     -93.792687
      -2.501128     -91.455895
      -2.470368     -88.728143
      -2.454897     -85.146282
      -2.518570     -81.050801
      -2.705399     -76.178998
      -2.860100     -70.170568
      -2.879771     -62.498273
      -3.495176     -53.379965
      -4.274157     -43.684530
      -5.006300     -33.456807
      -5.782796     -23.219894
      -6.476344     -12.333113
      -7.516000      -1.711463
      -8.438093       8.142649
      -9.132662      16.479666
      -9.415214      23.478402
      -9.729166      29.778610
      -9.839311      35.649121
      -9.766245      41.068969
      -9.497992      45.515434
      -9.107789      48.820453
      -8.738741      51.264945
      -8.576304      53.579987
      -8.361849      55.878675
      -8.243906      58.177378
      -8.161632      60.136317
      -8.098328      61.582059
      -7.973920      62.764943
      -7.859072      63.811389
      -7.604781      64.858753
      -7.400882      66.060273
      -7.352071      67.340483
      -7.452679      68.604679
      -7.621987      69.771292
      -7.742713      70.524976
      -7.769693      70.919628
      -7.818782      71.007603
      -7.823691      70.832780
      -7.859784      70.345154
      -8.044154      69.213749
      -8.365608      66.992020
      -8.825952      63.821545
      -9.300714      58.930051
      -9.804652      52.711128
     -10.346670      46.370440
     -10.704509      40.720361
     -10.653477      35.926385
     -10.636085      32.367100
     -10.657630      29.650814
     -10.588120      27.653072
     -10.592704      26.374201
     -10.657539      25.631676
     -10.727029      24.977534
     -10.499021      24.066039
     -10.122000      22.711500
      -9.810302      21.092171
      -9.615782      19.814425
      -9.758688      19.466536
      -9.855671      19.845924
      -9.868813      20.717849
      -9.911875      22.629642
     -10.163681      25.858659
     -10.493694      29.885663
     -10.562042      33.916383
     -10.397255      37.806087
     -10.337897      41.487684
     -10.547980      45.245402
     -11.197353      49.337391
     -11.678155      53.271235
     -11.671851      56.779672
     -11.493525      59.831015
     -11.213361      62.475625
     -10.955228      64.824719
     -10.924623      66.774635
     -11.187322      68.178455
     -11.440879      69.275637
     -11.470204      70.285811
     -11.392153      71.370205
     -11.270019      72.544021
     -11.140580      73.581661
     -11.016915      74.411099
     -10.937334      75.005789
     -10.933078      75.328096
     -10.840077      75.520371
     -10.733972      75.768472
     -10.574494      76.137742
     -10.429683      76.583748
     -10.329761      76.960216
     -10.162419      77.151175
      -9.980873      77.226663
      -9.773887      77.343804
      -9.551648      77.667243
      -9.320751      78.187246
      -9.145288      78.957337
      -8.952041      79.887209
      -8.757448      81.092363
      -8.554993      82.622971
      -8.339451      84.566266
      -8.150215      86.827939
      -7.968051      89.234235
      -7.773347      91.680329
      -7.629336      94.196578
      -7.509499      96.812600
      -7.266221      99.753401
      -6.920794     103.245426
      -6.527831     107.221599
      -6.105390     111.789872
      -5.655014     116.797706
      -5.326949     121.856763
      -4.984592     126.553067
      -4.638822     130.664091
      -4.494617     134.167918
      -4.461561     137.394750
      -4.466620     140.582453
      -4.583749     143.856786
      -4.551265     147.106786
      -4.451485     150.104803
      -4.495284     152.865389
      -4.542135     155.369156
      -4.604299     157.830520
      -4.608592     160.243373
      -4.596818     162.685533
      -4.627088     164.959416
      -4.638894     166.984251
      -4.583590     168.711719
      -4.456771     170.166495
      -4.293386     171.454519
      -4.139039     172.519781
      -4.073215     173.501852
      -4.002848     174.352589
      -4.087136     175.043355
      -4.172166     175.505199
      -4.217343     175.593092
      -4.112088     175.443593
      -3.875778     175.263728
      -3.640707     175.125127
      -3.397454     174.859720
      -3.245463     174.459968
      -3.179834     174.025420
      -3.101462     173.489360
      -3.087976     172.934979
      -3.054019     172.486909
      -2.960924     172.206659
      -2.899732     172.024307
      -2.942359     172.076218
      -3.048463     172.236792
      -3.157606     172.322878
      -3.108754     172.339061
      -2.948536     172.350854
      -2.968027     172.361345
      -3.062052     172.388214
      -3.059650     172.326977
      -3.080095     172.218082
      -3.022580     172.153970
      -3.004927     172.076879
      -3.034661     171.951140
      -3.003634     171.952131
      -2.921444     172.001712
      -2.904991     171.992989
      -2.936860     171.948168
      -2.867334     171.948615
      -2.777249     171.904202
      -2.688429     171.768225
      -2.613195     171.268534
      -2.645398     169.856578
      -2.867856     166.364767
      -3.124845     160.399176
      -3.264880     152.616476
      -3.037628     144.385969
      -2.564683     136.796296
      -2.126364     129.953178
      -1.827024     123.743930
      -1.500557     117.753899
      -1.260474     111.517452
      -0.939477     104.907072
      -0.034802      97.834828
       0.876275      89.810248
       1.082110      80.977635
       0.682875      71.418202
      -0.085983      60.892920
      -0.850062      49.230474
      -1.458908      36.636443
      -1.533375      23.665201
      -1.420188      10.759516
      -1.135000      -0.990864
      -1.039670     -11.701583
      -1.124473     -21.659602
      -1.351611     -31.358646
      -1.578139     -40.805534
      -1.776475     -50.038439
      -2.023744     -58.138862
      -1.848242     -64.437042
      -1.645380     -69.433156
      -1.415570     -73.479775
      -1.181738     -76.707957
      -1.003222     -79.370519
      -0.969732     -81.633906
      -0.997986     -83.552411
      -1.081910     -85.435217
      -1.288033     -87.868032
      -1.466943     -90.269752
      -1.671905     -92.053504
      -1.822193     -93.566962
      -2.026111     -94.997355
      -2.264903     -96.633162
      -2.374070     -98.074649
      -2.519420     -99.234632
      -2.742905    -100.179605
      -2.827871    -100.968852
      -2.920240    -101.850392
      -3.000059    -102.832074
      -3.017835    -103.789345
      -3.032756    -104.762129
      -2.952396    -105.786834
      -2.837917    -106.963497
      -2.738514    -108.030964
      -2.678502    -108.705468
      -2.573671    -109.089115
      -2.396612    -109.456928
      -2.170202    -109.931216
      -1.927955    -110.221345
      -1.728722    -110.306596
      -1.580411    -110.107633
      -1.571724    -109.715069
      -1.547997    -109.312295
      -1.559156    -109.128020
      -1.599308    -109.173637
      -1.676730    -109.300658
      -1.600722    -109.469177
      -1.155906    -109.862742
      -0.900699    -110.733421
      -0.953123    -111.998899
      -1.211452    -113.561734
      -1.641529    -115.084265
      -2.001113    -116.568970
      -2.286310    -118.199443
      -2.530729    -120.013755
      -2.758060    -121.681871
      -3.019580    -122.887666
      -3.293034    -123.698439
      -3.440968    -124.164208
      -3.545517    -124.600515
      -3.503717    -125.106306
      -3.429980    -125.542010
      -3.172294    -126.054610
      -2.924743    -126.366188
      -2.721111    -126.313771
      -2.516336    -126.057155
      -2.331462    -125.627707
      -2.142416    -125.229548
      -1.909122    -124.881795
      -1.688895    -124.527572
      -1.427741    -124.063270
      -1.190399    -123.594100
      -0.887210    -123.231679
      -0.540336    -122.943114
      -0.172923    -122.758100
       0.144425    -122.649293
       0.282510    -122.667380
       0.280733    -122.895398
       0.379219    -123.048812
       0.488101    -123.040983
       0.602487    -122.828838
       0.728610    -122.533754
       0.890363    -122.204292
       0.978995    -121.756562
       0.973392    -121.261146
       1.127709    -120.836506
       1.267664    -120.635853
       1.437591    -120.463963
       1.486127    -120.347073
       1.585186    -120.252410
       1.704975    -120.291839
       1.876934    -120.428137
       2.040227    -120.492901
       2.222979    -120.570147
       2.427056    -120.652386
       2.728905    -120.631190
       3.026892    -120.394847
       3.196607    -120.006810
       3.394786    -119.598043
       3.486189    -119.367402
       3.565535    -119.275332
       3.577540    -119.281141
       3.571512    -119.377748
       3.604967    -119.497386
       3.674633    -119.753691
       3.762669    -120.121105
       3.871638    -120.389349
       3.884206    -120.418200
       3.839656    -120.267156
       3.662810    -120.096995
       3.524549    -119.945864
       3.437385    -119.860827
       3.411634    -119.859885
       3.366113    -119.804767
       3.349733    -119.629176
       3.303797    -119.415390
       3.234042    -119.232027
       3.148061    -119.162756
       3.004657    -119.029858
       2.923426    -118.759711
       2.858084    -118.454437
       2.897321    -118.400233
       2.980047    -118.466735
       3.216260    -118.404973
       3.502347    -118.101186
       3.635675    -117.727214
       3.685694    -117.467247
       3.780855    -117.429780
       3.829170    -117.479594
       3.880370    -117.485072
       3.939507    -117.324868
       4.014311    -117.027016
       4.143580    -116.722656
       4.284559    -116.584775
       4.326422    -116.491811
       4.359474    -116.342166
       4.329216    -116.040652
       4.369171    -115.728336
       4.401957    -115.462899
       4.437098    -115.300286
       4.457473    -115.218649
       4.397382    -115.229733
       4.323300    -115.282587
       4.294241    -115.331216
       4.256345    -115.336908
       4.224892    -115.347730
       4.214331    -115.372957
       4.210342    -115.382040
       4.219872    -115.315139
       4.235312    -115.290757
       4.223811    -115.369848
       4.261503    -115.394648
       4.271132    -115.347700
       4.280355    -115.278925
       4.292394    -115.217493
       4.275554    -115.166611
       4.237925    -115.121392
       4.251916    -115.085353
       4.265795    -115.040941
       4.264903    -115.008340
       4.322131    -114.995343
       4.359644    -114.976439
       4.369861    -114.889877
       4.396587    -114.759486
       4.349105    -114.703533
       4.329216    -114.654817
       4.361199    -114.640226
       4.397054    -114.611842
       4.452635    -114.596591
       4.459875    -114.535616
       4.452423    -114.488299
       4.442690    -114.477137
       4.434003    -114.452988
       4.415200    -114.434726
       4.402260    -114.416395
       4.394308    -114.423331
       4.434424    -114.433647
       4.511220    -114.443245
       4.487777    -114.430665
       4.443051    -114.348067
       4.454279    -114.259212
       4.457287    -114.204318
       4.456609    -114.160246
       4.452248    -114.103846
       4.446862    -114.095696
       4.442870    -114.131949
       4.431966    -114.143159
       4.393977    -114.163247
       4.379890    -114.146083
       4.367879    -114.149939
       4.361465    -114.175341
       4.357141    -114.225922
       4.317871    -114.330902
       4.216222    -114.361501
       4.127789    -114.262777
       4.039988    -114.100349
       3.990792    -114.043094
       3.936026    -114.142945
       3.902130    -114.281302
       3.852360    -114.348941
       3.798218    -114.307248
       3.732752    -114.278106
       3.693555    -114.276018
       3.652141    -114.288092
       3.663955    -114.275775
       3.650687    -114.272987
       3.633123    -114.264497
       3.614681    -114.252053
       3.616506    -114.261631
       3.635633    -114.284702
       3.615773    -114.301886
       3.578856    -114.287723
       3.571423    -114.261262
       3.594990    -114.250955
       3.624036    -114.258309
       3.644688    -114.271938
       3.641398    -114.255764
       3.624640    -114.220288
       3.638578    -114.216791
       3.654464    -114.214673
       3.640086    -114.225845
       3.650193    -114.224426
       3.653942    -114.179674
       3.675648    -114.121176
       3.654213    -114.102262
       3.618036    -114.097590
       3.615052    -114.081484
       3.623271    -114.021675
       3.586705    -113.999857
       3.594150    -113.991969
       3.568638    -113.971541
       3.545410    -113.899569
       3.564457    -113.882288
       3.540361    -113.887737
       3.530349    -113.888330
       3.523069    -113.856983
       3.506921    -113.848833
       3.517298    -113.820118
       3.468595    -113.844792
       3.473049    -113.878626
       3.506312    -113.902493
       3.490816    -113.878597
       3.475928    -113.841382
       3.474012    -113.833397
       3.476399    -113.827462
       3.488075    -113.790150
       3.480208    -113.764826
       3.457334    -113.766866
       3.449917    -113.764690
       3.432896    -113.738685
       3.442468    -113.708164
       3.413778    -113.696274
       3.375570    -113.693748
       3.386890    -113.658709
       3.389376    -113.638757
       3.340992    -113.602980
       3.327667    -113.533923
       3.274635    -113.229417
       3.213973    -112.719856
       3.190078    -112.188974
       3.186148    -111.914183
       3.178712    -111.750404
       3.123764    -111.522746
       2.985104    -110.806724
       2.748053    -108.746102
       2.327557    -104.953729
       1.830926     -99.828102
       1.694480     -94.758448
       1.806990     -91.199687
       1.778875     -89.520508
       1.665258     -89.463855
       1.606838     -90.944208
       1.547699     -93.569818
       1.462671     -96.418307
       1.316177     -98.519950
       1.117583     -99.279987
       0.952556     -99.242938
       0.986941     -99.154054
       1.258748     -98.937295
       1.348568     -98.551871
       1.490730     -98.214308
       1.512685     -98.403809
       1.527762     -99.006410
       1.529365     -99.818942
       1.490297    -100.636058
       1.463893    -101.510206
       1.469767    -102.250183
       1.501653    -102.812277
