       4.075735       2.596160
       4.180093       2.882475
       4.269818       3.082552
       4.350298       3.169042
       4.423571       3.161401
       4.501334       3.107935
       4.585768       3.040624
       4.708232       2.998593
       4.875601       2.940441
       4.988607       2.881227
       5.047022       2.805885
       5.060654       2.753947
       5.050232       2.730055
       4.995954       2.701331
       4.950054       2.679738
       4.918068       2.671379
       4.887371       2.712205
       4.830636       2.808466
       4.737286       2.912898
       4.630466       3.051358
       4.541807       3.170715
       4.465725       3.295067
       4.398300       3.456094
       4.333247       3.640342
       4.205825       3.787475
       4.092813       3.905535
       3.995103       3.977600
       3.899391       4.020896
       3.803029       4.068571
       3.706827       4.112930
       3.608559       4.170211
       3.511862       4.241686
       3.408952       4.316849
       3.304512       4.441066
       3.230333       4.553409
       3.204500       4.647430
       3.188988       4.710638
       3.151722       4.751069
       3.081554       4.769007
       3.037776       4.767027
       3.050673       4.746825
       3.095733       4.682603
       3.123470       4.587474
       3.121322       4.511092
       3.139963       4.487213
       3.140018       4.481729
       3.155286       4.469380
       3.131932       4.452819
       3.135749       4.440338
       3.190712       4.446633
       3.245017       4.451773
       3.242303       4.447733
       3.221203       4.441653
       3.191091       4.452555
       3.196857       4.470001
       3.213593       4.490660
       3.268165       4.499384
       3.304747       4.429878
       3.303034       4.314369
       3.298436       4.200547
       3.294500       4.128410
       3.320330       4.086491
       3.349391       4.032939
       3.344541       3.955624
       3.318205       3.802436
       3.262401       3.595863
       3.201026       3.389220
       3.139706       3.284467
       3.088801       3.322243
       3.073897       3.469907
       3.090794       3.642729
       3.120753       3.777854
       3.125159       3.858968
       3.108396       3.871032
       3.077201       3.875550
       3.061844       3.883877
       3.053631       3.929279
       3.055485       3.980508
       3.050765       4.006458
       3.014513       4.028872
       2.970846       4.029112
       2.928078       4.027617
       2.870834       4.014318
       2.814041       4.022206
       2.737453       4.031037
       2.674288       4.047830
       2.626067       4.062248
       2.602286       4.078229
       2.593153       4.091230
       2.562305       4.112722
       2.518171       4.206869
       2.478235       4.381681
       2.419002       4.576940
       2.320348       4.691148
       2.198071       4.637171
       2.090558       4.529836
       1.930642       4.407997
       1.816982       4.284027
       1.689828       4.140367
       1.518321       3.955874
       1.325984       3.674375
       1.067867       2.962438
       0.724250       1.347487
       0.375156      -1.396333
       0.183836      -5.063472
       0.179508      -9.271730
       0.267176     -13.520967
       0.434731     -17.640806
       0.657334     -21.424347
       0.930373     -24.495404
       1.103197     -26.707072
       1.065239     -27.765021
       0.884597     -27.524242
       0.582965     -26.457355
       0.252407     -25.256225
      -0.064871     -24.541592
      -0.369248     -24.740004
      -0.767635     -25.545082
      -1.054095     -26.102314
      -1.300059     -25.972386
      -1.575578     -25.130436
      -1.803542     -23.753263
      -1.975585     -22.280114
      -2.206528     -20.914423
      -2.576270     -19.823096
      -2.844152     -18.929846
      -2.993442     -18.170166
      -3.097060     -17.471332
      -3.165710     -16.767481
      -3.127917     -16.047372
      -3.041446     -15.323565
      -2.974317     -14.619773
      -2.943022     -14.003816
      -2.928626     -13.558276
      -2.898019     -13.260446
      -2.815005     -13.012746
      -2.705337     -12.826392
      -2.610029     -12.687914
      -2.518260     -12.595192
      -2.470568     -12.594724
      -2.494906     -12.732233
      -2.514988     -12.906770
      -2.486557     -12.978617
      -2.446431     -12.908323
      -2.416618     -12.778640
      -2.388742     -12.674355
      -2.368991     -12.563573
      -2.376613     -12.440371
      -2.399703     -12.332330
      -2.419425     -12.235013
      -2.425128     -12.158032
      -2.418044     -12.092927
      -2.441317     -12.043537
      -2.468759     -12.003570
      -2.491352     -11.967092
      -2.512483     -11.917778
      -2.509921     -11.872041
      -2.523424     -11.845293
      -2.557958     -11.842982
      -2.586002     -11.872951
      -2.641564     -11.924607
      -2.715490     -12.000028
      -2.783528     -12.069028
      -2.866185     -12.149519
      -2.921101     -12.256547
      -2.977871     -12.437148
      -3.065440     -12.700135
      -3.179553     -12.911768
      -3.270195     -12.713951
      -3.328892     -12.320202
      -3.395072     -12.090628
      -3.439804     -12.190131
      -3.471602     -12.454257
      -3.482977     -12.678461
      -3.483521     -12.804519
      -3.461124     -12.853877
      -3.447233     -12.861279
      -3.442828     -12.814880
      -3.455069     -12.728579
      -3.473618     -12.629328
      -3.469487     -12.580428
      -3.455323     -12.576603
      -3.457268     -12.618133
      -3.461405     -12.637784
      -3.475809     -12.629657
      -3.480821     -12.571395
      -3.476299     -12.499740
      -3.469845     -12.465721
      -3.480426     -12.433029
      -3.488831     -12.422716
      -3.480036     -12.427915
      -3.476677     -12.411278
      -3.478967     -12.359065
      -3.482294     -12.293559
      -3.493404     -12.234317
      -3.492388     -12.193907
      -3.489712     -12.176654
      -3.480337     -12.169866
      -3.490259     -12.162314
      -3.488182     -12.128093
      -3.499236     -12.076535
      -3.509654     -12.021630
      -3.501070     -11.990037
      -3.503391     -11.988652
      -3.521453     -11.986997
      -3.528552     -11.982358
      -3.534097     -11.959596
      -3.542332     -11.918899
      -3.557679     -11.863838
      -3.578357     -11.810872
      -3.593709     -11.764345
      -3.601440     -11.733062
      -3.583884     -11.712378
      -3.576530     -11.708292
      -3.572352     -11.719732
      -3.553745     -11.702427
      -3.527881     -11.659468
      -3.488419     -11.624099
      -3.430961     -11.608152
      -3.380960     -11.601113
      -3.352982     -11.569307
      -3.310498     -11.527301
      -3.288668     -11.483114
      -3.267568     -11.433320
      -3.282867     -11.374137
      -3.291505     -11.320203
      -3.302350     -11.270277
      -3.310858     -11.224178
      -3.289058     -11.181136
      -3.282169     -11.145816
      -3.301040     -11.127720
      -3.288455     -11.078237
      -3.282743     -11.028539
      -3.275473     -10.982911
      -3.255262     -10.954561
      -3.246701     -10.954012
      -3.246210     -10.952321
      -3.233660     -10.954857
      -3.221987     -10.951165
      -3.223262     -10.944239
      -3.245934     -10.937547
      -3.285622     -10.944656
      -3.314661     -10.950815
      -3.329345     -10.943707
      -3.322295     -10.936832
      -3.310556     -10.930975
      -3.328121     -10.939776
      -3.340464     -10.922152
      -3.349653     -10.896284
      -3.356836     -10.868736
      -3.354167     -10.882604
      -3.354809     -10.912611
      -3.356468     -10.924350
      -3.354210     -10.940442
      -3.355088     -10.952021
      -3.365551     -10.962670
      -3.398544     -10.951069
      -3.441999     -10.914724
      -3.475448     -10.886395
      -3.483271     -10.896870
      -3.497989     -10.910062
      -3.519008     -10.926288
      -3.539650     -10.923943
      -3.566272     -10.926663
      -3.586051     -10.932948
      -3.605767     -10.953201
      -3.609948     -10.981536
      -3.640767     -11.007845
      -3.669311     -11.045579
      -3.686790     -11.083903
      -3.715948     -11.106767
      -3.749502     -11.102293
      -3.807594     -11.078736
      -3.846859     -11.038002
      -3.834516     -10.996730
      -3.812084     -10.948447
      -3.803476     -10.901265
      -3.778845     -10.835543
      -3.741571     -10.718791
      -3.690231     -10.522749
      -3.615680     -10.216155
      -3.511194      -9.760550
      -3.320732      -8.865884
      -3.198120      -7.489070
      -2.972674      -5.526685
      -2.600370      -3.149003
      -2.173922      -0.688151
      -1.733454       1.414308
      -1.331258       3.165111
      -0.960567       4.668252
      -0.756385       5.983943
      -0.693097       7.216585
      -0.634642       8.359409
      -0.501008       9.383162
      -0.321489      10.141357
      -0.059429      10.652528
       0.209079      11.013265
       0.420732      11.280320
       0.554670      11.432974
       0.538295      11.360215
       0.481564      11.104744
       0.385039      10.805789
       0.325558      10.533066
       0.235803      10.237519
       0.102575       9.841779
      -0.040182       9.338087
      -0.145235       8.874297
      -0.189295       8.562575
      -0.209778       8.414817
      -0.222216       8.338169
      -0.226271       8.228138
      -0.268353       7.977332
      -0.331900       7.401622
      -0.455827       6.466945
      -0.726490       5.050226
      -1.125021       2.879058
      -1.605481      -0.176334
      -2.033031      -3.696574
      -2.283278      -7.088097
      -2.426717      -9.867183
      -2.432619     -12.012895
      -2.326774     -13.770108
      -1.985569     -15.508320
      -1.516999     -17.205537
      -1.075062     -18.794423
      -0.556465     -20.220919
       0.110462     -21.352811
       1.055525     -21.513884
       2.195264     -20.798202
       3.115078     -19.647114
       3.994219     -18.431575
       4.804223     -17.248736
       5.490479     -16.091677
       6.091692     -14.926569
       6.587299     -13.902203
       6.920541     -13.011932
       7.089899     -12.284328
       7.173634     -11.697654
       7.240936     -11.266962
       7.254868     -10.902448
       7.307979     -10.574996
       7.432607     -10.213742
       7.477678      -9.851310
       7.501368      -9.515879
       7.486926      -9.203621
       7.439185      -8.975348
       7.383946      -8.852381
       7.369530      -8.839572
       7.370308      -8.842802
       7.345684      -8.790714
       7.329241      -8.694554
       7.280971      -8.607304
       7.231643      -8.567172
       7.173166      -8.542121
       7.119076      -8.528299
       7.107960      -8.496054
       7.114220      -8.444430
       7.098810      -8.408091
       7.049206      -8.363519
       7.016227      -8.320753
       6.987626      -8.291439
       6.985793      -8.274210
       6.985768      -8.268886
       6.968489      -8.258118
       6.946444      -8.227638
       6.924615      -8.180614
       6.914435      -8.141074
       6.910490      -8.146724
       6.896399      -8.151697
       6.894159      -8.143905
       6.890710      -8.099675
       6.870788      -8.069538
       6.831896      -8.070079
       6.792490      -8.070573
       6.762764      -8.066631
       6.735906      -8.030677
       6.677454      -7.984019
       6.594147      -7.889962
       6.548965      -7.786256
       6.502547      -7.697834
       6.471686      -7.653761
       6.461089      -7.642782
       6.447077      -7.663534
       6.423566      -7.669799
       6.399159      -7.688198
       6.384487      -7.711767
       6.374537      -7.745339
       6.398226      -7.778607
       6.381718      -7.798869
       6.370898      -7.835353
       6.371691      -7.902456
       6.388219      -7.965016
       6.393998      -7.997277
       6.389612      -8.002749
       6.355755      -7.984395
       6.321268      -7.972575
       6.315512      -7.976532
       6.292865      -7.979492
       6.260719      -7.984939
       6.241942      -7.974741
       6.208953      -7.955599
       6.174497      -7.932702
       6.129385      -7.930600
       6.080894      -7.930990
       6.015798      -7.924149
       5.989140      -7.920237
       5.984404      -7.924915
       5.972195      -7.933510
       5.935175      -7.917539
       5.888895      -7.886624
       5.852446      -7.856954
       5.844700      -7.834118
       5.825116      -7.830780
       5.783685      -7.819599
       5.778363      -7.787290
       5.777121      -7.759165
       5.757840      -7.737618
       5.759061      -7.747172
       5.763792      -7.746553
       5.744196      -7.761562
       5.748604      -7.765652
       5.758509      -7.764608
       5.742040      -7.745283
       5.708021      -7.733843
       5.674271      -7.724404
       5.653364      -7.704148
       5.667780      -7.675266
       5.686319      -7.645138
       5.680463      -7.630091
       5.662870      -7.616046
       5.647914      -7.605830
       5.619215      -7.577510
       5.599618      -7.544691
       5.581321      -7.517448
       5.564950      -7.496320
       5.557181      -7.503970
       5.534533      -7.508933
       5.483691      -7.520134
       5.427673      -7.514920
       5.369181      -7.488779
       5.330485      -7.454289
       5.312935      -7.419273
       5.308415      -7.385557
       5.306251      -7.380301
       5.274724      -7.375766
       5.247808      -7.373875
       5.228456      -7.352952
       5.214988      -7.328917
       5.208428      -7.312460
       5.183438      -7.286789
       5.161001      -7.280690
       5.154199      -7.276335
       5.140826      -7.289603
       5.131426      -7.298864
       5.110103      -7.288838
       5.078267      -7.270846
       5.051020      -7.255082
       5.027222      -7.244193
       5.032397      -7.227472
       5.030745      -7.237728
       5.038092      -7.231758
       5.031154      -7.229983
       5.018785      -7.218240
       5.011245      -7.227483
       4.991438      -7.250582
       4.954804      -7.265220
       4.902109      -7.292071
       4.857064      -7.312305
       4.875000      -7.349471
       4.903292      -7.388909
       4.886183      -7.425754
       4.857377      -7.458180
       4.834403      -7.474742
       4.822409      -7.476747
       4.817563      -7.479873
       4.810840      -7.477460
       4.810146      -7.468826
       4.788384      -7.469449
       4.743057      -7.463724
       4.707656      -7.456484
       4.684070      -7.430169
       4.664070      -7.377820
       4.663178      -7.334870
       4.658548      -7.331254
       4.676665      -7.368907
       4.664115      -7.412545
       4.651937      -7.408845
       4.683694      -7.350409
       4.736572      -7.280653
       4.763558      -7.243320
       4.747798      -7.213867
       4.756787      -7.182762
       4.773993      -7.135389
       4.785742      -7.086736
       4.821293      -7.067415
       4.849535      -7.050408
