      12.371940       3.517338
      12.212883       3.559858
      12.082602       3.644038
      12.011709       3.751285
      11.978185       3.842451
      11.904377       3.900408
      11.845994       3.974286
      11.804892       4.067161
      11.754915       4.160378
      11.736770       4.236783
      11.712992       4.274011
      11.644134       4.279622
      11.573204       4.250435
      11.442876       4.181167
      11.160337       4.117309
      10.575818       4.056087
       9.588388       4.047882
       8.390502       4.182349
       7.514391       4.714008
       6.918806       5.667060
       6.565056       6.998691
       6.370095       8.523353
       6.264673      10.092018
       6.112155      11.597052
       5.880969      13.019476
       5.747789      14.393692
       5.669120      15.648047
       5.658625      16.767043
       5.625462      17.660886
       5.592070      18.261594
       5.536806      18.552869
       5.481730      18.637790
       5.438433      18.616161
       5.391252      18.537764
       5.330758      18.441251
       5.292930      18.388972
       5.262368      18.345009
       5.193415      18.296144
       5.099296      18.246379
       5.029973      18.195318
       4.975625      18.188508
       5.001548      18.247748
       5.066422      18.370125
       5.122605      18.538269
       5.154049      18.725910
       5.184553      18.925450
       5.195367      19.129736
       5.205304      19.321146
       5.199188      19.512841
       5.193020      19.665715
       5.207991      19.804353
       5.284830      19.862968
       5.557451      19.726894
       5.629494      19.400977
       5.458877      19.145028
       5.275766      19.005450
       5.263473      18.934310
       5.234233      18.847389
       5.192826      18.753724
       5.155458      18.651717
       5.125121      18.526053
       5.105083      18.409491
       5.064337      18.281344
       5.002808      18.148944
       4.968643      18.072725
       4.979341      17.982228
       4.974818      17.890186
       4.956716      17.782682
       4.947088      17.672802
       4.950219      17.554508
       4.971170      17.448736
       5.017169      17.357531
       5.004229      17.281533
       5.016865      17.191209
       4.988879      17.054347
       4.947343      16.897076
       4.860815      16.690083
       4.726080      16.442219
       4.612047      16.173292
       4.500319      15.821425
       4.387148      15.429071
       4.274599      15.036158
       4.156626      14.664034
       4.024316      14.322932
       3.922817      14.010678
       3.847492      13.751882
       3.742957      13.536053
       3.669454      13.378551
       3.602132      13.290476
       3.570677      13.284830
       3.517908      13.300152
       3.444626      13.320015
       3.375882      13.355889
       3.363237      13.395451
       3.363774      13.403165
       3.366979      13.399141
       3.356488      13.345739
       3.332014      13.230354
       3.289660      12.974922
       3.240549      12.519246
       3.139153      11.759651
       3.043143      10.768343
       2.891472       9.744424
       2.553074       8.819838
       1.914427       8.033542
       0.753577       7.413652
      -0.668654       7.105885
      -1.591283       6.932276
      -2.458915       6.733208
      -3.178891       6.284235
      -3.810758       5.622256
      -4.297594       4.799451
      -4.798874       3.904676
      -5.298635       2.960878
      -5.742059       1.951626
      -6.150900       0.901143
      -6.570904      -0.169047
      -6.887269      -1.214179
      -7.116503      -2.146806
      -7.274916      -2.893345
      -7.421492      -3.493073
      -7.527300      -4.069474
      -7.466506      -4.896190
      -7.336626      -6.334495
      -7.069402      -8.315437
      -6.651647     -10.503660
      -6.158572     -12.665234
      -5.708368     -14.357402
      -5.250987     -15.342488
      -4.909612     -15.726194
      -4.626660     -15.725047
      -4.390913     -15.597773
      -4.167178     -15.453073
      -3.943765     -15.332035
      -3.685518     -15.226357
      -3.479322     -15.167736
      -3.281725     -15.226575
      -3.099985     -15.363438
      -2.950335     -15.573041
      -2.838274     -15.782953
      -2.789965     -15.929622
      -2.756446     -15.968345
      -2.738260     -15.947739
      -2.740008     -15.892920
      -2.736713     -15.867327
      -2.745973     -15.850483
      -2.749835     -15.831537
      -2.758555     -15.790611
      -2.781032     -15.739711
      -2.834876     -15.682000
      -2.896870     -15.609062
      -2.978626     -15.542778
      -3.029211     -15.480669
      -3.033943     -15.428107
      -3.048598     -15.395671
      -3.119356     -15.416115
      -3.194211     -15.469158
      -3.238180     -15.543947
      -3.239153     -15.580454
      -3.198510     -15.585555
      -3.175503     -15.548339
      -3.189851     -15.506483
      -3.228079     -15.466189
      -3.286764     -15.468408
      -3.388236     -15.473447
      -3.491023     -15.442088
      -3.569518     -15.360536
      -3.627122     -15.272954
      -3.643212     -15.176124
      -3.635956     -15.099088
      -3.632472     -15.013441
      -3.605880     -14.896118
      -3.483447     -14.686896
      -3.259109     -14.385815
      -2.721101     -14.047265
      -2.108219     -13.716793
      -1.531091     -13.360438
      -0.996174     -13.004141
      -0.476347     -12.677862
      -0.017242     -12.417926
       0.323053     -12.289096
       0.524469     -12.315707
       0.690891     -12.457991
       1.012918     -12.625126
       1.657166     -12.752761
       2.953368     -12.776217
       4.249316     -12.584106
       5.184410     -12.299104
       5.901805     -11.925696
       6.442997     -11.469727
       6.878504     -10.834956
       7.293747     -10.041536
       7.714268      -9.209037
       8.183218      -8.417777
       8.603780      -7.767361
       9.032206      -7.271187
       9.328199      -6.927239
       9.497122      -6.735168
       9.555502      -6.700688
       9.589886      -6.738195
       9.655951      -6.807696
       9.739881      -6.846529
       9.799176      -6.841130
       9.882882      -6.842936
       9.916519      -6.873570
       9.905611      -6.934893
       9.868331      -7.020342
       9.835420      -7.066292
       9.806223      -7.080030
       9.833886      -7.057753
       9.861625      -7.024153
       9.848367      -6.976487
       9.819623      -6.932732
       9.767385      -6.875677
       9.736781      -6.807687
       9.727212      -6.746271
       9.732396      -6.726736
       9.744935      -6.697691
       9.763856      -6.685058
       9.767091      -6.670975
       9.777990      -6.664229
       9.806330      -6.678166
       9.804358      -6.684053
       9.809209      -6.692943
       9.824036      -6.688698
       9.839076      -6.692183
       9.822858      -6.676619
       9.777872      -6.650624
       9.748874      -6.610205
       9.740059      -6.563854
       9.757129      -6.510380
       9.801662      -6.482470
       9.819872      -6.469478
       9.848778      -6.430758
       9.895944      -6.354269
       9.915394      -6.246617
       9.961110      -6.148603
      10.034227      -6.097195
      10.061177      -6.052591
      10.089604      -6.046002
      10.085802      -6.050775
      10.048444      -6.055428
       9.992794      -6.038857
       9.920725      -5.984755
       9.852337      -5.918668
       9.815338      -5.860878
       9.797841      -5.808998
       9.789552      -5.769770
       9.780271      -5.775524
       9.751859      -5.770117
       9.735611      -5.754765
       9.690782      -5.731205
       9.678485      -5.700759
       9.695382      -5.684521
       9.672697      -5.656097
       9.645104      -5.623371
       9.601541      -5.562606
       9.511877      -5.465341
       9.445238      -5.309507
       9.319180      -5.085290
       9.097416      -4.798117
       8.759127      -4.422634
       8.163997      -3.856636
       7.321683      -2.796508
       6.615969      -1.322138
       6.141041       0.302292
       5.843035       1.744766
       5.524979       2.860436
       5.198092       3.712413
       4.929716       4.456429
       4.610980       5.090257
       4.287614       5.546083
       4.049333       5.707113
       3.860222       5.576768
       3.730799       5.259397
       3.640090       4.811720
       3.526643       4.053329
       3.397203       2.335672
       3.231913       0.007223
       3.060291      -2.542315
       2.799187      -5.182428
       2.368993      -8.017520
       1.808565     -11.011316
       1.128262     -14.019576
       0.588951     -16.698905
       0.189964     -18.910511
      -0.223493     -20.847428
      -0.696897     -22.616880
      -1.314134     -24.424344
      -1.990442     -26.557012
      -2.441884     -29.076406
      -2.764363     -31.767872
      -2.823019     -34.451464
      -2.702687     -36.992076
      -2.388774     -39.381569
      -2.006658     -41.277894
      -1.684918     -42.726171
      -1.400221     -44.046864
      -1.137269     -45.816885
      -0.972979     -47.950259
      -0.882003     -50.178030
      -0.772093     -52.191538
      -0.593771     -53.713210
      -0.368085     -54.850453
      -0.093587     -55.709451
       0.217246     -56.532542
       0.650103     -57.296605
       1.131827     -58.022007
       1.582228     -58.666606
       1.968965     -59.302439
       2.243219     -59.960925
       2.310592     -60.650919
       2.231274     -61.263244
       1.970380     -61.672200
       1.580846     -61.896129
       1.163358     -62.050990
       0.857294     -62.007505
       0.533377     -61.561135
       0.105163     -60.289377
      -0.645558     -57.492703
      -1.222534     -53.042756
      -1.518020     -48.033985
      -1.614103     -42.633684
      -1.772090     -37.100004
      -1.926717     -30.933105
      -2.051141     -23.945480
      -2.017167     -16.867499
      -1.927697     -10.458333
      -2.011707      -5.200208
      -2.172042      -0.917621
      -2.422844       2.601624
      -2.646769       5.862534
      -2.471947       9.441631
      -1.946104      13.443364
      -1.699636      17.570043
      -1.463534      21.501013
      -1.219407      25.124377
      -0.952807      28.448400
      -0.657822      31.829823
      -0.577680      35.319857
      -0.727920      38.806238
      -0.885223      42.259586
      -0.929621      45.562940
      -0.869906      48.652347
      -0.847647      51.619755
      -0.864826      54.653122
      -0.827689      57.762603
      -0.826856      60.974732
      -0.908347      64.213677
      -1.032619      67.424169
      -1.184727      70.421244
      -1.380789      73.207971
      -1.547103      75.800393
      -1.681217      78.185604
      -1.637160      80.453475
      -1.433577      82.696788
      -1.295926      85.017950
      -1.202632      87.546526
      -0.997104      90.302751
      -0.840611      92.953967
      -0.764036      95.313217
      -0.682612      97.449812
      -0.594225      99.467857
      -0.484812     101.497733
      -0.248554     103.357274
       0.001352     104.931619
       0.242548     106.187879
       0.446047     107.262913
       0.603750     108.356724
       0.784371     109.432662
       1.041575     110.450879
       1.311728     111.375228
       1.567012     112.134507
       1.728755     112.786709
       1.770321     113.426592
       1.786925     113.989580
