       5.625000      13.205201
       5.558581      13.290135
       5.521839      13.281025
       5.456325      13.240808
       5.379858      13.224475
       5.272681      13.183929
       5.190206      12.977526
       5.101370      12.582726
       4.996067      11.981956
       4.789074      11.121005
       4.435328       9.931799
       3.954978       8.657228
       3.490901       7.464739
       3.066773       6.436850
       2.739270       5.664800
       2.480759       5.090935
       2.275212       4.701901
       2.132263       4.432072
       1.997520       4.173784
       1.770988       3.953949
       1.629048       3.729067
       1.509870       3.611839
       1.474449       3.559017
       1.502155       3.573499
       1.534596       3.587710
       1.469919       3.653789
       1.354681       3.704997
       1.268494       3.730492
       1.191608       3.668568
       1.181897       3.575009
       1.260444       3.363363
       1.389818       3.064296
       1.548114       2.680796
       1.809768       2.271541
       2.046692       1.853365
       2.315387       1.455310
       2.678777       1.054043
       3.070090       0.705150
       3.445301       0.454019
       3.801858       0.295872
       4.117902       0.253556
       4.368660       0.315067
       4.582021       0.505531
       4.781645       0.788534
       5.098306       1.168010
       5.646411       1.624576
       6.626962       2.171116
       8.197464       2.793563
      10.345321       3.357267
      12.323056       3.792381
      13.740681       4.015280
      14.514844       3.990921
      15.079037       3.808958
      15.669135       3.547018
      16.536246       3.341393
      17.295989       3.186460
      17.984481       2.986493
      18.789357       2.793116
      19.678914       2.615091
      20.486429       2.479898
      21.119304       2.373562
      21.591315       2.295565
      21.901921       2.226670
      22.132314       2.178919
      22.235718       2.071690
      22.076951       1.897264
      21.658961       1.593632
      20.976522       1.223777
      19.961323       0.805401
      18.091064       0.378773
      16.125057      -0.038436
      14.582328      -0.421034
      13.496148      -0.770991
      12.446920      -1.120369
      11.576018      -1.359954
      11.181987      -1.500363
      11.114878      -1.573314
      11.189266      -1.592865
      11.369998      -1.617940
      11.520481      -1.608013
      11.624737      -1.554398
      11.744635      -1.475337
      11.836397      -1.385889
      11.933441      -1.327432
      12.027418      -1.346643
      12.169425      -1.472493
      12.362827      -1.731660
      12.637612      -2.155764
      12.696710      -2.694655
      12.685613      -3.356753
      12.646975      -3.986621
      12.677909      -4.537367
      12.691885      -4.972374
      12.666524      -5.332036
      12.609321      -5.627366
      12.573701      -5.837942
      12.548292      -5.943523
      12.588840      -6.007931
      12.604487      -6.034428
      12.589208      -6.119978
      12.549900      -6.235046
      12.561463      -6.436870
      12.600780      -6.663814
      12.635976      -6.896502
      12.648034      -7.059975
      12.692703      -7.145355
      12.697296      -7.066392
      12.640186      -6.839997
      12.557829      -6.362474
      12.648235      -4.455230
      12.757340      -0.384681
      12.792130       6.491123
      12.376571      14.929538
      11.445285      23.790895
      10.355331      32.413319
       9.285864      40.184085
       8.317999      47.109776
       6.999782      52.365600
       5.926232      56.084321
       5.028050      59.108144
       4.009241      62.172095
       2.689824      65.428185
       1.494021      68.393738
       0.488599      71.021917
      -0.124465      73.691964
      -0.678592      76.552624
      -1.314029      79.581600
      -2.427509      82.754868
      -3.761953      85.761278
      -4.893338      88.285075
      -5.824141      90.350262
      -6.499288      92.208103
      -6.862643      93.609043
      -7.010104      94.766637
      -7.157452      95.650353
      -7.205973      96.314939
      -7.034668      96.860966
      -6.701644      97.363036
      -6.447283      97.521269
      -6.207586      97.489377
      -5.873323      97.496857
      -5.570291      97.444974
      -5.346464      97.274697
      -5.243630      96.805266
      -5.220314      95.555680
      -5.308223      92.860576
      -5.443734      88.503690
      -5.639562      83.719735
      -5.660616      79.520159
      -5.788698      75.186557
      -5.745188      69.790735
      -5.166820      62.162726
      -3.792376      51.889820
      -1.710952      40.065572
       0.913132      27.747276
       3.263870      15.555103
       4.585001       4.285179
       5.024737      -4.822515
       4.868013     -11.359115
       4.420053     -14.823201
       3.826219     -15.430521
       3.057470     -13.317226
       2.082007      -7.709218
       1.249790       3.326139
       1.299156      19.484916
       2.182117      38.577751
       3.186182      56.275202
       2.859583      69.040154
       1.746973      76.172931
       1.094385      79.003556
       0.754414      79.930446
       0.606249      80.553549
       0.524258      80.945229
       0.623968      81.044273
       1.059817      81.081847
       1.432854      81.120810
       1.825044      81.111708
       2.082616      81.052467
       2.311093      80.880456
       2.552369      80.608890
       2.832427      80.296559
       3.190176      80.068643
       3.511939      79.914049
       3.832227      79.857547
       4.027005      79.877723
       4.103013      79.905398
       4.040427      79.910343
       3.963141      79.962862
       3.862821      80.070042
       3.774540      80.204814
       3.679488      80.425858
       3.610279      80.619551
       3.523117      80.789712
       3.513715      80.970437
       3.557452      81.121262
       3.616818      81.262232
       3.764257      81.327656
       3.896784      81.329555
       4.050195      81.247141
       4.147383      81.131680
       4.253543      80.979699
       4.346384      80.820462
       4.425883      80.659971
       4.516418      80.503677
       4.580340      80.281026
       4.574266      80.013977
       4.468248      79.681218
       4.237295      79.332347
       3.963203      78.978367
       3.763791      78.655016
       3.617911      78.423618
       3.512326      78.344108
       3.500809      78.396729
       3.503138      78.536602
       3.520303      78.673322
       3.538617      78.789308
       3.567345      78.924828
       3.603150      79.065799
       3.670273      79.221248
       3.754652      79.371645
       3.867523      79.484086
       3.935116      79.555518
       3.983357      79.599352
       3.989880      79.645518
       4.003247      79.694720
       4.028201      79.738564
       4.047379      79.776561
       4.045662      79.816704
       4.066910      79.844365
       4.094854      79.889283
       4.124363      79.972008
       4.130052      80.037461
       4.141701      80.078804
       4.146657      80.091315
       4.172210      80.103453
       4.199765      80.121764
       4.246849      80.121910
       4.252067      80.115450
       4.259094      80.109214
       4.236245      80.123406
       4.233290      80.135272
       4.245782      80.129841
       4.248233      80.123226
       4.235393      80.124635
       4.247074      80.120783
       4.232640      80.126276
       4.203227      80.127578
       4.182266      80.127641
       4.150715      80.135825
       4.156728      80.143256
       4.164511      80.139983
       4.173624      80.123304
       4.187283      80.100325
       4.146378      80.051362
       4.083960      79.989959
       4.027073      79.922903
       3.938635      79.885601
       3.900015      79.918507
       3.879797      80.013117
       3.847320      80.135563
       3.849598      80.206898
       3.852443      80.237031
       3.844534      80.229255
       3.810772      80.217899
       3.757808      80.228536
       3.733690      80.288321
       3.738431      80.377890
       3.769894      80.453679
       3.807632      80.508490
       3.839507      80.518389
       3.855725      80.524358
       3.828747      80.540784
       3.789985      80.568120
       3.804407      80.606131
       3.844251      80.618001
       3.855194      80.618162
       3.880181      80.614524
       3.915170      80.590282
       3.934631      80.571554
       3.940378      80.577450
       3.931086      80.589005
       3.925649      80.608166
       3.922648      80.643676
       3.940202      80.704602
       3.977997      80.794812
       4.037719      80.881097
       4.070049      80.965356
       4.083558      81.015884
       4.065171      81.065984
       4.074701      81.092008
       4.109157      81.120150
       4.126830      81.169429
       4.173154      81.210213
       4.236289      81.239336
       4.265661      81.262611
       4.292888      81.278051
       4.291244      81.295061
       4.301598      81.314173
       4.313589      81.330444
       4.321721      81.345967
       4.341714      81.362233
       4.377284      81.350062
       4.387166      81.336885
       4.404217      81.334913
       4.390898      81.345953
       4.418710      81.355545
       4.444474      81.351630
       4.434384      81.367809
       4.459337      81.374327
       4.477426      81.370306
       4.479805      81.350756
       4.502521      81.326593
       4.493742      81.312085
       4.502628      81.313275
       4.502960      81.320560
       4.502941      81.333659
       4.517288      81.356774
       4.555784      81.364108
       4.554902      81.371131
       4.579159      81.376022
       4.563147      81.403431
       4.599119      81.421518
       4.633097      81.437682
       4.634217      81.455435
       4.630130      81.465887
       4.640975      81.467373
       4.614912      81.464634
       4.605267      81.451195
       4.570115      81.460909
       4.556562      81.496481
       4.542072      81.529412
       4.527610      81.540321
       4.518421      81.541788
       4.502202      81.508809
       4.472597      81.453779
       4.437170      81.416778
       4.385429      81.413465
       4.392731      81.407520
       4.416202      81.391045
       4.407518      81.372263
       4.410806      81.349095
       4.421974      81.318020
       4.422528      81.266191
       4.436697      81.209708
       4.427785      81.164281
       4.415309      81.131029
       4.415736      81.105209
       4.408908      81.094597
       4.425764      81.095568
       4.451934      81.062176
       4.454397      81.015238
       4.458871      80.976221
       4.416071      80.968800
       4.385405      80.975770
       4.373042      80.992094
       4.334581      81.007384
       4.299253      81.010483
       4.273227      80.989991
       4.174204      80.937836
       4.018348      80.804336
       3.851343      80.544233
       3.586808      79.991445
       3.311684      79.259409
       2.981942      78.091713
       2.510978      76.434987
       2.022416      74.531651
       1.625296      72.727825
       1.364119      71.235568
       1.162557      70.206816
       1.073146      69.521714
       1.090076      69.212185
       1.118660      69.101664
       1.143355      69.128615
       1.167645      69.284249
       1.186011      69.588775
       1.238182      70.124597
       1.333570      70.928429
       1.467255      72.070155
       1.639501      73.501020
       1.852191      75.057186
       2.016369      76.500470
       2.118643      77.641103
       2.191525      78.409450
       2.296021      78.856223
       2.407540      79.104514
       2.545256      79.265874
       2.660178      79.441451
       2.831895      79.698611
       3.015009      80.021029
       3.314191      80.457093
       3.533366      80.903250
       3.772065      81.318481
       3.890346      81.651848
       3.947848      81.890862
       3.982715      82.014464
       3.992213      82.082501
       3.978592      82.153122
       4.003842      82.153064
       3.982888      82.106834
       3.935953      82.080189
       3.784848      82.093313
       3.677108      82.115529
       3.636489      82.109661
       3.646064      82.087999
       3.635542      82.035397
       3.566392      81.961852
       3.480957      81.831373
       3.328754      81.612001
       3.187694      81.352000
       3.101250      81.113942
       3.025671      80.936005
       2.977751      80.790955
       2.970761      80.670273
       2.961107      80.528054
       2.987662      80.390173
       2.978882      80.274488
       2.981200      80.186678
       2.998854      80.099655
       3.006862      80.014089
       2.980332      79.930266
       2.971158      79.828580
       2.934575      79.747924
       2.890445      79.700840
       2.838850      79.668337
       2.792176      79.624016
       2.745721      79.565358
       2.711749      79.486669
       2.691503      79.330638
       2.627510      79.135735
       2.573705      78.949823
       2.501148      78.807434
       2.473922      78.703523
       2.470410      78.588601
       2.429577      78.483840
       2.416821      78.392683
       2.400162      78.326404
       2.360094      78.254409
       2.326060      78.142896
       2.227259      77.914781
       2.106715      77.539421
       1.898122      76.962936
       1.556306      76.186832
       1.223765      75.213475
       1.011032      74.206386
       0.791722      73.155505
       0.556952      72.164100
       0.389361      71.246482
       0.335362      70.510099
       0.285959      69.942920
       0.219026      69.453050
       0.145005      68.866482
       0.057882      67.865551
      -0.065958      66.229594
      -0.269316      63.749525
      -0.463355      60.286506
      -0.234253      54.259280
      -0.109256      44.545034
       0.134033      32.341129
       0.791400      19.221807
       1.306107       6.486065
       1.130951      -4.555246
       0.185223     -13.302202
      -1.137819     -19.746317
      -2.714477     -24.438082
      -4.037311     -28.463044
      -5.143992     -32.647940
      -6.123546     -37.006587
      -7.033730     -41.078747
      -7.651373     -44.545331
      -8.054398     -47.472561
      -8.230584     -50.055536
      -8.262803     -52.433632
      -8.168154     -54.778894
      -8.096731     -57.294230
      -8.042842     -60.379008
      -7.934898     -64.003970
      -8.000012     -67.869481
      -8.187169     -71.580941
      -8.512918     -74.851656
      -8.911245     -77.931319
      -9.345725     -81.034855
      -9.840147     -83.826600
      -9.993905     -85.951159
      -9.765018     -87.283625
      -9.337133     -88.128630
      -8.927052     -88.373395
      -8.739664     -86.089341
      -8.503209     -78.920520
      -7.405967     -66.273662
      -5.565502     -49.095783
      -3.181236     -29.424958
      -1.593205      -9.919113
      -1.497486       7.512297
      -2.459093      21.275934
      -3.142913      31.160447
      -3.498150      38.051238
      -3.822499      43.693394
      -3.765394      49.030874
      -3.416314      55.071472
      -3.123633      61.228987
      -2.975748      66.323068
      -2.936167      70.229644
      -2.944661      73.633407
      -2.891310      77.047982
      -2.736721      80.419602
      -2.529993      83.707059
      -2.230470      86.839353
      -2.095151      89.798048
      -2.079282      92.634064
      -1.974607      94.892949
      -1.994840      95.611798
      -2.334475      94.062048
      -2.621469      90.076744
      -2.772912      84.661736
      -2.484669      78.736128
      -2.111832      72.818520
      -1.711792      67.964086
      -1.287003      64.808269
      -0.739945      63.038792
      -0.613627      61.993531
      -0.728968      61.531891
      -1.039474      61.599952
      -1.423212      62.557558
      -1.917461      64.455547
      -2.453529      66.684333
      -2.821166      68.403943
      -3.063512      69.081366
      -3.244533      68.988519
      -3.268569      68.661384
      -3.037991      68.114095
      -2.544732      67.271906
      -2.159940      66.152450
      -2.285643      64.356925
      -2.906368      62.290538
      -3.266702      60.388761
      -2.806867      58.887810
      -2.093835      57.736025
      -1.661491      56.816668
      -1.510493      56.063592
      -1.464882      55.440664
      -1.386467      54.938433
      -1.208085      54.541818
      -1.016330      54.356693
      -0.958090      54.290389
      -0.936990      54.245195
      -0.874409      54.180135
      -0.754085      54.289457
      -0.500830      55.098001
      -0.224971      57.373555
      -0.257662      60.953157
      -0.360490      64.899260
      -0.488390      68.492039
      -0.591850      71.668503
      -0.644029      74.214813
      -0.546082      76.078744
      -0.478257      77.243915
      -0.370414      77.789975
      -0.279096      77.860072
      -0.189062      77.669715
      -0.086780      77.466298
       0.048480      77.248373
       0.189379      76.961896
       0.407097      76.292822
       0.659774      74.396339
       0.801022      71.461191
       0.898823      68.340204
       1.164299      65.940572
       1.305800      64.548530
       1.306650      64.155475
       1.355651      64.322644
       1.424126      64.700948
       1.503828      64.934993
       1.619446      65.124592
       1.683257      65.279648
       1.745561      65.404969
       1.767008      65.507899
       1.792071      65.717285
       1.787552      66.129428
       1.791424      67.041217
       1.701710      68.724846
       1.541937      71.043099
       1.354881      73.421413
       1.255856      75.581069
       1.235242      77.305720
       1.295013      78.493845
       1.385118      79.210276
       1.518073      79.590828
       1.584401      79.754685
       1.590676      79.797485
       1.581333      79.824344
       1.563888      79.824621
       1.544969      79.856386
       1.547626      79.823116
       1.558909      79.758211
       1.592265      79.635464
       1.639095      79.458916
       1.652301      79.239578
       1.683971      79.011910
       1.688746      78.777525
       1.682654      78.533003
       1.664463      78.292157
       1.624244      78.053605
       1.539784      77.783258
       1.472575      77.375428
       1.440663      76.721158
       1.484235      75.845189
       1.581013      74.778660
       1.615238      73.266688
       1.534458      71.016210
       1.335130      67.586268
       1.095257      62.599887
       0.553667      55.590911
      -0.292214      46.872593
      -1.049046      37.196312
      -1.525566      27.314163
      -1.883655      18.116700
      -2.167248       9.785935
      -2.244238       2.689460
