       7.166373      12.656789
       7.198385      12.780048
       7.206245      12.855397
       7.209338      12.873250
       7.226145      12.807917
       7.233761      12.682725
       7.278176      12.564914
       7.286758      12.470432
       7.221360      12.427299
       7.109149      12.375600
       6.997477      12.306271
       6.829490      12.182634
       6.531086      12.013262
       6.184061      11.798801
       5.866055      11.592746
       5.605445      11.444910
       5.314678      11.363502
       4.965186      11.377308
       4.664919      11.748683
       4.310833      12.977079
       3.854786      14.635317
       3.432661      16.394193
       2.992794      18.099624
       2.521796      19.697682
       2.121504      21.288960
       1.878413      23.181618
       1.733364      25.689805
       1.434744      28.520177
       1.137173      31.274733
       0.840381      33.807183
       0.683154      35.986068
       0.603596      37.805586
       0.646113      39.337836
       0.752140      40.622189
       0.842732      41.622665
       0.955176      42.426250
       1.033680      42.985857
       1.093081      43.397975
       1.173641      43.749313
       1.245436      44.100422
       1.420442      44.472563
       1.651433      44.985814
       2.310585      46.057759
       4.295205      48.629048
       6.483206      52.097885
       7.939158      55.683432
       8.822720      59.029917
       9.232402      61.987062
       9.154837      64.337225
       9.205904      66.581223
       9.352976      68.757655
       9.535330      70.855957
       9.807362      72.832280
      10.140675      74.698062
      10.400063      76.416390
      10.671808      78.040423
      10.854777      79.558398
      10.862178      81.008113
      10.887501      82.322797
      11.258753      83.650688
      11.676333      84.825019
      11.900227      85.630780
      11.804721      86.018633
      11.413285      86.033990
      10.587295      85.890767
       9.098666      85.694844
       6.235079      85.274342
       2.380199      84.904159
      -2.168897      84.631593
      -6.707538      84.497743
     -10.923823      84.515044
     -14.482851      84.597885
     -17.104517      84.963765
     -18.980393      85.417527
     -20.236276      86.085057
     -21.200315      87.141742
     -21.933286      88.571494
     -22.400424      90.071770
     -22.794584      91.588278
     -23.246870      93.086204
     -23.505213      94.495392
     -23.453905      95.500242
     -23.266063      95.822845
     -23.004347      94.955653
     -22.322833      92.440851
     -20.996079      88.568842
     -18.996739      84.184455
     -16.653524      80.046257
     -14.110220      76.723829
     -11.635960      74.280771
      -8.903412      72.804231
      -5.507034      72.234497
      -0.698593      72.681067
       3.574823      73.866083
       6.864602      75.310644
      10.032232      76.908620
      13.135840      78.525717
      16.368786      80.236895
      19.248276      81.718457
      21.678544      82.982410
      23.866905      84.152729
      25.986719      85.186547
      27.811865      86.142807
      29.300526      87.088839
      30.501383      87.935389
      31.359998      88.682069
      31.914685      89.399364
      32.293977      90.137369
      32.726415      90.694848
      33.314814      90.819421
      33.956852      90.196722
      34.770515      88.454916
      35.257728      85.400489
      35.461208      81.372355
      35.375406      76.741203
      35.732878      71.887487
      36.084350      66.774785
      36.255533      61.500388
      36.118057      56.323277
      35.887417      51.306521
      35.372215      46.659544
      34.485194      42.534683
      33.571301      39.042452
      32.613115      36.123313
      31.221262      33.657045
      29.441059      31.468349
      27.106824      29.511677
      24.447563      27.533754
      21.397417      25.325933
      17.974679      22.895149
      13.960327      20.342074
      10.033148      17.655657
       6.373086      15.001117
       3.079600      12.718497
       0.142923      10.741882
      -1.828715       8.812060
      -3.160163       6.686493
      -4.413293       4.215909
      -5.690685       1.201888
      -7.120251      -2.782974
      -8.902710      -7.924905
     -10.455784     -13.333419
     -11.053123     -18.286048
     -11.210073     -22.909445
     -11.345231     -27.049346
     -11.178495     -30.510600
     -10.810117     -33.421499
     -10.348385     -36.174341
     -10.043041     -38.890973
      -9.894313     -41.318956
      -9.548568     -43.463866
      -8.983609     -45.764817
      -8.462362     -48.090715
      -8.030838     -50.112193
      -7.494126     -51.599817
      -7.023624     -52.798846
      -6.698682     -54.089561
      -6.446971     -55.552390
      -6.207856     -57.026773
      -5.965265     -58.363276
      -5.770713     -59.653413
      -5.650556     -61.057447
      -5.529351     -62.709044
      -5.447554     -64.399045
      -5.378390     -65.885377
      -5.339652     -67.109862
      -5.302298     -68.177455
      -5.301754     -69.168084
      -5.308786     -70.210197
      -5.295147     -71.609539
      -5.530088     -73.682031
      -6.062977     -76.116706
      -6.464641     -78.382493
      -6.709682     -80.218599
      -6.787715     -81.629836
      -6.812456     -82.764563
      -6.856682     -83.615115
      -6.958589     -84.361581
      -7.048889     -85.055019
      -7.097242     -85.806925
      -7.086578     -86.695721
      -7.037127     -87.711781
      -6.947425     -88.777432
      -6.964876     -89.758366
      -7.105765     -90.830816
      -7.303859     -92.012199
      -7.446737     -93.234751
      -7.552044     -94.501715
      -7.706929     -95.799599
      -7.831688     -97.213207
      -7.923923     -98.699699
      -8.061865    -100.011474
      -8.168570    -101.152321
      -8.224825    -102.344351
      -8.127993    -103.636902
      -7.992679    -105.089191
      -7.835914    -106.690950
      -7.691413    -108.241127
      -7.700757    -109.457229
      -7.694160    -110.409264
      -7.613753    -111.407984
      -7.550062    -112.395048
      -7.493975    -113.097976
      -7.471986    -113.529930
      -7.437978    -113.734547
      -7.410312    -113.764835
      -7.352823    -113.809899
      -7.344379    -113.912120
      -7.356555    -113.922640
      -7.364000    -113.711253
      -7.416422    -113.245882
      -7.472538    -112.627962
      -7.548275    -111.855491
      -7.658850    -110.884047
      -7.772831    -109.702800
      -7.925758    -108.358453
      -8.119556    -107.032632
      -8.355485    -105.748406
      -8.694973    -104.492039
      -8.889197    -103.278415
      -8.700112    -101.707760
      -7.946000     -99.289128
      -6.654208     -96.014814
      -5.036680     -92.199399
      -3.402213     -88.116138
      -1.684526     -83.399959
       0.218481     -78.477997
       1.996105     -73.743744
       3.693711     -68.918933
       5.259311     -63.633719
       6.476274     -58.060411
       7.405919     -52.096006
       8.146248     -46.333361
       8.642246     -40.905574
       8.935194     -36.049428
       9.192430     -31.799156
       9.628303     -28.278321
      10.044890     -25.266041
      10.392278     -22.864664
      10.693271     -20.680271
      11.109398     -18.740743
      11.362678     -16.835345
      11.670816     -15.213483
      11.827404     -13.835391
      12.078653     -12.685545
      12.174253     -11.656758
      12.266158     -10.657146
      12.318008      -9.836594
      12.429388      -9.040264
      12.462736      -8.356404
      12.531651      -7.718560
      12.755148      -7.259632
      13.132250      -6.823327
      13.603694      -6.407278
      14.002528      -6.039654
      14.373946      -5.678733
      14.633750      -5.408894
      14.672306      -5.056225
      14.688897      -4.733841
      14.848891      -4.444476
      14.986898      -4.203386
      15.091452      -4.077230
      15.243126      -4.017035
      15.310105      -3.955238
      15.277734      -3.985545
      14.952059      -4.180925
      14.226512      -4.747417
      12.567184      -6.014742
      10.171918      -7.644889
       8.272618      -9.174396
       6.766903     -10.474569
       5.714527     -11.552972
       4.800343     -12.291197
       4.234404     -12.844601
       3.961861     -13.128628
       3.826365     -13.259577
       3.796437     -13.191944
       3.785771     -13.044265
       3.785935     -12.807180
       3.819792     -12.479332
       3.874394     -12.139143
       4.057444     -11.707579
       4.493569     -10.998570
       5.084929     -10.092148
       5.373840      -9.071208
       5.382492      -8.265893
       5.397626      -7.771978
       5.454343      -7.802766
       5.424734      -8.272004
       5.340748      -9.006221
       5.346768      -9.711687
       5.433780     -10.314851
       5.462348     -10.623463
       5.474882     -10.707762
       5.418391     -10.516632
       5.518862      -9.809997
       5.888522      -8.015169
       6.472554      -5.016203
       7.211385      -1.336559
       7.803979       2.331327
       8.392155       5.699356
       8.886745       8.690850
       9.343923      11.391754
       9.750400      13.827534
       9.979908      16.024775
      10.299550      18.162214
      10.672602      20.343517
      11.080056      22.741757
      11.322082      25.011235
      11.472592      27.011333
      11.481334      28.553911
      11.365100      29.620965
      11.176368      30.119170
      10.995419      30.120547
      10.793196      29.730887
      10.627250      29.134954
      10.571744      28.588372
      10.583187      28.167744
      10.613319      27.821662
      10.709599      27.578373
      10.807756      27.305994
      10.871239      26.730109
      10.863703      25.521062
      10.800754      23.878390
      10.813659      22.133198
      10.971394      20.542462
      11.124229      19.289922
      11.349760      18.388596
      11.524176      17.559251
      11.709107      16.773275
      11.912038      16.001507
      12.082051      15.181236
      12.288459      14.298883
      12.601183      13.218412
      12.956636      11.758279
      13.338111       9.765248
      13.737689       7.439608
      14.108982       5.068335
      14.513124       2.827377
      14.891864       0.848066
      15.190468      -0.763004
      15.353556      -2.215860
      15.417326      -3.502344
      15.401267      -4.801024
      15.150864      -6.105405
      14.647112      -7.471811
      13.902036      -8.657633
      13.120306      -9.549702
      12.392650     -10.092534
      11.880537     -10.317360
      11.379291     -10.365669
      10.783331     -10.327714
      10.105513     -10.298012
       9.403664     -10.208725
       8.558819     -10.037848
       7.592239      -9.776673
       6.868632      -9.508287
       6.319975      -9.283476
       5.981741      -9.169336
       5.668534      -9.140706
       5.437389      -9.163359
       5.235566      -9.195062
       5.087273      -9.214838
       4.983753      -9.193895
       4.976257      -9.118508
       5.063224      -9.004482
       5.177708      -8.930597
       5.299660      -8.912198
       5.371402      -8.995366
       5.459184      -9.056793
       5.520520      -9.068680
       5.574357      -8.972674
       5.648775      -8.875862
       5.645599      -8.771203
       5.632839      -8.685447
       5.607794      -8.612621
       5.549223      -8.562790
       5.465701      -8.557111
       5.401298      -8.592697
       5.387880      -8.587697
       5.403899      -8.576199
       5.376160      -8.590620
       5.352939      -8.617962
       5.335967      -8.637308
       5.296702      -8.662205
       5.298374      -8.654205
       5.323836      -8.600397
       5.378790      -8.490042
       5.398344      -8.423582
       5.400277      -8.415460
       5.393866      -8.432966
       5.377898      -8.436511
       5.340465      -8.421527
       5.333587      -8.424415
       5.352167      -8.431082
       5.338649      -8.447051
       5.343743      -8.417677
       5.334160      -8.389097
       5.319269      -8.353252
       5.351655      -8.346496
       5.376955      -8.355289
       5.377194      -8.399809
       5.380136      -8.471702
       5.326086      -8.628334
       5.170089      -8.895513
       5.057463      -9.052710
       5.037186      -9.026173
       5.040040      -9.077034
       4.999764      -9.261520
       5.019239      -9.487083
       5.076612      -9.685835
       5.137439      -9.940008
       5.217801     -10.240356
       5.331667     -10.631653
       5.473899     -11.066557
       5.651354     -11.468439
       5.773400     -11.755241
       5.822339     -11.945476
       5.836692     -12.062075
       5.810703     -12.150479
       5.796383     -12.268688
       5.767003     -12.424670
       5.755777     -12.597467
       5.728100     -12.749805
       5.726923     -12.899393
       5.727525     -13.037869
       5.689031     -13.171305
       5.652567     -13.301584
       5.603681     -13.392878
       5.571996     -13.452422
       5.585295     -13.467884
       5.589676     -13.465851
       5.593484     -13.450663
       5.601711     -13.445661
       5.601235     -13.448364
       5.587247     -13.457507
       5.563754     -13.433542
       5.538124     -13.395297
       5.543217     -13.352136
       5.573825     -13.316121
       5.586128     -13.287527
       5.574734     -13.266193
       5.510658     -13.245109
       5.481331     -13.228261
       5.490659     -13.174846
       5.499386     -13.113300
       5.546354     -13.044452
       5.583138     -13.009447
       5.598392     -12.978185
       5.619799     -12.960808
       5.599669     -12.930978
       5.553409     -12.906136
       5.534578     -12.882254
       5.556958     -12.885218
       5.548127     -12.891185
       5.546550     -12.891855
       5.538191     -12.870098
       5.552666     -12.850971
       5.560318     -12.811378
