      -1.635694      -8.362301
      -1.659079      -9.124164
      -1.648550      -9.587436
      -1.664646      -9.809231
      -1.622958      -9.973739
      -1.606677     -10.134790
      -1.640618     -10.287949
      -1.625394     -10.418285
      -1.626989     -10.474229
      -1.671379     -10.412465
      -1.890991     -10.188098
      -2.273672      -9.828377
      -2.827232      -9.372438
      -3.621475      -8.824512
      -4.666168      -8.282473
      -5.781895      -7.971819
      -7.127299      -8.001922
      -8.868054      -8.320190
     -10.871828      -8.822805
     -13.089144      -9.166329
     -15.564678      -9.199846
     -18.611017      -8.996936
     -22.137978      -8.671643
     -25.967590      -8.250665
     -29.905045      -7.863209
     -33.380248      -7.328409
     -36.231284      -6.752801
     -38.705535      -6.161832
     -40.933575      -5.661391
     -42.694586      -5.254523
     -44.122531      -4.897373
     -45.230861      -4.575695
     -46.028554      -4.317126
     -46.574027      -4.232441
     -47.116673      -4.375010
     -47.428994      -5.261850
     -47.149948      -7.640678
     -46.331161     -11.631034
     -45.115433     -16.521151
     -43.601324     -21.660872
     -41.992897     -26.536313
     -40.410260     -31.197132
     -38.370619     -36.130783
     -35.970120     -41.454573
     -33.881663     -46.266339
     -32.102963     -50.727486
     -30.414416     -54.910379
     -28.999346     -58.838671
     -28.000021     -62.290684
     -27.196169     -65.282751
     -26.793935     -67.807306
     -26.729591     -70.192405
     -26.741639     -72.362718
     -26.587402     -74.114947
     -26.367595     -75.260787
     -26.304500     -76.223318
     -26.022389     -77.044616
     -25.624096     -77.842305
     -25.002407     -78.621954
     -24.039398     -79.524821
     -22.666218     -80.782834
     -21.128501     -82.565998
     -19.596013     -84.624881
     -17.868871     -86.981401
     -15.869853     -89.389834
     -14.085690     -91.389879
     -12.545377     -92.788391
     -11.154203     -93.554217
      -9.879785     -93.837712
      -8.737778     -93.770549
      -7.724444     -93.484781
      -6.875293     -93.035914
      -5.996389     -91.911183
      -4.961367     -89.957377
      -4.163083     -87.701368
      -3.661716     -85.550697
      -3.239197     -83.215858
      -3.045176     -80.126349
      -3.127889     -75.871509
      -3.430530     -70.822726
      -3.542576     -65.876984
      -3.524420     -61.048792
      -4.063210     -54.915945
      -5.529612     -46.357564
      -7.473976     -36.013507
      -8.728086     -26.822977
      -9.210235     -20.047669
      -9.286600     -15.628037
      -9.180755     -12.975221
      -9.092806     -11.405902
      -8.757760     -10.327285
      -8.401973      -9.392765
      -8.008163      -8.531797
      -7.670073      -7.748322
      -7.335525      -7.050101
      -7.005253      -6.465773
      -6.635365      -5.952375
      -6.415084      -5.635459
      -6.186299      -5.469328
      -5.948573      -5.494531
      -5.712461      -5.573051
      -5.500358      -5.649748
      -5.293303      -5.683014
      -4.925380      -5.726234
      -3.516999      -6.258831
       0.298333      -8.050065
       3.273921     -10.262286
       5.466679     -12.250884
       7.624767     -13.746714
       9.548512     -14.724442
      11.062650     -15.535412
      12.541996     -16.254143
      14.194067     -16.863765
      15.960606     -17.324597
      17.577713     -17.563181
      19.509880     -17.711647
      21.482906     -17.519640
      23.492609     -17.223304
      25.332177     -16.819491
      27.456338     -16.196018
      30.019382     -15.323427
      32.275193     -14.302697
      34.214439     -13.496213
      35.788873     -12.964414
      37.255861     -12.477537
      38.814927     -12.101915
      40.412596     -11.844549
      41.580414     -11.730904
      42.517057     -11.728944
      43.336393     -11.558909
      44.028286     -11.083829
      44.591905     -10.332351
      45.078559      -9.846692
      45.309875      -9.949496
      45.463522     -10.199005
      45.659435     -10.318601
      45.737545     -10.073241
      45.698247      -9.813358
      45.727020      -9.608410
      45.786324      -9.322853
      45.847785      -9.029920
      45.877481      -8.412530
      45.846819      -7.746736
      46.031123      -6.805903
      46.205257      -5.985674
      46.302980      -4.901099
      46.152092      -3.545811
      45.989294      -1.891272
      45.909333      -0.130034
      45.737186       1.895922
      45.340809       4.208923
      44.791897       6.935987
      44.372736       9.787273
      44.122386      12.587779
      44.113643      15.089426
      44.223543      17.230978
      44.375874      19.018702
      44.548813      20.525978
      44.730242      21.964361
      44.851872      23.342281
      44.956764      24.824822
      45.000754      26.476169
      45.081016      28.321444
      45.024898      30.328403
      44.914353      32.425729
      44.683809      34.551468
      44.332146      36.531099
      44.103069      38.383638
      43.815407      39.943668
      43.475416      41.117933
      42.885020      42.008473
      42.177954      42.720906
      41.330525      43.352552
      40.402319      43.965591
      39.482058      44.726143
      38.716137      45.716548
      38.129798      46.784715
      37.895152      48.029487
      37.754182      49.281453
      37.284923      50.446502
      36.467251      51.661016
      35.656174      52.908231
      34.725629      54.239770
      33.701929      55.425617
      32.575680      56.366267
      30.969936      57.254558
      28.606530      58.197670
      25.407291      59.270587
      21.845267      60.434990
      18.465259      61.608705
      15.585256      62.838095
      13.553797      64.243912
      12.336557      65.905451
      11.793926      67.569355
      11.269686      69.145591
      10.511813      70.582866
       9.370814      71.692167
       8.410836      72.589900
       7.246847      73.394461
       5.812967      74.113247
       5.199411      74.637068
       5.106449      74.709894
       4.928120      74.664801
       4.753239      74.671659
       4.454738      74.935367
       4.495508      75.430900
       4.549585      75.810024
       4.518527      76.030688
       4.313992      76.259697
       4.100751      76.570498
       4.050458      76.884689
       4.319243      77.380824
       4.575034      77.859115
       4.739307      78.366081
       5.001224      78.607174
       5.460720      78.797312
       5.992839      78.963146
       6.456898      78.782338
       6.996253      78.547695
       7.578871      78.192025
       8.338789      77.964002
       9.148214      77.891948
      10.045031      77.994830
      11.120862      78.283221
      12.147887      78.679345
      13.334880      79.039085
      14.621176      79.375288
      16.327023      79.797291
      18.446832      80.551178
      20.808569      81.740479
      23.173366      83.161867
      24.910418      84.793886
      26.536556      86.364016
      27.857601      87.735668
      28.928269      88.831743
      29.607740      89.764320
      29.923458      90.389011
      29.984159      90.722543
      30.169136      90.658207
      30.400141      90.532634
      30.604088      90.630124
      30.781697      90.930074
      30.983428      91.119343
      31.314556      91.108764
      31.624762      90.954952
      31.809564      90.964287
      31.996548      90.867185
      32.223286      90.829679
      32.358983      90.963442
      32.369188      91.395940
      32.395110      91.970371
      32.446944      92.657931
      32.529144      93.386893
      32.556929      94.094269
      32.519763      94.783073
      32.525623      95.504409
      32.597830      96.289197
      32.702795      97.059424
      32.963928      97.429131
      33.198673      97.589519
      33.478117      97.706758
      33.835191      97.750617
      34.216346      97.638080
      34.546346      97.297641
      34.875796      96.797834
      35.236440      96.183848
      35.605005      95.426803
      35.941424      94.489427
      36.179229      93.506055
      36.385487      92.538866
      36.496043      91.512324
      36.542515      90.605693
      36.604945      89.567543
      36.547785      88.247763
      36.388902      86.660886
      36.388076      84.900138
      36.270072      82.921484
      35.656890      80.268713
      34.465166      76.811241
      33.002063      73.250863
      31.783220      70.241117
      30.650907      68.060600
      29.714929      66.840088
      28.915677      66.313023
      28.553246      66.199408
      28.324084      66.251237
      28.241080      66.433774
      28.140933      66.619472
      28.061727      66.899392
      28.052504      67.147984
      28.049898      67.461156
      28.084487      67.761898
      28.084881      68.011228
      28.030778      68.180675
      27.946188      68.335867
      27.632774      68.477017
      27.060821      68.757908
      26.112626      69.241677
      24.584713      69.907978
      22.609009      70.676665
      20.503973      71.549531
      18.459791      72.424616
      16.519060      73.260602
      14.860605      74.058446
      13.557610      74.749270
      12.498020      75.260549
      11.559926      75.603615
      10.653502      75.729776
       9.773383      75.658752
       8.867657      75.378167
       7.940273      74.885393
       6.974298      74.173499
       6.007016      73.164948
       5.413535      71.898226
       5.268286      70.399218
       5.180026      68.860814
       5.266063      67.490832
       5.413075      66.363342
       5.754674      65.438856
       6.208317      64.668722
       6.809038      63.953122
       8.094140      62.955970
       9.684293      61.487721
      11.415608      59.678368
      12.815687      57.849310
      14.077185      56.237133
      15.315441      54.954515
      16.747030      53.939945
      18.429692      53.129226
      19.989020      52.418245
      21.257258      51.923693
      22.449514      51.507198
      23.773279      51.242792
      25.248357      51.012321
      26.800215      50.794999
      28.235997      50.642235
      29.726715      50.510285
      31.242993      50.325324
      32.739264      50.216459
      33.910305      50.118702
      34.959252      50.014373
      35.778474      49.819237
      36.517555      49.546345
      37.221877      49.187421
      37.860019      48.845258
      37.911844      48.665747
      37.315911      48.643284
      36.973425      48.644231
      37.079277      48.525574
      37.008884      48.189599
      36.627790      47.425016
      36.180718      46.149872
      35.863569      44.574385
      35.666026      42.906275
      35.489442      41.317032
      35.348957      39.786720
      35.237353      38.328508
      35.112930      36.856716
      35.169228      35.301606
      35.255088      33.770918
      35.327645      32.467055
      35.443815      31.189689
      35.837183      29.749842
      36.128272      28.071092
      36.485744      26.185313
      36.824327      24.252910
      37.084639      22.392702
      37.100716      20.296283
      36.986119      18.057470
      36.881499      16.054500
      37.010149      14.274918
      37.241674      12.467293
      37.484583      10.419272
      37.651106       7.920029
      37.656257       5.032084
      37.614035       2.104236
      37.477237      -0.541199
      37.369911      -2.896824
      37.300590      -4.952458
      37.282366      -6.632720
      37.169333      -8.169193
      36.993934      -9.831960
      36.854593     -11.740398
      36.677072     -13.896144
      36.577517     -16.248950
      36.415222     -18.754726
      36.196071     -21.582800
      35.751454     -24.882378
      35.357817     -28.889478
      35.017339     -33.477116
      34.852062     -37.613248
      34.958732     -40.839325
      34.913576     -43.252838
      34.740766     -45.573159
      34.583779     -48.208362
      34.406758     -51.051275
      34.201104     -54.003631
      33.938203     -56.923994
      33.701428     -59.858670
      33.500110     -63.029083
      33.268417     -66.409484
      33.075154     -69.491935
      33.129664     -72.115656
      33.157915     -74.014674
      33.142977     -75.581725
      33.112288     -76.996041
      33.155749     -78.428917
      33.180073     -79.699635
      33.236339     -80.944092
      33.280337     -82.129410
      33.351946     -83.473513
      33.413305     -84.831955
      33.410172     -86.192844
      33.362850     -87.521774
      33.350147     -88.789263
      33.459160     -89.957776
      33.614082     -91.096408
      33.684030     -92.152295
      33.625304     -93.024461
      33.657035     -93.829455
      33.677432     -94.570345
      33.694629     -95.321639
      33.635205     -96.125253
      33.466684     -96.926847
      33.129383     -97.937049
      32.559013     -99.447049
      31.641897    -101.590172
      30.284459    -104.271871
      28.653322    -106.969481
      26.929060    -109.378059
      25.253654    -111.469931
      23.859064    -113.182323
      22.938371    -114.320139
      22.486204    -114.981442
      22.382213    -115.197686
      22.510468    -115.111746
      22.703551    -114.767150
      22.903005    -114.280651
      23.125464    -113.640398
