       0.412622       2.647591
       0.279711       2.359807
       0.234929       2.053099
       0.130729       1.716671
      -0.024651       1.510830
      -0.196118       1.439772
      -0.226313       1.449582
      -0.222197       1.508683
      -0.098265       1.592602
       0.107122       1.700273
       0.370912       1.788447
       0.657674       1.870988
       0.909048       1.947739
       1.134353       2.093377
       1.415923       2.255700
       1.770524       2.480125
       2.195908       2.749470
       2.801105       3.174702
       3.907376       4.061149
       5.536570       5.892549
       7.308276       8.914639
       9.101872      12.792848
      10.749127      16.814130
      12.209432      20.418720
      13.466397      23.489850
      14.471856      26.045800
      15.237159      27.793656
      15.838480      28.818337
      16.422872      29.278778
      17.030859      29.458352
      17.575330      29.193338
      18.079348      28.064042
      18.279153      25.182797
      18.140134      20.111960
      17.853589      13.930309
      17.420838       7.949689
      16.914219       2.814290
      16.739696      -1.327537
      17.011457      -4.347343
      17.285213      -7.011311
      17.616698      -9.338283
      17.894276     -11.626990
      18.048249     -13.975521
      18.019754     -16.420556
      18.112661     -18.331844
      18.232916     -19.583228
      18.257091     -20.403479
      18.113194     -21.215872
      17.698100     -22.086993
      16.632556     -23.209927
      14.583135     -24.799845
      11.976520     -27.667303
       9.851649     -32.198420
       8.534195     -38.395214
       7.282702     -45.084567
       6.192233     -50.172221
       5.912589     -51.690488
       6.332228     -49.734603
       7.112518     -46.398984
       7.734874     -44.239445
       8.164581     -42.966123
       8.990635     -40.065904
       9.919814     -34.711896
      10.606314     -28.768104
      11.035218     -24.202909
      11.290152     -20.609999
      11.376827     -17.690183
      11.570612     -14.923202
      11.804787     -12.245599
      12.225944      -9.449456
      13.097862      -6.283411
      14.162472      -3.090433
      14.759585      -0.675899
      15.169332       0.793538
      15.573072       1.498023
      15.792334       1.534866
      15.778990       0.994720
      15.493793      -0.858280
      15.034769      -5.323959
      14.062972     -13.428588
      12.425476     -25.051657
      10.013486     -38.688375
       6.584820     -52.469224
       2.404365     -65.390543
      -1.887673     -76.831563
      -6.161498     -86.300320
     -10.918428     -93.400696
     -16.169609     -98.610184
     -21.003508    -102.902180
     -24.803174    -107.335321
     -27.235977    -112.265035
     -27.903624    -116.992716
     -27.518790    -121.307443
     -26.824490    -125.980473
     -26.197099    -130.890399
     -24.996717    -135.342424
     -23.642283    -139.184903
     -22.119523    -142.693364
     -20.213808    -146.328584
     -17.845137    -149.848080
     -15.445585    -152.804987
     -12.677260    -154.849920
      -8.902961    -155.888818
      -4.217898    -156.318675
       0.338777    -156.813110
       3.727657    -157.389124
       6.977816    -157.428359
      10.430469    -157.004107
      14.506788    -156.817433
      18.374025    -156.918556
      21.501266    -156.789038
      24.422209    -156.213471
      27.355004    -155.412237
      29.545164    -154.703539
      32.664573    -154.345334
      35.951619    -154.228280
      39.619724    -153.610330
      42.852789    -152.597874
      45.352442    -151.336515
      47.324179    -150.661573
      47.517236    -150.493054
      46.014512    -151.073526
      43.327388    -152.383572
      40.532628    -154.082802
      38.027089    -155.686912
      36.274111    -156.781801
      36.043920    -157.427319
      36.124658    -157.480339
      36.367288    -157.432953
      36.193001    -157.226540
      35.178554    -156.756215
      31.621665    -156.061981
      25.394993    -155.293804
      17.235393    -154.208949
       8.587889    -153.168089
      -0.060024    -152.436737
      -8.638854    -152.084788
     -15.240684    -152.247964
     -19.835874    -152.527370
     -22.954395    -152.897718
     -25.252930    -153.462492
     -26.877230    -154.155434
     -28.104192    -154.727854
     -29.000566    -154.878402
     -29.529889    -153.863954
     -29.796935    -151.119270
     -30.176298    -146.802678
     -30.844695    -141.767868
     -31.850354    -136.361602
     -33.164892    -130.247455
     -34.874552    -123.034620
     -36.599330    -114.033555
     -37.730492    -103.888049
     -38.350634     -93.469112
     -38.673966     -82.630567
     -38.384468     -71.510747
     -35.350784     -59.482096
     -28.742947     -47.145154
     -22.166425     -35.980176
     -17.631561     -27.404443
     -14.463785     -22.001485
     -12.159902     -18.414409
      -9.540536     -15.271522
      -7.371633     -11.970763
      -5.753269      -8.505452
      -4.253866      -4.569937
      -2.374880       0.785789
      -0.753518       6.689968
       0.316406      11.181428
       1.073057      13.912650
       1.497723      15.425875
       1.594665      16.316380
       1.551203      16.971428
       1.339355      17.505511
       1.057862      17.818119
       0.527541      17.988870
      -0.828032      17.866875
      -3.832276      17.331561
      -8.624505      16.511454
     -14.183521      15.730216
     -19.159982      15.091002
     -22.849221      14.872327
     -25.239015      14.952735
     -26.164006      15.109378
     -26.577411      14.788851
     -27.193257      14.308064
     -28.470844      13.581950
     -30.374668      12.692958
     -32.750809      11.834499
     -35.597180      11.078047
     -38.457350      10.402121
     -40.697417       9.926932
     -42.332854       9.566384
     -43.306731       9.444804
     -44.022846       9.607275
     -44.722646       9.865236
     -45.754030      10.127203
     -46.891054      10.309876
     -47.674036      10.576240
     -47.042540      11.121398
     -43.998590      12.173318
     -37.820051      13.605460
     -29.371535      15.003173
     -21.364329      16.298650
     -15.124337      18.010962
     -10.478982      20.342686
      -6.958248      22.972871
      -4.394106      25.328350
      -2.560301      27.026066
      -1.058409      28.171610
       0.331958      28.967040
       1.625068      29.900931
       2.680278      31.165168
       3.580482      32.631919
       4.265944      34.408881
       4.729021      36.970812
       5.235041      39.718481
       5.645913      42.097498
       5.971848      44.189209
       6.320494      46.158848
       6.698433      47.904365
       7.054611      49.306204
       7.400201      50.338807
       7.713696      51.059138
       8.011636      51.353867
       8.236672      51.377647
       8.437871      51.395288
       8.506910      51.325230
       8.550959      50.989027
       8.521720      50.146707
       8.556522      49.554034
       8.609977      50.118648
       8.729270      52.516682
       8.540616      57.088278
       7.582778      62.371189
       6.584424      66.266609
       5.948582      68.854830
       5.345920      70.765840
       4.658060      72.286807
       4.180290      73.350797
       3.808012      73.951474
       3.657271      73.999676
       3.825128      71.781745
       4.275223      65.065302
       5.026947      54.452196
       6.000460      43.086286
       6.934833      33.274445
       7.371886      26.006320
       7.781345      20.810167
       7.930440      16.513980
       8.128885      12.991254
       8.455370       9.892300
       8.722261       7.031205
       9.001107       4.271747
       9.277841       1.932258
       9.738169      -0.254197
      10.216716      -1.873141
      10.724694      -3.047124
      11.239410      -3.701119
      11.602024      -3.842309
      11.778583      -3.820676
      11.877338      -3.735532
      11.891977      -3.676657
      11.919649      -3.559334
      11.918158      -3.419349
      11.841504      -3.117555
      11.555357      -2.623500
      10.969352      -2.020070
      10.181886      -1.428113
       9.586184      -0.889759
       9.205944      -0.366062
       9.081228       0.038312
       9.010178       0.299007
       9.077541       0.421855
       9.201331       0.540540
       9.334676       0.624572
       9.452698       0.637370
       9.545447       0.716315
       9.672043       0.852192
       9.867696       1.092483
      10.077834       1.369731
      10.227129       1.616127
      10.302616       1.830865
      10.358735       2.055808
      10.480039       2.325329
      10.621749       2.584128
      10.695586       2.856377
      10.669099       3.072404
      10.594777       3.176591
      10.485092       3.170253
      10.411939       3.141125
      10.320259       3.188671
      10.300915       3.309580
      10.266511       3.507635
      10.223655       3.772312
      10.200761       4.193408
      10.136308       4.686919
      10.014079       5.209294
       9.886744       5.486492
       9.743598       5.370368
       9.670705       5.031208
       9.590592       4.535943
       9.421569       3.794792
       9.212058       2.803511
       8.889545       1.363724
       8.282165      -0.464049
       7.492476      -2.433143
       6.843548      -4.241876
       6.360113      -5.631070
       6.048262      -6.537072
       5.832574      -7.149439
       5.683036      -7.631398
       5.545839      -8.096527
       5.323891      -8.564082
       5.095680      -9.053050
       4.750988      -9.606829
       4.485369     -10.184550
       4.404476     -10.662290
       4.402714     -11.035376
       4.426424     -11.385295
       4.457919     -11.745838
       4.495888     -12.026269
       4.505783     -12.321239
       4.526094     -12.807331
       4.547573     -13.744177
       4.366932     -14.976498
       4.153650     -16.396289
       3.990419     -17.831665
       4.011112     -19.210392
       4.295162     -20.563588
       4.720139     -21.978864
       5.116493     -23.449167
       5.433836     -24.710740
       5.668359     -25.536315
       5.831860     -25.796917
       6.019173     -25.650322
       6.203857     -25.191098
       6.396934     -24.627003
       6.555334     -24.001814
       6.716622     -23.305533
       6.840348     -22.420025
       6.810539     -21.267096
       6.326217     -19.564424
       5.267995     -17.359525
       3.905164     -15.157317
       2.261101     -12.854219
       0.573283     -10.568208
      -0.689869      -8.242845
      -1.401640      -6.247688
      -1.765361      -4.640854
      -1.904192      -3.449219
      -1.862290      -2.730235
      -1.868840      -2.419306
      -1.848088      -2.455133
      -1.800083      -2.607352
      -1.644185      -2.600317
      -1.321166      -2.135246
      -0.712966      -0.927730
      -0.132586       0.508828
       0.334869       1.732076
       0.719797       2.585540
       1.055399       3.124715
       1.347442       3.559015
       1.588862       3.902543
       1.804926       4.294911
       2.013824       4.687642
       2.234460       5.078212
       2.366743       5.415093
       2.510852       5.691554
       2.603749       5.773295
       2.728062       5.685794
       2.920573       5.460628
       3.068616       5.158422
       3.160025       4.867828
       3.194565       4.686707
       3.252953       4.570359
       3.277248       4.525325
       3.316931       4.505960
       3.362529       4.483918
       3.415417       4.444749
       3.446918       4.457252
       3.448641       4.561461
       3.395988       4.814701
       3.408098       5.121103
       3.460956       5.404655
       3.520172       5.658968
       3.542147       5.850426
       3.575713       5.973035
       3.666105       6.025439
       3.777765       6.054851
       3.858947       6.123109
       3.979163       6.187262
       4.064079       6.246629
       4.122448       6.249799
       4.237537       6.048901
       4.636765       5.178725
       5.120700       3.537747
       5.451187       0.757840
       5.568787      -2.955905
       5.457703      -7.437525
       5.207078     -12.011635
       4.808406     -16.163124
       4.050111     -19.296267
       2.761825     -21.276832
       0.838836     -22.282382
      -1.225041     -22.708578
      -2.778481     -22.909620
      -3.877469     -23.007535
      -4.589797     -23.116350
      -4.382805     -23.353722
      -2.974382     -23.659698
      -1.145099     -24.004736
       0.513754     -24.388086
       2.163528     -24.746095
       3.951929     -24.985609
       5.996505     -24.990826
       7.832107     -24.810999
       9.571894     -24.626636
      10.842297     -24.602140
      11.913647     -24.679944
      12.861625     -24.794245
      13.841656     -24.801941
      14.675599     -24.627952
      15.392879     -24.135887
      16.169894     -23.182446
      16.966787     -21.761439
      17.766807     -19.659415
      18.342043     -16.897803
      18.569906     -13.985106
      18.694614     -11.632555
      18.519278     -10.334918
      18.069697     -10.217834
      17.369810     -11.294938
      16.052755     -13.565171
      13.961493     -16.451083
      11.697898     -19.607165
       9.880001     -22.839191
       8.573385     -25.772277
       7.585403     -28.007190
       6.953531     -29.308783
       6.715396     -29.617172
       6.680019     -29.462505
       6.652714     -29.299122
       6.618983     -29.293099
       6.486710     -29.554898
       6.210403     -30.383715
       6.008021     -32.725635
       6.080437     -38.486184
       5.818517     -44.548060
       5.366314     -48.692471
       5.052372     -50.834948
       4.739000     -52.176419
       4.290709     -53.250724
       3.871648     -54.132026
       3.606187     -54.976881
       3.428223     -55.701957
       3.423321     -56.229138
       3.550336     -56.536437
       3.809628     -56.605174
       4.183686     -56.209356
       4.868891     -54.905629
       5.437107     -53.084881
       5.965019     -51.124125
       6.357958     -49.342477
       6.640887     -47.618918
       6.756263     -46.001184
       6.899019     -44.407090
       7.011991     -43.014047
       7.169965     -41.684544
       7.310457     -40.541016
       7.258575     -39.515560
       7.334909     -38.623691
       7.402267     -37.837244
       7.385830     -37.048255
       7.306384     -36.182828
       7.071880     -35.205306
       6.801987     -34.144372
       6.538272     -33.102667
       6.360305     -32.065408
       6.247783     -31.272302
       6.120797     -30.647565
       6.006905     -30.124600
       5.886182     -29.803295
       5.737479     -29.453090
       5.606052     -29.058828
       5.468569     -28.656810
       5.328857     -28.276500
       5.252771     -27.876951
       5.125374     -27.427606
       4.968914     -27.050405
       4.803422     -26.731818
       4.690250     -26.465763
       4.658101     -26.235117
       4.682975     -26.048882
       4.701532     -25.891612
       4.722097     -25.730941
       4.720233     -25.558131
       4.726643     -25.442738
