       7.916936      15.438841
       7.888265      15.199857
       7.846248      14.989946
       7.826998      14.810725
       7.825943      14.640545
       7.787473      14.466020
       7.619081      14.210012
       7.237307      13.804241
       6.531731      13.283925
       5.854243      12.775148
       4.874841      12.159525
       3.083307      11.331789
       0.364091      10.182656
      -3.027267       8.793789
      -6.828715       7.390973
     -10.347229       6.116535
     -13.086066       5.095045
     -15.273594       4.367655
     -16.940848       4.016241
     -18.117496       3.901833
     -18.989621       4.068824
     -19.787376       4.504040
     -20.545947       5.224357
     -21.315409       6.122474
     -22.095003       7.121271
     -22.875937       8.207164
     -23.544134       9.510411
     -24.014841      11.607136
     -24.594121      14.798594
     -25.095596      18.265010
     -25.520644      21.303624
     -25.876606      23.605811
     -26.112256      25.349922
     -26.272504      26.718277
     -26.397789      27.901887
     -26.371488      29.147272
     -26.098229      30.955151
     -25.766606      33.297246
     -25.367211      35.700905
     -25.045156      37.811937
     -24.670597      39.526663
     -24.344098      40.775163
     -24.005163      41.793700
     -23.618520      42.800965
     -23.282222      43.937246
     -22.872818      45.420318
     -22.458947      47.024914
     -22.235125      48.179287
     -22.307585      47.289078
     -22.683263      43.691004
     -22.945691      38.373994
     -22.763013      32.676409
     -22.392704      26.958124
     -21.713792      21.105292
     -20.610419      14.263084
     -19.570843       6.978333
     -18.726131       0.429512
     -18.127203      -4.910452
     -17.748261      -9.250460
     -17.727992     -12.962754
     -17.815198     -16.383363
     -17.990610     -19.785239
     -18.233406     -23.124881
     -18.637556     -26.492445
     -19.179506     -30.024664
     -19.818540     -33.627264
     -20.674938     -37.311345
     -21.795346     -41.080277
     -23.633025     -44.874768
     -26.489982     -48.564333
     -29.747219     -51.557619
     -32.637471     -53.732905
     -35.131375     -55.366235
     -37.163226     -56.595042
     -38.789733     -57.338667
     -39.929990     -57.187584
     -40.951454     -56.329795
     -42.113045     -54.660592
     -43.564620     -52.381157
     -45.525152     -49.688272
     -47.679155     -46.416154
     -49.532848     -42.497901
     -51.390319     -38.008319
     -53.420793     -33.124795
     -55.173455     -28.079960
     -56.392441     -23.394822
     -57.090512     -19.495091
     -57.478166     -16.398601
     -57.842365     -14.213620
     -58.215340     -12.863970
     -58.759434     -11.671204
     -59.480682     -10.300875
     -59.795835      -8.254822
     -59.869307      -5.803857
     -59.607397      -3.549453
     -59.355828      -1.596819
     -58.777895       0.752260
     -57.162080       6.035091
     -55.048430      13.341415
     -52.971479      20.193973
     -50.417253      26.063171
     -47.452123      31.641876
     -44.122395      37.050475
     -40.569072      42.162067
     -37.249647      46.497849
     -34.298218      50.094261
     -31.710437      53.287939
     -29.411441      56.310226
     -27.140605      59.163927
     -25.038220      61.883398
     -23.050248      64.334345
     -21.299286      66.673035
     -19.838156      68.906363
     -18.635101      71.086715
     -17.741699      73.074932
     -16.850969      74.921194
     -16.064581      76.585599
     -15.511006      77.983061
     -15.077366      79.087602
     -14.683445      79.882293
     -14.108429      80.556584
     -13.502152      81.283146
     -12.979391      82.011015
     -12.713867      82.603300
     -12.654046      83.006569
     -12.862447      83.463644
     -12.979981      84.241059
     -12.981262      85.156200
     -12.931214      86.006247
     -12.785172      86.902368
     -12.311605      88.448232
     -11.457044      91.482871
     -10.577128      95.214620
      -9.907292      98.602393
      -9.489088     101.494401
      -9.271299     104.049633
      -9.252645     106.400063
      -9.288648     108.517249
      -9.147859     110.176515
      -8.684394     111.580321
      -8.503071     112.957579
      -8.717848     114.346425
      -8.875089     115.680144
      -8.582975     116.934966
      -8.029397     118.275495
      -7.086608     119.756032
      -6.110512     121.197130
      -5.129025     122.502786
      -4.228022     123.903775
      -3.477693     125.408840
      -2.670231     126.959911
      -1.832276     128.877163
      -1.009518     132.251774
      -0.176272     137.839779
       0.500008     143.814443
       0.808888     148.399890
       0.561101     151.686356
      -0.063451     154.737257
      -0.894253     157.608253
      -1.773149     159.428005
      -2.387996     160.192646
      -2.837254     160.139559
      -3.429430     158.620020
      -3.916433     154.967975
      -4.137157     148.821616
      -4.356439     139.539893
      -4.547016     127.819487
      -4.625274     114.640382
      -4.733639     100.765197
      -5.147191      87.694063
      -5.480197      77.429264
      -5.946698      70.736990
      -6.533101      65.559811
      -6.816654      61.256663
      -6.789566      57.132278
      -6.882383      53.125544
      -7.037383      49.462484
      -7.158820      46.433693
      -7.191513      44.183740
      -7.007455      42.525668
      -6.847036      40.878186
      -6.950257      38.925031
      -7.624841      36.102814
      -8.703160      32.613798
      -9.798701      29.046919
     -10.691231      25.609846
     -11.635981      22.468143
     -12.584755      19.527474
     -13.291489      16.602185
     -13.850017      13.677218
     -14.578254      10.587252
     -15.207333       7.465602
     -15.490919       4.765623
     -15.530412       2.779043
     -15.747196       1.466396
     -16.040736       0.862549
     -16.417522       0.815197
     -16.701959       1.207503
     -16.913926       1.788137
     -17.043803       2.426344
     -17.020185       3.025199
     -17.070930       3.478989
     -17.237366       3.956075
     -17.376946       4.401946
     -17.541561       4.805052
     -17.710702       5.202559
     -17.827332       5.591960
     -17.825923       5.955613
     -17.739679       6.226174
     -17.635921       6.215763
     -17.533105       5.905394
     -17.424699       5.482207
     -17.273439       5.022775
     -17.111174       4.550016
     -17.000969       4.021951
     -16.939281       3.372361
     -16.901293       2.629855
     -16.907821       1.811052
     -16.904824       1.068272
     -16.850483       0.430498
     -16.893699      -0.066793
     -16.958443      -0.368021
     -17.008231      -0.537751
     -17.076945      -0.749489
     -17.145413      -0.980170
     -17.163000      -1.249859
     -17.162358      -1.562547
     -17.124500      -1.904092
     -17.044739      -2.261661
     -17.017499      -2.664569
     -16.988741      -3.171914
     -16.966287      -3.757008
     -16.971729      -4.360270
     -17.043180      -5.030932
     -17.140812      -5.786998
     -17.227742      -6.528604
     -17.251813      -7.181056
     -17.296447      -7.713521
     -17.330124      -8.129794
     -17.390200      -8.469821
     -17.579041      -8.825548
     -17.925883      -9.204163
     -18.446917      -9.566314
     -19.070212      -9.850952
     -19.880799     -10.064641
     -21.015490     -10.167810
     -22.164380     -10.103635
     -23.054226      -9.877023
     -23.634978      -9.596926
     -24.073878      -9.413630
     -24.390541      -9.438155
     -24.589716      -9.574150
     -24.650227      -9.728678
     -24.736743      -9.827001
     -24.808906      -9.835509
     -24.906546      -9.714868
     -25.041875      -9.467901
     -25.152708      -9.155638
     -25.216420      -8.839843
     -25.203879      -8.514568
     -24.929445      -8.121828
     -24.653078      -7.680125
     -24.505434      -7.247233
     -24.562069      -6.845373
     -24.702338      -6.444694
     -24.856854      -6.024854
     -24.954658      -5.564245
     -25.025425      -5.056854
     -24.976320      -4.516666
     -24.830932      -3.992071
     -24.691021      -3.630939
     -24.599430      -3.453847
     -24.606159      -3.450493
     -24.749254      -3.580243
     -24.923429      -3.863506
     -25.012913      -4.453812
     -24.805353      -5.881798
     -23.899780      -9.020522
     -22.188085     -13.671599
     -20.498441     -19.083553
     -18.813055     -24.489437
     -17.262506     -29.768412
     -15.973051     -34.842513
     -14.958725     -39.980379
     -14.262221     -44.913517
     -13.403438     -49.855854
     -12.472376     -55.021488
     -11.709282     -60.090773
     -11.017073     -64.723159
     -10.343339     -68.993818
      -9.134773     -73.552771
      -6.880459     -79.144453
      -4.662976     -86.116171
      -3.490138     -93.255461
      -2.733298     -99.313481
      -2.488626    -104.170747
      -2.591267    -108.263402
      -2.935827    -112.334238
      -3.377463    -116.518292
      -3.675287    -120.791967
      -4.146883    -124.988911
      -4.555230    -128.857161
      -4.934851    -132.691898
      -5.244197    -136.906570
      -5.571323    -141.012193
      -5.917558    -144.073283
      -6.165467    -146.174791
      -6.401037    -147.936006
      -6.609451    -149.505679
      -6.709155    -150.651364
      -6.709528    -151.381209
      -6.568862    -151.694953
      -6.354854    -151.541588
      -6.157074    -151.026277
      -5.981918    -150.524722
      -5.751758    -150.022117
      -5.479909    -149.272668
      -5.278173    -148.343044
      -5.169141    -147.484167
      -5.093067    -146.658890
      -4.944467    -145.597641
      -4.783334    -144.197147
      -4.771765    -142.622655
      -4.713895    -140.864918
      -4.447500    -138.962286
      -3.987181    -136.760510
      -3.530129    -133.693795
      -3.233813    -128.561233
      -3.817295    -119.392775
      -5.296348    -106.669657
      -6.742805     -92.917694
      -8.380128     -79.125166
     -10.456899     -66.471877
     -12.559105     -55.718898
     -14.154353     -46.791466
     -15.028573     -39.306190
     -15.630814     -32.701799
     -16.166289     -26.669362
     -16.922455     -21.791934
     -17.659389     -18.317949
     -18.565345     -16.120160
     -19.534799     -15.094878
     -20.680319     -15.145591
     -21.457620     -15.623960
     -21.638302     -16.009198
     -21.456906     -16.146333
     -21.446107     -16.270752
     -21.658373     -16.428649
     -22.174337     -16.622966
     -22.956014     -16.994057
     -23.980693     -17.442625
     -25.272353     -18.015971
     -26.719909     -18.438683
     -27.948906     -18.572575
     -29.217859     -18.328617
     -30.483332     -17.799616
     -31.706362     -17.007118
     -32.843649     -16.169226
     -34.195346     -15.490948
     -35.689012     -15.234524
     -36.860742     -15.280267
     -37.686580     -15.473536
     -38.401609     -15.692190
     -38.948505     -15.838599
     -39.465355     -15.888667
     -39.970126     -15.764578
     -40.286802     -15.526988
     -40.442447     -15.306081
     -40.594931     -15.194061
     -40.729777     -15.119551
     -40.847227     -14.992016
     -40.707607     -14.619096
     -40.644553     -14.015440
     -40.706992     -13.314379
     -40.730289     -12.552219
     -40.778573     -11.787991
     -40.840340     -11.100290
     -40.962372     -10.442807
     -41.027005      -9.828336
     -41.009942      -9.307906
     -40.999087      -8.847667
     -40.951085      -8.424469
     -40.923404      -8.027279
     -40.896803      -7.669340
     -40.829586      -7.337624
     -40.867340      -7.064544
     -40.906861      -6.819132
     -40.894476      -6.656260
     -40.899702      -6.579998
     -40.893097      -6.570077
     -40.856951      -6.549205
     -40.814423      -6.473081
     -40.746439      -6.344726
     -40.687120      -6.205846
     -40.591128      -6.101665
     -40.497018      -6.025982
     -40.412089      -5.983792
     -40.302422      -5.946603
     -40.210136      -5.894932
     -40.113200      -5.837240
     -40.060566      -5.768434
     -40.005971      -5.718225
     -39.965393      -5.690288
     -39.959086      -5.722465
     -39.988046      -5.766505
     -40.026424      -5.826053
     -40.066412      -5.904590
     -40.092237      -6.025595
     -40.089410      -6.146913
     -40.096195      -6.241662
     -40.061822      -6.283307
     -40.034778      -6.303761
     -40.013390      -6.337678
     -40.015345      -6.369386
     -39.965451      -6.416321
     -39.923569      -6.575050
     -39.934959      -6.858421
     -39.989375      -7.262568
     -40.027186      -7.659674
     -40.014155      -7.921750
     -39.989314      -8.035268
     -39.979949      -8.055956
     -39.962870      -8.046301
     -39.960298      -8.068876
     -39.973847      -8.156867
     -40.016921      -8.350463
     -40.051479      -8.665608
     -40.071220      -9.098937
     -40.108746      -9.633129
     -40.141851     -10.186313
     -40.213699     -10.737767
     -40.304549     -11.238493
     -40.368453     -11.671187
     -40.242263     -11.892349
     -39.786013     -11.756419
     -38.661015     -11.353259
     -37.097075     -10.814421
     -35.015719     -10.086227
     -32.837017      -9.351357
     -30.539394      -8.740446
     -27.929636      -8.295991
     -25.663754      -7.953233
     -23.500135      -7.688760
     -21.410017      -7.455694
     -19.232182      -7.226733
     -16.831163      -7.047876
     -14.609090      -6.887491
     -12.706126      -6.739750
     -10.939276      -6.605467
      -9.162528      -6.556660
      -7.571069      -6.540754
      -6.044691      -6.564674
      -4.618166      -6.616376
      -3.201713      -6.724982
      -1.809193      -6.852501
      -0.502291      -7.027697
       0.754005      -7.258835
       1.880733      -7.609176
       2.934962      -8.002771
       3.964299      -8.440006
       4.889473      -8.894602
       5.687571      -9.344745
       6.263999      -9.821502
       6.793233     -10.400940
       7.059586     -11.105506
       7.201400     -11.951384
       7.426267     -12.832998
       7.544290     -13.583356
       7.507469     -14.130660
       7.387598     -14.420153
       7.456845     -14.440860
       7.412983     -14.208917
       7.381335     -13.887606
       7.285891     -13.376138
       7.202468     -12.103697
       6.975991      -9.036124
       6.726857      -5.126930
       6.611137      -1.218938
       6.521892       2.189189
       6.352998       5.403593
       6.284758       8.294293
       6.333688      10.695344
       6.481396      12.536127
       6.691244      13.870692
       6.830847      14.725392
       6.991289      15.211642
       7.090024      15.345921
       7.209599      15.202963
       7.235703      14.607656
       7.206920      13.345535
       7.073556      11.398425
       6.996740       9.230820
       6.952208       6.792409
       6.919300       3.938758
       6.828557       0.499559
       6.520097      -2.959536
       6.201551      -6.003759
       6.010028      -8.359101
       6.005706      -9.972629
       6.060392     -10.952381
       6.105830     -11.385985
       6.159583     -11.394387
       6.262154     -11.233938
       6.387736     -10.992873
       6.509384     -10.775025
       6.628008     -10.594297
       6.735294     -10.381138
       6.804278     -10.146292
       6.834798      -9.656828
       6.784790      -9.036744
       6.676333      -8.343717
       6.644555      -7.673646
       6.583292      -7.087002
       6.556901      -6.590542
       6.585174      -6.219919
       6.648221      -5.927390
       6.745143      -5.637402
       6.806759      -5.369243
