       7.765164     -29.013267
       7.738201     -28.226434
       7.714051     -27.514627
       7.694069     -26.798318
       7.802899     -26.055769
       7.961826     -25.366774
       8.051235     -24.871059
       7.935664     -24.732012
       7.601896     -25.053743
       7.057766     -25.639947
       6.455843     -26.250470
       5.727262     -26.771811
       5.036296     -27.123931
       4.364590     -27.185768
       3.812983     -26.686259
       3.169801     -25.696439
       2.411779     -24.584647
       1.585079     -23.535241
       1.213476     -22.728589
       0.928808     -21.925791
       0.776700     -20.889956
       0.677359     -19.691502
       0.535894     -18.539524
       0.472822     -17.300697
       0.593339     -16.076085
       0.600385     -14.858058
       0.543047     -13.805866
       0.431088     -12.947378
       0.383548     -12.162891
       0.371984     -11.250283
       0.495048     -10.230993
       0.616034      -9.193933
       0.684334      -8.262434
       0.818237      -7.485475
       0.955629      -6.798967
       1.048241      -6.221206
       1.118156      -5.995502
       1.015761      -6.233920
       0.763367      -6.866233
       0.557676      -7.438593
       0.450600      -7.764223
       0.409606      -7.878902
       0.274818      -7.838052
       0.191672      -7.934926
       0.143605      -8.434144
       0.117318      -9.240201
       0.067380     -10.318862
      -0.233025     -11.504324
      -0.699122     -12.767500
      -1.232733     -13.898306
      -1.794453     -14.956592
      -2.522910     -15.970381
      -3.203579     -16.985046
      -3.751147     -17.813612
      -3.987626     -18.420392
      -4.062179     -18.738576
      -4.317917     -18.850762
      -4.597832     -19.098406
      -4.824742     -19.563960
      -4.802558     -20.173427
      -4.708076     -20.818978
      -4.589565     -21.336190
      -4.493064     -21.676468
      -4.524891     -21.835759
      -4.779412     -21.970024
      -5.104467     -22.164278
      -5.155908     -22.426669
      -5.090853     -22.805413
      -4.953246     -23.432328
      -4.804018     -24.168488
      -4.732573     -24.868703
      -4.751070     -25.443750
      -4.744690     -25.850426
      -4.564964     -26.155727
      -4.322948     -26.610500
      -4.159798     -27.383713
      -4.123254     -28.535829
      -4.228709     -30.083111
      -4.367311     -32.090643
      -4.520762     -34.444150
      -4.727563     -37.163670
      -4.898581     -40.537732
      -5.032489     -44.653564
      -4.991372     -49.102860
      -4.768733     -53.438098
      -4.443120     -57.472284
      -4.171503     -61.034070
      -4.077209     -64.092674
      -4.004441     -66.533726
      -4.011993     -68.236254
      -4.204480     -69.243630
      -4.538076     -69.958676
      -4.981901     -70.551306
      -5.411671     -71.297135
      -5.807227     -72.055696
      -6.015301     -72.583703
      -5.986805     -72.866891
      -5.929427     -72.989390
      -5.973185     -73.082723
      -6.102552     -73.296583
      -6.250839     -73.770851
      -6.347399     -74.570687
      -6.448346     -75.601983
      -6.523631     -76.664234
      -6.647859     -77.627998
      -6.811776     -78.575123
      -7.034602     -79.641876
      -7.295414     -80.918131
      -7.501649     -82.377604
      -7.665753     -83.974001
      -7.765832     -85.718206
      -7.884752     -87.583245
      -8.026954     -89.553438
      -8.147210     -91.642133
      -8.272011     -94.021307
      -8.316620     -97.050885
      -8.252383    -100.975389
      -8.072065    -106.309635
      -7.873092    -112.813480
      -7.943381    -119.384547
      -8.090422    -125.244090
      -8.189693    -130.242880
      -8.297919    -134.262174
      -8.502148    -137.368269
      -8.682869    -139.550753
      -8.923732    -141.007753
      -9.296399    -141.817662
      -9.710264    -142.023182
     -10.148605    -141.888808
     -10.536700    -141.654505
     -10.823407    -141.387563
     -10.960166    -141.165354
     -11.044412    -140.838846
     -11.069525    -140.308235
     -11.031748    -139.431319
     -10.995875    -137.962691
     -11.020575    -135.772650
     -10.913519    -132.824300
     -10.614697    -129.024117
     -10.367643    -124.656215
     -10.103456    -120.252964
      -9.586917    -115.943104
      -8.931475    -111.671322
      -8.133389    -107.374547
      -7.293232    -102.554194
      -6.665849     -96.980400
      -6.172929     -91.534579
      -5.783505     -86.855294
      -5.376592     -82.991959
      -4.925755     -79.938873
      -4.403055     -77.235497
      -3.744924     -74.778844
      -2.850637     -72.739283
      -1.790127     -71.240430
      -0.273256     -70.309134
       1.734923     -70.006576
       4.320075     -70.459780
       7.793336     -71.581801
      11.913280     -73.052119
      16.385596     -74.480550
      20.055620     -75.116534
      20.675309     -75.541577
      17.826714     -75.671910
      15.214294     -74.917585
      14.749641     -73.749952
      15.042687     -72.771801
      14.800359     -71.997479
      13.788321     -71.477856
      12.571173     -71.239789
      11.678784     -71.083193
      11.363708     -70.813808
      11.484103     -70.389698
      11.621848     -69.872731
      11.629879     -69.489225
      11.483264     -69.429994
      11.356637     -69.653558
      11.319733     -69.904792
      11.327906     -70.037996
      11.301322     -70.045782
      11.128340     -70.027728
      10.900204     -69.966777
      10.675433     -69.859962
      10.534885     -69.739099
      10.439689     -69.663408
      10.409676     -69.618971
      10.412385     -69.575306
      10.422574     -69.543857
      10.414444     -69.479171
      10.441646     -69.407098
      10.460845     -69.358503
      10.444444     -69.365118
      10.417516     -69.389224
      10.399645     -69.381307
      10.382921     -69.321901
      10.313195     -69.212894
      10.229199     -69.081939
      10.171700     -68.955404
      10.132325     -68.832031
      10.106767     -68.686539
      10.047981     -68.509194
      10.034088     -68.303427
      10.007639     -68.062013
      10.047013     -67.708213
      10.036589     -67.242011
      10.029566     -66.506988
       9.880258     -65.201435
       9.288717     -63.743585
       8.510166     -62.297936
       7.841978     -60.999148
       7.504489     -59.948666
       7.417405     -58.873200
       7.487309     -57.393498
       7.685428     -55.367342
       7.858467     -53.036520
       8.024234     -50.630224
       8.204091     -48.376716
       8.402135     -46.346096
       8.733581     -44.492268
       9.217711     -42.775072
       9.752672     -41.210153
      10.230823     -39.705263
      10.631676     -38.183902
      10.936346     -36.543664
      11.129719     -34.739425
      11.309739     -32.645621
      11.523088     -30.305495
      11.743060     -27.784398
      11.943720     -25.060050
      12.027304     -22.340727
      11.975199     -19.768811
      11.843598     -17.439412
      11.621308     -15.321767
      11.211807     -13.345139
      10.505876     -11.296407
       9.956068      -8.993417
       9.535807      -6.350839
       9.213062      -3.555868
       8.837345      -0.964441
       8.482068       1.278674
       8.203921       3.044892
       7.822030       4.329010
       7.291782       5.369133
       6.668405       6.356802
       5.913638       7.462515
       5.129206       8.831781
       4.302819      10.589245
       3.634448      12.774450
       3.173062      15.230434
       2.932413      17.765235
       2.786593      20.163798
       2.783593      22.306023
       2.938319      24.162997
       3.154414      25.718182
       3.368892      26.939458
       3.608350      27.895139
       3.894326      28.749161
       4.193279      29.672370
       4.370009      30.798368
       4.470880      32.077218
       4.512823      33.352908
       4.455590      34.448147
       4.372458      35.274050
       4.262756      35.798596
       4.082805      36.050069
       3.801797      36.098923
       3.431639      36.031566
       3.051436      35.931108
       2.454362      35.760903
       1.641966      35.473688
       0.719201      35.114730
      -0.273482      34.677445
      -1.401536      34.240886
      -2.644298      33.802275
      -3.959289      33.424112
      -5.268500      33.237801
      -6.595848      33.337941
      -7.882948      33.659099
      -9.150509      34.155694
     -10.226726      34.755043
     -11.236449      35.425120
     -12.159689      36.060353
     -12.991073      36.657291
     -13.525307      37.144252
     -13.949473      37.582290
     -14.327501      37.954233
     -14.646125      38.239302
     -14.911345      38.381433
     -15.161254      38.424206
     -15.374415      38.377139
     -15.518161      38.265233
     -15.646716      38.138800
     -15.750516      38.112108
     -15.837935      38.249883
     -15.898613      38.519307
     -15.827258      39.065816
     -15.528155      40.393957
     -14.678840      42.857986
     -13.528524      45.915511
     -12.291566      49.059346
     -10.953259      52.147145
      -9.628863      54.899975
      -8.426236      57.349459
      -7.331259      59.648376
      -6.532549      61.898819
      -6.009419      63.960383
      -5.720401      65.903800
      -5.591373      67.619694
      -5.611260      69.077510
      -5.585916      70.271342
      -5.454559      71.234611
      -5.225274      71.974035
      -4.847433      72.454768
      -4.360824      72.258773
      -3.764628      71.500256
      -3.084289      70.411341
      -2.311631      69.264238
      -1.391957      68.108694
      -0.335274      67.047371
       0.868698      66.009576
       2.017405      64.998834
       3.000403      64.054619
       3.838721      63.261977
       4.523479      62.597891
       5.033488      62.117745
       5.333954      61.707302
       5.476213      61.387317
       5.521335      61.166346
       5.502700      61.103691
       5.481593      61.114983
       5.416372      61.155603
       5.278191      61.126451
       5.171521      60.996341
       5.091929      60.721623
       5.070761      60.280663
       5.059251      59.738372
       5.099665      59.164121
       5.194330      58.601950
       5.270290      57.993777
       5.318836      57.286503
       5.268321      56.449987
       5.115677      55.480375
       4.840075      54.260237
       4.284576      52.446678
       3.462720      49.691881
       2.620658      45.926658
       2.040034      41.478285
       1.771177      36.789946
       1.722916      32.386049
       1.484859      28.588794
       1.128813      25.227812
       0.730367      21.972992
       0.212003      18.617327
      -0.360392      15.252007
      -0.812099      12.110786
      -1.251971       9.218873
      -1.685935       6.533495
      -1.996873       4.035363
      -2.211976       1.639059
      -2.417210      -0.699238
      -2.714192      -3.103403
      -3.207764      -5.684257
      -3.667639      -8.584319
      -4.105287     -11.795939
      -4.404115     -14.950048
      -4.530365     -17.951569
      -4.430945     -20.900381
      -4.112875     -23.828826
      -3.952003     -26.605473
      -4.008165     -29.126020
      -4.265674     -31.273572
      -4.618041     -32.992730
      -4.960608     -34.274713
      -5.389830     -35.297495
      -5.790409     -36.128966
      -6.273180     -36.764333
      -6.889260     -37.230070
      -7.565437     -37.572512
      -8.042110     -37.803714
      -8.385331     -37.915491
      -8.686469     -37.904446
      -8.897411     -37.831523
      -9.087819     -37.636547
      -9.276234     -37.347382
      -9.395115     -36.993825
      -9.516042     -36.694559
      -9.673934     -36.787608
     -10.025201     -37.339523
     -10.482132     -38.321053
     -10.858430     -39.422145
     -11.076617     -40.239817
     -11.206800     -40.716087
     -11.297885     -41.130765
     -11.478195     -41.816582
     -11.842399     -42.940886
     -12.498019     -44.506586
     -13.148827     -46.241495
     -13.632210     -47.771977
     -14.126894     -48.765224
     -14.665408     -49.121856
     -15.156945     -48.806213
     -15.596639     -47.899707
     -16.091105     -46.521226
     -16.499288     -44.902948
     -16.768809     -43.264864
     -16.948083     -41.604325
     -17.067301     -39.920315
     -17.050434     -38.142399
     -16.979521     -36.154682
     -16.953891     -34.036376
     -16.933362     -31.866671
     -17.004031     -29.728757
     -17.139189     -27.734937
     -17.306371     -26.023344
     -17.384333     -24.678521
     -17.351474     -23.612089
     -17.269286     -22.737325
     -17.176538     -22.051763
     -17.101610     -21.495053
     -17.027316     -20.987443
     -16.954908     -20.450334
     -16.898498     -19.933964
     -16.889400     -19.341325
     -16.914238     -18.600231
     -16.819298     -17.719004
     -16.698998     -16.769216
     -16.522122     -15.699234
     -16.358467     -14.501513
     -16.215819     -13.117315
     -16.061929     -11.532775
     -15.938178      -9.661864
     -15.878458      -7.533066
     -15.810073      -5.205954
     -15.704163      -2.813550
     -15.531636      -0.387470
     -15.317013       1.976860
     -15.102699       4.198967
     -14.942895       6.120995
     -14.754407       7.555433
     -14.548098       8.313269
