       0.490048      22.874620
       0.410772      23.279801
       0.254938      23.663758
       0.122828      23.993599
       0.115010      24.276532
       0.245678      24.594774
       0.455507      25.022680
       0.673498      25.545308
       0.795142      26.108465
       0.778625      26.647668
       0.659440      27.124419
       0.522249      27.491916
       0.425849      27.689560
       0.346960      27.736433
       0.284601      27.636859
       0.252180      27.410459
       0.219525      26.942795
       0.155916      25.906574
       0.075961      23.926183
      -0.010220      20.994479
      -0.052147      17.336511
      -0.044489      13.170732
       0.040778       8.674354
       0.192416       4.103514
       0.359689      -0.282139
       0.532375      -4.191486
       0.714892      -7.561471
       0.944847     -10.160697
       1.131926     -12.046122
       1.237477     -13.241283
       1.297487     -13.940559
       1.420929     -14.377041
       1.516857     -14.705894
       1.626635     -15.001337
       1.727993     -15.333546
       1.857089     -15.651872
       1.952405     -15.957868
       2.037890     -16.245982
       2.132425     -16.530210
       2.241613     -16.789420
       2.342674     -16.990741
       2.418152     -17.088807
       2.447354     -17.102092
       2.419785     -17.043063
       2.305216     -16.911528
       2.181147     -16.723346
       2.105435     -16.616689
       2.025042     -16.595984
       1.936878     -16.646660
       1.828060     -16.682423
       1.692413     -16.668649
       1.531214     -16.582061
       1.261714     -16.312459
       1.097069     -15.893452
       1.031361     -15.574095
       1.011813     -15.491938
       1.017683     -15.592981
       1.064007     -15.854360
       1.099459     -16.181000
       1.127593     -16.419908
       1.126674     -16.481684
       1.129678     -16.418530
       1.153197     -16.365873
       1.142584     -16.383158
       1.132108     -16.431185
       1.105371     -16.497261
       1.059088     -16.604724
       0.950813     -16.723515
       0.830554     -16.815096
       0.706252     -16.907308
       0.600607     -17.035166
       0.520305     -17.172406
       0.493736     -17.270799
       0.484688     -17.362676
       0.508253     -17.534604
       0.532867     -17.741944
       0.540187     -17.912289
       0.507852     -18.016248
       0.471825     -18.033928
       0.456359     -18.002546
       0.423161     -17.983645
       0.384105     -17.965802
       0.335690     -17.964062
       0.286061     -17.972972
       0.243008     -17.949211
       0.244760     -17.914053
       0.230102     -17.827402
       0.239634     -17.706398
       0.246523     -17.627281
       0.248300     -17.619721
       0.241420     -17.636905
       0.224779     -17.629546
       0.187672     -17.549806
       0.113286     -17.287902
      -0.025826     -16.722741
      -0.287380     -15.624316
      -0.549126     -14.147641
      -0.707651     -12.745785
      -0.794192     -11.742859
      -0.878168     -11.018750
      -0.945661     -10.428295
      -0.939526      -9.937200
      -0.932715      -9.500426
      -0.929676      -9.114383
      -0.901850      -8.792578
      -0.841502      -8.605942
      -0.794040      -8.522647
      -0.744892      -8.544998
      -0.722107      -8.660133
      -0.711848      -8.836202
      -0.709605      -9.031173
      -0.735789      -9.211758
      -0.760607      -9.405651
      -0.768592      -9.578988
      -0.781070      -9.690750
      -0.805404      -9.738322
      -0.815587      -9.706092
      -0.822913      -9.642114
      -0.839909      -9.569490
      -0.866801      -9.483741
      -0.896377      -9.287889
      -0.943960      -8.844949
      -1.017319      -8.146583
      -1.012586      -7.394963
      -0.971864      -6.744193
      -0.970187      -6.265043
      -0.998594      -5.933266
      -1.070656      -5.684887
      -1.197732      -5.456340
      -1.335354      -5.206198
      -1.415640      -4.896890
      -1.411980      -4.537092
      -1.312401      -4.135970
      -1.089326      -3.745587
      -0.756195      -3.350026
      -0.188098      -2.933196
       0.638937      -2.542016
       1.751890      -2.284157
       3.377063      -2.273150
       5.624321      -2.686999
       8.405775      -3.412547
      11.468293      -4.097885
      14.112823      -4.496164
      16.166803      -4.537771
      17.820076      -4.199680
      19.321041      -3.721045
      20.665418      -3.259038
      21.615398      -2.864051
      22.159120      -2.429690
      22.553224      -1.947238
      22.981893      -1.574314
      23.380496      -1.305711
      23.664411      -1.078231
      23.917057      -0.885211
      24.236598      -1.266878
      24.514240      -2.030894
      24.695443      -2.854084
      24.825184      -3.521322
      24.862933      -4.093783
      24.863217      -4.634044
      24.851288      -5.107359
      24.895970      -5.510112
      24.980220      -5.861324
      25.054494      -6.135477
      25.058282      -6.327221
      25.004530      -6.406455
      24.915794      -6.206196
      24.905510      -5.647793
      25.114053      -4.875047
      25.456094      -3.980507
      25.867377      -2.984432
      26.251833      -1.910076
      26.578625      -0.836132
      26.760489       0.143398
      26.832201       1.025078
      26.874013       1.782432
      26.890420       2.408200
      26.865192       2.915352
      26.848426       3.323262
      26.783983       3.593996
      26.678112       3.766845
      26.602886       3.822360
      26.558668       3.817436
      26.528800       3.741753
      26.545452       3.580674
      26.647945       3.283441
      26.952808       2.840752
      27.540384       2.314031
      28.242098       1.894294
      29.023066       1.715620
      29.811936       1.787428
      30.645656       2.054046
      31.608316       2.407953
      32.636975       2.640503
      33.642947       2.793982
      34.512750       2.862985
      35.268365       2.910214
      35.880685       2.952232
      36.252543       3.018223
      36.515080       3.034578
      36.690188       3.044111
      36.851856       3.012663
      37.009049       2.942637
      37.145471       2.845576
      37.204190       2.765762
      37.194653       2.696337
      37.100859       2.680072
      37.040224       2.712432
      37.040962       2.784327
      37.130076       2.846722
      37.228550       2.919463
      37.347438       2.895167
      37.416641       2.837576
      37.431894       2.742081
      37.403082       2.695033
      37.395408       2.706308
      37.429898       2.753952
      37.476040       2.754966
      37.516074       2.740369
      37.530378       2.701109
      37.502100       2.641638
      37.483330       2.613128
      37.452930       2.622692
      37.438777       2.651705
      37.443265       2.676537
      37.454394       2.654995
      37.449105       2.607535
      37.432701       2.538678
      37.402181       2.480171
      37.406354       2.440751
      37.426450       2.421584
      37.445761       2.387149
      37.463523       2.353129
      37.486752       2.338060
      37.520231       2.358316
      37.560214       2.422823
      37.622231       2.459990
      37.669731       2.475427
      37.684018       2.471330
      37.655483       2.449696
      37.605144       2.421695
      37.549255       2.426700
      37.510309       2.445939
      37.473847       2.485868
      37.453253       2.521089
      37.422613       2.543658
      37.369081       2.544188
      37.308604       2.546571
      37.254912       2.559513
      37.225053       2.604226
      37.207565       2.647407
      37.151663       2.671256
      37.079284       2.673031
      37.001470       2.647753
      36.938841       2.597385
      36.880843       2.575371
      36.843296       2.562279
      36.805666       2.539243
      36.747535       2.481884
      36.706721       2.397210
      36.657534       2.308070
      36.573758       2.267446
      36.476277       2.270365
      36.406664       2.292477
      36.350471       2.312782
      36.302622       2.313408
      36.234971       2.281382
      36.182986       2.240608
      36.122939       2.217049
      36.054370       2.184132
      35.977211       2.176208
      35.901677       2.168414
      35.875279       2.167431
      35.868936       2.202562
      35.906604       2.233479
      35.951386       2.233667
      35.966975       2.213217
      35.947877       2.166239
      35.921586       2.121098
      35.905686       2.098541
      35.906022       2.078576
      35.916894       2.054867
      35.934598       2.010797
      35.953594       1.958214
      35.959378       1.911905
      35.951163       1.875029
      35.970829       1.858754
      35.986697       1.894715
      35.995685       1.909681
      35.995915       1.906373
      35.977471       1.885884
      35.990786       1.902169
      35.992064       1.971320
      36.020803       2.051463
      36.032923       2.087762
      36.027493       2.124501
      36.025040       2.125663
      36.004964       2.113674
      35.997797       2.113404
      35.992197       2.128178
      35.977714       2.133696
      35.984880       2.133634
      36.003621       2.117886
      36.017012       2.111935
      36.026680       2.104602
      36.023882       2.090990
      36.033975       2.088231
      36.022182       2.105379
      36.014795       2.097594
      36.002888       2.076863
      35.985835       2.056847
      35.971548       2.074846
      35.949375       2.111319
      35.941835       2.147972
      35.859134       2.179923
      35.511663       2.434939
      34.596629       3.149861
      33.306642       4.361141
      31.877621       6.041016
      30.139824       8.167770
      28.366151      10.603027
      26.502951      13.229339
      24.563711      15.804630
      22.312289      18.285180
      19.712511      20.470583
      17.044634      22.376975
      14.489403      24.114155
      11.923174      25.803850
       9.611217      27.384787
       7.673206      28.792607
       5.971479      30.060859
       4.669224      31.235124
       3.732412      32.308444
       2.960665      33.385207
       2.217329      34.579670
       1.517689      35.893532
       0.988439      37.180067
       0.583814      38.430151
       0.361252      39.580756
       0.262581      40.682027
       0.223555      41.690236
       0.281107      42.553786
       0.434214      43.262780
       0.678294      43.887481
       1.091785      44.571398
       1.670707      45.584802
       2.439607      47.221730
       3.353117      49.209418
       4.336594      51.177543
       5.386443      52.948520
       6.588177      54.452993
       8.273677      55.641113
      11.029330      56.481330
      13.756495      56.854975
      16.002077      56.534223
      17.876340      55.317553
      19.387986      53.166853
      20.420163      50.224021
      20.831630      47.077467
      20.925529      44.253380
      21.010968      42.267285
      21.176955      41.177334
      21.325580      40.699889
      21.472893      40.494017
      21.714812      40.255632
      22.090716      39.661178
      22.485063      38.725220
      22.730321      37.844282
      22.702781      37.706850
      22.221125      38.889519
      21.348340      41.333721
      20.398471      44.802670
      19.356783      48.829861
      18.175436      52.966171
      16.918970      56.976707
      15.624777      60.724673
      14.122269      64.045264
      12.462989      66.822151
      10.808389      69.320371
       9.213334      71.616363
       7.680169      73.870960
       6.310204      75.953719
       5.175653      77.817908
       4.200688      79.619577
       3.230786      81.443613
       2.202503      83.239444
       1.274073      84.878116
       0.518540      86.388019
      -0.142451      87.741215
      -0.740314      88.870667
      -1.069826      89.509987
      -0.629842      89.332123
       0.391962      88.250454
       1.762066      86.643022
       3.159776      84.665068
       4.465863      82.670725
       5.944153      81.037483
       7.568556      80.028266
       9.143402      79.370601
      10.617390      79.000831
      11.987202      78.636856
      13.301494      78.266046
      14.465327      78.157108
      15.540603      78.514522
      16.570454      79.164100
      17.478659      79.929251
      18.178979      80.811389
      18.720244      81.969614
      19.040217      83.559531
      19.288945      85.470770
      19.296365      87.553122
      18.964745      89.657039
      18.435164      92.002544
      18.021857      94.884585
      17.566478      98.213317
      16.991289     101.602140
      16.296652     104.909646
      15.530754     108.135866
      14.861180     111.220629
      14.349760     114.067447
      13.888295     116.933606
      13.424546     120.074235
      12.983313     123.312772
      12.634693     126.368850
      12.370242     129.144590
      12.299133     131.703766
      12.460606     134.112470
      12.881212     136.384780
      13.414845     138.518412
      13.978767     140.512764
      14.386733     142.514878
      14.996936     144.368095
      15.914716     145.723340
      16.925306     146.448202
      18.024617     146.667002
      19.245110     146.469126
      20.310254     145.913444
      21.183347     145.296048
      21.800189     144.718024
      22.132606     144.190211
      22.125920     143.850997
      21.926488     143.724083
      21.619303     143.672044
      21.108893     143.759704
      20.484465     144.073526
      19.888031     144.475289
      19.392891     144.717451
      18.657504     144.825607
      17.725980     145.046495
      16.876730     145.530050
      16.110873     146.196657
      15.389367     146.893980
      14.826150     147.677651
      14.036239     148.919582
      12.744128     150.921783
      11.057104     153.328827
       9.418121     155.301342
       8.151346     156.580624
       7.250994     157.387657
       6.451548     157.981661
       5.699247     158.413004
       5.081304     158.685551
       4.815782     158.773443
       4.767894     158.758066
       4.725593     158.476339
       4.575860     157.449409
       4.532368     154.535739
       4.468120     148.178536
       3.926022     138.202852
       3.121581     125.548042
       2.461243     110.696246
       2.157117      94.336897
       1.835589      77.000490
       1.681546      59.373502
       1.320608      42.194672
       0.906442      26.555856
       0.559609      12.756309
       0.045594       1.479383
      -0.509767      -7.128330
      -1.074913     -13.509417
      -1.676043     -18.404346
      -2.192153     -22.396850
      -2.333655     -25.790187
      -2.226002     -28.934697
      -2.037779     -32.089606
      -1.802632     -35.358263
      -1.623092     -38.763632
      -1.543809     -42.157040
      -1.464359     -45.542502
      -1.416247     -48.751911
      -1.281717     -51.634112
      -1.077773     -54.362191
      -0.774758     -57.310710
      -0.477646     -60.623064
      -0.349105     -64.221132
      -0.534073     -67.853860
      -1.001485     -71.461351
      -1.515008     -75.259252
      -1.864430     -79.339074
      -1.962604     -83.536966
      -1.753357     -87.664037
      -1.355841     -91.724984
      -0.964221     -95.552630
      -0.753996     -98.933419
      -0.737226    -101.849323
      -0.909988    -104.312291
      -1.014552    -106.529240
      -1.018164    -108.919440
      -1.102870    -111.829749
      -1.236993    -115.168515
      -1.337510    -118.620839
      -1.542514    -121.726400
      -1.805998    -124.515400
      -1.907947    -127.379723
      -1.813847    -130.422667
      -1.637446    -133.498611
      -1.424232    -136.426347
      -1.277141    -139.050810
      -1.138576    -141.278552
      -1.055700    -143.047616
      -1.181583    -144.425398
      -1.376595    -145.450521
      -1.327688    -146.276983
      -1.087261    -147.004730
      -0.775602    -147.662322
      -0.501787    -148.151065
      -0.337911    -148.311153
      -0.365454    -147.964011
      -0.502421    -147.163807
      -0.628713    -146.179745
      -0.776609    -145.087031
      -1.000734    -143.660116
      -1.258486    -141.220132
      -1.435535    -137.478485
      -1.576015    -132.470388
      -1.647628    -126.688889
      -1.548148    -120.445302
      -1.480099    -113.901658
      -1.229974    -107.486929
      -1.021114    -101.143005
      -1.126099     -94.522649
      -1.404300     -87.619847
      -1.664304     -80.546380
      -1.812956     -73.598374
      -2.048759     -66.821986
      -2.379061     -60.421565
      -2.692436     -54.734720
      -3.191379     -49.943072
      -3.698662     -45.954649
      -4.100181     -42.710964
      -4.262628     -40.447069
      -4.222957     -39.174594
      -4.062133     -38.658987
      -3.850216     -38.518879
      -3.602794     -38.592762
      -3.306859     -38.875562
      -3.014941     -39.621749
      -2.804467     -41.181565
      -2.636966     -43.885922
      -2.473978     -47.796229
      -2.182147     -53.206409
      -1.630426     -59.989014
      -1.034686     -67.806572
      -0.443400     -76.298043
       0.183428     -85.084005
       0.708914     -93.712371
       0.997101    -101.886567
       1.165256    -109.498727
       1.345485    -116.565881
       1.477874    -123.272595
       1.591940    -130.033727
       1.620734    -136.390385
       1.580802    -142.182017
       1.332886    -147.363712
       0.982087    -152.280953
       0.645668    -157.169295
       0.343255    -162.017372
       0.286369    -166.505290
       0.372220    -170.491916
       0.326059    -174.074631
       0.266082    -177.513306
       0.333539     178.883589
       0.355119     175.185180
       0.293573     171.565221
       0.260033     167.807245
       0.291362     164.070367
       0.326189     160.747435
       0.185486     157.924572
      -0.011240     155.206241
      -0.159849     152.410859
      -0.378070     149.606725
      -0.559588     146.900139
      -0.598444     144.199595
      -0.362414     141.573091
       0.125320     139.283258
       0.940784     137.728563
       2.146594     137.146779
       3.652091     137.759891
       5.394537     139.184067
       7.166465     140.965565
       8.908830     143.128116
      10.661669     146.018997
      12.377636     149.390102
      13.982915     153.221875
      15.434252     157.497532
      16.595914     162.301731
      17.323579     167.750476
      17.732984     173.521105
      17.945951     179.429752
      18.124515    -174.606553
      18.403853    -168.458688
      18.909418    -161.936755
      19.814806    -155.376781
      21.008992    -148.744283
      22.635992    -142.362484
      24.509587    -136.115381
      26.367780    -130.200837
      28.230846    -124.773007
      30.359935    -120.150131
      32.784369    -116.543548
      35.279806    -114.035848
      37.631972    -112.459530
      39.841145    -111.567673
      41.842616    -110.950793
      43.515797    -110.003644
      45.100192    -108.538630
      46.599351    -106.860839
      48.171103    -105.288135
      49.875185    -104.010106
      51.769517    -103.154085
      53.027082    -103.247077
      53.109263    -103.995224
      52.705888    -104.740020
      52.610996    -105.356201
      52.880750    -105.665302
      53.147969    -105.594088
      53.131737    -105.227305
      53.046491    -104.517218
      52.991956    -103.642206
      53.026607    -102.845858
      53.028166    -102.166390
      52.983933    -101.681659
      52.937033    -101.442266
      52.980887    -101.357530
      53.196869    -101.408471
      53.575737    -101.545973
      54.081863    -101.746908
      54.503812    -101.924821
      54.789050    -102.162388
      55.141151    -102.603901
      55.462588    -103.196778
      55.666574    -103.923418
      55.773681    -104.908160
      55.785576    -106.339865
      55.570419    -109.221653
      55.222044    -113.120221
      54.666323    -117.244553
      53.850863    -122.004717
      52.684317    -127.029930
      51.069328    -131.903380
      49.162461    -136.375464
      47.094520    -140.138123
      44.957444    -142.980336
      43.014426    -145.096755
      41.294661    -146.881799
      39.720808    -148.215188
      38.328030    -149.137070
      37.088177    -149.603713
      35.786393    -149.753465
      34.228384    -149.752542
      32.047048    -149.685253
      29.129859    -149.498947
      25.442823    -149.246227
      20.926650    -148.996449
      15.512580    -149.074016
       9.762100    -149.835607
       4.607782    -151.017505
      -0.132018    -152.220775
      -4.606762    -153.100819
      -9.118105    -153.196590
     -13.325171    -152.348398
     -16.808004    -150.858448
     -19.864965    -149.101245
     -22.638338    -147.857516
     -25.583917    -146.741926
     -28.298070    -145.429859
     -30.956916    -143.696359
     -33.536715    -141.736559
     -35.830514    -139.819988
     -37.787564    -138.067846
     -39.533081    -136.517960
     -40.933687    -135.140780
     -41.881103    -133.969091
     -42.739751    -132.990877
     -43.936692    -131.857442
     -45.203928    -130.480602
     -46.297808    -128.799081
     -47.107867    -126.792858
     -47.616621    -124.580630
     -48.056478    -122.142016
     -48.592455    -119.779948
     -48.982464    -117.757649
     -49.223232    -116.294937
     -49.248517    -115.386867
     -49.092699    -114.901223
     -48.767866    -114.708808
     -48.294923    -114.501286
     -47.667527    -114.074888
     -46.837297    -113.437219
     -45.907998    -112.611933
     -44.767219    -111.634603
     -43.532257    -110.550214
     -42.264157    -109.139890
     -40.773191    -107.364483
     -39.093446    -104.991157
     -37.464881    -101.919983
     -36.074963     -98.116642
     -34.932647     -93.893752
     -34.055216     -89.469353
     -33.369070     -85.035348
     -32.660864     -80.772950
     -31.796125     -76.865829
     -30.759541     -73.271214
     -29.586978     -70.042984
     -28.179984     -67.104295
     -26.269053     -64.229248
     -24.017449     -61.408367
     -21.875210     -58.872918
     -19.935603     -56.628934
     -18.208582     -54.645637
     -16.726119     -52.907983
     -15.372870     -51.461314
     -14.152890     -50.438051
     -13.111846     -49.925358
     -12.239887     -49.940036
     -11.564314     -50.311632
     -10.876237     -50.688008
     -10.115966     -50.957893
      -9.470681     -51.135617
      -8.915801     -51.282056
      -8.467444     -51.510472
      -8.013823     -51.759395
      -7.597505     -51.913804
      -7.296143     -51.859459
      -7.110775     -51.632728
      -6.926277     -51.190967
      -6.769650     -50.698844
      -6.602464     -50.181916
      -6.394211     -49.694533
      -6.114336     -49.289448
      -5.781980     -48.915627
      -5.417529     -48.556144
      -4.957349     -48.291324
      -4.443809     -48.133044
      -3.836708     -48.172386
      -3.164899     -48.439449
      -2.535706     -48.953405
      -2.047082     -49.651578
