      14.851937     -53.521829
      11.196917     -45.885568
       8.446226     -40.163793
       6.948249     -35.987471
       6.709013     -32.920164
       7.291874     -30.352149
       7.968160     -28.078297
       8.301052     -26.219295
       8.393012     -25.009821
       8.368911     -24.640117
       8.228869     -24.666338
       8.202605     -24.843123
       8.259513     -25.229636
       8.333396     -25.745794
       8.369376     -25.932190
       8.218809     -25.880241
       7.782223     -25.671773
       6.745097     -25.439498
       5.319680     -25.255694
       3.860140     -24.979227
       2.277577     -24.629257
       0.616179     -23.935453
      -0.785584     -22.877013
      -1.683249     -21.833724
      -1.993740     -21.024522
      -2.200569     -20.466428
      -2.608126     -19.871343
      -3.275118     -19.066647
      -4.068099     -18.048554
      -4.742645     -16.940978
      -5.361922     -15.683329
      -5.785261     -14.251941
      -6.148993     -12.721398
      -6.296169     -11.117374
      -6.364227      -9.347837
      -6.301149      -7.307676
      -6.118731      -5.132170
      -5.846751      -3.030874
      -5.431379      -1.138028
      -4.839716       0.608986
      -4.272809       2.426628
      -3.799413       4.260923
      -3.367129       5.973977
      -2.921270       7.506762
      -2.507157       9.059539
      -2.118733      10.575847
      -1.710779      11.955950
      -1.290608      13.095120
      -0.601592      14.098975
       0.106547      15.154993
       0.795091      16.445466
       1.322921      17.683019
       1.638094      18.687155
       1.976177      19.597039
       2.398017      20.413710
       2.706983      21.054172
       2.931456      21.481031
       3.102632      21.677109
       3.135873      21.554421
       2.894172      21.143716
       2.557392      20.762068
       2.171143      20.595926
       1.749333      20.661037
       1.402066      20.752431
       1.158204      20.607420
       0.770423      20.244564
       0.519013      19.763391
       0.306797      19.170323
       0.207139      18.526656
       0.177741      17.854745
       0.201200      17.043142
       0.177396      16.039164
       0.064423      14.889889
      -0.132948      13.643086
      -0.350808      12.341706
      -0.431284      11.009870
      -0.477140       9.646037
      -0.408527       8.225319
      -0.188426       6.761566
       0.130566       5.284151
       0.483142       3.889494
       0.851485       2.593954
       1.155264       1.432075
       1.323001       0.423440
       1.421956      -0.399899
       1.525627      -1.127683
       1.554072      -1.827785
       1.507575      -2.615929
       1.346459      -3.532738
       0.975042      -4.576391
       0.475644      -5.573311
      -0.050053      -6.412095
      -0.539123      -6.909802
      -0.923365      -7.003734
      -1.251626      -6.776911
      -1.552595      -6.477157
      -1.764892      -6.267392
      -1.932481      -6.302814
      -2.137837      -6.605796
      -2.272003      -7.076626
      -2.270741      -7.619610
      -2.311826      -8.208685
      -2.511555      -8.873458
      -2.765528      -9.713044
      -2.929016     -10.803868
      -2.991835     -12.120750
      -2.974480     -13.609155
      -2.975922     -15.192682
      -3.063034     -16.766282
      -3.200233     -18.182216
      -3.352921     -19.301176
      -3.565540     -20.112344
      -3.689024     -20.612134
      -3.709213     -20.809016
      -3.752934     -20.766272
      -3.783884     -20.583339
      -3.801865     -20.378166
      -3.849856     -20.206092
      -3.915788     -20.062212
      -4.015730     -19.845124
      -4.111081     -19.454934
      -4.188073     -18.910348
      -4.210332     -18.296535
      -4.061029     -17.613538
      -3.870952     -16.916025
      -3.648560     -16.318477
      -3.418547     -15.858470
      -3.257848     -15.560355
      -3.193731     -15.414853
      -3.110962     -15.391814
      -3.022220     -15.484420
      -2.958354     -15.645253
      -2.922089     -15.827044
      -2.876756     -15.971940
      -2.855244     -16.052281
      -2.861783     -16.106013
      -2.910731     -16.164524
      -2.978090     -16.196270
      -3.016849     -16.193322
      -3.008278     -16.176435
      -2.985800     -16.202524
      -2.988129     -16.295175
      -3.002434     -16.413159
      -3.024728     -16.524248
      -3.070916     -16.585829
      -3.141636     -16.583643
      -3.195400     -16.574359
      -3.226296     -16.585182
      -3.232748     -16.619389
      -3.213956     -16.642598
      -3.220030     -16.663824
      -3.212359     -16.682299
      -3.239179     -16.668493
      -3.241671     -16.647114
      -3.239578     -16.672018
      -3.227908     -16.685665
      -3.216171     -16.678999
      -3.170418     -16.669403
      -3.111088     -16.688473
      -3.107066     -16.754970
      -3.151000     -16.926445
      -3.195579     -17.188564
      -3.273029     -17.566288
      -3.361084     -18.178084
      -3.482437     -19.244690
      -3.647305     -21.218771
      -3.894153     -23.839670
      -4.117369     -26.624845
      -4.319571     -29.235616
      -4.463501     -31.430233
      -4.541998     -33.165038
      -4.546097     -34.581397
      -4.664708     -35.673016
      -4.917174     -36.372908
      -5.105522     -36.750058
      -5.269069     -36.870369
      -5.377645     -36.783370
      -5.444459     -36.486837
      -5.495132     -35.982253
      -5.494349     -35.286481
      -5.550773     -34.468802
      -5.640470     -33.656603
      -5.756623     -33.009730
      -5.911505     -32.619140
      -6.034447     -32.496022
      -6.105460     -32.599780
      -6.118796     -32.843911
      -6.118001     -33.172586
      -6.122492     -33.477680
      -6.183368     -33.683180
      -6.321424     -33.717993
      -6.462815     -33.581326
      -6.584622     -33.313634
      -6.591932     -32.928489
      -6.540933     -32.372569
      -6.525639     -31.732410
      -6.540815     -31.096410
      -6.559319     -30.525173
      -6.634505     -30.022546
      -6.729822     -29.474657
      -6.857734     -28.833773
      -6.927951     -28.068274
      -6.946409     -27.183844
      -6.941670     -26.191445
      -6.888971     -25.150022
      -6.792904     -24.113407
      -6.734973     -23.088941
      -6.700442     -22.069838
      -6.656348     -21.053489
      -6.606306     -20.055887
      -6.526910     -19.121335
      -6.466135     -18.235442
      -6.456199     -17.413501
      -6.440842     -16.628636
      -6.434350     -15.881578
      -6.447706     -15.203450
      -6.502309     -14.663337
      -6.559050     -14.305442
      -6.589165     -14.089510
      -6.614956     -13.953564
      -6.600669     -13.856408
      -6.547585     -13.805056
      -6.504001     -13.795264
      -6.466759     -13.823720
      -6.438237     -13.881753
      -6.398281     -13.950962
      -6.358653     -14.010856
      -6.367318     -14.063397
      -6.390375     -14.090241
      -6.405434     -14.093958
      -6.426555     -14.078415
      -6.451616     -14.078093
      -6.470903     -14.076101
      -6.486595     -14.087489
      -6.472391     -14.094840
      -6.473171     -14.067124
      -6.451008     -14.032799
      -6.429830     -14.041341
      -6.401379     -14.082537
      -6.373166     -14.119073
      -6.337379     -14.128099
      -6.264537     -14.138189
      -6.231699     -14.159050
      -6.231454     -14.202732
      -6.228237     -14.242332
      -6.254753     -14.290406
      -6.298222     -14.371366
      -6.358057     -14.496562
      -6.424234     -14.608528
      -6.483128     -14.673260
      -6.570399     -14.699564
      -6.690754     -14.737645
      -6.859737     -14.801824
      -7.020768     -14.955000
      -7.159306     -15.192410
      -7.285142     -15.517879
      -7.368980     -15.848948
      -7.486661     -16.175522
      -7.609755     -16.417065
      -7.837890     -16.583028
      -8.163951     -16.759100
      -8.596642     -17.139311
      -9.050142     -17.760076
      -9.540436     -18.631311
     -10.032587     -19.722245
     -10.521300     -21.082901
     -11.024112     -22.478008
     -11.459150     -23.726419
     -11.856278     -24.748346
     -12.212794     -25.578278
     -12.470190     -26.276519
     -12.661347     -26.882534
     -12.800464     -27.393170
     -12.920078     -27.780008
     -13.019178     -27.974998
     -13.076814     -27.882214
     -13.098063     -27.510200
     -13.042156     -26.882299
     -12.932835     -26.012933
     -12.760224     -24.941889
     -12.578231     -23.741317
     -12.384767     -22.410342
     -12.246569     -21.000594
     -12.154830     -19.552293
     -12.028103     -18.065866
     -11.646567     -16.346413
     -10.963735     -14.098434
      -9.857686     -11.266362
      -8.398396      -7.927952
      -6.687850      -4.017012
      -5.031755       0.325775
      -3.751686       5.073321
      -2.851665      10.104248
      -2.307251      14.776364
      -2.077526      18.642889
      -1.978380      21.224447
      -1.963487      22.434295
      -1.919037      22.800174
      -1.905535      22.776518
      -1.950301      22.455076
      -2.134585      21.758700
      -2.433902      20.576435
      -2.763511      18.832396
      -2.978995      16.548028
      -3.029004      13.890883
      -2.922032      11.023100
      -2.782650       8.041352
      -2.692672       5.067690
      -2.715843       2.231411
      -2.863118      -0.335512
      -3.163240      -2.515159
      -3.521759      -4.230510
      -3.814950      -5.502989
      -4.046349      -6.373624
      -4.145261      -6.944049
      -4.145574      -7.279267
      -4.064931      -7.486196
      -3.981127      -7.662384
      -3.926036      -7.857929
      -3.889312      -8.051571
      -3.828439      -8.241953
      -3.749568      -8.379272
      -3.651707      -8.446104
      -3.521532      -8.456085
      -3.423617      -8.443331
      -3.362810      -8.370101
      -3.373562      -8.254350
      -3.447946      -8.103919
      -3.528674      -7.984183
      -3.618346      -7.943994
      -3.701222      -8.032079
      -3.774235      -8.198013
      -3.825431      -8.386546
      -3.887837      -8.556248
      -3.951886      -8.738251
      -4.076489      -8.923470
      -4.232197      -9.174190
      -4.440343      -9.473817
      -4.648919      -9.816739
      -4.764569     -10.136474
      -4.718723     -10.345823
      -4.580522     -10.392279
      -4.446526     -10.338994
      -4.377893     -10.208124
      -4.334064     -10.040014
      -4.297831      -9.863890
      -4.233839      -9.677340
      -4.115408      -9.492418
      -4.007567      -9.322896
      -3.887256      -9.191891
      -3.811022      -9.101563
      -3.754233      -9.065559
      -3.757771      -9.071357
      -3.777880      -9.106411
      -3.796936      -9.144555
      -3.798516      -9.159494
      -3.766290      -9.171098
      -3.768298      -9.200521
      -3.778896      -9.232977
      -3.800078      -9.254293
      -3.849029      -9.268868
      -3.905000      -9.285724
      -3.930665      -9.292695
      -3.933279      -9.283091
      -3.924819      -9.267291
      -3.925909      -9.254750
      -3.936275      -9.252826
      -3.963614      -9.250754
      -3.978985      -9.280273
      -4.009014      -9.347110
      -4.035733      -9.408575
      -4.066276      -9.433271
      -4.091352      -9.433372
      -4.105535      -9.454972
      -4.173252      -9.490885
      -4.225653      -9.536998
      -4.263236      -9.598299
      -4.321283      -9.681665
      -4.374666      -9.769654
      -4.449511      -9.824208
      -4.538793      -9.830210
      -4.635263      -9.768713
      -4.717811      -9.594484
      -4.780788      -9.242726
      -4.851775      -8.801908
      -4.922968      -8.370030
      -5.009138      -8.015985
      -5.075152      -7.809188
      -5.104784      -7.740155
      -5.120653      -7.763888
      -5.161499      -7.818413
      -5.183805      -7.945024
      -5.220644      -8.132399
      -5.290199      -8.390202
      -5.366113      -8.701654
      -5.439918      -9.060260
      -5.510337      -9.435434
      -5.554482      -9.780631
      -5.594168     -10.075313
      -5.631715     -10.322269
      -5.616984     -10.482378
      -5.566313     -10.523086
      -5.487085     -10.461323
      -5.411457     -10.345701
      -5.340354     -10.200599
      -5.315288     -10.051727
      -5.304125      -9.927908
      -5.286027      -9.842969
      -5.277764      -9.788388
      -5.278513      -9.758155
      -5.272888      -9.732338
      -5.265835      -9.698184
      -5.208467      -9.667395
      -5.167826      -9.671545
      -5.165004      -9.719045
      -5.174633      -9.769142
      -5.182122      -9.776949
      -5.161304      -9.745782
      -5.142049      -9.734016
      -5.143714      -9.740613
      -5.134016      -9.739634
      -5.132905      -9.738989
      -5.157957      -9.752735
      -5.177555      -9.788119
      -5.178677      -9.810699
      -5.173781      -9.802687
      -5.135035      -9.778750
      -5.112177      -9.769227
      -5.089127      -9.776315
      -5.082969      -9.757356
      -5.046049      -9.742306
      -5.035922      -9.775058
      -5.037226      -9.822497
      -5.028069      -9.818463
      -5.013751      -9.774865
      -4.986640      -9.756551
      -4.995946      -9.765910
      -5.007852      -9.768577
      -5.001357      -9.767485
      -5.006994      -9.786545
      -5.025523      -9.822610
      -5.053903      -9.852102
      -5.070305      -9.870680
      -5.073849      -9.884822
      -5.079330      -9.913671
      -5.108969      -9.945632
      -5.160682      -9.951768
      -5.221751      -9.983732
      -5.298917     -10.035839
      -5.334137     -10.086309
      -5.345276     -10.108262
      -5.343910     -10.089066
      -5.335548     -10.065570
      -5.368033     -10.067991
      -5.402193     -10.075607
      -5.407144     -10.080754
      -5.409250     -10.098637
      -5.400587     -10.114222
      -5.396916     -10.122863
      -5.397567     -10.131932
      -5.400164     -10.134380
      -5.407829     -10.142913
      -5.439202     -10.127625
      -5.460921     -10.132393
      -5.481361     -10.173386
      -5.502212     -10.215564
      -5.524760     -10.223555
      -5.535381     -10.207701
      -5.541574     -10.195463
      -5.588027     -10.191338
      -5.641717     -10.191707
      -5.677101     -10.203375
      -5.735385     -10.243260
      -5.795824     -10.279648
      -5.859419     -10.331263
      -5.935321     -10.388635
      -5.999641     -10.426690
      -6.023320     -10.420947
      -5.998755     -10.405736
      -5.968592     -10.424454
      -5.932970     -10.463238
      -5.898676     -10.469773
      -5.904264     -10.436023
      -5.940307     -10.423516
      -6.046453     -10.439794
      -6.237446     -10.460020
      -6.513330     -10.518480
      -6.844134     -10.613501
      -7.124534     -10.717342
      -7.381522     -10.784651
      -7.587252     -10.805665
      -7.715423     -10.779679
      -7.777950     -10.722864
      -7.802793     -10.673474
      -7.805538     -10.661803
      -7.762426     -10.674710
      -7.633302     -10.682047
      -7.416503     -10.671616
