       5.891299       4.066246
       5.874704       4.015938
       5.874414       3.881718
       6.006582       3.828615
       6.253725       3.912153
       6.506476       4.076392
       6.719128       4.254857
       6.865373       4.393219
       6.946954       4.404702
       6.991308       4.300375
       7.031305       4.137009
       6.989718       3.952496
       6.825895       3.767634
       6.506337       3.585778
       6.090674       3.462312
       5.683706       3.373236
       5.303675       3.322612
       5.009789       3.299561
       4.775063       3.318744
       4.617268       3.387344
       4.506010       3.479606
       4.390444       3.564393
       4.270581       3.584504
       4.132738       3.517696
       3.991726       3.384711
       3.873863       3.250714
       3.759092       3.128009
       3.667079       3.003115
       3.645045       2.898543
       3.611598       2.800840
       3.557706       2.683692
       3.506913       2.532159
       3.442861       2.397245
       3.396285       2.299712
       3.406677       2.234512
       3.408396       2.198073
       3.415155       2.195334
       3.405109       2.220452
       3.393553       2.266940
       3.345567       2.316238
       3.271222       2.363808
       3.201087       2.401191
       3.132082       2.445132
       3.006660       2.466655
       2.861796       2.453781
       2.700675       2.419252
       2.543248       2.381452
       2.414298       2.353704
       2.305917       2.349687
       2.188917       2.361814
       2.078353       2.383837
       1.962245       2.411732
       1.863542       2.432502
       1.776889       2.469234
       1.698709       2.501231
       1.635875       2.539210
       1.624611       2.594913
       1.623556       2.667932
       1.592960       2.705914
       1.561083       2.706500
       1.522414       2.690013
       1.496294       2.676274
       1.489788       2.684718
       1.503350       2.701288
       1.514349       2.716525
       1.542267       2.723163
       1.553302       2.707538
       1.562962       2.686386
       1.543746       2.676846
       1.535182       2.668076
       1.529461       2.649868
       1.580823       2.660913
       1.620260       2.688754
       1.620893       2.703046
       1.626420       2.693408
       1.625225       2.675786
       1.622854       2.665790
       1.646439       2.670099
       1.670513       2.698166
       1.684409       2.728551
       1.683084       2.745572
       1.668994       2.739683
       1.644731       2.727411
       1.619243       2.719020
       1.595922       2.707715
       1.574663       2.722430
       1.610325       2.766852
       1.636621       2.798003
       1.626550       2.780371
       1.595084       2.732073
       1.573624       2.706187
       1.551813       2.692911
       1.570281       2.696243
       1.584889       2.699028
       1.595067       2.686039
       1.593988       2.657254
       1.581827       2.616978
       1.556878       2.580006
       1.512770       2.558942
       1.472572       2.542846
       1.460470       2.544317
       1.482853       2.567822
       1.500122       2.581284
       1.495049       2.559940
       1.485528       2.515727
       1.467955       2.465253
       1.471779       2.433301
       1.509624       2.429192
       1.547981       2.438213
       1.572416       2.435590
       1.588931       2.426184
       1.558961       2.394734
       1.498306       2.350992
       1.420822       2.312742
       1.364642       2.286564
       1.367599       2.298041
       1.338893       2.315469
       1.280927       2.295829
       1.224580       2.256475
       1.184261       2.232400
       1.158604       2.237390
       1.171911       2.255891
       1.192578       2.265091
       1.221169       2.265247
       1.258013       2.263802
       1.272954       2.243951
       1.267592       2.210619
       1.245519       2.182244
       1.228638       2.154040
       1.238347       2.142682
       1.273976       2.167882
       1.280217       2.167142
       1.265629       2.133258
       1.243530       2.106903
       1.214470       2.091880
       1.208677       2.116703
       1.217978       2.151275
       1.216130       2.174985
       1.213304       2.176472
       1.212250       2.173414
       1.196764       2.163824
       1.167809       2.160865
       1.123098       2.165347
       1.087291       2.180221
       1.079574       2.209935
       1.097841       2.249785
       1.081564       2.252271
       1.069030       2.221274
       1.052020       2.191653
       1.027096       2.171898
       1.025216       2.172605
       1.041503       2.188634
       1.060776       2.217383
       1.085412       2.229006
       1.105505       2.225323
       1.100839       2.207330
       1.080692       2.203577
       1.050133       2.216841
       1.018826       2.229027
       1.012412       2.249157
       1.038934       2.289065
       1.037514       2.306107
       1.018513       2.275364
       0.982396       2.235091
       0.954464       2.219062
       0.950196       2.215420
       0.971267       2.230489
       0.989873       2.251874
       1.008158       2.268479
       1.020544       2.277593
       1.020606       2.269343
       0.998291       2.259187
       0.961324       2.250285
       0.924727       2.248738
       0.915092       2.266536
       0.940620       2.301251
       0.952173       2.318005
       0.929917       2.307674
       0.908363       2.276990
       0.875648       2.239502
       0.864455       2.215709
       0.887972       2.208876
       0.907029       2.205254
       0.911340       2.184249
       0.893672       2.156374
       0.841937       2.116407
       0.781674       2.075866
       0.706428       2.048286
       0.639794       2.037514
       0.618496       2.064894
       0.613517       2.123555
       0.563279       2.163771
       0.501208       2.146216
       0.457026       2.129013
       0.434383       2.127821
       0.462285       2.164266
       0.513154       2.198479
       0.554830       2.222990
       0.586184       2.240806
       0.594174       2.235858
       0.575826       2.221614
       0.535555       2.216082
       0.484697       2.213297
       0.452585       2.198644
       0.423214       2.191483
       0.421434       2.222287
       0.375234       2.244893
       0.312820       2.225907
       0.235698       2.203639
       0.174288       2.206372
       0.137889       2.226462
       0.134251       2.264425
       0.126870       2.298731
       0.106426       2.318838
       0.089185       2.336631
       0.062407       2.332805
       0.023575       2.330331
      -0.010930       2.339895
      -0.062624       2.356714
      -0.088929       2.370405
      -0.098569       2.392708
      -0.050742       2.424581
      -0.078483       2.430133
      -0.102339       2.403324
      -0.151081       2.374646
      -0.192214       2.358681
      -0.206685       2.361522
      -0.199982       2.380793
      -0.200172       2.400957
      -0.224828       2.396775
      -0.259335       2.361676
      -0.298964       2.307093
      -0.348834       2.262420
      -0.395504       2.225288
      -0.432113       2.198666
      -0.435717       2.166564
      -0.413025       2.141822
      -0.386729       2.132454
      -0.422050       2.099064
      -0.456862       2.058282
      -0.472035       2.033650
      -0.479212       2.007991
      -0.437838       2.004664
      -0.393794       2.009592
      -0.382882       1.993865
      -0.387316       1.977184
      -0.396009       1.964833
      -0.416034       1.958545
      -0.457943       1.944601
      -0.494087       1.952247
      -0.504025       1.979196
      -0.483108       2.023906
      -0.493841       2.045187
      -0.514218       2.031027
      -0.558308       2.004472
      -0.624168       1.974182
      -0.682612       1.957451
      -0.720542       1.970316
      -0.749575       1.989593
      -0.785828       1.999588
      -0.835019       2.004417
      -0.914965       1.984073
      -1.014885       1.955262
      -1.107156       1.942050
      -1.189464       1.931821
      -1.227340       1.932605
      -1.221165       1.962069
      -1.240035       1.979986
      -1.272539       1.973643
      -1.309257       1.971353
      -1.341598       1.981662
      -1.347010       2.017479
      -1.328142       2.054963
      -1.310547       2.083774
      -1.296008       2.091301
      -1.292352       2.090708
      -1.301645       2.075054
      -1.336366       2.067931
      -1.364250       2.082808
      -1.393927       2.097092
      -1.394412       2.108780
      -1.376417       2.124394
      -1.343908       2.165087
      -1.365599       2.159196
      -1.397644       2.121365
      -1.422443       2.092881
      -1.424184       2.076951
      -1.399746       2.087970
      -1.360674       2.112660
      -1.337523       2.127803
      -1.343876       2.132812
      -1.359339       2.106282
      -1.376802       2.085170
      -1.397178       2.088799
      -1.416208       2.101954
      -1.435990       2.112353
      -1.422618       2.133481
      -1.396621       2.169888
      -1.399284       2.178576
      -1.424460       2.139493
      -1.465000       2.093699
      -1.491871       2.057490
      -1.496011       2.032495
      -1.478032       2.024149
      -1.450557       2.020951
      -1.438672       2.003212
      -1.435345       1.964420
      -1.442775       1.916692
      -1.461029       1.877180
      -1.475735       1.856860
      -1.497040       1.849334
      -1.500226       1.860428
      -1.478218       1.882073
      -1.455167       1.901494
      -1.475041       1.890890
      -1.494138       1.856852
      -1.534071       1.814534
      -1.567307       1.779703
      -1.558546       1.774187
      -1.548419       1.794905
      -1.552679       1.805917
      -1.556789       1.816010
      -1.572296       1.803795
      -1.592484       1.788026
      -1.605243       1.773879
      -1.601524       1.763136
      -1.598678       1.767656
      -1.638368       1.781546
      -1.708841       1.780238
      -1.780742       1.761750
      -1.840936       1.728345
      -1.897544       1.707667
      -1.955918       1.691313
      -2.005831       1.687375
      -2.073290       1.675179
      -2.145878       1.667436
      -2.198638       1.657265
      -2.253434       1.659572
      -2.292968       1.677768
      -2.318182       1.690690
      -2.311362       1.700694
      -2.263098       1.739045
      -2.219138       1.774401
      -2.214514       1.770406
      -2.214518       1.736333
      -2.211888       1.714794
      -2.194038       1.712375
      -2.151677       1.726507
      -2.121714       1.735949
      -2.114476       1.732311
      -2.115275       1.711885
      -2.128761       1.677780
      -2.156932       1.654709
      -2.177264       1.664028
      -2.199250       1.682379
      -2.202969       1.693945
      -2.171335       1.740628
      -2.116968       1.823416
      -2.086704       1.879095
      -2.058359       1.924761
      -2.029415       2.037893
      -2.049536       2.317528
      -2.079117       2.758543
      -2.000293       3.210090
      -1.860115       3.536937
      -1.724280       3.797381
      -1.628253       4.039639
      -1.656105       4.231153
      -1.728666       4.325236
      -1.788017       4.331699
      -1.797814       4.318810
      -1.669205       4.244492
      -1.450533       4.062127
      -1.237373       3.840609
      -1.069008       3.619622
      -0.906762       3.435061
      -0.781875       3.384985
      -0.668289       3.426160
      -0.535650       3.489737
      -0.347377       3.574770
      -0.096215       3.683466
       0.120640       3.812227
       0.240928       3.886856
       0.237512       3.807049
       0.150608       3.602808
       0.024442       3.381823
      -0.075570       3.235761
      -0.096325       3.201113
      -0.114387       3.200794
      -0.124278       3.186878
      -0.112246       3.157642
      -0.119527       3.140434
      -0.128965       3.141027
      -0.138401       3.140688
      -0.161569       3.146559
      -0.185430       3.155497
      -0.203818       3.162793
      -0.204601       3.174143
      -0.240564       3.194441
      -0.310627       3.211523
      -0.372271       3.212047
      -0.392557       3.230336
      -0.434916       3.231038
      -0.501774       3.184146
      -0.575777       3.112417
      -0.643156       3.055694
      -0.695322       3.026844
      -0.721793       3.016755
      -0.753058       3.011841
      -0.798761       3.000478
      -0.859568       2.975559
      -0.927743       2.931983
      -1.006762       2.899444
      -1.084930       2.869221
      -1.140296       2.852357
      -1.149087       2.867599
      -1.177960       2.872343
      -1.209643       2.850718
      -1.231408       2.819948
      -1.239859       2.801188
      -1.206491       2.805297
      -1.164399       2.808483
      -1.136782       2.797600
      -1.095783       2.760267
      -1.056208       2.701290
      -1.027029       2.630545
      -1.009095       2.554405
      -1.008821       2.466595
      -1.011026       2.374861
      -0.967677       2.301947
      -0.908352       2.262116
      -0.895886       2.195450
      -0.898403       2.124076
      -0.919719       2.090501
      -0.921415       2.097840
      -0.912847       2.135719
      -0.899325       2.195783
      -0.893460       2.272003
      -0.903213       2.373162
      -0.949193       2.485771
      -1.016921       2.597310
      -1.064482       2.700435
      -1.112248       2.762729
      -1.160508       2.788655
      -1.175517       2.805422
      -1.168146       2.830959
      -1.198164       2.835191
      -1.243171       2.824230
      -1.291451       2.820533
      -1.320404       2.824141
      -1.301576       2.842006
      -1.250208       2.856986
      -1.221719       2.855081
      -1.200602       2.835852
      -1.213540       2.784418
      -1.232079       2.740245
      -1.267131       2.730756
      -1.287479       2.739192
      -1.303082       2.744500
      -1.284212       2.759484
      -1.227953       2.797165
      -1.202920       2.818905
      -1.218198       2.806696
      -1.221528       2.786657
      -1.215371       2.775061
      -1.191374       2.763494
      -1.126057       2.773699
      -1.087527       2.790425
      -1.053398       2.809443
      -1.039681       2.828630
      -1.037146       2.847046
      -1.037367       2.865063
      -1.051869       2.877315
      -1.059655       2.884183
      -1.020448       2.906034
      -0.964570       2.926246
      -0.963041       2.916496
      -1.003479       2.894500
      -1.075030       2.871170
      -1.146245       2.836304
      -1.182760       2.830013
      -1.216938       2.840041
      -1.256966       2.845880
      -1.314780       2.855741
      -1.391982       2.855037
      -1.473860       2.845915
      -1.547153       2.847872
      -1.618087       2.846776
      -1.664398       2.850322
      -1.650586       2.887954
      -1.619482       2.953962
      -1.620634       2.977731
      -1.641392       2.951852
      -1.648164       2.933295
      -1.648204       2.925517
      -1.614153       2.922299
      -1.584149       2.923329
      -1.578818       2.932928
      -1.566243       2.935992
      -1.578799       2.923274
      -1.606802       2.908389
      -1.641745       2.909423
      -1.681183       2.916254
      -1.719107       2.911143
      -1.729059       2.919033
      -1.690527       2.945163
      -1.685530       2.952570
      -1.701666       2.925386
      -1.733687       2.896240
      -1.752152       2.891283
      -1.738980       2.904923
      -1.689122       2.928399
      -1.648670       2.947497
      -1.629848       2.943938
      -1.628772       2.918681
      -1.649324       2.883789
      -1.685581       2.864606
      -1.721146       2.866986
      -1.749830       2.869952
      -1.770056       2.873624
      -1.763171       2.878464
      -1.761120       2.878358
      -1.807867       2.837879
      -1.862286       2.779786
      -1.898158       2.749413
      -1.911679       2.732016
      -1.855040       2.742815
      -1.792540       2.763960
      -1.753518       2.768216
      -1.718796       2.773247
      -1.698883       2.749538
      -1.684149       2.707711
      -1.679342       2.670078
      -1.677200       2.647234
      -1.643492       2.637094
      -1.583341       2.633407
      -1.544878       2.634975
      -1.533198       2.618969
      -1.517983       2.614478
      -1.524042       2.633615
      -1.477596       2.875884
      -1.401396       3.929078
      -1.310561       5.903804
      -1.247207       8.785678
      -1.200695      12.300976
      -1.199954      15.910935
      -1.200206      19.336913
      -1.265305      22.272568
      -1.344866      24.547051
      -1.378913      26.122534
      -1.352842      27.110965
      -1.364168      27.602731
      -1.435144      27.655284
      -1.571212      27.331802
      -1.805966      26.731102
      -2.025876      25.984954
      -2.222068      25.010805
      -2.428665      23.772181
      -2.601703      22.337397
      -2.729072      20.783592
      -2.834056      19.140345
      -2.931615      17.405839
      -3.013278      15.615931
      -3.088847      13.782911
      -3.102088      12.080202
      -3.049106      10.572220
      -3.026805       9.258015
      -3.015451       8.229085
      -2.998369       7.524523
      -2.969007       7.110351
      -2.898400       6.935273
      -2.787309       6.911348
      -2.705625       6.944235
      -2.630799       7.003477
      -2.586397       7.084898
      -2.579777       7.169259
      -2.595489       7.248058
      -2.661077       7.294930
      -2.732245       7.314869
      -2.775227       7.345172
      -2.794508       7.395584
      -2.856766       7.435729
      -2.916221       7.462914
      -2.980973       7.495647
      -3.049620       7.529564
      -3.071382       7.564150
      -3.095595       7.597877
      -3.102636       7.615433
      -3.088555       7.609720
      -3.077131       7.567436
      -3.070048       7.527305
      -3.084307       7.514235
      -3.087019       7.522067
      -3.058096       7.559061
      -3.018527       7.583765
      -2.991799       7.570090
      -2.966372       7.542748
      -2.964590       7.502883
      -2.987283       7.439023
      -2.967169       7.401193
      -2.926056       7.417254
      -2.910429       7.452691
      -2.929113       7.473639
      -2.940071       7.467382
      -2.958823       7.450598
      -3.003024       7.439041
      -3.041091       7.419477
      -3.046583       7.410621
      -3.044734       7.417592
      -3.052237       7.432231
      -3.069417       7.449954
      -3.079642       7.465021
      -3.079662       7.474667
      -3.079355       7.496359
      -3.090517       7.523981
      -3.106936       7.532030
      -3.130654       7.524118
      -3.157575       7.509486
      -3.194125       7.516409
      -3.236555       7.525650
      -3.277154       7.516110
      -3.276999       7.517275
      -3.266738       7.539989
      -3.279484       7.531727
      -3.289946       7.503070
      -3.305648       7.496564
      -3.306090       7.501888
      -3.281068       7.527360
      -3.265086       7.564838
      -3.255469       7.590396
      -3.254669       7.587668
      -3.264004       7.558688
      -3.287425       7.543031
      -3.295255       7.556621
