      17.083086      19.800903
      16.653314      19.538613
      16.305603      19.197334
      16.048754      18.822260
      16.061071      18.578694
      16.274000      18.503984
      16.515157      18.549694
      16.732270      18.709635
      16.784670      18.913188
      16.627121      19.040190
      16.304124      19.014415
      15.921906      18.867294
      15.444511      18.623094
      14.908332      18.259732
      14.367102      17.739661
      13.763363      17.129808
      12.949372      16.533518
      12.180046      16.119015
      11.527267      15.972080
      10.833389      16.024896
      10.123357      16.177216
       9.290198      16.223711
       8.320609      16.112852
       7.156665      15.756852
       5.758911      15.105521
       3.854732      14.059300
       2.324920      12.835778
       0.949094      11.568676
      -0.115503      10.512361
      -1.184732       9.547396
      -2.153575       8.509014
      -3.050146       7.427452
      -3.843329       6.362592
      -4.650907       5.287521
      -5.658041       4.040078
      -6.401431       2.649048
      -7.079466       1.168178
      -7.677243      -0.351977
      -8.339132      -1.867830
      -9.038703      -3.357102
      -9.507617      -4.680518
      -9.995988      -5.801466
     -10.359916      -6.806919
     -10.735304      -7.843035
     -11.284165      -8.998843
     -12.129356     -10.259708
     -13.276283     -11.489759
     -14.301394     -12.428420
     -15.152583     -13.040639
     -15.808396     -13.424713
     -16.234552     -13.478214
     -16.636887     -13.216625
     -17.199084     -12.665083
     -18.169401     -11.817928
     -19.511658     -10.861957
     -21.234110      -9.859773
     -23.211814      -8.793388
     -25.355158      -7.700462
     -27.332724      -6.606522
     -29.085036      -5.500187
     -30.554257      -4.421448
     -32.088464      -3.322399
     -33.889993      -2.240032
     -35.787704      -1.181598
     -37.587895      -0.164408
     -39.263954       0.835198
     -40.406935       1.745989
     -40.993297       2.579356
     -41.208818       3.387781
     -41.055792       4.122693
     -40.569371       4.571109
     -40.072391       4.741597
     -39.429756       4.778144
     -38.495133       4.914549
     -37.158694       5.103035
     -35.422255       5.271431
     -33.522267       5.441776
     -31.624599       5.667602
     -29.772640       5.989907
     -28.159914       6.312770
     -26.788058       6.598520
     -25.448845       6.837609
     -24.088264       7.076261
     -22.717158       7.341107
     -21.298215       7.679400
     -19.737447       8.157030
     -17.882347       8.755914
     -16.002529       9.509384
     -14.514853      10.410526
     -13.421268      11.315779
     -12.653984      12.130122
     -12.187969      12.761875
     -11.830620      13.204955
     -11.455146      13.472154
     -11.059395      13.550883
     -10.626399      13.472726
     -10.164847      13.320098
      -9.668650      13.132658
      -9.218502      12.944715
      -8.765415      12.727399
      -8.374499      12.450931
      -8.089695      12.136450
      -7.924362      11.812478
      -7.798682      11.502886
      -7.639320      11.220984
      -7.511792      10.972774
      -7.437264      10.739248
      -7.395601      10.474802
      -7.397777      10.159832
      -7.461158       9.809472
      -7.589984       9.364131
      -7.804146       8.753789
      -8.023297       7.968305
      -8.180569       7.050716
      -8.334995       6.087755
      -8.498050       5.126286
      -8.646704       4.198201
      -8.787141       3.245979
      -8.909385       2.223798
      -9.030435       0.752285
      -9.185598      -1.561281
      -9.350987      -4.644535
      -9.497020      -8.056852
      -9.649713     -11.459281
      -9.735510     -14.510672
      -9.730801     -17.081077
      -9.710740     -19.024969
      -9.691476     -20.381748
      -9.756095     -21.188279
      -9.951979     -21.466431
     -10.189732     -21.293455
     -10.425404     -20.843889
     -10.609788     -20.326352
     -10.750400     -19.833889
     -10.835617     -19.437827
     -10.932242     -19.116295
     -11.031777     -18.904861
     -11.072459     -18.863999
     -11.104813     -18.989031
     -11.179634     -19.130452
     -11.261662     -19.193606
     -11.295171     -19.163952
     -11.298989     -19.086256
     -11.258948     -18.975759
     -11.212740     -18.883961
     -11.172454     -18.823361
     -11.132940     -18.789728
     -11.090265     -18.775005
     -11.057564     -18.776820
     -11.039212     -18.795906
     -11.016708     -18.804976
     -10.969722     -18.750156
     -10.932271     -18.660191
     -10.897270     -18.553708
     -10.859723     -18.418827
     -10.832353     -18.257414
     -10.818354     -18.096221
     -10.808055     -17.925635
     -10.813304     -17.756663
     -10.827698     -17.550497
     -10.835750     -17.231478
     -10.904572     -16.769640
     -10.996316     -16.215408
     -11.083499     -15.617394
     -11.170941     -14.964991
     -11.272437     -14.264214
     -11.334658     -13.529404
     -11.333284     -12.852969
     -11.325079     -12.261423
     -11.290546     -11.769741
     -11.226535     -11.376404
     -11.163916     -11.027044
     -11.126997     -10.751988
     -11.086583     -10.538244
     -11.062683     -10.383388
     -11.056787     -10.247465
     -11.013100     -10.144207
     -10.973467     -10.061073
     -10.947419     -10.024379
     -10.893292     -10.056658
     -10.802003     -10.161371
     -10.693481     -10.334403
     -10.517984     -10.493162
     -10.032842     -10.534889
      -9.106484     -10.362136
      -7.881559      -9.911872
      -6.263733      -9.034762
      -4.518499      -7.878428
      -2.773841      -6.568227
      -0.521382      -4.897287
       2.134650      -2.650363
       4.578098      -0.112359
       6.988331       2.424002
       9.832849       5.104505
      12.888070       7.758046
      16.011639      10.066998
      18.965666      11.813738
      21.145561      13.010224
      22.604130      13.708344
      23.512389      14.089492
      24.195194      14.290097
      24.453070      14.314525
      24.463360      14.146359
      24.529182      13.913082
      24.686613      13.794675
      24.768456      13.703998
      24.924384      13.631327
      25.050178      13.546592
      25.137539      13.517918
      25.154510      13.493126
      25.122699      13.471723
      24.961414      13.407729
      24.764792      13.346116
      24.647674      13.299134
      24.607213      13.326316
      24.586976      13.389985
      24.596202      13.473372
      24.610190      13.495578
      24.604658      13.479884
      24.605387      13.437389
      24.586765      13.385668
      24.506070      13.344491
      24.127113      13.168934
      22.473880      12.572338
      19.159081      11.582679
      14.815772      10.309779
      10.518137       9.010478
       7.066420       7.799832
       3.656228       6.493369
       0.183889       5.147895
      -3.240328       3.848709
      -6.090412       2.781195
      -7.827869       2.100787
      -9.016835       1.769246
     -10.302801       1.496777
     -11.888031       1.092608
     -13.621296       0.553435
     -15.140570      -0.007641
     -16.368876      -0.543606
     -17.272190      -0.977393
     -17.969285      -1.313596
     -18.592463      -1.570611
     -19.129413      -1.783853
     -19.599486      -1.979993
     -19.975865      -2.203420
     -20.235037      -2.460813
     -20.348609      -2.776732
     -20.234987      -3.086257
     -20.064859      -3.373382
     -19.753849      -3.640744
     -19.350276      -3.950865
     -18.974446      -4.325757
     -18.618176      -4.710604
     -18.291982      -5.040895
     -17.971952      -5.280580
     -17.689197      -5.405007
     -17.405443      -5.432491
     -17.049240      -5.434423
     -16.635864      -5.552481
     -16.193173      -5.926480
     -15.702139      -6.571874
     -15.196666      -7.427279
     -14.700357      -8.429691
     -14.211833      -9.505384
     -13.740250     -10.567352
     -13.286028     -11.543839
     -12.813058     -12.421620
     -12.332849     -13.205947
     -11.849083     -13.937336
     -11.430836     -14.605386
     -11.071823     -15.150468
     -10.726116     -15.574526
     -10.362667     -15.851192
     -10.024301     -16.020076
      -9.701422     -16.112898
      -9.430724     -16.203103
      -9.216967     -16.281014
      -9.027574     -16.325036
      -8.836335     -16.343811
      -8.682251     -16.330144
      -8.539714     -16.299244
      -8.410470     -16.242101
      -8.269433     -16.181659
      -8.160633     -16.109712
      -8.118264     -16.011055
      -8.077860     -15.822654
      -8.006734     -15.518896
      -7.939670     -15.120244
      -7.861679     -14.648580
      -7.834509     -14.140569
      -7.850726     -13.611920
      -7.904826     -13.104583
      -7.984848     -12.624004
      -8.058024     -12.162391
      -8.126334     -11.733912
      -8.178058     -11.269393
      -8.217280     -10.760292
      -8.262270     -10.230307
      -8.338972      -9.738798
      -8.392291      -9.280222
      -8.427472      -8.854794
      -8.324250      -8.442542
      -8.065853      -8.005528
      -7.764443      -7.585046
      -7.478221      -7.250273
      -7.230760      -6.988821
      -6.999277      -6.819364
      -6.778844      -6.772148
      -6.567031      -6.814717
      -6.345784      -6.870249
      -6.084146      -6.900842
      -5.820633      -6.905264
      -5.606710      -6.899682
      -5.453909      -6.912956
      -5.381943      -6.947135
      -5.318844      -6.968631
      -5.275097      -6.960523
      -5.301875      -6.936087
      -5.369931      -6.896232
      -5.405248      -6.824554
      -5.448086      -6.726522
      -5.475917      -6.626373
      -5.522892      -6.543063
      -5.565853      -6.466691
      -5.620205      -6.409316
      -5.672079      -6.360554
      -5.730248      -6.349356
      -5.814480      -6.362458
      -5.886433      -6.374904
      -5.973071      -6.383583
      -6.036890      -6.374980
      -6.067148      -6.343512
      -6.089651      -6.305087
      -6.125448      -6.283235
      -6.143975      -6.253782
      -6.172580      -6.205867
      -6.229745      -6.156957
      -6.258985      -6.094532
      -6.279496      -6.006488
      -6.319238      -5.875836
      -6.327883      -5.699130
      -6.331301      -5.506683
      -6.332817      -5.319547
      -6.377209      -5.156062
      -6.451700      -5.007594
      -6.516250      -4.848328
      -6.527024      -4.678719
      -6.543744      -4.528199
      -6.560057      -4.408834
      -6.551133      -4.335104
      -6.543975      -4.281213
      -6.534274      -4.266110
      -6.527413      -4.279186
      -6.554520      -4.335656
      -6.596818      -4.413861
      -6.623627      -4.485385
      -6.627028      -4.555656
      -6.632924      -4.629162
      -6.671440      -4.723665
      -6.731544      -4.846253
      -6.764339      -4.939480
      -6.815502      -5.005168
      -6.866482      -5.058607
      -6.886688      -5.106149
      -6.892636      -5.129918
      -6.890243      -5.121554
      -6.893015      -5.104106
      -6.904208      -5.085740
      -6.938657      -5.079397
      -6.962241      -5.088584
      -6.989429      -5.114449
      -7.021944      -5.132571
      -7.064398      -5.142672
      -7.111580      -5.149064
      -7.133821      -5.146541
      -7.132315      -5.130538
      -7.121643      -5.095130
      -7.133352      -5.078410
      -7.148446      -5.081742
      -7.147751      -5.095992
      -7.124265      -5.108161
      -7.092132      -5.107394
      -7.076397      -5.109134
      -7.071799      -5.107419
      -7.053113      -5.106185
      -7.041848      -5.118489
      -7.051728      -5.160207
      -7.070108      -5.186087
      -7.113950      -5.203211
      -7.162989      -5.204253
      -7.209443      -5.194354
      -7.216896      -5.161747
      -7.235620      -5.148898
      -7.249998      -5.164614
      -7.258825      -5.185682
      -7.271779      -5.195679
      -7.276106      -5.195596
      -7.267748      -5.187606
      -7.266874      -5.165769
      -7.268856      -5.157862
      -7.271289      -5.167016
      -7.323204      -5.202525
      -7.380928      -5.230136
      -7.444766      -5.236416
      -7.494010      -5.215821
      -7.511972      -5.176265
      -7.516464      -5.131522
      -7.529998      -5.122992
      -7.539875      -5.131925
      -7.549021      -5.130898
      -7.552222      -5.136357
      -7.539413      -5.131548
      -7.531846      -5.116810
      -7.543572      -5.105109
      -7.537487      -5.101116
      -7.536230      -5.127648
      -7.540565      -5.183050
      -7.580035      -5.244831
      -7.648685      -5.280878
      -7.718952      -5.313694
      -7.796884      -5.402719
      -7.850550      -5.741464
      -7.832668      -6.502403
      -7.665370      -7.823665
      -7.431859      -9.648943
      -7.164122     -11.637996
      -6.856027     -13.517779
      -6.501382     -15.137564
      -6.000812     -16.487414
      -5.125503     -17.751308
      -3.979799     -19.081741
      -2.676962     -20.493147
      -1.514484     -21.790883
      -0.614189     -22.889243
       0.012209     -23.759041
       0.223889     -24.367720
      -0.213776     -24.577301
      -1.667198     -24.191884
      -4.677644     -23.016953
      -9.241998     -20.930777
     -14.937961     -17.701223
     -20.323260     -12.779918
     -24.705755      -6.175500
     -27.299330       2.089159
     -27.705020      12.678051
     -26.921106      25.106634
     -26.017921      37.793184
     -24.585903      49.797541
     -23.466412      61.011504
     -23.331559      71.249755
     -24.158269      80.357976
     -25.337571      88.259741
     -26.080212      94.885828
     -26.072781     100.923322
     -25.796285     106.489199
     -25.207306     110.941875
     -24.286271     114.442604
     -23.062799     117.668095
     -21.602148     121.062018
     -19.926810     124.724485
     -18.057620     128.464121
     -16.212292     131.893423
     -14.646115     134.831252
     -13.203050     137.239781
     -12.158378     139.150049
     -11.378735     140.762367
     -10.286702     142.217861
      -8.510657     143.744560
      -6.451197     145.249149
      -4.206473     146.307164
      -2.156530     146.999300
      -0.229015     147.775141
       1.931045     148.663879
       4.354598     149.370868
       6.935466     149.692820
       9.512417     149.558767
      12.179255     148.957040
      14.704489     148.227097
      17.210424     147.646275
      19.258120     147.123572
      20.896906     146.509139
      22.216096     146.060573
      23.003812     145.796409
      22.759128     145.763615
      21.746511     145.968601
      20.269379     146.617868
      18.120130     147.023876
      14.722346     146.272611
       8.356141     143.305223
       1.070885     140.273031
      -4.443706     139.105160
      -8.678837     139.264296
     -11.919118     139.829682
     -14.112239     140.135976
     -15.595063     140.618094
     -16.739541     141.352855
