       6.734535      26.782776
       6.745493      26.769334
       6.746836      26.762129
       6.740302      26.776663
       6.745443      26.777013
       6.729296      26.755392
       6.738079      26.721109
       6.762821      26.682656
       6.788138      26.628883
       6.790637      26.564608
       6.737525      26.461938
       6.664103      26.325628
       6.637505      26.202614
       6.654455      26.130873
       6.627917      26.083539
       6.615672      26.022290
       6.593146      25.938807
       6.584242      25.863815
       6.595668      25.825296
       6.610790      25.784905
       6.623855      25.778047
       6.712255      25.883486
       6.847180      26.146270
       6.969770      26.632553
       6.992036      27.314078
       6.885306      28.040614
       6.797072      28.723477
       6.778870      29.266619
       6.748146      29.656069
       6.690312      29.897585
       6.589429      30.064846
       6.484414      30.234424
       6.375034      30.459351
       6.186192      30.688784
       6.057442      30.885877
       5.793258      30.989327
       5.361651      30.987377
       5.018724      30.855482
       4.787462      30.630082
       4.554283      30.287524
       4.372438      29.807728
       4.411305      29.309751
       4.466204      28.834013
       4.364747      28.439863
       4.219732      28.106465
       4.233071      27.625426
       4.211971      27.002561
       4.101865      26.364358
       4.146289      25.848911
       4.383886      25.469903
       4.757032      25.160032
       5.299754      24.881858
       5.655791      24.606368
       5.968758      24.018279
       6.269233      23.093648
       6.603893      22.010546
       7.139266      20.504881
       7.748284      18.539442
       8.028192      15.955100
       8.381293      13.157312
       8.578911      10.447875
       8.803243       8.148167
       9.549626       6.411375
      10.382017       5.129258
      10.925089       4.037365
      11.295203       3.201131
      11.725843       2.788421
      11.794401       2.745623
      11.724147       2.808517
      11.802923       3.079645
      11.737637       3.443910
      11.815315       3.752784
      12.006660       3.725929
      12.335295       3.753274
      12.577681       3.920791
      12.761558       3.878466
      13.279238       3.957545
      13.954546       4.257261
      14.348909       4.526085
      14.279235       4.866119
      13.900901       5.185602
      13.760246       5.656910
      13.740125       6.332287
      13.650941       6.998716
      13.802892       7.699955
      14.058467       8.552136
      14.389896       9.317689
      14.936630      10.111809
      15.433606      10.663516
      16.099318      10.918345
      16.727301      11.084598
      17.293308      11.124971
      17.254738      11.036396
      16.708970      10.857337
      15.978497      10.817741
      15.039537      10.954763
      14.160913      11.446560
      13.488218      12.234969
      13.006920      13.173599
      12.546152      14.078073
      12.143203      14.867073
      11.874977      15.435228
      11.584370      15.721098
      11.190216      15.716241
      10.726595      15.487283
      10.221571      15.039554
       9.996898      14.572794
      10.127842      14.447270
      10.425134      14.575352
      10.607936      14.719099
      10.579176      14.713483
      10.386859      14.619364
      10.169690      14.601924
      10.067455      14.654005
      10.036576      14.701000
      10.045222      14.728528
      10.086153      14.710904
      10.129903      14.709707
      10.232863      14.751448
      10.333971      14.833331
      10.260484      14.852223
      10.443448      14.959858
      10.770712      15.094378
      10.796540      15.170332
      10.485493      15.203269
       9.974855      15.322409
       9.506750      15.386265
       9.130981      15.264380
       8.617744      14.976815
       8.255367      14.704057
       8.181017      14.647134
       8.190714      14.676131
       8.306999      14.732513
       8.539912      14.867242
       8.820081      15.024739
       9.085595      15.041968
       9.158422      14.847612
       9.198966      14.558347
       9.350731      14.307249
       9.160628      14.110379
       8.646925      13.867298
       8.279638      13.650101
       7.888694      13.452353
       7.635674      13.387177
       7.562320      13.266006
       7.577182      13.028421
       7.745575      12.794370
       7.925535      12.516016
       8.199235      12.359555
       8.172749      12.139471
       8.074984      11.849970
       7.918575      11.519359
       7.797202      11.271202
       7.792718      10.928690
       7.586615      10.678709
       7.469100      10.405329
       7.300566      10.134036
       7.110085       9.818771
       7.079540       9.241512
       6.943345       8.558837
       6.719584       7.764824
       6.620224       6.887006
       6.604254       5.739357
       6.829547       4.266251
       7.345284       1.918460
       7.788227      -1.465890
       8.061641      -5.279659
       8.452490      -9.035807
       8.815023     -12.458431
       9.322509     -15.469349
      10.034920     -18.058592
      10.797099     -20.249826
      11.682207     -22.034212
      12.617301     -23.367293
      13.204946     -24.369819
      13.443626     -25.060218
      13.333696     -25.492321
      12.820413     -25.743885
      11.895249     -25.792145
      11.367005     -25.622707
      11.114776     -25.380213
      10.865624     -25.454329
      10.914523     -25.829954
      10.827904     -26.364654
      10.692346     -26.919902
      10.326551     -27.499750
       9.716113     -27.994805
       9.243385     -28.260226
       8.943317     -28.477860
       9.100645     -28.880021
       9.196377     -29.280481
       9.029203     -29.679682
       8.689415     -30.028994
       8.497146     -30.263343
       8.239389     -30.351989
       7.936541     -30.365880
       7.809007     -30.298044
       7.627045     -30.160428
       7.566726     -30.257906
       7.621426     -30.454304
       7.615467     -30.595029
       7.625408     -30.675017
       7.483795     -30.713514
       7.324358     -30.679728
       7.110827     -30.481902
       6.994666     -30.303664
       6.997781     -30.041166
       6.802894     -29.809476
       6.574016     -29.720321
       6.466341     -29.703503
       6.413973     -29.447917
       6.402474     -29.114480
       6.493908     -28.842579
       6.676104     -28.727977
       6.883510     -28.600500
       7.083994     -28.192002
       7.178691     -27.500627
       7.282340     -26.806259
       7.565309     -26.231674
       7.822375     -25.790192
       8.078073     -25.503936
       8.271325     -25.266265
       8.427024     -25.010618
       8.597157     -24.799845
       8.763088     -24.621585
       8.975400     -24.493532
       9.140732     -24.447543
       9.120091     -24.347744
       8.821758     -24.138403
       8.466350     -23.691759
       7.903506     -22.938381
       7.596649     -21.972130
       7.619978     -20.821763
       7.507800     -19.688396
       7.402443     -18.717715
       7.639995     -17.943735
       8.113355     -17.354141
       8.591308     -17.010672
       9.030219     -16.894171
       9.395384     -16.927256
       9.644713     -17.025380
       9.794334     -17.129958
       9.914742     -17.187262
      10.032073     -17.151170
      10.110859     -17.010390
      10.207343     -16.812720
      10.406813     -16.552034
      10.628779     -16.279221
      10.753362     -16.017299
      10.809949     -15.817474
      10.853786     -15.677234
      10.863930     -15.601712
      10.870273     -15.541795
      10.911167     -15.437824
      10.962088     -15.319276
      10.990582     -15.186322
      11.050938     -15.045138
      11.071094     -14.900799
      11.039791     -14.763115
      10.954569     -14.655364
      10.896931     -14.573057
      10.870845     -14.510711
      10.857348     -14.455361
      10.831393     -14.410750
      10.796790     -14.362178
      10.793356     -14.327489
      10.798057     -14.310258
      10.799868     -14.285237
      10.742241     -14.295568
      10.675314     -14.307291
      10.609348     -14.249545
      10.507308     -14.159870
      10.353703     -14.095633
      10.214190     -14.041644
      10.162565     -13.953897
      10.142694     -13.837408
      10.135105     -13.724742
      10.106820     -13.652780
      10.124753     -13.581918
      10.126685     -13.495960
      10.126185     -13.359672
      10.094343     -13.176823
      10.063762     -12.997457
      10.032841     -12.834749
      10.020189     -12.711559
      10.002926     -12.622520
       9.953175     -12.569634
       9.915876     -12.555969
       9.874697     -12.562163
       9.847092     -12.565784
       9.779993     -12.564599
       9.709907     -12.583489
       9.659182     -12.582997
       9.628054     -12.608614
       9.642231     -12.628006
       9.649760     -12.635492
       9.641076     -12.648436
       9.628663     -12.679152
       9.597781     -12.730364
       9.570688     -12.772217
       9.535705     -12.784336
       9.502449     -12.771570
       9.478271     -12.757426
       9.474378     -12.755410
       9.481556     -12.755678
       9.455804     -12.806028
       9.381285     -12.933884
       9.138005     -13.099455
       8.894320     -13.482296
       8.799591     -14.013139
       8.740293     -14.524029
       8.740957     -15.126141
       9.003785     -16.420543
       9.615120     -19.617647
      10.336188     -24.737826
      11.203530     -30.711105
      12.031566     -36.752754
      12.730630     -42.178076
      12.967532     -46.228702
      12.850431     -48.707557
      12.496332     -49.697117
      11.724762     -49.992045
      10.784789     -50.194175
       9.626120     -50.900920
       8.396755     -52.250692
       7.260354     -53.998205
       6.262283     -55.788990
       5.515094     -57.332936
       4.992689     -58.157590
       4.672460     -58.238455
       4.528337     -57.939525
       4.473075     -57.734422
       4.421762     -57.723897
       4.323254     -57.783672
       4.183805     -57.566952
       4.205014     -56.792568
       4.235092     -55.575160
       4.202950     -53.651307
       4.197444     -50.623939
       4.362700     -46.752134
       4.836364     -42.206159
       6.019625     -36.076423
       7.013535     -28.705681
       7.271561     -21.244001
       7.033929     -13.530220
       6.255975      -5.786431
       5.260450       1.574241
       4.237562       7.932902
       3.476551      13.173329
       2.933925      17.268497
       2.524801      20.241603
       2.283386      22.197083
       2.198163      23.315852
       2.162438      23.829249
       2.088586      23.965396
       1.945199      23.840493
       1.825873      23.537322
       1.757498      23.183925
       1.777179      22.880327
       1.793891      22.583624
       1.834907      22.337188
       1.912221      22.108192
       2.047402      21.912272
       2.200656      21.717017
       2.305795      21.451204
       2.325364      21.117762
       2.343444      20.709925
       2.352516      20.195327
       2.375196      19.338796
       2.355925      17.944587
       2.349506      16.145495
       2.372735      14.232979
       2.389173      12.181846
       2.432481       9.865557
       2.519294       7.244130
       2.600138       4.378559
       2.722607       1.484893
       2.892797      -1.309411
       3.101872      -3.852688
       3.279801      -6.070225
       3.365848      -7.975536
       3.463601      -9.528238
       3.524785     -10.778725
       3.580451     -11.795793
       3.619573     -12.663077
       3.610703     -13.385472
       3.576057     -13.981304
       3.554365     -14.477377
       3.537593     -14.927919
       3.484937     -15.321082
       3.402350     -15.647808
       3.311594     -15.852364
       3.306364     -15.977079
       3.296236     -16.027701
       3.284316     -16.044921
       3.275228     -16.061977
       3.272328     -16.062151
       3.280013     -16.032575
       3.291955     -15.980544
       3.279408     -15.920897
       3.281132     -15.851441
       3.326104     -15.802758
       3.368427     -15.770399
       3.386358     -15.734023
       3.390254     -15.695063
       3.374900     -15.646959
       3.385290     -15.584765
       3.471304     -15.512584
       3.534987     -15.433562
       3.579419     -15.368209
       3.600441     -15.325931
       3.645052     -15.286325
       3.757503     -15.215841
       4.031978     -15.142022
       4.469135     -15.077660
       4.988208     -15.042511
       5.727477     -14.963493
       6.871653     -14.596613
       7.878566     -14.000845
       8.755573     -13.452016
       9.484854     -13.119958
      10.112629     -13.070401
      10.569643     -13.260872
      10.895128     -13.543337
      11.163553     -13.788396
      11.435400     -13.995263
      11.717348     -14.189498
      11.959524     -14.420935
      12.137205     -14.695172
      12.203773     -15.033429
      12.124053     -15.415107
      11.886455     -15.850493
      11.604414     -16.279713
      11.208192     -16.739856
      10.597230     -17.156879
      10.380980     -17.574256
      10.302014     -17.995414
      10.237301     -18.314881
      10.179874     -18.483744
      10.097129     -18.517714
      10.030862     -18.494914
      10.000156     -18.471588
      10.020117     -18.467419
      10.021882     -18.479133
      10.016050     -18.520165
       9.936792     -18.571128
       9.817825     -18.628892
       9.690524     -18.650430
       9.575053     -18.614622
       9.476184     -18.553929
       9.396194     -18.479915
       9.348782     -18.411514
       9.301330     -18.366249
       9.266156     -18.353758
       9.218440     -18.375357
       9.134130     -18.422936
