       9.582062       4.092831
       9.403596       3.601825
       9.474058       3.056635
       9.555535       2.426776
       9.599525       1.893352
       9.510684       1.628293
       9.146963       1.611755
       8.624587       1.601248
       7.976852       1.454084
       7.553518       1.229935
       7.201101       1.038628
       6.775002       0.966434
       6.275164       1.115426
       5.651219       1.679508
       5.010141       2.714763
       4.421442       4.036475
       3.728978       5.524360
       2.876231       7.098199
       1.721388       8.491493
       0.038261       9.710065
      -2.500026      10.769505
      -5.149328      11.786778
      -7.773544      12.798612
     -10.482515      13.883556
     -13.095984      14.944660
     -16.329632      15.819912
     -19.880751      16.548439
     -23.168092      17.216154
     -25.877189      17.839196
     -28.214648      18.353919
     -30.475605      18.649548
     -32.717910      18.770405
     -34.594710      18.795296
     -36.296791      18.906379
     -37.945656      19.135016
     -39.248059      19.231853
     -40.210981      19.196170
     -41.159893      19.067773
     -42.347333      18.872232
     -43.753908      18.651040
     -45.293424      18.402279
     -46.553481      17.935771
     -47.608903      17.214117
     -48.836268      16.149994
     -49.374421      15.295929
     -49.055810      15.068301
     -48.658054      15.321665
     -48.083483      15.806606
     -47.613308      16.325189
     -47.146165      16.823839
     -46.628435      17.365379
     -46.368643      17.803904
     -46.103561      18.055944
     -45.519975      18.264161
     -44.685179      18.667247
     -43.327791      19.478295
     -41.720427      20.363916
     -40.158921      21.105090
     -38.714202      21.684793
     -37.374747      22.160910
     -36.015523      22.567691
     -34.541395      23.179387
     -33.002080      23.936599
     -31.546510      24.816823
     -29.933898      25.816500
     -28.234722      26.992565
     -26.744772      28.168038
     -25.453333      29.132912
     -24.171511      29.660431
     -21.421489      29.477717
     -18.261356      28.577606
     -15.516152      27.128681
     -12.964752      24.793448
     -10.642419      21.639261
      -8.875624      18.526777
      -8.255537      16.060399
      -8.295107      14.305090
      -8.280976      13.333434
      -8.508892      13.189491
      -8.647690      13.636648
      -8.588915      14.495952
      -8.176193      15.345993
      -7.480293      15.648648
      -7.022028      15.182254
      -6.909538      14.569138
      -6.454365      14.173023
      -5.669845      14.086181
      -5.076833      14.592870
      -4.733292      16.253804
      -4.587881      18.939920
      -4.208799      22.061054
      -3.890348      25.189675
      -3.636887      28.086146
      -3.403018      30.862049
      -3.299063      33.634484
      -3.449298      36.567364
      -4.263681      39.843785
      -5.533831      42.931332
      -6.504728      45.383463
      -7.395176      47.033899
      -8.065713      47.642781
      -8.108019      47.410401
      -7.943413      46.117777
      -7.784337      42.000935
      -7.717330      33.722739
      -7.277724      21.601157
      -6.102446       6.934500
      -4.160049      -8.993430
      -1.549226     -25.043376
       1.049941     -40.615146
       2.734292     -54.447825
       3.023046     -66.352584
       2.028982     -76.719220
       0.392747     -85.403656
      -1.266271     -92.484691
      -2.551274     -99.222791
      -3.524143    -106.361751
      -4.992123    -113.770450
      -6.859740    -120.465245
      -8.166070    -126.227744
      -8.798862    -130.825868
      -8.892105    -134.605177
      -8.708932    -138.004219
      -8.320405    -141.178866
      -7.895455    -144.052825
      -7.489500    -146.493013
      -6.967747    -148.255540
      -6.280649    -149.120410
      -5.034897    -148.814845
      -2.676412    -147.689959
      -0.104567    -146.637044
       2.695297    -145.980471
       6.325207    -145.717726
      11.417377    -145.558007
      18.293781    -145.085866
      23.964947    -144.846385
      27.972397    -145.260757
      31.032985    -146.052200
      32.792014    -146.970468
      34.060180    -147.713020
      35.459498    -147.948450
      37.135001    -147.208812
      38.814878    -146.979823
      40.364822    -147.700139
      41.660788    -148.479419
      42.821918    -148.836634
      44.121783    -148.861104
      45.119980    -148.488725
      46.039045    -148.117503
      46.848740    -147.531076
      47.696936    -146.600830
      48.661148    -145.355906
      49.616121    -143.812228
      50.221841    -142.324473
      50.437259    -140.806702
      50.031280    -139.142841
      49.567279    -137.374593
      48.985893    -135.023386
      47.719653    -130.850289
      44.700930    -123.294199
      39.800915    -110.968647
      33.342395     -95.092631
      26.347091     -79.230632
      19.468313     -64.796753
      13.698776     -52.505778
       9.214348     -41.767910
       6.644486     -32.420257
       5.143390     -24.109725
       4.904078     -16.278120
       5.623080      -8.581790
       6.480184      -1.071143
       7.369360       6.555051
       8.334611      14.776612
       9.111014      22.850454
      10.755830      29.361384
      12.193577      34.406323
      13.085154      38.578018
      15.094537      42.769229
      16.281646      46.079096
      17.212029      48.616716
      18.622883      50.099672
      19.650882      50.694264
      20.489749      50.567928
      21.169876      50.054026
      21.940921      49.667805
      22.657779      49.404350
      23.690331      49.112035
      24.291924      48.454720
      23.998057      47.219302
      23.487606      45.219816
      22.399193      43.483187
      20.798738      41.492589
      19.648059      39.185044
      18.907549      36.707855
      18.781058      34.405408
      18.834535      31.799943
      19.079115      29.392216
      19.578240      27.097504
      20.163063      24.564933
      19.878999      21.486889
      19.311799      18.038991
      18.899866      14.290656
      19.165167      10.201244
      20.103143       6.853153
      20.644380       4.199159
      21.603234       2.346705
      22.682083       0.935378
      23.732951      -0.578096
      23.905533      -2.024615
      24.412828      -3.577559
      24.519881      -5.281462
      24.068453      -7.474131
      22.821778      -9.976943
      21.633153     -12.452928
      20.568984     -14.798952
      19.608583     -17.199580
      18.712457     -19.470737
      18.058154     -21.497356
      17.722858     -23.469106
      17.477984     -25.504060
      17.206410     -27.599273
      16.929904     -29.612257
      16.473336     -31.672064
      16.103172     -33.953680
      16.449533     -36.515780
      17.025931     -39.540127
      17.004194     -42.911841
      16.664116     -46.220761
      16.911530     -49.397108
      17.271899     -52.421145
      16.729819     -55.457139
      15.286682     -58.366753
      14.698345     -60.936002
      14.439700     -63.153967
      13.430782     -65.472923
      12.120656     -67.614691
      11.372970     -69.181853
      11.147475     -69.956374
      10.802735     -70.071908
      10.202070     -69.615056
       9.864008     -68.610269
       9.521130     -67.253838
       9.411267     -65.630077
       9.304909     -64.008871
       9.187756     -62.501804
       9.239520     -61.191336
       9.196759     -59.852114
       8.723885     -57.724208
       8.380912     -54.634699
       9.666847     -50.831727
      10.733327     -46.532499
      11.063483     -42.363463
      10.273274     -38.640040
       9.191403     -35.213667
       8.046538     -31.824354
       7.874865     -28.835473
       7.582077     -26.203374
       7.776506     -23.809896
       7.843450     -21.434593
       7.900904     -18.531190
       7.781594     -14.585951
       8.136385      -9.379651
       9.188515      -2.861574
       9.891535       3.655554
      10.371767       9.001588
      10.523305      12.754977
      10.255446      15.017245
       9.467812      16.247667
       8.462592      17.017474
       7.328537      17.518562
       6.083660      17.687672
       5.157972      18.030902
       4.492439      18.555492
       3.868035      18.863743
       3.506026      19.031980
       3.277991      19.242784
       2.960023      19.646071
       2.486290      20.314992
       2.168933      21.236679
       2.030075      22.177305
       1.732244      22.998271
       1.363161      23.638006
       1.252948      24.102702
       1.410116      24.386262
       1.578498      24.548817
       1.665837      24.627241
       1.688801      24.572480
       1.708090      24.377808
       1.715797      24.054829
       1.741397      23.687890
       1.713763      23.338738
       1.677830      23.057708
       1.710472      22.868311
       1.744785      22.609021
       1.709163      22.036429
       1.705837      21.008567
       1.608606      19.541225
       1.416453      17.794270
       2.023035      15.580809
       3.481185      12.702205
       4.560060       9.418520
       5.213602       5.873583
       4.921949       2.254285
       3.964498      -1.167400
       2.926069      -4.358544
       2.067371      -7.237380
       1.407226      -9.695494
       0.769623     -11.861854
       0.665830     -13.799463
       0.632584     -15.714319
       0.799754     -17.879910
       0.707538     -20.581229
       0.399477     -24.514009
       0.156545     -30.925826
       0.432483     -39.402357
       1.171579     -48.283655
       2.327172     -56.811801
       3.813986     -64.681525
       5.020638     -71.069084
       6.115478     -75.947250
       7.188459     -79.483828
       8.510014     -81.779442
       9.876381     -82.974037
      11.318894     -83.286955
      12.956800     -83.156020
      14.764267     -82.993309
      17.370142     -82.946041
      21.480380     -82.934296
      24.696497     -82.918482
      26.181243     -82.341468
      27.151361     -81.098677
      27.834210     -79.901581
      28.127083     -79.102790
      27.765298     -78.238818
      26.407920     -76.779452
      23.616727     -74.704857
      20.234186     -72.314143
      16.643898     -69.699607
      13.188160     -66.940021
      10.515147     -64.281617
       8.517347     -61.598913
       6.614524     -58.927880
       5.279826     -56.392796
       4.233474     -54.142877
       3.506587     -52.341858
       2.919217     -51.012671
       2.448905     -50.081424
       1.959572     -49.498436
       1.467967     -49.133090
       0.990107     -48.943147
       0.555723     -48.784040
       0.295019     -48.609775
       0.116189     -48.374991
      -0.033053     -48.060611
      -0.124293     -47.711755
      -0.199159     -47.342150
      -0.226069     -46.923956
      -0.251945     -46.533232
      -0.195729     -46.090573
      -0.142458     -45.605381
      -0.101853     -44.943344
       0.202653     -43.866780
       1.986796     -42.652587
       3.454359     -41.746621
       4.413291     -41.118375
       4.792967     -40.679395
       4.412503     -40.275737
       3.655475     -39.774046
       3.047859     -39.125956
       2.973732     -38.372440
       2.703513     -37.662430
       2.643301     -36.920901
       2.639831     -36.304710
       2.674871     -35.885311
       2.631611     -35.310750
       2.588590     -34.679565
       2.653817     -34.223289
       2.836399     -33.834431
       2.962318     -33.274309
       2.886025     -32.442653
       2.700170     -31.413272
       2.446510     -30.153103
       2.005423     -28.357102
       1.569903     -25.573952
       1.305002     -21.931042
       1.177945     -17.324978
       1.225634     -11.872198
       1.336793      -6.520196
       1.502467      -1.668167
       1.679257       2.719401
       1.853268       6.773611
       1.897641      10.673654
       1.856647      14.555777
       1.884916      18.598323
       2.084836      23.093539
       2.339532      27.738007
       2.693809      32.402017
       3.204745      36.928602
       3.506242      41.446331
       3.814718      46.109987
       2.732442      50.231598
      -1.442682      54.086555
      -4.941537      58.357612
      -7.234517      62.942472
      -8.591901      67.761694
     -10.011623      73.013501
     -10.987010      78.716535
     -11.045350      83.709526
     -11.537899      87.116116
     -12.621783      88.965777
     -13.651630      89.834553
     -14.176308      90.380599
     -14.568739      90.996557
     -15.291109      91.540718
     -16.329966      92.160533
     -17.338719      92.731816
     -17.822976      93.233945
     -17.939376      93.980586
     -18.064981      94.989720
     -18.266515      96.379509
     -18.433689      98.917391
     -18.436586     102.880683
     -17.681112     107.313980
     -16.635315     111.358996
     -16.235505     114.754376
     -16.394109     117.767062
     -16.583796     119.518776
     -17.010525     120.051475
     -17.892276     120.045948
     -18.962354     119.853580
     -19.811961     119.354152
     -20.266932     118.909647
     -20.256832     118.879553
     -19.753963     118.777070
     -19.429387     118.391102
     -19.414777     117.952833
     -19.603973     117.513136
     -19.877850     116.780289
     -20.797857     115.453962
     -22.966753     113.629470
     -25.946141     111.317770
     -28.912726     109.145184
     -31.438510     106.612713
     -33.529577     104.098659
     -35.345686     102.081149
     -36.745961     100.561066
     -37.483087      99.340583
     -37.977275      98.299480
     -38.525589      97.438281
     -38.891794      96.790083
     -38.927331      96.695021
     -38.982443      96.660410
     -39.214670      96.237518
     -39.496557      95.561926
     -39.711004      94.734464
     -39.931741      93.835507
     -40.060780      92.993007
     -40.141895      92.293994
     -40.038785      91.730599
     -39.707208      91.337267
     -39.237439      91.036540
     -38.819558      90.714529
     -38.563947      90.321003
     -38.234156      89.846054
     -37.749223      89.288789
     -37.320564      88.712377
     -36.942180      88.222750
     -36.536803      87.866992
     -35.991716      87.620081
     -35.463163      87.498976
     -34.947167      87.460897
     -34.414609      87.329572
     -34.198661      86.792658
     -33.807435      86.427749
     -33.389561      86.404853
     -33.108259      86.578385
     -32.997893      86.603671
     -33.303764      86.342431
     -33.842046      85.866744
     -34.182177      85.248163
     -34.216462      84.753465
     -34.270229      84.569501
     -34.394982      84.580585
     -34.447212      84.687526
     -34.391636      84.729122
     -34.133252      84.595175
     -33.846087      83.883485
     -34.246180      83.048806
     -34.825880      82.861528
     -35.172171      83.303595
     -35.181232      83.874752
     -35.101912      84.247092
     -35.031811      84.403021
     -34.920760      84.630631
     -34.663566      84.907307
     -34.312527      85.218117
     -33.906050      85.464718
     -33.456933      85.557186
     -33.082724      85.341068
     -32.758224      84.804726
     -32.455998      84.079592
     -32.174521      83.230342
     -31.951406      82.238411
     -31.592385      80.934854
     -30.999595      78.799804
     -30.125887      75.803521
     -28.668957      72.592814
     -26.887335      69.209718
     -25.051203      65.458697
     -23.018522      61.081931
     -20.884487      56.175808
     -18.851461      51.034401
     -16.842137      46.257266
     -14.936775      42.134630
     -13.220045      38.740204
     -11.774373      36.138469
     -10.955059      33.774155
     -10.633294      31.610805
     -10.481319      29.761756
     -10.601522      28.312755
     -11.185327      27.479754
     -12.333730      27.512667
     -13.485513      28.425518
     -14.510619      29.730824
     -15.057143      30.894698
     -15.102550      31.637383
     -14.764403      32.075336
     -14.258819      32.298120
     -13.849391      32.244977
     -13.381905      32.189969
     -13.337318      32.531374
     -14.361895      33.260466
     -15.985540      34.444735
     -18.231697      36.031296
     -21.155450      37.688510
     -24.721521      38.893395
     -28.818298      39.026479
     -32.702827      37.730949
     -35.561302      35.468178
     -37.454528      33.202090
     -38.805169      31.337775
     -40.207530      29.397758
     -41.791913      26.194600
     -43.059096      21.448526
     -43.719185      15.475099
     -44.204372       8.689818
     -44.759943       1.595608
     -45.072536      -4.727200
     -45.235140      -9.767307
     -45.328268     -13.449456
     -45.267764     -16.277013
     -45.005815     -18.581797
     -44.488484     -19.929828
     -43.810283     -20.674821
     -43.043806     -21.327702
     -42.261485     -22.410806
     -41.486659     -23.659617
     -40.398603     -24.876542
     -38.737370     -25.542673
     -37.240370     -26.098785
     -36.076877     -26.722592
     -35.226373     -27.272184
     -34.609942     -27.532052
     -33.942502     -27.307856
     -33.238556     -26.638466
     -32.394850     -25.713381
     -31.240236     -24.782226
     -29.878145     -23.429756
     -28.489376     -20.865280
     -26.599168     -18.625048
     -24.501551     -17.349674
     -22.359419     -17.107296
     -20.098904     -17.681140
     -17.485029     -18.732110
     -14.223090     -19.759017
