      12.459398      -1.103835
      13.118596      -1.151237
      14.020990      -1.315616
      15.148139      -1.583152
      16.018880      -1.888355
      16.415958      -2.180927
      16.307784      -2.520441
      15.915572      -2.814208
      15.416707      -2.849713
      14.662994      -2.654781
      13.399369      -2.144128
      11.504573      -1.280094
       8.880316      -0.178352
       6.476392       1.046166
       4.029782       2.100294
       2.038848       2.843414
       0.589338       3.123950
      -0.414062       2.959921
      -1.298215       2.307327
      -2.502389       1.344384
      -3.448777       0.686214
      -4.398817      -0.013283
      -5.115650      -0.647819
      -5.837911      -1.137754
      -6.480855      -1.519880
      -6.994782      -1.781989
      -7.369082      -1.903657
      -7.633685      -1.840372
      -7.854586      -1.586788
      -7.792248      -1.122336
      -7.867206      -0.738996
      -7.781743      -0.552452
      -7.795742      -0.261527
      -7.890167       0.133719
      -8.089207       0.593552
      -8.325833       0.868640
      -8.460713       0.887838
      -8.354574       0.734658
      -8.200039       0.539438
      -8.085442       0.467256
      -8.049085       0.566811
      -7.969233       0.674327
      -7.918081       0.740471
      -7.858994       0.769613
      -7.537616       0.737768
      -7.105027       0.715687
      -6.646380       0.882582
      -6.151845       1.069498
      -5.644335       1.199680
      -5.218080       1.215901
      -4.946726       1.169527
      -4.781019       1.074448
      -4.711985       0.955043
      -4.529648       0.845168
      -4.382352       0.735975
      -4.353712       0.649178
      -4.368856       0.629945
      -4.307825       0.616331
      -4.174745       0.563896
      -4.034809       0.548175
      -3.884947       0.705205
      -3.737590       1.027689
      -3.677105       1.359684
      -3.734542       1.594393
      -3.785513       1.705201
      -3.794984       1.758234
      -3.749400       1.815985
      -3.620649       1.889840
      -3.591074       1.976501
      -3.629552       2.111254
      -3.717290       2.259394
      -3.851389       2.358448
      -4.033909       2.377906
      -4.173013       2.335167
      -4.223375       2.283739
      -4.208192       2.263635
      -4.176691       2.202053
      -4.106627       2.122431
      -4.015981       2.026441
      -3.955765       2.046707
      -3.860362       2.098268
      -3.775649       2.113693
      -3.717348       2.067227
      -3.700214       1.995329
      -3.739342       1.967429
      -3.831221       1.977810
      -3.893198       2.065985
      -3.938608       2.120717
      -3.987880       2.126950
      -4.011538       2.133318
      -4.045649       2.136788
      -4.034891       2.110625
      -4.048228       2.095037
      -4.073311       2.085203
      -4.083011       2.123767
      -4.080432       2.200562
      -4.056731       2.289835
      -4.043355       2.343148
      -4.040047       2.320531
      -4.063073       2.269837
      -4.125220       2.230268
      -4.216653       2.194044
      -4.234469       2.211097
      -4.290627       2.226593
      -4.337802       2.252111
      -4.337429       2.276665
      -4.350690       2.280680
      -4.349417       2.274064
      -4.369641       2.288538
      -4.374576       2.302426
      -4.364692       2.294942
      -4.362558       2.256906
      -4.340876       2.198031
      -4.336285       2.163344
      -4.331171       2.167929
      -4.314273       2.193820
      -4.324839       2.197720
      -4.335484       2.182470
      -4.397659       2.159899
      -4.466869       2.127477
      -4.495099       2.107136
      -4.483588       2.117512
      -4.471079       2.183624
      -4.488197       2.262381
      -4.534514       2.342961
      -4.598586       2.406345
      -4.681374       2.440960
      -4.743311       2.444931
      -4.779682       2.438558
      -4.789834       2.446861
      -4.817197       2.445069
      -4.818419       2.431168
      -4.802452       2.417456
      -4.808705       2.423275
      -4.779147       2.447084
      -4.766074       2.481453
      -4.766447       2.510837
      -4.749171       2.511359
      -4.742605       2.490897
      -4.754302       2.458375
      -4.778565       2.426547
      -4.816830       2.408403
      -4.834173       2.418551
      -4.844611       2.458055
      -4.861810       2.471670
      -4.880337       2.461975
      -4.902970       2.459971
      -4.935805       2.469677
      -4.951652       2.489523
      -5.027166       2.497143
      -5.261329       2.509423
      -5.726754       2.504431
      -6.067974       2.573991
      -6.256414       2.667048
      -6.421905       2.708223
      -6.533067       2.719659
      -6.580630       2.730069
      -6.550798       2.772230
      -6.526596       2.824302
      -6.542103       2.867392
      -6.544185       2.909898
      -6.487314       2.996706
      -6.423741       3.167749
      -6.334406       3.373833
      -6.245017       3.654069
      -6.177433       4.165141
      -6.278402       5.572603
      -6.869742       8.401559
      -7.808117      12.140553
      -8.895540      16.516227
      -9.661866      21.039792
     -10.106507      25.151702
     -10.333744      28.426944
     -10.531361      31.197715
     -10.787544      33.604895
     -11.214828      35.526499
     -11.806380      36.983581
     -12.267787      37.965397
     -12.653897      38.546652
     -12.952473      38.799734
     -13.194417      38.814975
     -13.451291      38.675297
     -13.705697      38.451947
     -13.889963      38.180369
     -13.946778      37.839484
     -13.865493      37.483682
     -13.738048      37.089307
     -13.551214      36.673443
     -13.335661      36.235483
     -13.133039      35.718482
     -13.013606      35.066803
     -12.922583      34.251277
     -12.860040      33.358569
     -12.755997      32.461243
     -12.620996      31.660779
     -12.467451      30.970715
     -12.343458      30.407077
     -12.244595      29.909198
     -12.184108      29.493170
     -12.116345      29.104236
     -12.023835      28.740443
     -11.935042      28.371178
     -11.838980      27.971088
     -11.729839      27.529652
     -11.637014      27.064634
     -11.505262      26.596084
     -11.391028      26.128132
     -11.286752      25.688969
     -11.168501      25.303839
     -11.064440      24.950877
     -11.004921      24.515918
     -10.978977      23.837843
     -10.956092      22.787357
     -10.917183      21.398501
     -10.833724      19.642591
     -10.618074      17.480443
     -10.397190      14.867997
     -10.151905      11.955369
      -9.954751       8.880117
      -9.871882       5.566979
      -9.897135       1.926595
     -10.015616      -2.395194
      -9.937738      -6.734344
      -9.774630     -10.534975
      -9.761843     -13.674260
      -9.861017     -16.123875
      -9.971958     -18.054763
     -10.092872     -19.674829
     -10.221694     -21.075144
     -10.371433     -22.176778
     -10.459244     -22.971137
     -10.552073     -23.542063
     -10.679128     -24.010159
     -10.819487     -24.384210
     -10.958688     -24.681715
     -11.068026     -24.838866
     -11.089723     -24.774678
     -11.064588     -24.507525
     -11.011690     -24.138233
     -10.946968     -23.706578
     -10.869493     -23.261089
     -10.761512     -22.766061
     -10.691607     -22.239040
     -10.662560     -21.702402
     -10.617726     -21.275785
     -10.543971     -21.024223
     -10.491400     -20.914401
     -10.479186     -20.876380
     -10.512171     -20.876390
     -10.543407     -20.920623
     -10.516307     -20.975821
     -10.413587     -21.019645
     -10.304706     -21.036929
     -10.178873     -21.024068
     -10.089433     -21.015947
     -10.049050     -21.020505
     -10.048347     -21.038255
     -10.079235     -21.028327
     -10.080195     -20.983915
     -10.069254     -20.887146
     -10.057638     -20.814198
     -10.023722     -20.773402
     -10.003243     -20.776316
      -9.983372     -20.767964
      -9.956734     -20.711540
      -9.939985     -20.602879
      -9.965236     -20.532479
      -9.949982     -20.426387
      -9.916533     -20.308645
      -9.879013     -20.161561
      -9.821672     -19.972634
      -9.766342     -19.762088
      -9.696871     -19.556164
      -9.598727     -19.355175
      -9.500661     -19.155530
      -9.415357     -18.982600
      -9.326583     -18.853233
      -9.222582     -18.791860
      -9.146453     -18.801817
      -9.058950     -18.827716
      -8.958295     -18.834989
      -8.881024     -18.812641
      -8.803101     -18.756297
      -8.720186     -18.737364
      -8.633793     -18.769298
      -8.540977     -18.889025
      -8.436855     -18.989825
      -8.345052     -19.048568
      -8.273149     -19.035174
      -8.195279     -19.001165
      -8.097505     -18.996851
      -8.027751     -18.988115
      -7.971270     -18.956919
      -7.922750     -18.916526
      -7.793914     -18.877470
      -7.668463     -18.877192
      -7.512098     -18.922363
      -7.407576     -19.017787
      -7.350571     -19.089762
      -7.324131     -19.152499
      -7.316970     -19.202229
      -7.320087     -19.220249
      -7.283358     -19.237882
      -7.237594     -19.256737
      -7.186132     -19.258234
      -7.138693     -19.255861
      -7.112094     -19.268505
      -7.120051     -19.268135
      -7.141598     -19.235652
      -7.172318     -19.166890
      -7.180860     -19.079796
      -7.160137     -19.004112
      -7.139557     -18.949287
      -7.129166     -18.903788
      -7.157426     -18.889945
      -7.196019     -18.890303
      -7.186636     -18.883981
      -7.185389     -18.858026
      -7.188778     -18.846630
      -7.170838     -18.842414
      -7.150834     -18.839728
      -7.114882     -18.830876
      -7.063429     -18.815617
      -7.004719     -18.796226
      -6.966624     -18.791242
      -6.934314     -18.782418
      -6.931891     -18.775568
      -6.917023     -18.773067
      -6.923611     -18.755126
      -6.907620     -18.730538
      -6.868243     -18.700843
      -6.806033     -18.682380
      -6.753962     -18.670409
      -6.728177     -18.680467
      -6.725823     -18.706202
      -6.714542     -18.727409
      -6.708453     -18.743761
      -6.679317     -18.759091
      -6.657029     -18.789757
      -6.651680     -18.809457
      -6.647979     -18.811118
      -6.658861     -18.815878
      -6.666397     -18.827469
      -6.712725     -18.831532
      -6.748261     -18.812759
      -6.781442     -18.765543
      -6.779489     -18.688659
      -6.754870     -18.627820
      -6.768878     -18.608869
      -6.772228     -18.631912
      -6.775695     -18.662426
      -6.765381     -18.686754
      -6.717912     -18.684566
      -6.687033     -18.683854
      -6.647059     -18.705048
      -6.643585     -18.732614
      -6.623740     -18.729598
      -6.591207     -18.718772
      -6.576457     -18.707870
      -6.591443     -18.693404
      -6.593758     -18.650827
      -6.558334     -18.597445
      -6.531800     -18.546590
      -6.534848     -18.507762
      -6.521711     -18.471232
      -6.509430     -18.450309
      -6.502873     -18.453464
      -6.463629     -18.443596
      -6.431839     -18.417165
      -6.400524     -18.388870
      -6.383043     -18.369632
      -6.397881     -18.390578
      -6.467097     -18.420751
      -6.516874     -18.423089
      -6.524285     -18.403084
      -6.513375     -18.352072
      -6.537540     -18.296479
      -6.572331     -18.232457
      -6.588917     -18.184262
      -6.612497     -18.144698
      -6.627127     -18.093659
      -6.627835     -18.049318
      -6.604732     -18.030934
      -6.576367     -18.052956
      -6.560881     -18.086218
      -6.582599     -18.148791
      -6.635780     -18.213685
      -6.722372     -18.340785
      -6.887426     -18.718498
      -7.235419     -19.283313
      -7.567585     -19.922279
      -7.769252     -20.431846
      -7.899297     -20.642386
      -7.975841     -20.540109
      -8.036510     -20.293592
      -8.180377     -20.032307
      -8.466083     -19.691465
      -8.752371     -19.212271
      -8.981691     -18.671397
      -9.219385     -18.148904
      -9.448653     -17.671622
      -9.644282     -17.214114
      -9.734524     -16.803472
      -9.756885     -16.424884
      -9.765134     -16.040563
      -9.732326     -15.656368
      -9.714772     -15.293988
      -9.704692     -14.996212
      -9.673029     -14.749312
      -9.618068     -14.551817
      -9.571943     -14.342873
      -9.491406     -14.110395
      -9.360106     -13.685481
      -9.246223     -13.010201
      -9.108014     -12.157567
      -8.987768     -11.258870
      -8.898252     -10.441328
      -8.829188      -9.712157
      -8.814816      -9.077477
      -8.858455      -8.576792
      -8.826717      -8.207867
      -8.797635      -7.980539
      -8.734088      -7.846851
      -8.667363      -7.801975
      -8.612867      -7.831853
      -8.504301      -7.903290
      -8.373627      -7.965248
      -8.254361      -8.024857
      -8.136232      -8.080059
      -8.019466      -8.158634
      -7.922180      -8.234183
      -7.861985      -8.281966
      -7.817900      -8.316772
      -7.786628      -8.365494
      -7.768859      -8.424259
      -7.760183      -8.465671
      -7.770666      -8.472850
      -7.783362      -8.474720
      -7.715846      -8.508520
      -7.576814      -8.605635
      -7.497127      -8.689885
      -7.440817      -8.720372
      -7.470418      -8.719821
      -7.564237      -8.683261
      -7.611993      -8.662895
      -7.670990      -8.657070
      -7.676761      -8.619821
      -7.639211      -8.564403
      -7.637564      -8.505523
      -7.653225      -8.489074
      -7.695983      -8.521317
      -7.728830      -8.537106
      -7.727606      -8.526563
      -7.672883      -8.493715
      -7.615297      -8.458731
      -7.562637      -8.449949
