       4.394885       9.952888
       4.317839       9.951905
       4.241888       9.959902
       4.199889       9.968996
       4.157944       9.970152
       4.147386       9.937984
       4.134562       9.896384
       4.058796       9.848257
       3.971858       9.784471
       3.898114       9.736786
       3.817235       9.722486
       3.733147       9.722230
       3.676655       9.725756
       3.643094       9.746776
       3.637110       9.744667
       3.600929       9.716679
       3.563740       9.675705
       3.522073       9.662387
       3.415457       9.645293
       3.339943       9.633665
       3.223889       9.593902
       3.138630       9.553936
       3.040777       9.521408
       2.901134       9.515537
       2.704453       9.531014
       2.325539       9.722966
       1.674444      10.555125
       0.705696      12.799166
      -0.448609      16.629001
      -1.707207      21.610906
      -3.069585      27.297851
      -4.376421      33.301530
      -5.460524      39.364208
      -6.268299      45.358421
      -6.859841      51.191021
      -7.078458      56.599545
      -7.231388      61.275479
      -7.314046      65.072583
      -7.351069      68.107858
      -7.332187      70.509409
      -7.259200      72.520144
      -7.074754      74.216420
      -6.973414      75.630348
      -6.976149      76.771836
      -6.962598      78.003650
      -6.961581      79.501134
      -6.977347      81.369067
      -7.069438      83.405845
      -7.234691      85.372396
      -7.431088      87.041677
      -7.652348      88.336064
      -7.912543      89.215496
      -8.143266      89.741871
      -8.322207      89.965790
      -8.465551      90.026046
      -8.564823      90.022287
      -8.725714      89.999255
      -8.893488      89.971103
      -8.993863      89.984023
      -9.008898      89.955930
      -8.879674      89.845491
      -8.754763      89.624798
      -8.627620      89.362557
      -8.522291      89.105057
      -8.430662      88.899537
      -8.368792      88.711046
      -8.326877      88.579430
      -8.289103      88.487739
      -8.281302      88.434535
      -8.239596      88.321386
      -8.203083      88.204915
      -8.135653      88.156675
      -8.096664      88.320531
      -8.113226      88.642824
      -8.152024      88.996979
      -8.216994      89.310266
      -8.287957      89.491035
      -8.374865      89.556634
      -8.449259      89.500506
      -8.505650      89.386658
      -8.551128      89.273518
      -8.607639      89.221160
      -8.636789      89.212873
      -8.646314      89.232506
      -8.641320      89.228542
      -8.637346      89.213495
      -8.600535      89.149975
      -8.559997      89.070126
      -8.535449      88.979688
      -8.542635      88.910990
      -8.536749      88.835803
      -8.511215      88.786844
      -8.472791      88.708219
      -8.444483      88.631041
      -8.403052      88.539282
      -8.331936      88.437314
      -8.230508      88.313974
      -8.165205      88.195376
      -8.107824      88.103665
      -8.053508      88.074834
      -7.989504      88.067888
      -7.929093      88.056591
      -7.872390      88.022640
      -7.828126      88.006301
      -7.745554      87.962287
      -7.708115      87.900690
      -7.704014      87.852645
      -7.719846      87.865963
      -7.744726      87.905489
      -7.745233      87.953311
      -7.703610      87.944520
      -7.690852      87.907558
      -7.681485      87.850002
      -7.705988      87.814459
      -7.747677      87.795720
      -7.788674      87.813342
      -7.844037      87.841668
      -7.871115      87.860688
      -7.872760      87.845563
      -7.856889      87.821288
      -7.850904      87.787434
      -7.846079      87.798042
      -7.826004      87.790854
      -7.850653      87.801558
      -7.887107      87.804978
      -7.926128      87.830497
      -7.952847      87.869197
      -7.965797      87.914125
      -8.003082      87.922236
      -8.054758      87.912590
      -8.127795      87.906179
      -8.197091      87.925150
      -8.277143      87.920798
      -8.402990      87.804172
      -8.573172      87.394695
      -8.796126      86.733159
      -9.069713      85.900014
      -9.427861      84.934516
     -10.029796      83.780895
     -11.006540      82.232515
     -12.278805      80.272371
     -14.052719      78.039796
     -16.218106      75.629071
     -18.600029      73.162276
     -21.343296      70.630558
     -24.126807      68.045004
     -26.541593      65.600512
     -28.683055      63.511380
     -30.707676      61.943766
     -32.578113      60.829487
     -34.213055      60.023688
     -35.698593      59.432394
     -36.928661      58.825441
     -37.917342      57.674550
     -38.630598      55.520581
     -39.015918      52.046459
     -39.052105      47.545198
     -38.863509      42.763925
     -38.601259      38.088180
     -38.449487      34.003904
     -38.425843      30.532138
     -38.535660      27.568613
     -38.714544      24.857177
     -38.960281      22.404363
     -39.195836      20.000310
     -39.412076      17.624703
     -39.526063      15.418514
     -39.504804      13.392785
     -39.192490      11.463544
     -38.546627       9.609885
     -37.629053       7.786388
     -36.641234       6.117062
     -35.672654       4.674309
     -34.801930       3.540244
     -34.123458       2.680629
     -33.617880       2.068501
     -33.292979       1.602195
     -33.164319       1.251455
     -33.249681       0.944378
     -33.654094       0.845867
     -34.318185       1.102852
     -35.179272       1.538139
     -36.082497       1.932047
     -36.932845       2.308756
     -37.719564       2.709609
     -38.429731       3.162334
     -39.068259       3.813572
     -39.612402       4.592200
     -40.097557       5.302784
     -40.532215       5.896655
     -40.837047       6.333710
     -41.051708       6.635826
     -41.158227       6.792415
     -41.227716       6.802113
     -41.244901       6.834338
     -41.257568       6.925619
     -41.282300       7.042861
     -41.299051       7.121458
     -41.326071       7.101771
     -41.373335       7.060381
     -41.382364       7.070451
     -41.391549       7.129906
     -41.416902       7.201059
     -41.410948       7.276881
     -41.400374       7.352762
     -41.394045       7.425824
     -41.384890       7.526051
     -41.370401       7.691987
     -41.297925       7.970139
     -41.126957       8.408194
     -40.824987       9.023676
     -40.473355       9.800071
     -40.236412      10.550446
     -40.132365      11.092872
     -40.067446      11.420422
     -40.038302      11.588921
     -40.024892      11.662479
     -39.982958      11.744153
     -39.949115      11.873001
     -39.976919      12.022175
     -40.104705      12.177562
     -40.276425      12.333168
     -40.418893      12.453481
     -40.523560      12.551781
     -40.512549      12.583002
     -40.478744      12.583182
     -40.422961      12.550058
     -40.375688      12.534343
     -40.333585      12.552655
     -40.302507      12.620388
     -40.275992      12.642611
     -40.232116      12.628224
     -40.192563      12.604869
     -40.138721      12.606164
     -40.090758      12.648413
     -40.111058      12.666786
     -40.161738      12.673945
     -40.219920      12.685679
     -40.281867      12.702885
     -40.321085      12.707619
     -40.326078      12.720997
     -40.342298      12.765194
     -40.366634      12.811924
     -40.430346      12.860644
     -40.494680      12.891645
     -40.535362      12.874456
     -40.568900      12.846814
     -40.610724      12.856985
     -40.651154      12.905975
     -40.673547      12.990441
     -40.701091      13.034081
     -40.720143      13.056023
     -40.707039      13.052179
     -40.734095      12.976605
     -40.746526      12.931941
     -40.744651      12.966846
     -40.747604      13.037613
     -40.748255      13.045133
     -40.731168      13.015264
     -40.740105      13.003527
     -40.760194      13.037840
     -40.777703      13.054933
     -40.809600      13.023161
     -40.820712      12.969996
     -40.845372      12.957937
     -40.868918      12.975732
     -40.906667      12.968146
     -40.874548      12.944556
     -40.875320      12.935574
     -40.851380      12.958316
     -40.817031      12.988816
     -40.819838      12.965325
     -40.799861      12.898044
     -40.770836      12.867951
     -40.739945      12.878706
     -40.693796      12.882719
     -40.640726      12.860463
     -40.579476      12.865927
     -40.500931      12.872731
     -40.445823      12.857913
     -40.407627      12.841219
     -40.369837      12.843903
     -40.332599      12.852499
     -40.272597      12.865705
     -40.254779      12.883066
     -40.173708      12.896563
     -40.112039      12.911711
     -40.048521      12.935967
     -40.009565      12.978098
     -39.965558      12.982492
     -39.997573      12.891265
     -40.016115      12.840926
     -40.026910      12.865305
     -40.053878      12.911955
     -40.083302      12.921374
     -40.096783      12.910626
     -40.122139      12.935856
     -40.151330      12.973151
     -40.171812      12.998702
     -40.188632      13.009683
     -40.175578      13.004740
     -40.164949      12.992567
     -40.229384      13.001493
     -40.221727      13.012228
     -40.228933      13.030833
     -40.221654      13.015383
     -40.222432      13.001479
     -40.252688      13.016808
     -40.286331      13.007764
     -40.303422      12.995958
     -40.311774      13.008012
     -40.308525      13.029772
     -40.306371      13.032573
     -40.303471      13.035816
     -40.311172      13.059130
     -40.311196      13.069107
     -40.289548      13.030958
     -40.241988      12.990948
     -40.216725      12.977444
     -40.188751      13.007889
     -40.198120      13.018699
     -40.164582      12.979721
     -40.091008      12.966468
     -40.025802      12.984640
     -39.931751      12.989479
     -39.835098      12.970714
     -39.804023      12.939359
     -39.757289      12.915521
     -39.728421      12.934703
     -39.707793      12.971259
     -39.678357      13.003395
     -39.629280      13.022311
     -39.577385      13.030665
     -39.543233      13.060308
     -39.508673      13.096752
     -39.484064      13.099835
     -39.469000      13.092883
     -39.450937      13.104650
     -39.428886      13.138508
     -39.469022      13.158882
     -39.458662      13.183818
     -39.496032      13.183164
     -39.536355      13.156621
     -39.608543      13.145470
     -39.734274      13.152989
     -39.899175      13.132509
     -40.038209      13.111074
     -40.188979      13.110881
     -40.337604      13.139816
     -40.474414      13.133973
     -40.564038      13.113626
     -40.703559      13.101234
     -40.868501      13.119153
     -40.954931      13.122541
     -41.048381      13.053645
     -41.102799      12.973737
     -41.105927      12.960719
     -41.157008      12.996822
     -41.138775      13.018678
     -41.145361      13.027854
     -41.135530      13.054525
     -41.120240      13.084163
     -41.109749      13.106066
     -41.111532      13.097135
     -41.100137      13.100679
     -41.088835      13.130820
     -41.092764      13.130667
     -41.079839      13.099735
     -41.063136      13.052657
     -41.045685      13.035571
     -41.015086      13.033617
     -40.967822      13.041628
     -40.946252      13.046421
     -40.929689      13.055668
     -40.915881      13.078220
     -40.908761      13.112716
     -40.910941      13.101144
     -40.834691      13.081090
     -40.801459      13.081510
     -40.756891      13.094865
     -40.708146      13.123489
     -40.707172      13.131495
     -40.684670      13.120496
     -40.650619      13.131235
     -40.608674      13.159096
     -40.569743      13.175140
     -40.537310      13.190376
     -40.506050      13.226912
     -40.486916      13.280810
     -40.463209      13.308746
     -40.429392      13.311633
     -40.405388      13.321677
     -40.402484      13.336244
     -40.405303      13.351954
     -40.459073      13.364104
     -40.449493      13.365036
     -40.424501      13.329518
     -40.410386      13.276139
     -40.406986      13.279795
