       2.873433      25.360297
       2.787752      25.246730
       2.803297      25.209341
       2.807410      25.213455
       2.779452      25.235947
       2.770525      25.220259
       2.783327      25.186848
       2.822999      25.108159
       2.878676      25.031161
       2.917314      24.930708
       2.891480      24.865820
       2.835193      24.811036
       2.771959      24.727551
       2.685661      24.616264
       2.632220      24.542270
       2.580114      24.518448
       2.529383      24.536334
       2.508468      24.576281
       2.440276      24.641370
       2.304268      24.762392
       2.089273      25.029560
       1.645964      25.712266
       0.390571      27.734242
      -1.642717      31.337238
      -3.534799      35.559376
      -5.238477      39.762299
      -6.778717      43.370606
      -8.129878      46.253220
      -9.131099      48.433300
      -9.849299      50.047726
     -10.353470      51.370230
     -10.671042      52.547864
     -10.844351      53.778712
     -10.826496      55.795222
     -10.493174      59.535091
     -10.455816      64.899523
     -10.880381      70.893575
     -11.296057      76.716874
     -11.469087      81.697951
     -11.404733      85.746328
     -11.378351      89.190648
     -11.509143      92.227871
     -11.662560      94.372324
     -11.984793      96.086737
     -12.242459      97.593055
     -12.413419      98.996036
     -12.487333     100.298165
     -12.459031     101.442538
     -12.376684     102.374047
     -12.250833     103.024849
     -12.159432     103.415772
     -12.161636     103.505850
     -12.095093     103.336272
     -11.904109     103.083609
     -11.724568     102.921249
     -11.620631     102.842750
     -11.493616     102.770759
     -11.467865     102.711921
     -11.482955     102.677854
     -11.554833     102.616675
     -11.626605     102.250271
     -11.955708     100.850875
     -12.812470      97.886730
     -14.023749      93.489920
     -15.143315      88.413359
     -16.201717      83.889906
     -17.791546      80.389352
     -19.807976      77.429812
     -21.787791      74.921471
     -23.596850      72.653814
     -25.184565      70.530241
     -26.421802      68.596198
     -27.490303      66.877861
     -28.461001      65.447283
     -29.331387      64.224508
     -30.177303      63.223242
     -31.011667      62.372661
     -31.751856      61.696738
     -32.387657      61.174739
     -32.898422      60.822061
     -33.325495      60.605661
     -33.647389      60.616721
     -33.798511      60.815849
     -33.843933      61.122939
     -33.873433      61.441963
     -33.931574      61.723661
     -34.035742      61.924805
     -34.138808      62.087039
     -34.210750      62.229291
     -34.254840      62.413810
     -34.337147      62.683685
     -34.475895      63.036529
     -34.656458      63.435111
     -34.859974      63.843785
     -35.062864      64.208145
     -35.201452      64.485146
     -35.258940      64.659401
     -35.280235      64.728220
     -35.287038      64.721814
     -35.289126      64.684706
     -35.299974      64.671505
     -35.276588      64.693429
     -35.216781      64.751034
     -35.151473      64.824108
     -35.055790      64.882960
     -34.820649      64.907090
     -34.192505      64.733403
     -32.510263      63.912711
     -29.875170      62.272495
     -27.160487      60.152802
     -24.660322      57.716014
     -22.142329      54.746546
     -19.616998      51.296506
     -17.363570      48.003395
     -15.085319      45.162002
     -11.619079      42.655754
      -7.287333      39.632148
      -4.187288      36.135725
      -2.305625      32.894293
      -1.134096      30.453573
      -0.623535      29.048546
      -0.575162      28.463561
      -0.478917      28.346094
      -0.263492      28.305474
       0.076492      28.218424
       0.526691      28.112493
       0.981330      28.061943
       1.334974      28.047129
       1.549364      28.050753
       1.625613      28.023080
       1.647530      28.000679
       1.704205      27.988743
       1.761063      28.009815
       1.871852      28.030616
       1.926582      28.034382
       1.897291      28.027172
       1.775380      27.995273
       1.618917      27.954890
       1.430266      27.886498
       1.253365      27.811811
       1.108113      27.743289
       0.950756      27.695041
       0.839199      27.629819
       0.704881      27.569072
       0.562146      27.524392
       0.387337      27.518734
       0.124829      27.537249
      -0.112035      27.559331
      -0.300469      27.553843
      -0.438419      27.517619
      -0.520489      27.467538
      -0.552786      27.408734
      -0.571857      27.308260
      -0.551615      27.164181
      -0.571607      27.007284
      -0.585368      26.860653
      -0.585727      26.718306
      -0.565611      26.594003
      -0.547678      26.512164
      -0.558401      26.480572
      -0.587771      26.487104
      -0.650555      26.515246
      -0.691412      26.553150
      -0.693310      26.560501
      -0.708057      26.564508
      -0.722359      26.580758
      -0.726762      26.642658
      -0.716390      26.707273
      -0.697518      26.745758
      -0.674922      26.761840
      -0.652999      26.753335
      -0.615064      26.759846
      -0.617512      26.810488
      -0.600749      26.894062
      -0.604963      26.963634
      -0.578372      27.010199
      -0.551093      27.052950
      -0.501832      27.098592
      -0.466866      27.141455
      -0.441658      27.186975
      -0.418548      27.235093
      -0.384091      27.273816
      -0.335731      27.356876
      -0.327429      27.440592
      -0.314702      27.534507
      -0.271455      27.615386
      -0.219445      27.697710
      -0.179567      27.782366
      -0.150614      27.869960
      -0.190163      27.929997
      -0.262820      27.939818
      -0.345053      27.822094
      -0.291469      27.409958
      -0.108587      26.583973
       0.115402      25.318206
       0.195187      23.629960
       0.086656      21.309646
      -0.235023      18.575331
      -0.719967      15.817779
      -1.205623      13.194040
      -1.603798      10.830442
      -1.847418       8.421077
      -2.055601       5.451508
      -2.666786       2.369268
      -3.392739       0.086686
      -4.102580      -0.989991
      -4.805257      -1.242133
      -5.443254      -1.351031
      -6.031230      -1.734987
      -6.693720      -2.308791
      -7.475280      -2.890647
      -8.518557      -3.202639
      -9.827783      -3.422171
     -11.390365      -3.672600
     -13.085241      -3.891799
     -14.977370      -3.979468
     -17.010255      -3.856627
     -19.038332      -3.627532
     -20.804409      -3.450894
     -22.139886      -3.324450
     -23.097961      -3.383982
     -23.980800      -3.746862
     -24.862510      -4.356999
     -25.645436      -4.971120
     -26.243799      -5.516210
     -26.703286      -6.006231
     -26.916604      -6.498765
     -26.991470      -6.977117
     -26.909481      -7.397185
     -26.797352      -7.723216
     -26.705967      -7.962914
     -26.646599      -8.159521
     -26.641951      -8.354775
     -26.660568      -8.542706
     -26.750955      -8.699511
     -26.841143      -8.704254
     -26.824417      -8.645023
     -26.781103      -8.636342
     -26.729009      -8.750628
     -26.693438      -8.892060
     -26.710064      -9.017323
     -26.782601      -9.058678
     -26.804142      -9.053735
     -26.822419      -9.022213
     -26.770752      -8.915706
     -26.751907      -8.697383
     -26.748308      -8.386547
     -26.689246      -8.156728
     -26.611660      -8.113468
     -26.594960      -8.124454
     -26.762600      -8.170466
     -26.966859      -8.201423
     -27.166614      -8.219105
     -27.316752      -8.197209
     -27.391839      -8.107043
     -27.510579      -8.015579
     -27.594824      -7.959425
     -27.700139      -7.934576
     -27.839812      -7.944456
     -28.024042      -7.933315
     -28.141110      -7.912281
     -28.176741      -7.888902
     -28.162136      -7.893888
     -28.182446      -7.889935
     -28.221033      -7.870290
     -28.251935      -7.814433
     -28.317474      -7.766736
     -28.385841      -7.742222
     -28.383957      -7.755569
     -28.342648      -7.768855
     -28.332385      -7.788906
     -28.330255      -7.765204
     -28.319108      -7.699938
     -28.311735      -7.642963
     -28.322017      -7.588636
     -28.268194      -7.540939
     -28.209723      -7.509110
     -28.145360      -7.477189
     -28.073501      -7.441786
     -28.059219      -7.430289
     -28.059238      -7.396783
     -28.086119      -7.340396
     -28.126607      -7.288519
     -28.158431      -7.247401
     -28.150572      -7.174420
     -28.140268      -7.101212
     -28.156060      -7.033285
     -28.181407      -7.026465
     -28.240830      -7.017239
     -28.308610      -6.969985
     -28.375437      -6.943025
     -28.357862      -6.948622
     -28.346116      -6.991329
     -28.267495      -7.006333
     -28.226538      -6.943278
     -28.183427      -6.842694
     -28.177973      -6.796319
     -28.184515      -6.826475
     -28.207885      -6.847006
     -28.211901      -6.848872
     -28.226468      -6.818880
     -28.258437      -6.797692
     -28.287720      -6.776897
     -28.309632      -6.770294
     -28.327664      -6.743146
     -28.322799      -6.745155
     -28.310069      -6.747782
     -28.286809      -6.732285
     -28.211841      -6.657756
     -27.917041      -6.453095
     -27.329587      -6.018674
     -26.767357      -5.468461
     -26.354600      -4.912083
     -26.143426      -4.467880
     -26.036735      -4.147029
     -25.949121      -3.843379
     -25.810966      -3.447336
     -25.556411      -2.828075
     -25.088811      -1.721612
     -24.390014       0.326689
     -23.769435       3.511215
     -23.258847       6.827731
     -22.610015       9.584227
     -21.775668      11.735831
     -20.738827      13.947041
     -19.415733      16.979263
     -18.234513      20.921985
     -17.246240      25.006555
     -16.400230      28.509061
     -15.776783      31.259808
     -15.420554      33.288955
     -15.075319      34.808235
     -14.683203      36.085661
     -14.248202      37.345391
     -13.817325      38.674391
     -13.423000      39.975789
     -13.106982      41.179428
     -12.871830      42.169008
     -12.659555      42.916635
     -12.509703      43.410536
     -12.406291      43.697678
     -12.352846      43.877043
     -12.281619      44.045621
     -12.177617      44.233704
     -12.032614      44.444746
     -11.798825      44.662278
     -11.503297      44.921449
     -11.163934      45.240419
     -10.870405      45.592641
     -10.676001      45.968356
     -10.527865      46.347548
     -10.338887      46.743610
     -10.037471      47.145475
      -9.801391      47.486117
      -9.616264      47.776980
      -9.308312      48.099185
      -8.797996      48.646650
      -8.174584      49.525693
      -7.608104      50.694633
      -7.171133      52.025302
      -6.892620      53.366292
      -6.768739      54.625854
      -6.850005      55.651896
      -6.973848      56.396846
      -7.156284      56.853650
      -7.693645      57.029537
      -8.709828      56.854684
      -9.906456      56.433323
     -11.125183      55.856260
     -12.631480      55.258831
     -14.680051      54.733165
     -17.459401      54.290768
     -20.425109      53.823625
     -23.112148      53.295161
     -25.435513      52.633197
     -27.493142      51.826776
     -29.567196      50.933108
     -31.555467      50.125783
     -33.368329      49.579179
     -34.857283      49.340947
     -36.013758      49.253695
     -36.891837      49.118427
     -37.460699      48.869354
     -37.749983      48.578472
     -37.859104      48.295642
     -37.951253      48.025339
     -38.002881      47.823204
     -38.002893      47.719837
     -37.921436      47.726593
     -37.763580      47.789239
     -37.614463      47.833909
     -37.529868      47.863319
     -37.479578      47.862619
     -37.430891      47.853702
     -37.272446      47.754414
     -36.778095      47.537956
     -35.975033      47.230759
     -35.221686      46.919516
     -34.731826      46.688385
     -34.555699      46.622364
     -34.634084      46.714744
     -34.730928      46.872432
     -34.306640      46.974260
     -32.981659      46.996962
     -31.038718      47.105244
     -29.335858      47.280063
     -28.170641      47.462546
     -27.264524      47.643980
     -26.655697      47.809925
     -26.165929      47.951488
     -25.602818      48.129406
     -24.875860      48.407232
     -24.216988      48.712229
     -23.489427      49.110724
     -22.710475      49.654268
     -21.826458      50.386285
     -20.931593      51.300678
     -20.002505      52.409745
     -19.189046      53.699887
     -18.330551      55.322997
     -17.497630      57.199139
     -16.634252      59.409503
     -15.722247      62.041470
     -14.823459      65.194038
     -13.983460      68.657824
     -13.223660      72.022512
     -12.461919      75.056102
     -11.707731      77.707333
     -10.988938      80.059764
     -10.395705      82.179904
      -9.970622      84.032839
      -9.757617      85.620716
      -9.613619      87.106917
      -9.553937      88.491217
      -9.491521      89.748331
      -9.377436      90.838335
      -9.261342      91.840795
      -9.269126      92.817426
      -9.301703      93.648890
      -9.287502      94.330933
      -9.317807      94.928123
      -9.422666      95.532220
      -9.570369      96.101357
      -9.770053      96.250681
     -10.254002      94.719592
     -11.554585      90.166113
     -13.272054      82.528550
     -14.609177      72.805897
     -15.139094      62.643421
     -14.923934      53.066118
     -14.147180      44.888149
     -12.960994      38.386656
     -11.706335      33.213812
     -10.624802      28.988224
      -9.685220      25.470957
      -8.887516      22.465171
      -8.310102      19.970167
      -7.897483      17.986301
      -7.723313      16.450441
      -7.664228      15.320334
      -7.634707      14.499326
      -7.564477      13.844260
      -7.560837      13.056789
      -7.583939      11.743750
      -7.325698      10.073730
      -7.369838       7.954446
      -7.553931       6.157478
      -7.928118       4.360454
      -8.589613       2.703337
      -9.367646       1.247958
     -10.054734       0.049939
     -10.598261      -0.831218
     -11.048544      -1.436873
     -11.487816      -1.983537
     -11.932508      -2.560174
     -12.542374      -3.261129
     -13.387140      -3.986458
     -14.340887      -4.656068
     -15.371948      -5.239710
     -16.363238      -5.801938
     -17.416248      -6.179631
     -18.449130      -6.380551
     -19.410839      -6.423466
     -20.282344      -6.504255
     -21.102589      -6.670033
     -21.855935      -6.855712
     -22.523827      -7.077823
     -23.113414      -7.256526
     -23.610894      -7.293488
     -23.999412      -7.293060
     -24.281564      -7.291694
     -24.428176      -7.306890
     -24.550005      -7.296506
     -24.636056      -7.301209
     -24.707418      -7.289270
     -24.771866      -7.295912
     -24.811334      -7.227233
     -24.854579      -7.105613
     -24.841562      -7.056111
     -24.865315      -7.053298
     -24.861553      -7.014519
     -24.912567      -6.971531
     -24.971176      -6.889384
     -25.038543      -6.837906
     -25.107936      -6.808305
     -25.179572      -6.753828
     -25.215261      -6.677634
     -25.288270      -6.612585
     -25.346773      -6.521292
     -25.391484      -6.413486
     -25.429879      -6.338730
     -25.469021      -6.281852
     -25.512752      -6.272506
     -25.557946      -6.251031
     -25.615334      -6.195394
     -25.670974      -6.143110
     -25.729287      -6.110750
     -25.783232      -6.091797
     -25.812843      -6.026074
     -25.820454      -5.958965
     -25.838075      -5.933929
     -25.869821      -5.908423
     -25.881152      -5.859549
     -25.806937      -5.805479
     -25.764304      -5.774965
     -25.729258      -5.718057
     -25.728454      -5.646080
     -25.723566      -5.606719
     -25.710462      -5.551964
     -25.674561      -5.495014
     -25.627317      -5.382535
     -25.299368      -4.980078
     -24.620677      -4.022134
     -23.797423      -2.992992
     -23.053213      -2.085044
     -22.184391      -0.814224
     -21.302888       0.869344
     -20.480186       2.747638
     -19.673521       4.481705
     -18.815057       6.206305
     -17.925652       8.301277
     -17.195326      10.951911
     -16.679830      13.943900
     -16.352263      16.965941
     -16.009079      19.820250
     -15.642921      22.387235
     -15.293522      24.646310
     -14.933240      26.568020
     -14.497134      28.308236
     -14.032590      29.944477
     -13.616638      31.421134
     -13.425807      32.617763
     -13.443390      33.448853
     -13.530158      33.902966
     -13.597037      34.024722
     -13.570217      33.894813
     -13.504508      33.685063
     -13.327075      33.531165
     -13.157232      33.490408
     -13.015911      33.541013
     -12.910388      33.656299
     -12.859614      33.749144
     -12.758008      33.820960
     -12.670811      33.850736
     -12.536853      33.844441
     -12.393327      33.777659
     -12.256582      33.657348
     -12.076890      33.527292
     -11.856118      33.586892
     -11.626890      33.880864
     -11.465953      34.404633
     -11.329845      35.090139
     -11.199872      35.836442
     -11.055740      36.572840
     -10.897047      37.244352
     -10.773708      37.851075
     -10.669925      38.344570
     -10.603399      38.740236
     -10.585573      39.068908
     -10.536430      39.332812
     -10.519902      39.544848
     -10.512596      39.719931
     -10.498996      39.835781
     -10.506349      39.860547
     -10.500457      39.827988
     -10.485759      39.762977
     -10.478289      39.715929
     -10.507856      39.694641
     -10.560547      39.700088
     -10.609971      39.706973
     -10.625648      39.704989
     -10.548389      39.691476
     -10.194403      39.635322
      -9.470495      39.421613
      -8.608356      39.061234
      -7.672271      38.633289
      -6.714168      38.220500
      -5.749757      37.869301
      -4.804306      37.538285
      -3.897140      37.269259
      -3.088577      37.066996
      -2.342760      36.956200
      -1.629086      36.951928
      -0.927941      37.038995
      -0.247617      37.151085
       0.456417      37.247782
       1.125030      37.262421
       1.772782      37.225024
       2.386497      37.149400
       2.919916      37.106571
       3.379608      37.097687
       3.790084      37.108487
       4.117579      37.123260
       4.335786      37.134372
       4.506085      37.133270
       4.590461      37.096359
       4.658122      37.054720
       4.653878      36.951350
       4.593009      36.858290
       4.466807      36.772736
       4.309863      36.711071
       4.137557      36.664791
       4.027375      36.612065
       3.913646      36.544540
       3.815732      36.468210
       3.748616      36.415144
       3.695245      36.384764
       3.657502      36.386177
       3.623399      36.409408
       3.569278      36.444670
       3.543794      36.474934
       3.532272      36.487852
       3.506243      36.501570
       3.453244      36.523706
       3.401051      36.592397
       3.290862      36.647223
       3.208534      36.731696
       3.121644      36.812264
       3.087891      36.899523
       3.056821      36.981386
       3.068280      37.045013
       3.083792      37.055009
       3.092096      37.038944
       3.106676      37.021289
       3.102539      37.026088
       3.096187      37.048913
       3.083841      37.089600
       3.067309      37.128882
       3.032723      37.139599
       2.968558      37.102353
       2.916103      37.025014
       2.838193      36.918755
       2.754473      36.824983
       2.647894      36.733488
       2.541786      36.647288
       2.437635      36.582107
       2.369033      36.511777
       2.349756      36.444449
       2.393961      36.371310
       2.430710      36.276559
       2.452424      36.208536
       2.455930      36.172638
       2.469683      36.171489
       2.473700      36.177070
       2.486185      36.180405
       2.461345      36.180769
       2.457708      36.157011
       2.477343      36.098413
       2.485296      36.015846
       2.463673      35.909064
       2.447495      35.750536
       2.438738      35.556957
       2.380878      35.324269
       2.331479      35.162576
       2.285159      35.052252
       2.255330      34.981696
       2.234029      34.907095
       2.234533      34.821130
       2.216157      34.701472
       2.178164      34.569502
       2.138614      34.464102
       2.092080      34.393782
       2.037646      34.372390
       1.989743      34.404072
       1.966201      34.459216
       1.956762      34.504819
       1.965193      34.516340
       1.958724      34.500380
       1.952464      34.474322
       1.948159      34.493976
       1.892078      34.517663
       1.865060      34.558538
       1.848797      34.578891
       1.833861      34.601478
       1.819169      34.634249
       1.806687      34.674628
       1.762582      34.687258
       1.707869      34.677865
       1.666576      34.669989
       1.634381      34.675944
       1.612917      34.681517
       1.608028      34.686751
       1.610056      34.688305
       1.614638      34.676998
       1.613330      34.646039
       1.602391      34.594854
       1.596207      34.544248
       1.599728      34.540550
       1.584685      34.542582
       1.571041      34.553047
       1.570425      34.559320
       1.573070      34.600386
       1.571965      34.640490
       1.594274      34.670647
       1.580897      34.649099
       1.564110      34.620695
       1.534019      34.606894
       1.501724      34.618779
       1.462168      34.638392
       1.440692      34.670968
       1.411991      34.713702
       1.392747      34.738017
       1.382627      34.743775
       1.377036      34.733497
       1.355020      34.726455
       1.348978      34.733152
       1.369410      34.764956
       1.347697      34.767227
       1.354790      34.766068
       1.357431      34.763183
       1.374995      34.770352
       1.393591      34.777045
       1.425121      34.788505
       1.416508      34.782291
       1.417834      34.775858
       1.400240      34.768541
       1.384675      34.770658
       1.391578      34.769009
       1.408839      34.770959
       1.414814      34.792629
       1.413830      34.809920
       1.420603      34.805070
       1.439099      34.771530
       1.446989      34.717369
       1.469730      34.668989
       1.514558      34.668622
       1.527122      34.684842
       1.541126      34.716991
       1.550791      34.749768
       1.560274      34.781332
       1.593227      34.800354
       1.634854      34.803431
       1.639362      34.782218
       1.643661      34.756675
       1.633532      34.756634
       1.619970      34.763366
       1.611693      34.755628
       1.599836      34.746261
       1.568163      34.765320
       1.529228      34.814716
       1.496815      34.863100
       1.454629      34.883577
       1.434207      34.886401
       1.422421      34.916044
       1.404664      34.949676
       1.378048      34.970904
       1.378922      34.971100
       1.390387      34.977249
       1.401226      34.989181
       1.429699      35.002664
       1.416940      34.966146
       1.419996      34.914273
       1.390349      34.872360
       1.357619      34.867765
       1.349685      34.878579
       1.359479      34.898145
       1.352480      34.942699
       1.344338      34.993870
       1.344880      35.019685
       1.354978      35.002734
       1.351259      34.958987
       1.354229      34.934338
       1.368210      34.961260
       1.373676      34.984365
       1.368774      34.993163
       1.326123      34.988535
       1.270444      34.990737
       1.178372      35.005044
       1.100450      35.040461
       1.003595      35.043791
       0.903028      35.043319
       0.805133      35.024720
       0.696924      35.018789
       0.565849      35.029101
       0.422691      35.067680
       0.236293      35.114451
       0.019824      35.160335
      -0.207667      35.189103
      -0.418562      35.195143
      -0.591875      35.175928
      -0.743411      35.138488
      -0.866059      35.131763
      -0.991244      35.135095
      -1.094539      35.140666
      -1.174541      35.139678
      -1.214812      35.138073
      -1.215523      35.135122
      -1.192602      35.146815
      -1.200717      35.139430
      -1.199554      35.124492
      -1.204236      35.117991
      -1.190743      35.154669
      -1.196203      35.207749
      -1.217186      35.272678
      -1.221394      35.346461
      -1.222800      35.425363
      -1.226011      35.508333
      -1.259514      35.595473
      -1.288528      35.688449
      -1.308865      35.794822
      -1.304239      35.874417
      -1.337097      35.917623
      -1.331301      35.939836
      -1.305547      35.940735
      -1.282215      35.955872
      -1.258996      36.073518
      -1.255344      36.354461
      -1.281318      36.894856
      -1.314793      37.602247
      -1.359629      38.446485
      -1.433367      39.374648
      -1.495008      40.322880
      -1.551214      41.270240
      -1.599684      42.220079
      -1.671690      43.199988
      -1.726940      44.237512
      -1.799208      45.325563
      -1.859301      46.484434
      -1.904725      47.775819
      -1.915180      49.247697
      -1.953490      50.880599
      -1.954921      52.607640
      -1.943630      54.344570
      -1.915340      56.073252
      -1.858560      57.760976
      -1.780997      59.278023
      -1.685240      60.577209
      -1.577863      61.628317
      -1.486055      62.423703
      -1.407457      63.087751
      -1.328162      63.684752
      -1.289359      64.268619
      -1.255563      64.794213
      -1.216095      65.292334
      -1.167288      65.721146
      -1.134817      66.102913
      -1.104061      66.379637
      -1.059587      66.567012
      -1.025480      66.603041
      -0.981039      66.602074
      -0.925029      66.590044
      -0.895294      66.624946
      -0.945604      66.653836
      -1.018319      66.688559
      -1.141241      66.711940
      -1.258842      66.758961
      -1.318350      66.871197
      -1.323762      67.111348
      -1.352011      67.402191
      -1.365880      67.623798
      -1.374025      67.704075
      -1.383585      67.596987
      -1.419050      67.346282
      -1.524884      66.937938
      -1.655089      66.380439
      -1.825845      65.728412
      -2.055800      64.949506
