       2.576776       9.013475
       2.501744       8.973226
       2.451347       8.973431
       2.446005       8.989480
       2.428132       9.024214
       2.441908       9.039602
       2.445399       9.077617
       2.452846       9.101191
       2.411189       9.104714
       2.343226       9.104823
       2.253639       9.124204
       2.161517       9.161165
       2.093655       9.185105
       2.016475       9.270547
       2.026616       9.447556
       2.028516       9.767792
       2.073477      10.279538
       2.131477      11.035292
       2.247910      11.872254
       2.342616      12.685308
       2.429318      13.382502
       2.411421      14.096647
       2.357090      14.901688
       2.282841      15.828873
       2.097812      16.913020
       1.838003      18.177198
       1.367193      19.770326
       0.813231      21.722559
       0.087358      23.928157
      -0.617842      26.251825
      -1.384613      28.791352
      -2.019715      31.452522
      -2.605411      34.145239
      -3.100892      36.939943
      -3.414259      39.766296
      -3.744626      42.691317
      -3.922331      45.716713
      -4.049063      48.784701
      -4.152694      51.943053
      -4.256996      55.109764
      -4.392828      58.333866
      -4.472232      61.518893
      -4.497904      64.515959
      -4.492950      67.214958
      -4.483908      69.608820
      -4.455277      71.819931
      -4.429743      74.074032
      -4.356392      76.339862
      -4.303084      78.542182
      -4.293050      80.666139
      -4.526644      82.807256
      -4.839581      84.940461
      -5.120631      86.975544
      -5.482126      88.832093
      -5.876870      90.489969
      -6.361417      92.021632
      -6.955732      93.414451
      -7.652384      94.720923
      -8.445829      95.942843
      -9.155644      97.031292
      -9.724910      98.002940
     -10.245587      98.959589
     -10.700829      99.739520
     -11.064231     100.450063
     -11.340031     101.147474
     -11.601315     101.810438
     -11.829191     102.461085
     -12.014519     103.082114
     -12.156552     103.687979
     -12.194888     104.234646
     -12.193119     104.747995
     -12.176072     105.211151
     -12.146484     105.659833
     -12.082100     106.097354
     -11.957518     106.574226
     -11.745535     107.090819
     -11.468321     107.756056
     -11.088311     108.598565
     -10.538999     109.745940
      -9.992238     111.044290
      -9.541919     112.299190
      -9.165357     113.399199
      -8.884771     114.255948
      -8.665109     114.919612
      -8.518902     115.413843
      -8.388666     115.735330
      -8.249234     115.972731
      -8.162082     116.145758
      -8.131096     116.260267
      -8.086446     116.323574
      -8.020179     116.399343
      -7.942043     116.527675
      -7.889766     116.696982
      -7.811506     116.873952
      -7.718498     117.023179
      -7.639793     117.149394
      -7.597560     117.288897
      -7.571818     117.439368
      -7.566490     117.590684
      -7.534516     117.782109
      -7.487169     118.019588
      -7.436349     118.281265
      -7.372094     118.525748
      -7.285752     118.769522
      -7.194258     119.018095
      -7.117586     119.252368
      -7.011189     119.483368
      -6.913649     119.751058
      -6.838829     119.953791
      -6.836175     120.081676
      -6.824599     120.219878
      -6.781804     120.505315
      -6.712758     120.913538
      -6.621515     121.376286
      -6.535480     121.807338
      -6.502817     122.211141
      -6.485408     122.601762
      -6.479840     123.003584
      -6.464841     123.434314
      -6.445811     123.896343
      -6.429737     124.387767
      -6.412174     124.895336
      -6.405056     125.414202
      -6.409355     125.929717
      -6.436465     126.432953
      -6.462985     126.943222
      -6.510284     127.486558
      -6.497277     127.997167
      -6.490058     128.473573
      -6.483239     128.914872
      -6.477744     129.357707
      -6.480908     129.789622
      -6.496986     130.204334
      -6.458298     130.571924
      -6.465647     130.897121
      -6.472241     131.150871
      -6.463467     131.326763
      -6.449933     131.441263
      -6.449863     131.507056
      -6.443887     131.536480
      -6.434307     131.503656
      -6.403020     131.428013
      -6.383109     131.344540
      -6.412401     131.303022
      -6.443765     131.318380
      -6.445575     131.345580
      -6.446824     131.346337
      -6.404983     131.323130
      -6.406019     131.327055
      -6.441414     131.382532
      -6.483294     131.425244
      -6.485764     131.445586
      -6.457846     131.419873
      -6.413333     131.365289
      -6.384645     131.311716
      -6.370647     131.311959
      -6.375697     131.316039
      -6.392023     131.313980
      -6.411866     131.304946
      -6.449250     131.321217
      -6.472353     131.324568
      -6.486056     131.331096
      -6.505196     131.322985
      -6.535341     131.315126
      -6.570452     131.321246
      -6.613109     131.378452
      -6.609345     131.429946
      -6.592632     131.432802
      -6.597617     131.402242
      -6.615307     131.393169
      -6.624941     131.385397
      -6.648833     131.403223
      -6.641876     131.388895
      -6.652084     131.381220
      -6.649125     131.385300
      -6.661547     131.399619
      -6.679966     131.379210
      -6.703031     131.369224
      -6.744980     131.377005
      -6.771105     131.394150
      -6.792079     131.402514
      -6.813218     131.405175
      -6.868742     131.392722
      -6.913241     131.399055
      -6.962903     131.433093
      -6.977746     131.437620
      -7.011957     131.412043
      -7.059245     131.409848
      -7.116312     131.441515
      -7.159416     131.485841
      -7.202218     131.517168
      -7.210618     131.521122
      -7.252369     131.487803
      -7.287308     131.467918
      -7.319141     131.457942
      -7.369287     131.430315
      -7.441965     131.406953
      -7.524903     131.395791
      -7.592146     131.378510
      -7.647966     131.363657
      -7.693220     131.358567
      -7.726788     131.357295
      -7.756281     131.358927
      -7.793002     131.382066
      -7.810958     131.416210
      -7.775607     131.390138
      -7.780218     131.394859
      -7.784174     131.427673
      -7.772033     131.457534
      -7.741019     131.475932
      -7.691633     131.469939
      -7.660439     131.460856
      -7.652546     131.452687
      -7.645750     131.444303
      -7.665706     131.448616
      -7.703810     131.449695
      -7.745078     131.457796
      -7.793055     131.460895
      -7.838064     131.451336
      -7.869666     131.429004
      -7.876848     131.421252
      -7.881021     131.433249
      -7.896245     131.448422
      -7.921454     131.466665
      -7.914359     131.453114
      -7.934200     131.426585
      -7.964220     131.423690
      -7.993835     131.426604
      -8.003657     131.441651
      -8.014536     131.446421
      -8.018699     131.435910
      -8.052562     131.416366
      -8.090104     131.400406
      -8.118922     131.369670
      -8.144563     131.359869
      -8.199838     131.358800
      -8.276940     131.367514
      -8.339350     131.359500
      -8.383570     131.348202
      -8.391917     131.322722
      -8.391579     131.306286
      -8.417672     131.312027
      -8.437968     131.349018
      -8.416674     131.332048
      -8.456367     131.303965
      -8.500846     131.306743
      -8.531774     131.341092
      -8.534933     131.376752
      -8.511897     131.391624
      -8.484473     131.372857
      -8.485917     131.355400
      -8.482967     131.341393
      -8.492870     131.312445
      -8.466381     131.089401
      -8.576264     130.255013
      -8.877479     128.400970
      -9.388736     125.424003
      -9.954126     121.543611
     -10.417066     117.126867
     -10.720167     112.486749
     -10.822231     107.730324
     -10.709705     103.091750
     -10.464990      98.709568
     -10.075946      94.681882
      -9.586303      91.014169
      -9.043969      87.540969
      -8.507536      84.170720
      -7.935350      80.969907
      -7.314770      78.000687
      -6.782230      75.318479
      -6.348220      72.929596
      -6.049098      70.840434
      -5.929829      69.177288
      -5.909458      68.049127
      -5.970283      67.383278
      -5.971697      67.020696
      -5.898062      66.890548
      -5.867132      66.881887
      -5.892303      66.939633
      -5.924382      67.028244
      -5.956626      67.155586
      -5.962572      67.335077
      -5.977578      67.515729
      -5.898509      67.699402
      -5.780827      67.883891
      -5.617261      68.088348
      -5.354481      68.302581
      -5.065588      68.498009
      -4.845399      68.656435
      -4.664676      68.804968
      -4.472265      68.971258
      -4.286636      69.111431
      -4.153508      69.235567
      -4.020108      69.366673
      -3.902610      69.529883
      -3.772967      69.738381
      -3.643330      69.963941
      -3.573383      70.165974
      -3.516591      70.428661
      -3.432799      70.887344
      -3.358400      71.699885
      -3.329048      72.878951
      -3.364308      74.387242
      -3.419229      76.005223
      -3.474953      77.519211
      -3.529065      78.667314
      -3.597877      79.271222
      -3.611147      79.266612
      -3.598494      78.715486
      -3.565140      77.835408
      -3.499403      76.822757
      -3.429711      75.781805
      -3.366067      74.829041
      -3.288767      74.063424
      -3.204409      73.527738
      -3.133883      73.212158
      -3.097758      73.086434
      -3.125822      73.088391
      -3.155934      73.181981
      -3.196195      73.307292
      -3.273796      73.431161
      -3.340363      73.581253
      -3.381230      73.741928
      -3.423139      73.885871
      -3.431067      74.020197
      -3.420744      74.106423
      -3.405967      74.152570
      -3.373556      74.145610
      -3.312030      74.104281
      -3.270830      74.056721
      -3.221840      74.036978
      -3.175422      74.052379
      -3.138487      74.089623
      -3.118836      74.109070
      -3.116771      74.116691
      -3.143303      74.113378
      -3.173427      74.109507
      -3.190920      74.124948
      -3.208937      74.191625
      -3.256533      74.280392
      -3.288927      74.427672
      -3.308249      74.560482
      -3.299789      74.676696
      -3.261663      74.761985
      -3.209312      74.821533
      -3.176429      74.835603
      -3.159499      74.819755
      -3.135142      74.803411
      -3.146990      74.807714
      -3.135624      74.826487
      -3.126750      74.847765
      -3.123198      74.858038
      -3.124243      74.861603
      -3.142247      74.864303
      -3.157250      74.854332
      -3.184872      74.845240
      -3.198088      74.865765
      -3.215885      74.918639
      -3.252305      74.960662
      -3.301753      75.021171
      -3.347001      75.089140
      -3.373544      75.165701
      -3.360668      75.258567
      -3.363655      75.347951
      -3.361858      75.479455
      -3.406270      75.715380
      -3.493330      76.290666
      -3.724443      77.555595
      -4.143018      79.689523
      -4.750734      82.666286
      -5.448041      86.499381
      -6.269129      91.185806
      -7.019486      96.673271
      -7.498554     102.745638
      -7.556362     108.787824
      -7.308860     114.266925
      -6.990382     119.183622
      -6.648989     123.599909
      -6.362720     127.560404
      -6.300896     130.967140
      -6.477043     133.647420
      -6.784559     135.631019
      -7.237993     137.228251
      -7.721726     138.632271
      -8.268173     139.933749
      -8.874192     141.139000
      -9.433747     142.173342
      -9.883065     143.066053
     -10.148026     143.914284
     -10.137123     144.775803
      -9.748533     145.753833
      -8.399256     146.884499
      -5.264304     148.265118
      -2.055232     149.803434
      -0.487025     151.166966
       0.297885     152.173555
       1.081490     153.078991
       1.897692     154.072496
       2.522203     155.177293
       2.970209     156.190158
       3.380014     157.000542
       3.758752     157.652238
       4.066914     158.196808
       4.438659     158.647685
       4.888458     158.985890
       5.482124     159.061076
       6.537248     158.657545
       8.627030     157.478891
      10.958621     155.460895
      12.810260     152.591278
      14.244437     149.096689
      15.460408     145.010805
      16.293111     140.691911
      16.797756     136.436595
      17.242517     132.490399
      17.528128     128.874336
      17.756219     125.840717
      17.963524     123.343614
      18.059415     121.439000
      18.144665     119.789060
      18.229776     118.491827
      18.389125     117.421407
      18.471827     116.567474
      18.603004     115.860359
      18.735958     115.220893
      18.826247     114.659518
      18.859858     114.094763
      18.875273     113.522421
      18.902114     112.963796
      18.904126     112.386538
      18.824590     111.786851
      18.706993     111.103255
      18.461830     110.349270
      18.103707     109.488440
      17.631632     108.478946
      16.889516     107.326443
      15.677062     105.807817
      14.126291     103.811726
      12.594422     101.328135
      11.245006      98.461753
      10.052849      95.335569
       9.018227      92.167760
       7.966521      89.145895
       6.736486      86.346676
       5.371848      83.806239
       3.934138      81.516667
       2.517367      79.474066
       1.264719      77.689959
       0.065411      76.031912
      -1.129285      74.304337
      -2.326099      72.499817
      -3.651154      70.671876
      -5.063394      68.963409
      -6.569864      67.404814
      -8.133078      65.978938
      -9.910863      64.661757
     -11.815107      63.331229
     -13.762294      61.949187
     -15.722086      60.403289
     -17.740602      58.574459
     -19.702145      56.466768
     -21.724669      54.169105
     -23.778474      51.783859
     -25.841553      49.517839
     -27.894536      47.405695
     -29.947651      45.500012
     -32.010346      43.633779
     -33.903687      41.605311
     -35.304384      39.457006
     -36.160134      37.238973
     -36.634832      34.932934
     -36.762674      32.692421
     -36.685256      30.432540
     -36.405865      28.230834
     -35.982544      26.153167
     -35.448755      24.309460
     -34.901864      22.658002
     -34.314989      20.988170
     -33.579590      19.314725
     -32.572224      17.555491
     -31.300738      15.805471
     -29.157098      14.413472
     -25.483131      13.723018
     -20.956504      13.447062
     -16.772697      13.443782
     -13.655662      13.427808
     -11.002118      13.593959
      -8.747323      13.940471
      -6.998830      14.304263
      -5.357097      14.648369
      -3.490749      15.190932
      -1.587185      16.011351
      -0.030425      17.011476
       1.552674      18.125856
       3.078823      19.313208
       4.510858      20.545539
       5.786623      21.696467
       6.974932      22.743423
       8.038120      23.692368
       9.026113      24.641083
       9.898609      25.457127
      10.716694      26.158265
      11.322151      26.705088
      11.820772      27.074253
      12.149832      27.234928
      12.358481      27.160895
      12.441881      26.875865
      12.442725      26.474500
      12.440043      26.059696
      12.405421      25.593604
      12.213684      25.068315
      11.955865      24.432916
      11.608928      23.672880
      11.206147      22.776431
      10.789674      21.757172
      10.355932      20.689924
       9.820841      19.612912
       9.212920      18.560890
