      15.872245      22.379826
       9.838045      22.383784
       5.126397      22.168764
       2.885317      21.563999
       1.263776      20.645397
      -0.957618      19.548883
      -3.309015      18.200168
      -4.699828      16.485674
      -5.351907      14.692036
      -5.413585      13.080642
      -5.094549      11.780234
      -4.796650      10.740915
      -4.585669       9.983796
      -4.568772       9.444021
      -4.944281       8.940906
      -5.874193       8.359062
      -7.499247       7.686002
      -9.847662       6.997274
     -12.587514       6.494503
     -15.298236       6.339749
     -17.548420       6.547078
     -19.434728       6.976137
     -21.310751       7.507075
     -22.938298       7.970677
     -24.133022       8.262184
     -24.921909       8.234772
     -25.380106       7.570398
     -25.616651       5.676051
     -25.504298       2.239304
     -24.978292      -2.627976
     -24.074211      -8.447131
     -22.872073     -14.338475
     -21.531857     -19.407052
     -20.236498     -23.320182
     -18.972909     -26.299152
     -17.772450     -28.872814
     -16.817264     -31.120576
     -15.937219     -33.056595
     -15.174367     -34.641100
     -14.536765     -35.861419
     -13.860598     -36.763264
     -13.276113     -37.294768
     -12.719182     -37.640006
     -12.004750     -38.154428
     -11.204712     -38.664056
     -10.348848     -39.054485
      -9.496751     -39.243336
      -8.537393     -39.326639
      -7.338126     -39.338512
      -5.487706     -39.358003
      -3.105112     -39.340821
      -0.896546     -39.260729
       1.082558     -39.201208
       3.212569     -39.169349
       5.322657     -39.080159
       7.178030     -38.844426
       8.558790     -38.456700
       9.181844     -37.993196
       9.079287     -37.710277
       8.668298     -37.737792
       8.101492     -38.145617
       7.289806     -38.816828
       6.500053     -39.553831
       5.738957     -40.195422
       5.087917     -40.681156
       4.563714     -40.984336
       4.050079     -41.233525
       3.486989     -41.446001
       2.836893     -41.661502
       2.088722     -41.841445
       1.333863     -41.980298
       0.704920     -42.011101
       0.091332     -41.914558
      -0.330967     -41.670254
      -0.654765     -41.284718
      -0.927237     -40.752617
      -1.367378     -39.869540
      -1.902027     -38.725570
      -2.348285     -37.508664
      -2.847643     -36.301672
      -3.541343     -35.023379
      -4.406934     -33.532700
      -5.195179     -31.583339
      -5.648469     -29.169053
      -5.733535     -26.476098
      -5.847105     -23.896696
      -5.917517     -21.767064
      -5.993378     -20.098419
      -5.963583     -18.984516
      -5.911243     -18.516908
      -6.041109     -18.787202
      -6.265985     -19.680721
      -6.493900     -21.008129
      -6.675356     -22.394254
      -6.794845     -23.632406
      -6.753823     -24.603034
      -6.523923     -25.372597
      -6.293515     -26.002473
      -6.036454     -26.544097
      -5.812085     -27.076419
      -5.628877     -27.634649
      -5.449796     -28.224848
      -5.301944     -28.833520
      -5.153803     -29.393664
      -5.017043     -29.882888
      -4.874586     -30.270247
      -4.719456     -30.580881
      -4.563613     -30.810375
      -4.470459     -30.883524
      -4.449638     -30.699227
      -4.458809     -30.306520
      -4.400906     -29.926416
      -4.378905     -29.702318
      -4.317503     -29.714830
      -4.219690     -29.935805
      -4.010877     -30.315153
      -3.360051     -31.187608
      -1.567941     -33.089754
       0.467061     -35.276794
       2.253786     -37.362866
       3.944887     -39.037447
       5.494680     -40.575503
       6.758322     -42.237982
       7.734910     -43.929989
       8.897422     -45.372491
      10.093326     -46.393263
      11.302857     -47.060152
      12.613999     -47.423821
      13.736881     -47.561450
      14.789197     -47.611594
      15.361068     -47.701934
      15.437215     -47.820096
      15.121270     -47.959376
      14.356103     -48.204369
      13.253531     -48.435107
      12.034837     -48.629616
      10.314419     -48.724061
       7.158933     -48.310743
       3.262058     -47.110266
      -0.211021     -45.160443
      -1.207310     -43.003211
      -0.946951     -41.557785
      -1.001097     -41.100836
      -1.255739     -41.389086
      -1.889571     -42.128636
      -2.752543     -42.941046
      -3.661221     -43.853880
      -4.522082     -45.357362
      -5.368799     -47.283434
      -5.981155     -49.311819
      -5.952875     -51.447525
      -4.871994     -53.673387
      -3.726385     -55.509109
      -2.889396     -56.699546
      -2.117304     -57.331100
      -1.170401     -57.649973
      -0.219907     -57.720516
       0.856409     -57.761762
       1.824283     -57.761442
       2.655414     -57.729332
       3.459901     -57.652834
       3.976102     -57.302099
       4.397598     -56.691658
       4.771899     -56.001120
       5.082631     -55.389553
       5.395816     -54.992569
       5.830088     -54.873927
       6.265178     -54.955651
       6.888034     -55.203359
       7.961707     -55.582688
       9.235292     -55.968588
      10.486146     -56.211604
      11.736222     -56.342725
      13.005939     -56.380643
      14.268549     -56.399552
      15.658127     -56.398765
      16.900478     -56.437475
      17.945538     -56.451663
      18.645029     -56.487134
      19.001653     -56.592366
      19.562859     -56.796021
      20.227787     -57.086238
      20.548485     -57.350222
      20.321671     -57.370952
      19.726497     -56.881796
      18.894438     -55.694098
      17.956021     -53.524170
      16.834844     -50.410254
      16.061494     -46.983950
      16.100870     -44.181374
      16.104708     -42.498877
      15.733905     -41.739380
      15.016781     -41.441047
      14.551715     -41.209148
      14.276046     -40.944863
      14.119471     -40.682715
      13.805261     -40.473571
      13.463981     -40.228758
      13.124051     -39.959708
      12.811346     -39.556917
      12.436544     -39.149479
      12.092084     -39.146382
      12.121218     -40.859496
      12.246464     -45.795174
      11.735587     -53.784351
      10.652232     -62.645218
       8.983641     -69.054653
       7.337548     -71.051938
       6.325660     -71.189504
       5.443091     -71.454017
       4.739041     -71.425599
       4.448645     -70.710242
       4.408725     -69.647180
       4.413161     -68.870144
       4.507754     -68.042459
       4.675783     -66.736449
       4.681613     -64.731610
       4.795530     -58.933276
       6.588159     -44.257110
      10.116943     -24.214171
      14.317812      -5.082998
      18.274980      11.399306
      21.865052      24.771031
      25.314250      34.805427
      28.274462      41.621135
      28.731788      45.952794
      26.491017      48.058940
      22.196937      48.764840
      15.867966      49.299604
       7.583064      49.774431
      -1.437621      50.114768
      -9.381981      50.196142
     -15.200063      49.854324
     -18.281211      49.579538
     -19.790060      49.836883
     -20.009450      50.595045
     -19.444503      51.642428
     -18.500464      52.799400
     -17.730005      53.914912
     -17.247232      54.894113
     -16.839249      55.565572
     -16.492180      55.777003
     -16.377587      55.562152
     -16.391438      55.305211
     -16.497709      55.426408
     -16.522728      55.930077
     -16.381329      56.490174
     -16.344306      56.977465
     -16.390268      57.595497
     -16.373363      59.886608
     -16.076966      65.725756
     -15.714035      73.986902
     -15.898294      81.902296
     -16.767841      88.013014
     -18.222704      91.940073
     -20.025089      94.178626
     -21.692397      95.537077
     -22.923404      96.917239
     -23.878485      98.346584
     -24.274400      99.740627
     -24.232253     101.033178
     -23.989157     102.091281
     -23.500203     102.977377
     -22.485184     103.931393
     -20.660665     105.155635
     -18.123982     106.616667
     -16.157520     108.268356
     -14.715074     109.844227
     -13.337491     111.174109
     -12.129310     112.268328
     -11.227688     113.137580
     -10.509518     113.824149
      -9.915924     114.410654
      -9.379020     115.072841
      -8.980594     115.819599
      -8.739517     116.996028
      -8.554928     119.964525
      -8.506450     125.371538
      -8.885113     132.129124
      -9.061018     138.610900
      -9.303035     144.006033
      -9.532188     148.200199
      -9.957149     151.265262
     -10.375380     153.334821
     -11.074468     154.594567
     -11.638695     155.140098
     -11.933350     155.450394
     -12.107471     155.959779
     -12.214025     156.848352
     -12.295896     158.019021
     -12.535027     159.176489
     -12.833723     160.146912
     -13.247100     161.239228
     -13.694488     162.780896
     -14.009193     165.032738
     -14.401541     167.630527
     -14.805723     170.014451
     -15.338365     171.768380
     -15.932377     172.957593
     -16.318162     173.825699
     -16.484491     174.666255
     -16.422238     175.472677
     -15.880207     176.228740
     -14.699428     176.819918
     -12.955458     177.188216
     -10.669376     177.251649
      -8.259895     177.347527
      -6.246524     177.640910
      -4.553488     178.362256
      -3.080869     179.550128
      -1.534712    -178.864802
       0.348484    -177.202632
       2.783277    -175.834467
       6.232277    -175.083823
      10.467502    -175.244941
      14.614363    -176.089771
      18.793706    -177.453118
      23.360517    -179.144120
      28.023165     178.784797
      32.530995     176.269442
      36.804423     173.398397
      40.981509     170.272320
      45.087797     166.915981
      48.917812     163.113747
      51.036941     158.387679
      51.518282     154.204704
      51.824901     150.800086
      52.523385     148.531292
      53.001321     147.482632
      53.283426     147.097790
      53.425674     147.192298
      54.106949     147.213184
      55.522407     146.134031
      56.515266     144.835282
      56.979281     143.833288
      57.118299     142.727635
      57.230919     141.406884
      57.161119     140.205849
      57.447527     138.840006
      57.044647     138.520277
      57.494670     136.877807
      58.979695     134.365628
      61.043313     133.671229
      63.379580     134.171240
      65.123640     134.910975
      66.151678     136.132419
      66.541677     137.798193
      66.238793     139.896738
      65.234167     141.888769
      63.792519     143.940968
      61.280875     146.107803
      56.566128     148.611190
      49.843959     150.628069
      42.239837     152.380493
      34.719346     154.552185
      27.987165     155.875520
      21.321701     156.156032
      15.854365     156.000374
      11.204630     155.954048
       6.429384     156.643172
       3.162803     157.749000
       1.499437     159.134990
       0.009260     160.648031
      -2.291271     162.044814
      -6.102056     163.482551
     -11.698995     165.266885
     -17.332208     166.908792
     -21.201014     168.067484
     -24.607898     169.359608
     -28.861548     171.452888
     -32.766995     174.271340
     -35.841579     178.054049
     -37.748407    -177.332683
     -39.263978    -171.949062
     -40.043479    -166.002841
     -39.630815    -160.035007
     -38.300942    -154.299930
     -36.064885    -148.433812
     -33.401777    -142.441508
     -29.786874    -136.978901
     -26.010876    -132.273951
     -22.594448    -128.395346
     -19.452119    -124.957409
     -16.764362    -121.783684
     -14.962301    -118.955818
     -13.484316    -116.553874
     -12.059162    -114.481295
     -10.339539    -112.385936
      -8.620808    -110.006189
      -6.997688    -107.238482
      -5.826032    -104.169494
      -4.610747    -100.978333
      -3.270564     -97.818888
      -2.122168     -94.739632
      -1.179733     -91.891007
      -0.591921     -89.467547
      -0.109951     -87.340005
       0.556420     -85.384130
       1.137164     -83.421524
       1.699766     -81.411770
       2.110432     -79.365084
       2.437987     -77.409520
       2.896035     -75.503313
       3.370520     -73.496347
       4.009899     -71.191112
       4.753761     -68.600783
       5.313649     -66.338493
       5.784264     -64.534202
       5.923384     -63.093317
       6.108153     -61.886730
       6.309769     -60.743334
       6.550513     -59.674070
       6.615013     -58.677112
       6.474245     -57.755798
       6.342569     -56.942072
       6.464829     -56.163797
       6.781187     -55.344587
       7.035245     -54.439209
       7.284397     -53.473064
       7.357579     -52.394324
       7.387354     -51.249140
       7.422200     -49.936267
       7.568978     -48.420545
       7.669777     -46.724220
       7.909177     -44.831492
       8.206966     -42.881115
       8.618535     -40.905749
       9.057095     -38.920050
       9.411341     -36.856922
       9.792054     -34.682685
      10.234563     -32.425729
      11.147834     -30.179110
      12.679913     -28.184969
      14.694843     -26.709855
      17.071358     -25.886184
      19.311212     -25.557111
      21.438015     -25.484425
      23.561192     -25.637448
      24.936434     -25.873859
      25.474595     -25.864390
      25.355505     -25.512679
      24.723298     -24.901614
      23.979846     -24.198004
      23.487128     -23.557248
      22.952423     -22.492035
      22.671488     -21.049064
      22.421463     -19.109427
      22.195536     -16.623137
      22.052407     -13.689434
      21.834574     -10.415342
      21.681172      -6.913882
      21.860139      -3.426831
      22.304814      -0.045216
      22.954324       3.072147
      24.006610       5.977508
      24.716564       8.687976
      24.856757      11.238700
      24.530251      13.592062
      24.063180      15.960243
      23.672768      18.446436
      23.016919      21.096350
      22.001303      23.925486
      20.591433      26.879761
      18.840056      29.828093
      16.749137      32.712266
      13.900720      35.632217
      10.173792      38.561575
       5.955771      41.449653
       1.948490      44.059269
      -1.084230      46.351104
      -3.620244      48.504324
      -5.612756      50.600611
      -6.630789      52.617344
      -7.383712      54.552100
      -7.844914      56.448540
      -8.284997      58.413711
      -8.504117      60.513193
      -8.850618      62.791584
      -9.096267      65.307032
      -9.509610      68.226331
      -9.783641      71.185405
     -10.140841      73.900660
     -10.327676      76.301220
     -10.693341      78.366353
     -11.213155      80.169256
     -12.171288      81.957539
     -12.917894      83.879143
     -13.147077      85.979825
     -13.257922      88.252679
     -12.885327      90.213683
     -12.501586      91.954177
     -12.239726      93.719064
     -11.712588      95.521787
     -10.990233      97.447859
     -10.092415      99.447729
      -9.099329     101.390228
      -8.365034     103.050863
      -7.799803     104.384971
      -7.371532     105.351169
      -6.920800     105.966146
      -6.145406     106.563832
      -5.311595     107.428751
      -4.421487     108.476557
      -3.373644     109.646167
      -1.893076     111.059969
      -1.182914     112.744015
      -0.795308     114.567264
      -0.345577     116.379400
       0.171748     118.034441
       0.580013     119.414612
       0.670273     120.429487
       0.445912     121.221309
       0.054864     122.000113
      -0.403099     122.999290
      -0.743964     124.430227
      -0.981315     126.127271
      -1.086878     127.782564
      -1.063320     129.424423
      -1.048131     131.091810
      -0.916186     132.853462
      -0.758173     134.750674
      -0.516664     136.814306
      -0.333593     139.101955
      -0.205533     141.855498
      -0.017567     145.111375
       0.261402     148.626568
       0.514666     152.269763
       1.097386     156.005309
       2.072361     159.634428
       3.157336     163.018647
       3.964290     166.101167
       4.369206     168.877713
       4.535672     171.343896
       4.523972     173.907025
       4.605534     176.713063
       4.602214     179.377179
       4.353973    -178.494600
       3.940632    -176.885779
       3.499797    -175.582679
       3.030274    -174.447029
       2.459074    -173.615856
       1.707618    -173.423770
       0.749613    -174.157142
      -0.366658    -175.273811
      -1.487498    -176.312573
      -2.309969    -176.970058
      -3.216995    -177.474159
      -4.325509    -178.049075
      -6.051687    -178.895324
      -8.499676    -179.973428
     -11.511318     179.171689
     -14.091453     178.603417
     -16.139410     178.444165
     -17.468090     178.365384
     -18.189709     178.335639
     -18.273143     178.205879
     -18.154033     177.933730
     -18.093886     177.446532
     -18.323699     177.048004
     -18.687543     176.595504
     -19.073822     176.019072
     -19.439055     175.498516
     -19.735478     175.073624
     -19.766101     174.508402
     -19.798899     174.003175
     -19.779338     173.596234
     -19.679128     173.255815
     -19.421940     172.923691
     -18.875666     172.685930
     -18.022310     172.386718
     -17.039628     171.667451
     -16.338950     170.490497
     -15.979242     169.121963
     -15.796832     167.755002
     -15.711150     166.541446
     -15.732438     165.653718
     -15.834828     165.043210
     -15.968221     164.537749
     -16.067275     163.885664
     -16.048499     162.969096
     -16.005365     161.911012
     -15.964753     160.863887
     -15.987090     159.936487
     -15.980958     159.167630
     -15.993198     158.434326
     -16.004576     157.594537
     -15.981475     156.498142
     -15.944498     155.230993
     -15.898848     153.880799
     -15.914253     152.496430
     -15.913828     150.831870
     -15.902794     148.873071
     -15.857414     146.885053
     -15.830601     145.080183
     -15.742379     143.482086
     -15.695109     142.163832
     -15.415480     140.874389
     -14.956675     139.391278
     -14.583879     137.939533
     -14.178047     136.140161
     -13.754008     133.994542
     -12.978645     131.614795
     -11.234313     129.269338
      -8.739622     127.092527
      -6.436404     125.114310
      -4.205255     123.446398
      -2.292601     122.352198
      -0.459272     121.773309
       1.279392     121.060580
       2.975423     120.161360
       4.751672     119.061458
       6.856645     117.982898
       9.049030     116.987859
      11.269187     116.512055
      13.326113     116.660670
      15.080429     117.291025
      16.869933     118.300703
      18.468649     119.471226
