       5.063378       9.683880
       5.888165       9.582939
       6.527436       9.392366
       7.093440       9.102774
       7.802502       8.717023
       8.842896       8.356539
      10.004121       8.048235
      11.292033       7.751644
      12.606463       7.449203
      14.014129       7.097208
      15.313748       6.763570
      16.579987       6.479624
      17.724313       6.277040
      18.625105       6.115870
      18.914737       5.896595
      18.578337       5.533057
      18.132192       4.773213
      18.109426       3.526951
      19.011401       1.980119
      20.495189       0.286951
      21.784075      -1.370992
      22.504472      -2.939685
      22.913180      -4.413001
      23.399636      -5.787547
      24.201414      -6.871852
      25.138229      -7.678174
      25.924141      -8.235296
      26.047097      -8.458473
      25.587933      -8.362259
      25.126618      -8.149962
      24.988183      -7.876295
      25.085336      -7.487785
      25.044768      -6.996415
      24.570926      -6.522069
      23.797579      -5.920237
      22.956437      -5.042397
      21.838569      -3.678051
      20.637519      -1.930403
      19.553988       0.161470
      18.664313       2.599247
      17.787462       5.353992
      17.002200       8.408905
      16.292414      11.745860
      15.675091      15.229037
      15.478612      19.125836
      15.553073      23.039723
      15.250677      26.736165
      14.725636      30.294122
      13.921942      33.535673
      12.538234      36.323845
      10.564966      38.650206
       8.242385      40.241323
       5.961416      41.261225
       4.057465      42.040092
       2.723209      42.593351
       1.523709      42.508343
       0.640900      41.700965
       0.428634      40.383721
       0.725360      38.715805
       1.112725      36.882312
       1.472758      35.011858
       1.837112      33.079015
       2.168217      31.040112
       2.484570      28.810758
       2.541384      26.335988
       2.469104      23.420339
       2.663487      19.395223
       3.907856      13.055369
       6.050211       3.722578
       7.218650      -6.505296
       8.220589     -15.999736
       9.545803     -23.734425
      10.371554     -29.346407
      10.966476     -33.019978
      11.660353     -35.327436
      12.595444     -36.705947
      13.970049     -37.901656
      15.374291     -38.870860
      16.479804     -39.539408
      17.187203     -40.045842
      17.390831     -40.102261
      17.223360     -40.109982
      16.933622     -40.139663
      16.919824     -40.559193
      17.091285     -41.323210
      17.054817     -41.936774
      16.898721     -41.962958
      16.812730     -41.260239
      17.175526     -40.251858
      17.728389     -39.150848
      18.324839     -38.149840
      19.206130     -37.511044
      19.685754     -37.457471
      20.183687     -37.545286
      20.502028     -37.347576
      20.058160     -37.007568
      18.822845     -36.425099
      16.803486     -35.144076
      14.821611     -33.403030
      12.710287     -30.280581
      11.132632     -26.097952
       8.806487     -20.740898
       6.491953     -14.740709
       4.341886      -8.449592
       2.541881      -2.777158
       1.680061       1.508162
       1.053772       4.596240
       1.235588       6.352181
       1.606446       7.207973
       1.815117       7.454272
       1.842807       7.614158
       1.461658       7.536053
       1.384057       7.989640
       1.728111       8.924995
       2.092696       9.479731
       2.551822      10.477007
       3.024252      11.657575
       3.425183      12.425223
       3.382289      12.271364
       3.042773      10.926958
       2.664516       9.108133
       2.391958       7.478539
       2.398998       6.393526
       3.075989       5.810513
       4.049805       5.411282
       5.388923       5.042536
       7.109163       4.599740
       9.079950       3.985268
      11.127913       3.301894
      13.177627       2.481442
      14.965008       1.537618
      16.398040       0.583392
      17.476471      -0.212582
      18.273283      -0.887238
      18.962997      -1.440305
      19.312526      -2.037358
      19.378744      -2.840003
      18.960085      -3.915613
      17.853547      -4.877571
      17.097734      -5.758174
      16.811273      -6.711696
      16.796704      -7.737229
      17.092366      -8.822880
      17.674435     -10.040027
      18.705993     -11.549851
      19.915121     -13.085706
      20.867349     -14.396916
      21.398935     -15.565614
      21.343174     -16.491802
      21.036135     -17.537235
      20.647202     -18.825061
      20.441703     -20.326743
      20.450113     -21.859879
      20.738999     -23.252866
      21.470518     -24.530846
      22.069222     -25.378605
      22.565852     -25.808870
      23.095557     -25.837883
      23.174000     -25.811320
      22.361826     -26.075404
      20.552397     -26.950273
      18.355648     -28.562372
      16.528414     -31.180330
      14.870258     -34.394312
      13.140738     -37.890067
      11.112938     -41.467289
       8.457321     -45.083892
       5.491085     -48.808763
       2.344144     -52.753501
      -0.561753     -56.688346
      -3.375954     -60.360969
      -5.971368     -63.763465
      -7.534453     -67.169924
      -7.884821     -70.620353
      -7.737933     -73.920919
      -7.209784     -77.150038
      -6.289705     -80.662856
      -4.585981     -84.918740
      -1.620573     -90.371293
       1.259170     -96.525103
       3.547140    -102.795306
       5.375596    -107.734977
       6.693025    -110.660071
       7.730160    -112.275128
       8.676068    -113.624438
       9.694802    -115.500862
      11.324165    -118.287938
      12.511497    -122.249006
      13.299724    -126.625971
      13.458375    -130.908758
      13.111776    -134.191387
      12.713599    -136.011897
      12.365916    -137.189162
      12.032260    -138.372964
      11.438996    -139.581284
      10.922716    -140.440900
      10.767579    -140.783534
      10.669000    -141.335175
      10.572634    -142.638169
      10.377463    -144.139076
      10.344785    -145.550799
      10.843546    -146.548034
      11.589361    -147.044587
      11.906389    -147.636328
      11.867048    -148.694449
      11.477276    -150.427309
      10.877724    -152.241446
      10.367393    -153.771146
       9.968934    -154.932490
       9.667764    -156.142306
       9.338277    -157.444163
       9.018383    -158.813378
       8.874610    -160.129796
       9.087876    -161.368230
       9.307754    -162.452104
       9.492519    -163.452535
       9.630278    -164.396643
       9.823830    -165.263019
      10.104250    -166.014401
      10.327069    -166.567441
      10.567817    -167.058661
      10.739170    -167.422121
      10.875949    -167.644418
      11.007929    -167.690443
      11.149693    -167.534260
      11.270838    -167.188615
      11.392592    -166.719077
      11.538391    -166.254804
      11.575234    -165.851982
      11.508195    -165.540297
      11.388938    -165.248778
      11.233649    -164.931964
      11.056528    -164.527744
      10.844009    -164.184877
      10.616836    -163.940588
      10.406898    -163.679727
      10.254386    -163.362874
      10.302096    -163.097350
      10.472617    -162.897309
      10.687456    -162.819548
      10.834138    -162.700055
      11.123040    -162.588470
      11.549337    -162.424594
      12.080442    -162.172505
      12.726942    -161.837059
      13.504431    -161.384064
      14.511913    -160.707325
      15.717182    -159.819743
      16.986365    -158.579794
      18.338662    -156.734834
      19.628970    -154.234924
      20.346370    -151.077402
      19.920912    -147.000825
      17.911817    -141.691069
      14.129719    -135.161685
       9.307331    -127.933880
       5.355029    -119.900975
       2.921083    -112.142415
       1.920304    -105.499794
       0.612239     -99.956668
      -1.380575     -95.197261
      -3.745196     -91.036754
      -5.500238     -87.780936
      -5.828921     -84.975946
      -5.590741     -82.280580
      -5.241922     -79.282971
      -4.684863     -75.745343
      -4.044736     -71.577828
      -3.737902     -67.105277
      -3.970204     -62.458043
      -4.497159     -57.715795
      -4.935026     -53.014391
      -5.276056     -48.617080
      -5.397035     -44.344536
      -5.153734     -40.137771
      -4.553950     -35.902544
      -3.907471     -31.990646
      -3.120959     -28.326892
      -2.250953     -24.906158
      -1.109284     -21.454769
       0.633353     -18.051077
       3.115431     -15.005964
       5.511036     -12.404159
       8.148515     -10.013389
      11.146372      -7.776112
      13.784253      -5.773512
      16.181041      -4.136884
      18.304890      -2.734736
      20.303492      -1.320535
      21.620955       0.537680
      22.133072       3.254812
      22.050000       6.899787
      21.919832      11.105931
      21.539811      15.378690
      20.608722      19.502478
      18.997123      23.438878
      17.240912      27.376632
      15.317354      31.498428
      13.743340      35.937648
      12.321568      40.664382
      10.853468      45.658429
       9.528169      50.885616
       8.414958      56.362065
       7.813531      61.894963
       7.715093      66.681472
       7.741647      70.032799
       8.166954      71.642606
       8.525339      71.640585
       8.996838      70.529731
       9.762899      68.579354
      10.712382      65.761494
      10.930534      62.202806
      10.273091      58.598263
       9.698927      54.917261
       9.275474      51.133596
       8.850140      47.396622
       8.668166      43.859130
       8.650079      40.574284
       8.535774      37.440001
       8.454542      34.467833
       8.407452      31.776673
       8.345699      29.399682
       8.217416      27.173390
       8.029317      24.921900
       8.006253      22.516260
       8.059708      19.766463
       8.096916      16.860584
       8.125372      14.046997
       8.326514      11.548575
       8.472870       9.443001
       8.572013       7.637990
       8.670511       5.956962
       8.836766       4.276985
       8.898079       2.475717
       8.781936       0.450006
       8.515968      -1.785180
       8.332017      -4.099739
       8.070729      -6.454505
       7.754756      -8.785626
       7.628893     -11.142491
       7.632177     -13.456451
       7.533441     -15.795223
       6.878754     -18.072696
       5.418732     -20.310297
       3.322258     -22.466652
       0.285242     -24.590568
      -3.130582     -26.578193
      -5.175570     -28.054903
      -5.964492     -29.220314
      -7.083460     -30.632479
      -8.139568     -31.958386
      -9.247522     -33.134075
     -10.599533     -34.058012
     -12.212537     -34.718817
     -14.525430     -35.226888
     -17.762064     -35.756901
     -21.549680     -36.270009
     -24.571924     -37.113291
     -26.523148     -38.254215
     -27.849133     -39.535049
     -29.011028     -40.980368
     -29.917593     -42.536092
     -30.926409     -44.008838
     -31.865568     -45.132268
     -32.315431     -45.868563
     -32.478780     -46.242880
     -32.417129     -46.456725
     -32.012729     -46.695680
     -31.294399     -46.960301
     -30.191277     -47.120422
     -28.719048     -47.411941
     -26.811993     -48.040585
     -24.520858     -49.025089
     -21.957930     -50.253047
     -19.021282     -51.957080
     -15.902441     -54.383275
     -12.926924     -57.433394
      -9.982209     -60.885596
      -7.167912     -64.315295
      -4.672603     -67.487553
      -2.321778     -70.303456
       0.049921     -72.617245
       2.261447     -74.493091
       4.179511     -76.045434
       5.832602     -77.433149
       7.075737     -78.700934
       7.833276     -79.983898
       8.183136     -81.209611
       8.189830     -82.184838
       8.067424     -82.744649
       7.588020     -82.763951
       6.738384     -82.432741
       6.113642     -82.272760
       5.751634     -82.577247
       5.988340     -83.889809
       6.967546     -86.216109
       7.699587     -88.638074
       8.236300     -90.361919
       8.636842     -91.142695
