      -4.275544      37.621204
      -4.358137      36.243983
      -4.350358      34.594013
      -4.364796      32.976819
      -4.305135      31.547637
      -4.136342      30.378066
      -3.768387      29.458661
      -3.299174      28.738430
      -2.795767      28.159722
      -2.251389      27.703383
      -1.718123      27.372909
      -1.294330      27.245089
      -0.997105      27.436368
      -0.802558      28.189022
      -0.643542      29.844396
      -0.458666      32.476842
      -0.344451      35.451705
      -0.311685      38.117565
      -0.274294      40.116393
      -0.342737      41.399543
      -0.467510      42.093223
      -0.759475      42.338445
      -1.051829      42.236146
      -1.203520      42.044799
      -1.180961      41.919867
      -1.095509      41.887558
      -1.031507      41.853758
      -1.040643      41.754198
      -1.147726      41.502454
      -1.278371      41.057667
      -1.450765      40.294459
      -1.696590      38.753075
      -1.833044      36.479298
      -2.012001      33.873962
      -2.153508      31.330091
      -2.328663      29.063768
      -2.517897      27.117702
      -2.798889      25.492784
      -3.044668      24.172927
      -3.234569      23.173784
      -3.361010      22.407256
      -3.430377      21.876276
      -3.455186      21.578992
      -3.424652      21.474302
      -3.312629      21.517303
      -3.113049      21.616015
      -2.829838      21.712342
      -2.484713      21.775454
      -2.009096      21.767078
      -1.320217      21.602496
      -0.681376      21.300814
      -0.008429      20.935947
       0.743241      20.539388
       1.514324      20.110440
       2.292278      19.667720
       3.114477      19.220704
       3.954814      18.763576
       4.852577      18.261466
       5.780803      17.760889
       6.704225      17.252646
       7.560742      16.795674
       8.458239      16.363146
       9.450856      15.942003
      10.518936      15.483025
      11.522428      15.057536
      12.502780      14.640537
      13.508867      14.281457
      14.407421      13.896765
      15.182568      13.492182
      15.869939      13.154903
      16.461554      12.885609
      16.892118      12.664725
      17.334045      12.431693
      17.914740      12.019412
      18.559949      11.419391
      19.218764      10.596921
      19.901292       9.634520
      20.692676       8.504523
      21.547980       7.240877
      22.501307       5.888982
      23.634949       4.430831
      24.988193       2.901634
      26.335947       1.279560
      27.654114      -0.307032
      28.813519      -1.577747
      30.035723      -2.484269
      31.216468      -3.037472
      32.320873      -3.498139
      33.380066      -4.149202
      34.067167      -4.814537
      34.221225      -5.199292
      33.910054      -5.421919
      33.531287      -5.607274
      33.347497      -5.943204
      33.226047      -6.334578
      32.815753      -6.739885
      32.330529      -7.057094
      31.745014      -7.334912
      31.031195      -7.671905
      30.188411      -8.149692
      28.896851      -8.855649
      25.936388      -9.399408
      21.715975      -9.419725
      17.534147      -9.102650
      14.088694      -8.457792
      11.198318      -7.933551
       9.092072      -7.742143
       7.749364      -7.797014
       6.824584      -8.039091
       6.113829      -8.333577
       5.391187      -8.696239
       4.603609      -9.126515
       3.667808      -9.601462
       2.745482     -10.118699
       1.755527     -10.610619
       0.830541     -10.952653
      -0.018069     -11.133523
      -0.727834     -11.054256
      -1.453859     -10.604612
      -2.231928      -9.721221
      -3.134411      -8.601728
      -4.080066      -7.174652
      -4.797294      -5.055645
      -5.602828      -2.380215
      -6.444987       0.344595
      -7.167859       2.481838
      -7.798134       3.811143
      -8.551685       4.590534
      -9.409222       5.268346
     -10.446050       5.790098
     -12.001679       5.612229
     -13.942649       3.992991
     -15.238973       1.221133
     -14.962284      -1.585903
     -14.234786      -3.755142
     -14.144575      -5.179490
     -14.109022      -6.245733
     -14.046864      -7.643726
     -13.659701      -9.395135
     -13.436534     -11.244507
     -13.279781     -12.767842
     -13.204730     -14.094730
     -13.163398     -15.276461
     -12.872402     -16.316386
     -12.250505     -17.188173
     -11.232219     -18.023340
      -9.735971     -18.871912
      -7.795359     -19.751222
      -5.818126     -20.577069
      -4.127594     -21.225008
      -2.579052     -21.730774
      -1.206303     -22.072896
      -0.000096     -22.412960
       1.215001     -22.818838
       2.237610     -23.113290
       3.370196     -23.303037
       4.443039     -23.345414
       5.467373     -23.131130
       6.321673     -22.816375
       7.179702     -22.435859
       8.162622     -22.040021
       9.211792     -21.777339
      10.331084     -21.640791
      11.326942     -21.750356
      11.899726     -22.113093
      12.325985     -22.658332
      12.691787     -23.348991
      13.026323     -24.179234
      13.126166     -25.125057
      13.066264     -25.999151
      13.051503     -26.853924
      13.104482     -27.755625
      13.243895     -28.650085
      13.514325     -29.467765
      13.592799     -30.220108
      13.512206     -31.287366
      12.991740     -33.738876
      12.248319     -37.685283
      11.444625     -41.987229
      10.907284     -45.895243
      10.031425     -49.060905
       9.330241     -51.604800
       9.054663     -53.723361
       9.250245     -55.444258
       9.274867     -56.940731
       9.342690     -58.516694
       9.299408     -60.380684
       9.020256     -62.819769
       8.673422     -65.843223
       8.427072     -69.134682
       8.077796     -72.318111
       7.300131     -75.199453
       6.519606     -77.618343
       6.161050     -79.479462
       6.346696     -80.420476
       6.882219     -80.345003
       7.479808     -79.743557
       8.023942     -79.057221
       8.603332     -78.592943
       9.452713     -78.524119
      11.398583     -79.352815
      15.100026     -81.234887
      18.279364     -83.590101
      20.461977     -86.265719
      22.263624     -89.080481
      23.442151     -91.684739
      23.970078     -93.712323
      23.731788     -94.990837
      23.161578     -95.789613
      22.340484     -96.732867
      21.494888     -97.922430
      20.636511     -99.063917
      20.007124    -100.002566
      19.522710    -101.005891
      19.200784    -102.756499
      19.068636    -105.754147
      19.223696    -109.745250
      19.474568    -114.085496
      19.719844    -118.419360
      19.690276    -122.676123
      18.819521    -126.656298
      15.852402    -129.601772
      10.328448    -130.924621
       3.580821    -131.263787
      -2.912751    -131.592423
      -6.703965    -131.919437
      -9.309216    -132.450815
     -12.230165    -132.954964
     -14.874871    -133.588310
     -16.792737    -134.513758
     -18.287644    -135.663405
     -19.558147    -136.962445
     -20.960519    -138.123313
     -22.541344    -138.916941
     -24.143183    -139.172139
     -26.368081    -138.668863
     -28.420445    -137.426359
     -29.628581    -135.825455
     -30.551505    -134.238763
     -31.477142    -133.066044
     -32.402216    -132.606084
     -33.105756    -133.148293
     -33.276672    -134.457542
     -33.284567    -136.107405
     -33.531452    -137.754956
     -33.865987    -139.257991
     -33.762243    -140.571389
     -33.279045    -141.703775
     -32.701931    -142.800772
     -31.995421    -143.846684
     -31.436734    -144.788655
     -31.173824    -145.539337
     -31.179169    -146.005456
     -31.318752    -146.275390
     -31.573338    -146.497725
     -31.732682    -146.644970
     -31.858727    -146.678260
     -31.958364    -146.628107
     -31.999017    -146.576690
     -31.995239    -146.524467
     -31.877227    -146.463327
     -31.692736    -146.408161
     -31.474942    -146.398981
     -31.188448    -146.364972
     -30.956846    -146.484212
     -30.811949    -147.265630
     -30.452221    -149.221058
     -29.588161    -152.192419
     -28.467155    -155.517382
     -26.953629    -158.660994
     -24.718099    -161.247990
     -21.476480    -162.656847
     -17.889132    -162.939215
     -15.474013    -162.677878
     -13.236643    -162.422700
     -10.736018    -162.675343
      -8.859142    -163.515695
      -7.471918    -165.092615
      -6.138989    -167.770390
      -4.356736    -172.404884
      -2.534938    -178.789441
      -1.277222     174.578848
      -0.758342     169.035566
      -0.544044     164.642525
      -0.376801     161.205948
      -0.079296     158.652756
       0.500812     156.805164
       1.359407     155.174729
       2.256956     153.790642
       3.198533     152.808348
       4.053690     152.549178
       4.997431     153.170983
       5.543121     154.473113
       6.087966     156.108929
       6.573037     157.942717
       7.118503     160.282589
       7.316518     163.187982
       7.244834     166.104100
       7.662676     168.234546
       8.677537     169.397512
      10.026699     169.758427
      11.539248     169.433162
      13.100548     168.501197
      14.450096     167.058622
      15.750694     165.209223
      16.833802     163.067819
      17.353511     160.523623
      17.412354     157.338309
      17.352467     153.836668
      17.342640     150.649916
      17.248073     148.026560
      16.927806     145.833400
      16.547506     143.774440
      16.024338     141.686289
      15.221575     139.593573
      14.401532     137.583795
      13.867105     135.767317
      13.470901     134.414568
      13.239398     133.813443
      12.795816     133.911156
      12.105388     134.183092
      11.270841     134.166063
      10.857008     133.941785
      10.984875     133.941892
      11.415332     133.960436
      11.418939     133.862285
      11.062085     133.938113
      10.678100     134.496234
       9.833423     135.442761
       8.962027     136.373240
       8.052191     137.035816
       7.595921     137.436850
       7.545766     137.622340
       7.721733     137.550106
       7.756175     137.182177
       7.779691     136.744394
       7.768050     136.180037
       7.793776     135.344814
       7.707745     134.391030
       7.073847     133.597529
       6.124425     133.281842
       4.997895     133.369841
       3.727803     133.710474
       1.779386     134.301710
      -1.245394     135.262371
      -4.975196     136.687140
      -8.623145     138.596931
     -11.668812     140.859838
     -14.331825     143.223566
     -16.656012     145.568615
     -18.538108     147.842547
     -20.020491     149.931941
     -21.187985     151.498225
     -22.055100     152.267480
     -22.816147     152.260806
     -23.609029     151.838100
     -24.425655     151.353631
     -25.228946     150.795073
     -25.766371     150.186925
     -26.073570     149.633914
     -25.947407     148.834380
     -25.445615     147.963409
     -24.566448     147.036641
     -23.283781     145.974342
     -21.448810     145.094812
     -18.724685     144.452092
     -15.127649     143.921074
     -11.644910     143.385946
      -8.523313     142.584761
      -5.793476     141.335466
      -3.333889     139.600800
      -1.432433     137.090681
      -0.317649     132.812507
      -0.216140     125.347962
      -0.846316     114.778613
      -1.454613     103.145430
      -1.933628      91.993335
      -2.112212      81.654937
      -2.434405      72.320836
      -3.025267      63.815862
      -3.943455      56.229935
      -5.607086      49.894764
      -8.743703      45.288946
     -13.089461      42.962397
     -17.376284      42.117780
     -21.942186      41.824295
     -26.655813      41.731832
     -30.989473      41.274208
     -35.374838      40.478057
     -39.905224      39.750560
     -43.791754      39.039312
     -46.803953      38.294582
     -48.536633      36.816400
     -49.185638      34.443421
     -48.848726      31.583868
     -48.080394      28.797777
     -47.589004      26.515775
     -47.861599      24.754755
     -48.678784      22.950502
     -49.124178      21.185272
     -49.009265      19.331222
     -48.516054      17.306702
     -47.683686      15.245759
     -46.795764      13.031032
     -45.763263      10.283901
     -45.930767       7.278871
     -47.733087       4.209057
     -50.068106       1.935097
     -52.039606       0.442644
     -53.638509      -0.586379
     -54.843352      -1.724205
     -55.817209      -3.427143
     -56.704485      -5.552962
     -57.545193      -8.002758
     -58.290998     -10.239999
     -58.968747     -11.809957
     -59.668571     -12.652374
     -60.181604     -13.031125
     -60.456492     -12.866452
     -60.574474     -12.560554
     -60.572629     -12.327870
     -60.482992     -12.397283
     -60.272902     -12.478135
     -59.880469     -12.566823
     -59.380089     -12.812150
     -58.785477     -12.886964
     -58.499758     -12.615123
     -58.326323     -12.240583
     -58.135826     -11.904817
     -57.842530     -11.754354
     -57.495398     -11.562362
     -57.247982     -11.478518
     -57.161172     -11.506983
     -57.078015     -11.611860
     -57.128193     -11.767448
     -57.173387     -11.943892
     -57.173941     -11.896877
     -57.082304     -11.780392
     -57.074173     -11.714084
     -57.074100     -11.631316
     -57.014806     -11.555127
     -56.910462     -11.567400
     -56.699779     -11.449464
     -56.474739     -11.307799
     -56.300070     -11.159420
     -56.197845     -11.036782
     -56.212042     -11.070327
     -56.162587     -11.072939
     -56.183798     -11.101765
     -56.212061     -11.179261
     -56.184133     -11.338592
     -56.140318     -11.367642
     -56.046218     -11.247892
     -55.959034     -10.766231
     -55.255091      -9.295370
     -52.444487      -6.406204
     -48.421842      -3.701849
     -44.862781      -2.271348
     -40.523810      -1.513547
     -32.184170      -1.223493
     -23.049847      -0.925009
     -16.467881      -0.604643
     -12.122041      -0.336245
      -7.901733      -0.210786
      -3.752649      -0.139968
      -0.273922      -0.043191
       2.624689       0.067184
       4.894540       0.296438
       6.329812       0.723105
       7.033869       1.250816
       7.508400       1.723165
       8.064123       2.109668
       8.328552       2.452360
       8.897834       2.733329
       9.341391       3.004387
       9.662474       3.234926
       9.908333       3.406507
      10.089619       3.467569
      10.062563       3.514620
      10.005099       3.579785
      10.032423       3.648217
      10.040492       3.630383
       9.702033       3.445024
       8.242473       2.937713
       4.245636       2.231457
      -3.373216       2.153727
     -14.144324       2.970487
     -27.499808       4.521427
     -42.328396       6.795333
     -53.983911       9.757589
     -60.304832      12.780294
     -62.134900      14.235891
     -62.454827      13.475369
     -62.984835      11.481219
     -64.033234       9.630236
     -65.944438       9.094652
     -68.353881       9.940693
     -70.431604      11.956601
     -71.747386      14.792693
     -72.658909      17.543094
     -73.430573      19.487674
     -74.365196      20.128425
     -75.024653      19.791291
     -75.159013      19.733526
     -74.984233      19.916381
     -74.694507      20.152134
     -74.729463      19.948061
     -74.732144      19.361140
     -74.643333      18.568799
     -74.526046      18.076883
     -74.536692      18.245612
     -74.736355      19.012211
     -74.680810      19.715861
     -74.168205      19.997289
     -73.410436      19.496629
     -72.594004      18.868244
     -71.180183      19.327932
     -68.608375      20.733224
     -65.191575      22.148447
     -61.882587      22.944294
     -58.622859      23.228122
     -55.123087      23.183160
     -51.479373      22.854102
     -47.725831      22.218898
     -43.960156      21.549770
     -40.087802      20.814546
     -35.684063      20.100574
     -31.558927      19.354306
     -27.653997      18.653894
     -23.833399      17.951346
     -20.097417      17.279079
     -16.689461      16.639254
     -13.756030      15.864020
     -11.353953      14.734932
      -9.372363      13.029475
      -7.629058      10.679009
      -5.789732       7.675457
      -3.841593       4.352775
      -2.214756       1.171360
      -0.664652      -1.676507
       1.066888      -4.249712
       2.845414      -6.539510
       4.302550      -8.633051
       5.649855     -10.782463
       6.894304     -12.910651
       8.042014     -14.916611
       9.288263     -16.822672
      10.670238     -18.549361
      12.260177     -19.985697
      14.004541     -20.793432
      15.743468     -20.879894
      17.313718     -20.165585
      18.943053     -18.976818
      20.774218     -17.868927
      22.416810     -16.968094
      23.757414     -16.224977
      24.410069     -15.031608
      24.168116     -13.370559
      23.821789     -11.597736
      23.460178     -10.187125
      22.772531      -9.516568
      21.595317      -9.379756
      19.986034      -9.261466
      18.414362      -9.133603
      17.444071      -9.147530
      17.257694      -9.550597
      17.322070     -10.307179
      17.281148     -11.180748
      17.058833     -11.826663
      16.938505     -12.337856
      17.039331     -12.914836
      17.088659     -13.482015
      17.039182     -13.881655
      16.950423     -14.081124
      16.987333     -14.153168
      17.176353     -14.182131
      17.400896     -14.100524
      17.551804     -13.897761
      17.594366     -13.670373
      17.593249     -13.484680
      17.662823     -13.347159
      17.781837     -13.244589
      17.878232     -13.095407
      18.041471     -12.912685
      18.115578     -12.783279
      18.119285     -12.724135
      18.073810     -12.710561
      18.076214     -12.773192
      18.018449     -12.841592
      17.964489     -12.930774
      17.893197     -12.998481
      17.865367     -13.025227
      17.846697     -13.033099
      17.857757     -12.965581
      17.842409     -12.888588
      17.812221     -12.843417
      17.801365     -12.839428
      17.795791     -12.813899
