       8.367175     -15.747452
       8.044803     -16.142050
       7.653547     -16.743807
       7.076939     -17.499399
       6.357045     -18.416673
       5.525145     -19.458540
       4.842182     -20.492221
       4.136281     -21.458446
       3.727163     -22.181829
       3.437308     -22.613060
       3.343665     -22.694758
       3.327321     -22.548267
       3.324718     -22.217846
       3.381290     -21.739668
       3.449156     -21.148087
       3.534465     -20.535670
       3.670967     -19.938499
       3.737814     -19.414778
       3.811381     -18.949547
       3.956325     -18.517396
       4.129926     -18.075895
       4.373277     -17.583009
       4.671617     -17.060847
       4.911904     -16.528996
       5.180066     -15.969812
       5.479886     -15.372785
       5.831428     -14.711999
       6.230961     -14.007615
       6.671012     -13.259697
       7.215050     -12.489487
       7.874002     -11.719042
       8.652393     -10.969473
       9.596651     -10.191595
      10.695634      -9.371837
      11.785933      -8.488033
      12.821468      -7.553269
      13.860216      -6.553860
      14.922429      -5.538735
      16.100997      -4.585630
      17.261739      -3.752200
      18.355201      -3.046987
      19.304377      -2.457448
      20.061094      -1.971347
      20.670892      -1.530002
      21.234615      -1.138578
      21.679261      -0.745800
      21.909421      -0.142947
      22.012722       1.162103
      21.821950       3.372716
      21.351778       5.597184
      20.890738       7.574600
      20.550464       9.300419
      20.243133      10.849004
      19.834316      12.231236
      19.304006      13.502967
      18.417932      14.552083
      17.137067      15.205965
      15.337756      15.457516
      13.288329      15.488124
      11.515692      15.588960
      10.155869      15.739964
       9.376889      15.866720
       8.904603      15.914269
       8.734542      15.826039
       8.732872      15.562387
       8.839865      15.232138
       9.004095      14.876622
       9.155563      14.400379
       9.217674      13.699604
       9.331564      12.932670
       9.542700      12.117511
       9.911306      11.335751
      10.383136      10.519209
      10.893100       9.688945
      11.350984       8.744893
      11.796635       7.535201
      12.233166       6.033641
      12.639132       4.271767
      13.023440       2.231194
      13.351242       0.133474
      13.566480      -1.840834
      13.577804      -3.552916
      13.448883      -4.969579
      13.278999      -6.092502
      13.232555      -6.931080
      13.283699      -7.562779
      13.382294      -8.043516
      13.438176      -8.482084
      13.427597      -8.936414
      13.376046      -9.505005
      13.222025     -10.127874
      13.114094     -10.681290
      13.113597     -11.080386
      13.224717     -11.259725
      13.387914     -11.241123
      13.570193     -11.099793
      13.706215     -10.931262
      13.790923     -10.808611
      13.806634     -10.757593
      13.772636     -10.711335
      13.801683     -10.562070
      13.838443     -10.210560
      13.826378      -9.652782
      13.773557      -9.056043
      13.590914      -8.602644
      13.382404      -8.420521
      13.137363      -8.370326
      12.884891      -8.361137
      12.698059      -8.332494
      12.529685      -8.281878
      12.335221      -8.232422
      12.183008      -8.149864
      12.067621      -8.047805
      11.930665      -7.918564
      11.806961      -7.782521
      11.762687      -7.640906
      11.793535      -7.525407
      11.889336      -7.449952
      12.019280      -7.410322
      12.163502      -7.371110
      12.309609      -7.213224
      12.521739      -6.269184
      12.619846      -3.539036
      12.266611       0.376872
      11.643340       4.180269
      11.118431       7.259608
      10.739860       9.523906
      10.410279      10.936540
      10.069503      11.693580
       9.957443      12.081080
      10.031415      12.288699
      10.134290      12.501449
      10.234978      12.894637
      10.267330      13.495751
      10.239426      14.242518
      10.297227      14.961531
      10.598771      15.775927
      11.143154      16.826499
      11.973176      18.240210
      12.842747      20.074356
      13.428857      22.142446
      13.595227      24.221777
      13.554342      26.132027
      13.357436      27.854009
      12.644548      29.472777
      11.350465      31.145755
       9.717076      32.799353
       8.179282      34.122105
       7.206647      34.955048
       6.839492      35.402445
       6.761083      35.493682
       6.827675      35.344113
       6.912964      35.084014
       6.874581      34.846608
       6.790441      34.796833
       6.690749      34.879274
       6.586688      34.980387
       6.550154      35.004548
       6.646423      34.919295
       6.775564      34.785293
       6.835523      34.692948
       6.830473      34.697310
       6.792987      34.769529
       6.721102      34.842994
       6.673300      34.867027
       6.643321      34.832957
       6.696144      34.746225
       6.782437      34.651926
       6.874379      34.572344
       6.973205      34.524230
       7.048617      34.476541
       7.070903      34.449735
       7.058126      34.438632
       7.008415      34.439183
       6.999520      34.442086
       6.971805      34.448613
       6.955488      34.441585
       6.944646      34.425127
       6.950557      34.389258
       6.960676      34.428398
       6.984397      34.561340
       7.021248      34.636777
       6.980996      34.603907
       6.934104      34.610772
       6.908244      34.641282
       6.942541      34.730636
       6.946854      34.778172
       6.914950      34.797593
       6.870321      34.793494
       6.852287      34.808276
       6.825653      34.796524
       6.791793      34.821363
       6.806032      34.865684
       6.790538      34.867668
       6.768305      34.854284
       6.773550      34.888118
       6.793133      34.884310
       6.831539      34.880102
       6.846321      34.865606
       6.834917      34.864647
       6.837874      34.851987
       6.827375      34.853964
       6.807425      34.856324
       6.797727      34.853930
       6.833102      34.838766
       6.826111      34.800767
       6.819015      34.792304
       6.807210      34.799446
       6.831641      34.810357
       6.835801      34.812778
       6.854485      34.802751
       6.866944      34.788299
       6.870728      34.786701
       6.850380      34.786072
       6.819995      34.804767
       6.836495      34.812713
       6.840218      34.795356
       6.823403      34.774109
       6.813798      34.772455
       6.788617      34.755937
       6.787418      34.667602
       6.836515      34.222259
       7.032298      33.366503
       7.299124      32.142708
       7.541359      30.608816
       7.522344      28.747915
       7.020981      26.645201
       6.224878      24.488541
       5.291467      22.444366
       4.258398      20.562133
       3.114087      18.749633
       2.015880      17.024883
       0.950873      15.365769
       0.030708      13.774954
      -0.846367      12.131086
      -1.605300      10.514512
      -2.282763       9.034466
      -2.908530       7.695326
      -3.478044       6.527029
      -3.999069       5.421220
      -4.446270       4.333947
      -4.695768       3.295050
      -4.758495       2.340278
      -4.672286       1.453962
      -4.508912       0.646586
      -4.342610      -0.074753
      -4.173170      -0.651417
      -4.005335      -1.051069
      -3.909177      -1.301798
      -3.852890      -1.405436
      -3.763295      -1.388078
      -3.685992      -1.327422
      -3.546360      -1.214682
      -3.380498      -1.020780
      -3.250426      -0.872064
      -3.160757      -0.828164
      -3.146528      -0.910059
      -3.124095      -1.019199
      -3.071098      -1.096797
      -3.011256      -1.139122
      -2.982721      -1.196141
      -2.926224      -1.269106
      -2.858396      -1.342176
      -2.797078      -1.451111
      -2.704060      -1.586504
      -2.608188      -1.732918
      -2.528437      -1.850819
      -2.488859      -1.904649
      -2.437882      -1.913598
      -2.360018      -1.881631
      -2.284186      -1.852754
      -2.255936      -1.849472
      -2.260999      -1.853503
      -2.249358      -1.869868
      -2.296267      -1.904745
      -2.336135      -1.909773
      -2.335537      -1.855003
      -2.321863      -1.792017
      -2.268328      -1.762146
      -2.213871      -1.767225
      -2.131423      -1.776930
      -2.051410      -1.803144
      -1.993401      -1.851860
      -1.948268      -1.915304
      -1.882903      -1.968240
      -1.832972      -2.027800
      -1.809605      -2.100822
      -1.768868      -2.143696
      -1.717708      -2.155530
      -1.644655      -2.165872
      -1.603719      -2.207553
      -1.567246      -2.279574
      -1.518901      -2.335691
      -1.466432      -2.384379
      -1.410815      -2.422786
      -1.376318      -2.426900
      -1.366528      -2.419835
      -1.431919      -2.427014
      -1.522655      -2.422584
      -1.599277      -2.384407
      -1.615696      -2.330355
      -1.580664      -2.266495
      -1.510816      -2.170411
      -1.446440      -2.109069
      -1.400252      -2.135563
      -1.407777      -2.237769
      -1.478980      -2.349025
      -1.529460      -2.432222
      -1.561130      -2.497688
      -1.585790      -2.530587
      -1.533570      -2.519054
      -1.431555      -2.513227
      -1.326411      -2.536197
      -1.257720      -2.604905
      -1.234984      -2.686066
      -1.242398      -2.760025
      -1.231715      -2.809380
      -1.229819      -2.817238
      -1.215795      -2.778718
      -1.157983      -2.757303
      -1.156299      -2.787980
      -1.176932      -2.850630
      -1.184003      -2.885712
      -1.170677      -2.890767
      -1.153022      -2.923914
      -1.140773      -2.984635
      -1.121901      -3.009458
      -1.088440      -3.015647
      -1.060271      -3.030539
      -1.041692      -3.054904
      -1.006561      -3.078501
      -1.009621      -3.144995
      -1.049761      -3.228745
      -1.041840      -3.277784
      -0.938184      -3.330795
      -0.384506      -3.698353
       0.584432      -4.559326
       1.517140      -5.583377
       2.504324      -6.549686
       3.476792      -7.560501
       4.217913      -8.543591
       4.688512      -9.349927
       4.939885      -9.899362
       5.032086     -10.150395
       5.138205     -10.164499
       5.336063     -10.039852
       5.590382      -9.866891
       5.829851      -9.746415
       6.058432      -9.724992
       6.276486      -9.799190
       6.503145      -9.904213
       6.741224      -9.980433
       6.961168      -9.974346
       7.167480      -9.913406
       7.254674      -9.813906
       7.312911      -9.716887
       7.376162      -9.631256
       7.468993      -9.588782
       7.608524      -9.605844
       7.721611      -9.701626
       7.836833      -9.844719
       7.925237     -10.011198
       7.957822     -10.152119
       7.960128     -10.231881
       7.979189     -10.253417
       7.939005     -10.252802
       7.870666     -10.270822
       7.787408     -10.333589
       7.676776     -10.574898
       7.530063     -11.596204
       7.428814     -14.433892
       7.302819     -19.674271
       7.067377     -26.168285
       7.153246     -32.312295
       6.895253     -37.190495
       6.456133     -41.244847
       6.389025     -45.265073
       6.629580     -49.176522
       6.932549     -52.787835
       7.267248     -55.679284
       7.891054     -57.929441
       8.441317     -59.628414
       8.644219     -60.840197
       8.682026     -61.748563
       8.538891     -62.446653
       8.412822     -62.995832
       8.449009     -63.445539
       8.620809     -63.892929
       8.711284     -64.317690
       8.733961     -64.673851
       8.738920     -64.941915
       8.730560     -65.092589
       8.704201     -65.175358
       8.678710     -65.205821
       8.693666     -65.197234
       8.832866     -65.212733
       9.034591     -65.277142
       9.426954     -65.445199
       9.979365     -65.819117
      10.533497     -66.259387
      11.197600     -66.810907
      12.092390     -67.512669
      13.298342     -68.456884
      14.681871     -69.628772
      15.750671     -70.847361
      16.469507     -71.814656
      16.978502     -72.389830
      17.435004     -72.568087
      17.941096     -72.450465
      18.533502     -72.246242
      19.119393     -72.054719
      19.699249     -71.911311
