       9.564753      26.909236
       9.760130      26.890318
       9.911225      26.927462
       9.971095      26.940260
      10.093151      26.925213
      10.312966      26.935986
      10.449227      27.019769
      10.500760      27.126753
      10.530781      27.223303
      10.484459      27.184056
      10.428964      27.020427
      10.336183      26.763559
      10.067124      26.558631
       9.767790      26.667579
       9.055381      27.118804
       7.837355      27.911346
       6.091905      29.067080
       3.522043      30.369020
       0.756713      31.372923
      -1.078963      32.160266
      -1.987224      32.805310
      -2.481049      33.401514
      -3.197715      34.150399
      -3.981210      35.184210
      -5.032012      36.175256
      -6.040194      37.170569
      -6.943181      38.205550
      -7.623917      39.315827
      -8.424145      40.181475
      -9.044805      40.620763
      -9.619355      40.693468
      -9.975069      40.421817
      -9.914163      40.208392
      -9.623352      40.096919
      -9.045118      39.980824
      -7.832979      39.169788
      -6.503658      38.070127
      -5.150746      37.419128
      -3.508192      37.244440
      -2.063522      37.357519
      -1.299118      37.351491
      -0.807911      37.198009
      -0.753187      37.109344
      -0.915890      37.248068
      -0.026704      37.010169
       1.070380      36.158827
       1.954814      35.653318
       1.918577      35.112343
       1.483651      34.974155
       0.794352      35.414904
       0.637938      35.363837
       1.522675      34.564582
       2.191994      33.439380
       2.338272      32.456350
       2.064304      31.628725
       1.897663      30.829854
       1.678513      30.057196
       1.486321      29.212691
       1.003602      28.296640
       0.500002      27.197896
      -0.844031      26.198809
      -3.217724      25.741415
      -5.743656      25.585719
      -7.419244      25.159124
      -8.973595      24.555852
     -10.723966      23.921727
     -12.390184      23.357443
     -13.278656      22.778898
     -13.489389      22.230239
     -13.910934      21.799356
     -14.485667      21.654728
     -15.172191      22.006015
     -16.497031      22.855608
     -18.446907      24.299285
     -21.120098      26.247469
     -24.548324      28.412232
     -29.323429      30.633009
     -34.794885      33.029255
     -38.722201      35.845629
     -41.655465      39.217108
     -44.738582      42.745925
     -46.971865      46.181550
     -48.885139      49.603104
     -50.542715      53.800466
     -52.188872      59.275590
     -55.007757      64.392085
     -58.047763      67.593296
     -60.614404      68.606199
     -62.616348      68.151985
     -63.839433      67.488520
     -64.787029      67.651546
     -65.385890      68.847501
     -65.386731      70.658908
     -63.944947      73.158493
     -62.115132      76.910164
     -61.511326      81.561604
     -61.884856      86.989250
     -63.033357      92.627186
     -64.606746      97.674274
     -65.659676     102.906843
     -66.257002     109.653666
     -66.463921     118.060445
     -66.637511     127.337418
     -66.971062     137.219479
     -67.559981     147.373349
     -67.598668     157.485001
     -67.053408     166.864827
     -66.261864     175.398131
     -66.087604    -177.224139
     -66.583239    -171.216642
     -66.833376    -166.474497
     -66.451657    -162.587120
     -66.375572    -159.058997
     -66.844935    -155.365552
     -67.176796    -151.707883
     -67.153900    -148.336001
     -66.304927    -145.031992
     -64.261737    -141.577074
     -61.934154    -138.441428
     -60.207142    -135.865059
     -58.983493    -133.561645
     -57.769014    -131.379482
     -56.971675    -129.637248
     -56.435688    -128.309911
     -55.963493    -127.341080
     -55.535332    -126.387239
     -55.159544    -125.422138
     -55.436963    -124.682763
     -56.744274    -124.343801
     -58.775375    -124.506725
     -60.696769    -123.991046
     -62.566597    -121.834391
     -64.078239    -117.663850
     -65.616643    -113.645061
     -66.652393    -110.128634
     -67.743897    -106.414410
     -68.835810    -102.254438
     -68.897066     -98.141083
     -68.509636     -95.761132
     -67.810861     -95.264598
     -66.559143     -94.389304
     -65.624564     -93.379345
     -65.220713     -92.466759
     -65.181827     -91.748045
     -65.489282     -91.444841
     -65.697561     -91.370490
     -65.407232     -91.462637
     -64.200310     -91.418302
     -62.296051     -91.795372
     -59.493466     -93.696275
     -54.527679     -95.717827
     -48.197297     -97.000091
     -42.233470     -98.339172
     -36.735667     -99.850920
     -30.782790    -101.600440
     -24.872547    -103.349969
     -20.325713    -105.139160
     -17.184848    -106.685005
     -14.639546    -108.160802
     -11.421580    -110.269012
      -8.899899    -112.260741
      -7.147749    -113.657213
      -5.424432    -114.551654
      -3.973426    -114.737872
      -3.097667    -114.516411
      -2.580305    -113.968626
      -2.696798    -113.214195
      -2.659637    -112.746026
      -2.563460    -112.177172
      -2.501361    -111.290940
      -1.950431    -110.654145
      -1.636498    -110.782973
      -1.405661    -112.957025
      -1.713916    -117.382356
      -2.528486    -123.228153
      -3.247667    -129.394980
      -3.811813    -134.921262
      -3.953455    -139.357337
      -4.069122    -142.629319
      -4.359065    -144.553963
      -4.601781    -145.729276
      -4.764877    -146.526022
      -4.906945    -147.195300
      -5.044542    -147.921998
      -5.217476    -148.829591
      -5.373888    -149.921547
      -5.467474    -151.301768
      -5.538807    -153.113078
      -5.803514    -155.018411
      -6.031107    -156.893853
      -5.874675    -158.886466
      -5.537842    -161.060004
      -5.243010    -163.445502
      -5.163911    -166.096834
      -5.307172    -168.814319
      -5.605232    -171.564618
      -5.776540    -174.280239
      -5.814620    -176.895415
      -6.083234    -179.376771
      -6.419646     178.461087
      -6.668578     176.644735
      -6.980003     175.456687
      -7.434140     176.012389
      -7.922980     178.908535
      -8.217770    -177.919043
      -8.236724    -175.435491
      -7.947643    -173.907005
      -7.455017    -173.559243
      -7.034471    -174.048228
      -6.610570    -175.009433
      -6.066542    -176.020937
      -5.412102    -176.786424
      -4.700504    -177.320560
      -4.292328    -177.662067
      -4.059943    -177.892251
      -3.990677    -178.065084
      -4.038651    -178.215069
      -4.070098    -178.334396
      -4.156794    -178.424251
      -4.318650    -178.511522
      -4.521156    -178.657077
      -4.474960    -178.821070
      -1.452833    -178.134578
       3.976944    -176.493895
       8.524883    -174.469565
      12.407051    -172.680374
      15.810598    -171.192512
      18.327170    -170.374784
      20.161222    -170.923433
      21.600708    -172.445275
      23.091722    -173.895970
      24.421954    -174.555554
      25.304422    -174.489363
      25.884316    -174.172374
      26.205693    -173.924899
      26.364261    -173.832751
      26.585653    -173.786318
      26.789483    -173.727548
      27.016241    -173.557222
      27.295643    -173.401953
      27.790011    -173.285268
      28.455437    -173.174722
      29.238659    -173.082924
      30.048779    -172.983413
      30.858525    -172.840889
      31.623674    -172.711478
      32.388606    -172.615018
      32.978162    -172.521180
      33.460756    -172.354215
      33.831915    -172.155252
      34.072575    -171.842032
      34.072631    -171.401908
      34.066565    -170.936120
      33.982650    -170.574330
      33.909382    -170.250444
      33.789982    -169.925218
      33.751767    -169.554879
      33.729364    -169.102554
      33.691629    -168.606244
      33.636844    -168.054195
      33.613300    -167.440695
      33.605121    -166.806445
      33.669792    -166.230869
      33.830496    -165.722241
      34.014578    -165.257210
      34.237505    -164.765427
      34.479322    -164.263638
      34.754885    -163.767522
      35.017305    -163.352732
      35.267398    -163.047595
      35.498986    -162.820354
      35.671260    -162.541124
      35.743518    -161.508132
      35.359084    -158.934026
      34.602472    -155.160187
      33.837386    -151.404144
      33.072837    -148.208621
      32.166973    -145.881164
      31.525977    -144.046909
      31.277021    -142.331292
      31.433303    -140.611003
      31.695407    -139.035073
      32.017943    -138.285576
      32.439702    -138.180577
      32.944301    -137.869019
      33.315752    -137.130158
      33.449968    -136.051462
      33.407957    -134.899765
      33.351985    -133.868512
      33.300037    -132.925919
      33.365915    -131.973709
      33.670562    -130.841071
      34.442698    -129.227189
      35.637649    -127.224541
      36.811995    -124.897250
      37.970657    -122.224391
      39.100692    -119.631362
      39.435698    -121.806220
      37.707640    -131.793747
      35.448009    -143.328721
      33.954042    -151.313687
      32.669925    -155.727060
      31.931952    -157.858633
      31.185769    -159.353022
      30.181196    -161.112537
      29.300528    -162.844115
      28.563900    -164.109651
      27.990926    -164.810209
      27.706606    -165.171765
      27.529363    -165.428352
      27.268308    -165.626519
      27.021591    -165.818915
      26.863181    -166.335702
      26.676749    -168.559170
      25.777258    -175.563911
      24.082424     172.761544
      21.952847     161.410516
      20.122956     155.212944
      18.648358     152.558872
      18.176465     149.887043
      17.836895     146.861953
      17.568927     144.376187
      17.859724     142.246207
      18.542717     140.318891
      19.256744     138.195508
      19.763861     135.945385
      19.731455     133.568095
      19.314586     130.968305
      19.520780     129.077117
      19.999148     128.122119
      20.596822     127.826812
      21.618793     127.274539
      22.476658     126.291808
      22.887368     125.017869
      22.849182     123.726114
      22.751320     123.235701
      22.874234     122.622822
      23.193431     121.800373
      23.457218     120.973484
      23.979914     120.045734
      24.658933     119.076602
      25.186634     118.356131
      25.716173     117.702094
      25.898890     117.132443
      25.841893     116.761337
      25.389614     116.245356
      25.126011     115.416894
      24.641654     114.461022
      24.181621     112.922006
      24.065713     110.913384
      24.120755     108.843554
      24.159529     107.218704
      24.196076     105.259624
      24.599908     101.193091
      25.205013      96.308965
      25.962400      92.162175
      26.845354      89.270487
      27.529031      87.211042
      27.986125      85.225024
      28.161476      82.998973
      27.947050      80.420316
      27.563307      77.830279
      27.097348      75.281041
      26.528350      73.011456
      26.310496      70.871641
      26.223150      68.694956
      26.000538      66.368563
      25.631542      63.712155
      24.854460      60.416699
      23.588372      56.346887
      22.208810      52.136659
      20.670251      47.777247
      18.149390      42.492170
      14.292578      35.032440
       9.426714      24.582872
       5.569120      12.089681
       4.305407       1.652538
       3.775247      -4.903059
       2.677009      -7.569852
       1.652250      -7.581097
       0.806741      -6.713330
       0.402782      -5.706005
       0.092070      -4.961591
       0.654732      -4.911616
       3.086689      -5.356062
       6.939071      -5.822024
      10.452463      -6.394095
      13.358713      -7.147808
      15.797555      -8.038892
      17.861610      -8.870631
      19.333889      -9.512496
      20.326590     -10.069868
      21.045716     -10.556957
      21.422982     -10.880383
      21.519868     -11.060936
      21.386708     -11.167345
      20.997094     -11.076461
      20.461593     -10.955833
      19.656808     -10.929762
      18.829948     -10.938663
      17.821383     -10.971909
      16.764411     -11.004233
      15.845837     -11.007217
      15.761833     -10.980943
      18.189037     -11.069029
      22.001027     -11.239991
      25.509126     -11.401903
      28.562185     -11.675313
      30.759624     -12.063254
      32.245135     -12.509808
      33.521255     -13.016118
      34.560995     -13.604271
      35.161452     -13.967823
      35.693988     -13.788513
      35.977903     -12.648641
      36.138578     -10.664629
      36.280483      -8.255403
      36.450780      -5.569323
      36.653107      -2.992075
      36.893746      -0.825256
      37.140983       0.869370
      37.492415       2.219541
      37.952473       3.081719
      38.565307       3.616765
      39.133302       3.811736
      39.646804       3.755041
      40.037224       3.872127
      40.204434       4.089247
      40.273047       4.411426
      40.274577       4.563379
      40.214277       4.665939
      40.120976       4.707810
      40.207661       4.532005
      40.423765       4.209304
      40.752962       3.923815
      40.883111       3.676516
      40.650738       3.522303
      40.238346       3.448286
      39.763467       3.478459
      39.265120       3.679625
      38.692056       4.266193
      37.942865       5.370369
      37.183472       6.769484
      35.848361       7.834284
      33.296413       7.628155
      29.604420       5.908290
      25.178783       3.309820
      20.408948       0.690287
      16.217485      -1.199958
      12.241830      -2.238242
       8.607497      -2.465282
       5.652830      -2.192327
       3.425274      -1.507797
       1.575798      -0.471432
       0.138751       0.929320
      -0.917342       2.632099
      -1.563517       4.534956
      -2.069686       6.426036
      -2.157956       8.133483
      -2.063191       9.568765
      -1.715423      10.689035
      -1.293854      11.523643
      -0.922923      12.099363
      -0.358896      12.293130
       0.459396      12.108726
       1.569013      11.688902
       2.571155      11.261779
       3.555020      10.808380
       4.229702      10.259815
       4.668249       9.690908
       5.236261       9.163280
       5.857304       8.877508
       6.920829       8.564589
       7.939694       8.335542
       8.834080       8.339648
       9.735279       8.476747
      10.654113       8.763131
      11.495972       8.882402
      12.036263       8.857467
      12.657243       8.600767
      13.080982       8.027626
      13.435009       7.279164
      13.690355       6.543505
      13.976836       6.018649
      14.335823       5.655159
      14.744493       5.007791
      14.608590       3.336080
      13.806686       0.988144
      12.861937      -0.724950
      12.486744      -1.930148
      12.558807      -2.914301
      13.156584      -4.028389
      14.009046      -5.119013
      14.842296      -5.847573
      15.738894      -6.239640
      16.721437      -6.256825
      17.652139      -5.815505
      18.382051      -4.857789
      19.134956      -4.000198
      19.769429      -3.661188
      20.220200      -3.644361
      20.751844      -3.106335
      21.449616      -2.367745
      22.201677      -1.863949
      23.078776      -1.931154
      23.743943      -2.597113
      23.852915      -3.971957
      23.374986      -5.944768
      22.543896      -8.185097
      21.743599     -10.405557
      21.119018     -12.513374
      20.708058     -14.453181
      20.516225     -16.060962
      20.446381     -17.383638
      20.413717     -18.587523
      20.392723     -19.577403
      20.457195     -20.435734
      20.367812     -20.390872
      20.512295     -18.513806
      20.422810     -14.276843
      19.643679      -9.252730
      18.475993      -4.808266
      17.004205      -1.446536
      14.951826       0.745490
      12.174395       1.956225
       8.942144       2.147959
       5.993584       1.134166
       4.117599      -0.468835
       3.256253      -1.761043
       2.895268      -2.393806
       1.878493      -2.559582
       0.243518      -2.855515
      -0.926862      -3.577391
      -1.550500      -4.527680
      -2.311230      -5.425331
      -3.010041      -6.305972
      -3.314982      -6.685527
      -3.596505      -6.418291
      -3.752299      -5.647528
      -3.829090      -4.347053
      -4.323347      -2.850667
      -5.506177      -1.781413
      -6.650692      -1.216564
      -7.342281      -0.525800
      -7.924629       0.655353
      -8.499918       2.156524
      -9.376679       3.590813
     -10.123334       4.971919
     -10.650273       6.388224
     -11.052754       7.798836
     -11.264150       9.057717
     -11.434992      10.201917
     -11.329569      11.481095
     -11.012149      13.005386
     -10.394681      14.606307
      -9.374369      15.923802
      -8.104240      17.059110
      -6.676212      18.335051
      -5.023528      20.164409
      -3.392235      22.164643
      -2.239183      23.815858
      -1.536515      25.011616
      -1.020849      25.813904
      -0.711844      26.399049
      -0.493303      26.920397
      -0.479657      27.492943
      -0.692686      28.302444
      -1.111829      29.487873
      -1.562102      31.217935
      -1.851218      33.521915
      -1.798376      36.342054
      -1.721520      39.289400
      -1.715892      42.133576
      -1.524407      45.183534
      -1.509775      48.272241
      -1.725910      51.287010
      -2.079320      54.339416
      -2.596179      57.683258
      -3.271378      61.442604
      -4.221621      65.451164
      -5.514983      69.429183
      -6.888869      73.333146
      -8.305508      77.185762
      -9.784972      81.014169
     -11.266373      84.690334
     -12.686372      88.034210
     -14.267993      91.071860
     -16.418017      93.696965
     -18.421622      96.056361
     -20.366036      98.199707
     -22.371348     100.363123
     -24.623309     102.414622
     -26.595380     104.379716
     -27.702108     106.536535
     -28.242751     109.046363
     -28.627332     111.584012
     -28.989477     113.950286
     -29.110104     116.293577
     -28.822944     118.765092
     -28.006330     121.544825
     -26.803472     124.158555
     -24.218255     126.500786
     -20.633206     128.372013
     -17.655037     129.543663
     -15.076049     129.933954
     -12.545889     129.732999
     -10.162257     129.143153
      -8.299325     128.321237
      -6.760108     127.427098
      -5.698373     126.613489
      -4.883187     125.925715
      -4.090021     125.213403
      -3.382502     124.415229
      -2.750538     123.568718
      -2.391722     122.849053
      -2.361625     122.266181
      -2.637766     121.882592
      -3.102149     121.692537
      -3.776872     121.669476
      -4.543502     121.662909
      -5.424826     121.676635
      -6.420871     121.727935
      -7.439182     121.793709
      -8.342403     121.882252
      -9.021543     121.968435
      -9.677932     121.905362
     -10.007247     121.779934
     -10.164365     121.562748
     -10.260251     121.291114
     -10.295837     121.095502
     -10.266284     120.917541
     -10.065101     120.786265
      -9.780150     120.696886
      -9.472682     120.689115
      -9.200137     120.747729
      -9.033761     120.848930
      -8.899985     120.933297
      -8.780122     121.008998
      -8.632368     120.981216
      -8.519745     120.912276
      -8.447356     120.821595
      -8.341850     120.715547
      -8.126523     120.611509
      -7.776102     120.444010
      -7.352943     120.150199
      -6.837223     119.729678
      -6.287780     119.075767
      -5.685774     118.282159
      -4.951304     117.473794
      -4.177385     116.735983
      -3.445375     116.107698
      -2.813746     115.584247
      -2.211171     115.154983
      -1.594565     114.854081
      -1.093519     114.686485
      -0.705753     114.571266
      -0.462602     114.445537
      -0.366838     114.322033
      -0.324608     114.263904
      -0.326908     114.362152
      -0.344976     114.570363
      -0.460666     114.730460
      -0.592153     114.621517
      -0.592013     113.765370
      -0.339999     111.640781
       0.102127     108.020181
       0.664996     103.029551
       1.357336      97.036198
       1.967425      90.176254
       2.086493      82.293976
       1.804446      73.750049
       0.961719      64.515502
      -0.595891      54.844556
      -2.359974      44.861406
      -4.571362      34.611100
      -7.092050      24.500669
      -9.348538      15.146481
     -10.985551       7.212187
     -11.988421       1.109384
     -12.365569      -2.912832
     -12.385027      -5.245507
     -12.124698      -6.432038
     -11.629806      -6.822755
     -10.946937      -6.641397
     -10.163385      -6.270527
      -9.250471      -6.103676
      -8.142035      -6.856449
      -7.150909      -8.856086
      -6.363903     -11.768448
      -5.856853     -14.969812
      -5.543632     -18.143093
      -5.293903     -21.033512
      -5.132355     -23.657104
      -4.979865     -26.077662
      -4.960395     -28.353979
      -5.035047     -30.455550
      -5.149267     -32.330055
      -5.303395     -33.934774
      -5.356468     -35.305934
      -5.254046     -36.417316
      -4.959432     -37.369448
      -4.520413     -38.201791
      -4.067265     -38.768834
      -3.691531     -38.441992
      -3.366368     -36.588047
      -3.028959     -33.371202
      -2.701418     -29.298687
      -2.345145     -24.725520
      -1.870507     -20.107719
      -1.435472     -15.882913
      -1.138353     -12.465735
      -0.999683     -10.015312
      -0.976169      -8.489793
      -1.035785      -7.687283
      -1.146140      -7.360407
      -1.301626      -7.146894
      -1.552290      -6.923833
      -1.828313      -6.570879
      -2.033713      -6.099667
      -2.217159      -5.561858
      -2.386633      -5.079105
      -2.473189      -4.715148
      -2.526780      -4.470347
      -2.519432      -4.256660
      -2.543198      -3.997137
      -2.537436      -3.632035
      -2.501735      -3.090881
      -2.391912      -2.379704
      -2.230055      -1.536042
      -2.034291      -0.597063
      -1.820500       0.408327
      -1.615165       1.474183
      -1.447704       2.583211
      -1.257144       3.707615
      -1.025511       4.810217
      -0.719797       5.869440
      -0.356908       6.921676
       0.103719       7.965438
       0.577994       9.000633
       1.085666      10.047576
       1.678360      11.142371
       2.272732      12.300390
       2.855503      13.438268
       3.471976      14.492187
       4.035592      15.420457
       4.541352      16.211840
       5.010381      16.879664
       5.499161      17.384619
       6.084612      17.729976
       6.716132      17.904233
       7.267995      17.946576
       7.815640      17.862093
       8.362978      17.712014
       8.850162      17.471540
       9.328424      17.159093
       9.785194      16.756215
      10.252855      16.253287
      10.782160      15.660270
      11.040049      15.065673
      11.112642      14.537862
      11.214248      14.043451
      11.387200      13.550642
      11.767465      12.978354
      12.159854      12.286608
      12.320086      11.513319
      12.702600      10.659483
      13.500735       9.834113
      14.411090       9.160996
      15.532972       8.651227
      16.857861       8.156664
      18.253129       7.598911
      19.523696       6.976659
      20.645851       6.237787
      21.579823       5.446667
      22.365551       4.615324
      23.126974       3.724834
      24.062095       2.712877
      25.124532       1.446006
      26.359338      -0.140691
      27.704347      -2.076020
      29.138915      -4.337210
      30.537007      -6.759404
      31.790122      -9.318600
      32.970220     -11.925261
      33.935573     -14.646536
      34.683701     -17.387515
      35.208495     -20.078842
      35.741830     -22.549142
      36.511947     -24.727973
      37.436958     -26.571211
      38.403301     -28.092258
      39.347368     -29.277761
      40.247773     -30.055751
      41.055418     -30.337833
      41.740166     -30.080639
      42.111126     -29.417786
      42.234359     -28.441284
      42.190961     -27.071961
      42.126955     -25.492816
      42.038553     -23.935241
      41.815513     -22.728864
      41.518089     -22.313268
      41.339078     -22.728038
      41.183532     -23.892109
      41.018087     -25.493989
      40.848208     -27.264843
      40.513239     -28.982886
      40.090126     -30.611014
      39.505018     -32.142314
      38.874605     -33.554613
      38.296884     -34.818891
      37.749041     -35.952100
      37.231525     -36.930375
      36.770273     -37.779570
      36.362220     -38.460704
      36.080792     -38.926893
      35.870774     -39.099398
