      10.491226      13.784141
      10.535023      13.736568
      10.591075      13.691092
      10.542429      13.680254
      10.502791      13.581162
      10.463671      13.488730
      10.478936      13.420069
      10.434668      13.390514
      10.414668      13.384146
      10.432127      13.429152
      10.416002      13.459633
      10.421148      13.498880
      10.426108      13.506084
      10.442168      13.513344
      10.447279      13.521453
      10.390333      13.536575
       9.933510      13.519465
       8.350537      13.281534
       5.403919      12.616535
       2.043960      11.591588
      -0.404282      10.514829
      -2.255431       9.541402
      -3.610258       8.834671
      -4.323722       8.434696
      -4.790525       8.195246
      -5.030895       8.090708
      -5.093841       8.043916
      -5.007951       7.948641
      -4.603028       7.809691
      -3.426656       7.537955
      -1.437284       7.134995
       1.258893       6.587022
       4.270386       5.893535
       8.068300       5.137583
      12.163757       4.507586
      15.330525       3.637463
      17.372787       2.641938
      18.887511       1.608230
      20.285079       0.482714
      21.625615      -0.710352
      23.183836      -1.875556
      24.691817      -2.935695
      26.263536      -3.805132
      28.072762      -4.459342
      30.224851      -4.845056
      32.254397      -5.021609
      33.914273      -5.016592
      35.653551      -4.886517
      37.797133      -4.621467
      40.203768      -4.264853
      42.174501      -3.976959
      43.539524      -3.960477
      44.671011      -4.179223
      45.676789      -4.501308
      46.477386      -4.745963
      46.855020      -5.027010
      47.036828      -5.247782
      47.225072      -5.439262
      47.385781      -5.575058
      47.471367      -5.702852
      47.488152      -5.830254
      47.441413      -5.963560
      47.402868      -6.040522
      47.289146      -6.040111
      47.188270      -5.914139
      47.099017      -5.674670
      47.093281      -5.355848
      47.114759      -4.967009
      47.222940      -4.396504
      47.435653      -3.520380
      48.352848      -2.083241
      49.809212      -0.000699
      51.521022       1.846605
      52.934070       3.414847
      53.835427       4.652871
      54.395894       5.877668
      54.599534       7.245392
      54.696966       8.861874
      54.878021      10.625549
      55.205161      12.464080
      55.495179      14.193506
      55.626969      15.797845
      55.561706      17.177815
      55.456255      18.493622
      55.494606      19.560924
      55.567014      20.519146
      55.667288      21.595511
      55.693180      22.749795
      55.640763      23.773874
      55.470525      24.674767
      54.956006      25.696301
      54.116260      27.301936
      53.163108      29.945536
      51.951296      33.761745
      50.773278      38.727073
      49.831962      44.241490
      49.299584      49.728950
      50.136124      54.966550
      52.723810      59.426449
      55.966708      62.205662
      58.522974      63.415143
      60.573619      63.974371
      62.471997      64.989907
      64.314275      66.363881
      65.701582      67.891532
      66.691536      69.358149
      67.339618      70.564619
      67.725344      71.211647
      68.011757      71.284595
      68.043585      71.101752
      68.094997      71.080289
      68.186183      71.422626
      68.488367      72.474138
      68.914027      73.769992
      69.219301      75.093526
      69.363754      76.398297
      69.381647      77.819389
      69.177360      79.446730
      68.348330      81.275060
      66.412757      83.572655
      63.365271      86.878666
      59.555471      90.873373
      55.173246      95.169663
      50.253984      99.182720
      44.433298     102.480037
      38.150639     104.896445
      31.696617     106.720121
      25.171900     108.011953
      18.944683     108.944424
      13.985968     109.700177
       9.903533     110.410633
       6.426620     111.234171
       3.078768     111.950106
       0.183835     112.690986
      -2.508309     113.307323
      -4.796591     114.018032
      -6.967084     115.054715
      -8.958506     116.414060
     -10.655056     117.825793
     -12.253720     119.325943
     -13.793114     121.045951
     -15.173639     122.922131
     -16.398892     124.707311
     -17.374422     126.189101
     -18.316882     127.376731
     -19.155889     128.440400
     -19.933772     129.242712
     -20.591273     129.645048
     -21.018091     129.871871
     -21.437486     130.068756
     -21.987310     130.208900
     -22.210260     130.289342
     -22.335204     130.299590
     -22.509086     130.329432
     -22.693041     130.424105
     -22.867410     130.545327
     -23.041364     130.664023
     -23.193618     130.764369
     -23.323295     130.867367
     -23.437532     131.004432
     -23.601168     131.111296
     -23.687196     131.224844
     -23.815229     131.328619
     -23.919531     131.462440
     -24.057126     131.601875
     -24.246824     131.715607
     -24.426777     131.803169
     -24.590007     131.949900
     -24.810873     132.098865
     -24.962684     132.178433
     -25.101204     132.189410
     -25.157876     132.180589
     -25.212216     132.212685
     -25.222887     132.270736
     -25.236219     132.320452
     -25.277965     132.342590
     -25.299453     132.393327
     -25.254652     132.401555
     -25.238026     132.381758
     -25.209848     132.334644
     -25.246524     132.306503
     -25.239799     132.298508
     -25.193213     132.363039
     -25.111073     132.516365
     -24.980954     132.754981
     -24.961938     132.889909
     -25.202176     132.661318
     -25.452369     132.318752
     -25.496323     132.338617
     -25.441941     132.730084
     -25.245688     133.157881
     -24.889799     133.543898
     -24.509966     134.046114
     -24.151942     134.612919
     -23.786228     135.327465
     -23.338575     136.087773
     -23.177738     136.940006
     -23.209544     137.743688
     -23.132458     138.317973
     -22.923701     138.521103
     -22.377130     138.433074
     -21.603020     138.362191
     -20.679506     138.368291
     -19.672611     138.479877
     -18.486837     138.569868
     -17.308974     138.532993
     -16.134844     138.366397
     -14.988841     138.169853
     -13.903322     137.944089
     -12.813072     137.607614
     -11.768675     137.341157
     -10.896050     137.167626
     -10.334517     136.986818
      -9.905548     136.624892
      -9.570926     136.124191
      -9.419677     135.571744
      -9.514109     134.961468
      -9.868879     134.317485
     -10.308860     133.650810
     -10.811989     132.967417
     -11.220598     132.264266
     -11.591082     131.393965
     -11.833653     130.293043
     -11.976196     129.072813
     -11.951073     127.738501
     -12.000627     126.388132
     -12.028749     125.001899
     -12.084098     123.602396
     -12.056298     122.131573
     -11.841986     120.689416
     -11.591031     119.333432
     -11.362675     117.995954
     -11.137922     116.729242
     -11.042055     115.560875
     -11.073766     114.589888
     -11.066957     113.827948
     -11.058748     113.237683
     -11.078870     112.747202
     -11.159015     112.426162
     -11.214443     112.196842
     -11.249138     112.193491
     -11.343626     112.470759
     -11.578635     112.936625
     -11.797831     113.425320
     -11.720286     113.948790
     -11.493533     114.710653
     -11.319096     115.759469
     -11.275190     117.049990
     -11.482683     118.622257
     -11.948913     120.434344
     -12.630277     122.452195
     -13.511946     124.789540
     -14.393717     127.358313
     -15.206607     130.031599
     -15.981324     132.736602
     -16.764319     135.543505
     -17.519823     138.525358
     -18.228675     141.658206
     -18.814302     144.553468
     -19.119646     147.106951
     -19.212075     149.306716
     -19.186964     151.094081
     -19.263770     152.607637
     -19.316023     153.890853
     -19.442451     155.073217
     -19.560415     156.078903
     -19.702064     156.989779
     -19.966391     157.835115
     -20.270794     158.666181
     -20.602930     159.430123
     -21.005497     160.011703
     -21.565616     160.553066
     -22.205565     161.162234
     -22.961928     161.813697
     -23.558115     162.239619
     -23.982823     162.416842
     -24.325059     162.454407
     -24.520814     162.358898
     -24.490343     161.923155
     -24.273492     160.977561
     -24.069169     159.826329
     -23.902420     158.895141
     -23.707534     158.220442
     -23.414923     157.669947
     -23.049964     157.254205
     -22.658624     156.894086
     -22.085123     156.443296
     -21.211908     155.820975
     -20.302427     154.916889
     -19.322676     153.591572
     -18.144802     151.747118
     -17.018794     149.319082
     -15.933950     145.762167
     -14.614815     141.369738
     -13.472123     137.127001
     -12.293801     133.997339
     -11.127868     131.290588
      -9.932289     128.682279
      -8.807111     126.062741
      -7.838882     123.679662
      -7.398102     121.035149
      -7.280856     118.026281
      -7.504989     114.483830
      -7.641473     111.034596
      -7.764985     107.568167
      -7.836823     104.338023
      -7.886776     101.177733
      -7.877600      97.931425
      -7.918346      94.173653
      -7.942948      89.897889
      -7.768953      85.871649
      -7.467428      82.326566
      -7.290422      79.023130
      -7.100293      75.778798
      -7.285412      72.439677
      -7.691702      68.831157
      -7.963274      65.485537
      -8.219931      62.454978
      -8.626358      59.862590
      -8.913277      57.714042
      -9.149335      55.845851
      -9.375065      54.078847
      -9.471360      52.352879
      -9.711581      50.723008
      -9.958826      49.320688
     -10.129635      48.203378
     -10.285341      47.274861
     -10.438550      46.381446
     -10.561127      45.238112
     -10.607905      43.017787
     -10.833911      39.161213
     -11.218419      34.354438
     -11.503022      29.484196
     -11.630090      24.909667
     -11.592680      20.716533
     -11.309414      16.668868
     -10.862480      12.825223
     -10.137146       9.261227
      -9.253860       6.177938
      -8.203304       3.421514
      -7.033610       0.900930
      -5.953606      -1.589980
      -5.151982      -3.966845
      -4.709396      -6.414664
      -4.448323      -9.086219
      -4.209538     -12.339844
      -3.658788     -16.994285
      -3.134105     -22.433950
      -2.677728     -27.373691
      -2.205229     -31.143450
      -1.782418     -33.810260
      -1.216707     -35.994400
      -0.572673     -38.105430
      -0.047667     -40.049254
       0.420608     -41.944569
       0.813774     -43.787640
       1.085783     -45.768834
       1.273590     -47.902578
       1.338311     -50.216634
       1.354345     -52.638181
       1.299702     -54.887604
       1.314318     -56.712135
       1.398210     -58.042809
       1.412515     -59.202734
       1.497061     -60.288454
       1.604451     -61.433458
       1.677024     -62.598338
       1.728862     -63.816173
       1.779250     -65.079106
       1.849453     -66.357004
       2.018278     -67.432635
       2.016179     -68.478119
       2.016389     -69.587905
       2.252490     -70.768191
       2.501213     -71.920806
       2.634680     -73.070639
       2.666009     -74.252003
       2.716823     -75.341817
       2.747981     -76.434749
       3.021345     -77.391194
       3.172375     -78.192156
       3.113276     -79.083954
       3.068093     -80.161218
       3.232964     -81.364808
       3.435435     -82.496348
       3.633305     -83.472872
       3.769246     -84.366273
       3.856684     -85.335570
       3.975410     -86.350192
       4.162089     -87.006435
       4.402441     -87.385826
       4.868430     -87.742526
       5.560256     -88.213609
       6.548116     -88.639473
       7.530212     -88.923239
       7.762779     -88.655647
       7.040830     -86.305100
       6.021521     -82.734673
       4.761622     -79.652080
       3.630487     -77.575989
       2.975157     -75.830370
       3.007329     -73.882456
       3.286848     -71.106264
       3.236204     -67.640749
       2.676086     -63.923431
       2.042045     -60.675437
       1.777376     -58.442508
       1.129289     -56.781581
       0.697653     -55.825102
       0.645268     -55.359610
       0.517035     -55.247495
       0.461549     -55.264961
       0.580672     -55.314439
       0.703991     -55.398553
       0.774182     -55.481710
       1.030878     -55.620189
       1.281110     -55.780689
       1.683465     -55.844613
       2.154857     -55.844379
       2.432685     -55.863098
       2.561626     -55.886266
       2.514752     -55.833713
       2.259494     -55.995608
       1.920412     -56.562078
       1.748623     -57.477408
       1.695920     -58.334439
       1.854039     -58.895382
       2.110520     -59.133444
       2.241448     -59.194458
       2.293912     -59.527441
       2.239425     -60.569005
       2.150115     -61.875030
       2.077589     -63.046403
       2.044574     -63.822201
       1.957123     -64.220880
       1.909184     -64.426308
       1.912642     -64.615804
       1.906105     -64.931516
       1.934535     -65.265358
       1.996055     -65.564726
       2.166539     -65.741308
       2.332035     -65.838361
       2.518362     -65.871355
       2.669231     -65.887504
       2.816041     -65.800122
       2.939266     -65.452174
       3.027536     -64.855086
       3.052900     -64.082591
       3.073465     -63.147006
       3.056515     -62.188065
       3.155681     -61.383086
       3.293197     -60.681169
       3.492505     -60.045253
       3.568486     -59.381201
       3.579186     -58.596116
       3.567185     -57.757614
       3.677546     -56.843770
       3.925489     -55.888117
       4.229869     -54.909092
       4.554243     -53.927108
       4.825515     -52.937398
       4.982587     -51.997884
       5.028275     -51.073121
       5.124220     -50.239598
       5.210930     -49.398969
       5.194591     -48.612097
       5.128578     -47.868156
       5.134728     -47.179625
       5.225380     -46.506456
       5.231098     -45.990664
       5.209207     -45.827531
       5.126107     -46.249320
       5.055420     -46.977592
       4.959681     -47.556345
       4.931223     -47.891669
       5.001492     -48.088296
       5.007219     -48.086985
       4.967950     -47.935887
       4.826424     -47.756289
       4.670324     -47.587187
       4.550645     -47.419562
       4.457052     -47.240284
       4.515414     -46.932757
       4.667831     -46.486790
       4.857002     -46.040560
       5.019026     -45.609218
       5.291758     -45.069598
       5.692896     -44.413302
       5.872527     -43.840037
       5.899155     -43.445322
       5.912234     -43.276385
       6.087683     -43.320554
       6.270701     -43.465823
       6.350255     -43.609066
       6.264166     -43.599304
       5.763740     -43.555489
       5.220515     -43.472137
       4.927958     -43.303302
       4.754945     -43.044112
       4.814521     -42.742413
       5.067370     -42.451915
       5.377861     -42.172359
       5.677725     -41.951092
       5.988542     -41.729549
       6.255350     -41.505917
       6.350758     -41.276277
       6.275377     -41.071383
       6.196541     -40.928038
       6.119071     -40.863265
       6.056618     -40.865829
       5.995739     -40.913807
       5.935230     -40.985336
       5.896068     -41.032925
       5.859524     -41.068440
       5.787150     -41.082093
       5.715281     -41.088208
       5.668707     -41.083477
       5.580386     -41.072238
       5.335639     -41.019151
       5.023937     -40.938753
       4.615741     -40.862546
       3.905130     -40.717513
       2.687812     -40.408123
       0.945298     -39.855362
      -0.761038     -39.255012
      -2.247016     -38.811177
      -3.576389     -38.647010
      -4.767483     -38.671295
      -5.923768     -38.727947
      -6.492236     -38.737737
      -6.227766     -38.544138
      -6.081233     -38.475965
      -5.713726     -38.766036
      -5.206128     -39.404162
      -4.673763     -40.088832
      -3.898816     -40.610921
      -3.133196     -40.983738
      -2.514145     -41.313166
      -1.992219     -41.671464
      -1.551667     -42.010873
      -1.205158     -42.296912
      -0.910260     -42.494758
      -0.691876     -42.627156
      -0.505252     -42.743040
       0.172138     -42.828217
       1.078933     -43.000321
       1.643961     -43.180954
       1.967068     -43.374647
       2.116907     -43.650681
       2.229425     -43.816160
       2.317958     -43.761693
       2.239327     -43.696575
       2.344787     -43.640690
       2.466841     -43.619859
       2.447707     -43.663936
       2.377118     -43.831746
       2.356008     -44.039802
       2.523673     -44.162757
       2.720095     -44.253156
       2.848830     -44.348660
       2.949527     -44.470605
       3.049200     -44.578640
       3.195890     -44.670511
       3.302217     -44.729616
       3.370426     -44.805677
       3.260953     -44.897591
       3.243446     -45.027210
       3.209548     -45.136931
       3.163014     -45.309321
       3.168756     -45.518916
       3.179908     -45.670120
       3.154906     -45.724388
       3.100083     -45.752034
       3.013215     -45.879759
       2.725720     -46.414201
       2.034916     -47.554271
       1.028893     -48.941801
       0.133899     -50.281587
      -0.736370     -51.374631
      -1.671959     -52.155271
      -2.598629     -52.848971
      -3.389110     -53.609610
      -3.991387     -54.452400
      -4.344971     -55.154745
      -4.535132     -55.661566
      -4.685345     -56.138934
      -4.769601     -56.692013
      -4.835876     -57.309841
      -4.821456     -58.032347
      -4.659303     -58.762513
      -4.413095     -59.461988
      -4.255129     -60.103464
      -4.104721     -60.739841
      -3.959411     -61.349578
      -3.816904     -61.947584
      -3.631004     -62.583300
      -3.486571     -63.230572
      -3.350041     -63.798979
      -3.158157     -64.222764
      -2.903390     -64.430562
      -2.685432     -64.416074
      -2.453926     -64.243052
      -2.251611     -63.934544
      -1.994314     -63.523605
      -1.716024     -63.049711
      -1.402169     -62.502353
      -0.994612     -61.731748
      -0.466864     -60.639971
       0.268669     -58.993431
       1.135696     -56.842580
       2.172630     -54.169634
       3.405285     -51.320446
       4.403835     -48.485547
       5.233525     -45.680300
