       4.369115       3.175156
       4.365640       3.258914
       4.381413       3.338902
       4.422720       3.415492
       4.420588       3.471184
       4.444036       3.524177
       4.493572       3.583474
       4.532297       3.612488
       4.575924       3.646917
       4.615545       3.669112
       4.648472       3.688016
       4.639076       3.693035
       4.547693       3.683662
       4.572346       3.663061
       4.521738       3.672615
       4.384409       3.671641
       4.316652       3.699371
       4.301513       3.732314
       4.178108       3.778261
       3.989928       3.781056
       3.873538       3.774967
       3.851144       3.760968
       3.835090       3.818471
       3.807367       3.844837
       3.784390       3.812618
       3.754854       3.723585
       3.726042       3.631450
       3.685033       3.566053
       3.651502       3.554120
       3.642657       3.564314
       3.640702       3.586690
       3.625123       3.614370
       3.581540       3.648942
       3.482219       3.630644
       3.400159       3.599277
       3.327653       3.554166
       3.286499       3.538007
       3.267742       3.543262
       3.263100       3.547980
       3.234712       3.558835
       3.201015       3.568866
       3.188785       3.581465
       3.084448       3.572087
       2.988967       3.536299
       2.961619       3.497239
       2.893803       3.458706
       2.832386       3.408417
       2.823757       3.404012
       2.775823       3.420033
       2.720642       3.480499
       2.711309       3.515842
       2.590923       3.520574
       2.489567       3.486813
       2.555869       3.476486
       2.594659       3.494710
       2.559388       3.519688
       2.554189       3.546802
       2.561516       3.560256
       2.563194       3.554531
       2.557036       3.527902
       2.554715       3.512271
       2.587607       3.519559
       2.611540       3.554622
       2.605938       3.527390
       2.602590       3.469177
       2.591804       3.387621
       2.590987       3.303073
       2.602055       3.212534
       2.625122       3.118304
       2.632243       3.003150
       2.611610       2.889315
       2.591729       2.788008
       2.565010       2.700510
       2.535817       2.616189
       2.512442       2.509711
       2.505108       2.450377
       2.356218       2.419548
       2.278877       2.389525
       2.342724       2.402472
       2.336251       2.410880
       2.305676       2.420347
       2.300147       2.394595
       2.333957       2.357587
       2.383981       2.335094
       2.410324       2.346112
       2.409101       2.374336
       2.402957       2.393357
       2.384028       2.389693
       2.331755       2.366313
       2.277749       2.358470
       2.219828       2.408999
       2.201993       2.458640
       2.155815       2.471204
       2.163070       2.489724
       2.183250       2.524734
       2.144722       2.541828
       2.109674       2.531912
       2.095375       2.510934
       2.080993       2.508383
       2.076782       2.510387
       2.096954       2.530098
       2.082868       2.510300
       2.072752       2.457214
       2.060721       2.408910
       2.075658       2.403521
       2.096713       2.424556
       2.116677       2.451533
       2.145606       2.480506
       2.163504       2.505855
       2.185337       2.500312
       2.225080       2.482476
       2.229146       2.454765
       2.231973       2.391495
       2.239743       2.334995
       2.238845       2.310689
       2.221584       2.306662
       2.228011       2.326068
       2.222011       2.330372
       2.207507       2.318321
       2.179432       2.301182
       2.148661       2.307722
       2.116387       2.331984
       2.088765       2.365009
       2.059129       2.409377
       2.056017       2.454930
       2.056564       2.481060
       2.048767       2.474000
       2.052944       2.451116
       2.048614       2.460275
       2.018533       2.440234
       2.015863       2.432355
       1.999451       2.426770
       1.976802       2.418999
       1.963983       2.426352
       1.942255       2.444376
       1.900423       2.457983
       1.853085       2.461171
       1.815858       2.472177
       1.777344       2.478643
       1.742743       2.477252
       1.706914       2.496738
       1.687544       2.539033
       1.690015       2.580283
       1.682460       2.592400
       1.688721       2.573836
       1.709260       2.562197
       1.677079       2.535512
       1.671129       2.492347
       1.660878       2.458028
       1.651581       2.451216
       1.659243       2.441551
       1.686496       2.443254
       1.683811       2.420030
       1.682361       2.378032
       1.687424       2.341016
       1.697901       2.313415
       1.704113       2.306298
       1.721983       2.288117
       1.753064       2.251519
       1.797268       2.212111
       1.820049       2.188851
       1.846178       2.160662
       1.909029       2.138794
       1.932231       2.071960
       1.914702       2.003751
       1.896937       1.921172
       1.862540       1.776852
       1.836282       1.622730
       1.832449       1.451997
       1.826544       1.230905
       1.790269       0.967909
       1.743928       0.589524
       1.709251       0.097133
       1.700762      -0.461526
       1.699211      -1.061886
       1.670035      -1.695445
       1.624804      -2.350738
       1.552069      -3.055154
       1.444170      -3.820220
       1.368070      -4.588575
       1.287813      -5.305608
       1.228396      -5.954735
       1.208295      -6.489522
       1.182923      -6.939147
       1.175272      -7.311067
       1.251293      -7.629428
       1.349619      -7.957767
       1.404141      -8.291081
       1.430891      -8.624537
       1.457848      -8.925124
       1.493214      -9.161907
       1.518681      -9.294222
       1.525855      -9.408626
       1.521040      -9.503097
       1.516121      -9.443361
       1.533913      -9.170758
       1.608202      -8.800812
       1.731407      -8.416312
       1.821279      -8.107184
       1.917965      -7.892758
       1.974687      -7.784942
       2.035161      -7.702191
       2.129550      -7.590278
       2.230775      -7.434169
       2.291449      -7.228805
       2.312284      -6.963797
       2.326048      -6.610012
       2.317869      -6.191739
       2.295654      -5.719137
       2.264607      -5.241280
       2.223807      -4.793521
       2.184031      -4.383172
       2.165122      -3.989008
       2.148812      -3.564791
       2.067182      -3.185464
       1.977991      -2.862792
       1.881619      -2.617498
       1.820250      -2.429125
       1.730037      -2.307505
       1.687148      -2.230806
       1.701825      -2.165333
       1.553908      -2.085048
       1.366964      -2.069803
       1.306503      -2.105645
       1.275349      -2.133022
       1.169266      -2.083783
       1.019711      -1.921934
       0.898651      -1.688566
       0.822807      -1.454695
       0.736049      -1.283286
       0.716218      -1.211683
       0.659075      -1.207925
       0.525308      -1.229561
       0.409795      -1.269952
       0.401415      -1.290718
       0.430036      -1.295592
       0.424537      -1.285585
       0.345394      -1.293123
       0.245947      -1.356670
       0.235514      -1.416762
       0.195789      -1.444024
       0.104656      -1.446589
       0.146237      -1.404145
       0.148402      -1.355481
       0.149241      -1.333337
       0.134894      -1.329208
       0.125757      -1.275734
       0.157222      -1.213754
       0.126595      -1.175541
       0.086012      -1.174299
       0.078677      -1.207586
       0.076759      -1.215220
       0.093756      -1.185237
       0.033451      -1.152014
       0.005626      -1.191556
      -0.031556      -1.260202
      -0.026236      -1.323931
      -0.088564      -1.360917
      -0.070203      -1.356228
      -0.066168      -1.339226
      -0.138038      -1.339300
      -0.141564      -1.311167
      -0.206714      -1.284408
      -0.163012      -1.324577
      -0.174177      -1.410074
      -0.446714      -1.452896
      -0.719683      -1.435304
      -0.698097      -1.385020
      -0.678493      -1.315291
      -0.775971      -1.303531
      -0.864083      -1.313156
      -0.863891      -1.332881
      -0.795555      -1.318070
      -0.660893      -1.243823
      -0.426700      -1.052452
      -0.156047      -0.702982
       0.021805      -0.257007
       0.022141       0.260382
      -0.067698       0.784792
      -0.194255       1.199849
      -0.291568       1.599470
      -0.287406       2.147678
      -0.255282       3.082751
      -0.221108       4.267713
      -0.124374       5.866489
      -0.330904       8.153722
      -0.883209      10.598401
      -1.371627      12.486107
      -1.556979      13.836957
      -1.600200      14.756915
      -1.853931      15.442901
      -2.271469      15.998997
      -2.491344      16.537114
      -2.534588      17.134350
      -2.803048      17.900880
      -3.162325      19.033792
      -3.558713      20.902273
      -4.368080      23.557001
      -5.563681      26.674862
      -6.636812      29.299605
      -7.356806      30.911598
      -7.831514      31.476800
      -8.148445      31.330832
      -8.383509      30.980259
      -8.513652      30.679430
      -8.616922      30.495633
      -8.712572      30.351333
      -8.724638      30.337111
      -8.680430      30.321103
      -8.663397      30.214117
      -8.506978      30.119352
      -8.372847      29.970610
      -8.312744      29.810163
      -8.267357      29.643414
      -8.260824      29.580756
      -8.325866      29.610287
      -8.437810      29.643240
      -8.531553      29.672496
      -8.595083      29.700419
      -8.612094      29.716702
      -8.595959      29.686181
      -8.586823      29.601302
      -8.587614      29.489991
      -8.596137      29.412599
      -8.610016      29.377145
      -8.612768      29.341529
      -8.615231      29.274608
      -8.632682      29.150339
      -8.640010      28.980494
      -8.648089      28.801326
      -8.669815      28.636862
      -8.704475      28.530789
      -8.738712      28.467692
      -8.763793      28.480696
      -8.769378      28.539058
      -8.756795      28.622917
      -8.751696      28.638814
      -8.766449      28.609811
      -8.778101      28.577249
      -8.807771      28.574554
      -8.802829      28.604721
      -8.779020      28.639949
      -8.796386      28.663894
      -8.800681      28.659777
      -8.814113      28.632129
      -8.825443      28.603424
      -8.834592      28.584714
      -8.841220      28.593161
      -8.846462      28.612883
      -8.809733      28.660984
      -8.803428      28.719118
      -8.822626      28.740081
      -8.846022      28.713365
      -8.882418      28.643837
      -8.929777      28.586468
      -8.982896      28.544544
      -9.009881      28.550929
      -9.035838      28.556172
      -9.085788      28.537159
      -9.117848      28.502932
      -9.147766      28.454646
      -9.189103      28.397986
      -9.238982      28.360155
      -9.275109      28.369832
      -9.292296      28.407683
      -9.311507      28.443790
      -9.321948      28.462118
      -9.346605      28.495389
      -9.357516      28.465985
      -9.371967      28.434079
      -9.386305      28.415620
      -9.390626      28.408431
      -9.390290      28.412735
      -9.368841      28.422563
      -9.384118      28.416873
      -9.414774      28.379799
      -9.436039      28.340581
      -9.451013      28.306184
      -9.469144      28.289915
      -9.495097      28.300797
      -9.510867      28.344144
      -9.509970      28.383359
      -9.515657      28.390271
      -9.514148      28.379126
      -9.506644      28.402052
      -9.513577      28.386159
      -9.517325      28.343063
      -9.513590      28.290192
      -9.523880      28.244096
      -9.531634      28.211095
      -9.510940      28.206899
      -9.514628      28.188231
      -9.528191      28.151181
      -9.529587      28.125221
      -9.539229      28.088970
      -9.531598      27.985367
      -9.528192      27.723071
      -9.492925      27.362192
      -9.408051      26.946817
      -9.319715      26.478658
      -9.218955      25.949485
      -9.099525      25.367859
      -9.028967      24.662177
      -9.005121      23.773427
      -9.111467      22.609609
      -9.421523      21.148072
      -9.765599      19.470835
     -10.131446      17.850151
     -10.371923      16.450606
     -10.604269      15.334809
     -10.850624      14.468568
     -11.136120      13.794120
     -11.494808      13.245348
     -11.783105      12.728101
     -11.848735      12.233477
     -11.676873      11.730636
     -11.422158      11.205189
     -11.098014      10.618931
     -10.698839      10.033796
     -10.360557       9.403004
      -9.946559       8.622479
      -9.495857       7.633357
      -8.973982       6.250278
      -8.519658       4.311796
      -7.995915       2.183790
      -7.408059       0.195326
      -6.838619      -1.551078
      -6.325856      -3.125754
      -5.890606      -4.695899
      -5.570028      -6.160189
      -5.300232      -7.522049
      -5.056348      -8.853634
      -4.756825     -10.152861
      -4.411106     -11.412769
      -4.040862     -12.592911
      -3.665440     -13.772883
      -3.269028     -14.915856
      -2.949554     -16.066493
      -2.626046     -17.209173
      -2.318130     -18.438597
      -2.075762     -19.709586
      -1.894932     -20.982424
      -1.778956     -22.247807
      -1.704818     -23.458041
      -1.618489     -24.544545
      -1.559319     -25.525280
      -1.475672     -26.416175
      -1.410751     -27.273478
      -1.359505     -28.133883
      -1.274148     -29.023486
      -1.150945     -29.992447
      -0.997402     -31.062280
      -0.828757     -32.202976
      -0.750642     -33.394520
      -0.716018     -34.559822
      -0.689905     -35.709667
