       7.890657      -2.734874
       7.827811      -2.704829
       7.760783      -2.587649
       7.713293      -2.439096
       7.657876      -2.266712
       7.629162      -2.138368
       7.619807      -2.138386
       7.620199      -2.263349
       7.597837      -2.459624
       7.546527      -2.633610
       7.491617      -2.771337
       7.441628      -2.876404
       7.402773      -3.040865
       7.373338      -3.380487
       7.293257      -4.006893
       7.237951      -4.713172
       7.179308      -5.323781
       7.161966      -5.804596
       7.104902      -6.220004
       7.177687      -6.629732
       7.208920      -7.034131
       7.341764      -7.462667
       7.472124      -7.916444
       7.565242      -8.376336
       7.659921      -8.818695
       7.786923      -9.235767
       7.930766      -9.594628
       8.098098      -9.957724
       8.292158     -10.444989
       8.489569     -11.257790
       8.637090     -12.373423
       8.861671     -13.582699
       9.042016     -14.762804
       9.117734     -15.795591
       9.177190     -16.556899
       9.231205     -17.220955
       9.398527     -18.098316
       9.733499     -19.836639
      10.027573     -22.531931
      10.147791     -25.505541
      10.178188     -28.207909
      10.221665     -30.434633
      10.284683     -32.220833
      10.362557     -33.675336
      10.497678     -35.015870
      10.613704     -36.258042
      10.650748     -37.313347
      10.611982     -38.170240
      10.554732     -38.884353
      10.516422     -39.479921
      10.494045     -39.979692
      10.549358     -40.453735
      10.632435     -40.890046
      10.693786     -41.382490
      10.756921     -41.962939
      10.853556     -42.732451
      10.922656     -43.640156
      10.952067     -44.580767
      10.927867     -45.517697
      10.871851     -46.402821
      10.795778     -47.159954
      10.724177     -47.779773
      10.624742     -48.226391
      10.522299     -48.548013
      10.401325     -48.737797
      10.288330     -48.803206
      10.224114     -48.798349
      10.183864     -48.732017
      10.162750     -48.620062
      10.157530     -48.574688
      10.117013     -48.675233
      10.056462     -49.044386
       9.964609     -49.578562
       9.918084     -50.293292
       9.853964     -51.104046
       9.797954     -52.072643
       9.603230     -53.138979
       9.360532     -54.183054
       9.149082     -55.093163
       9.000410     -55.835234
       8.966572     -56.475448
       9.060706     -57.122772
       9.162941     -57.785134
       9.243969     -58.397051
       9.311194     -58.824173
       9.445483     -59.010872
       9.697381     -58.957877
      10.017044     -58.772718
      10.307012     -58.490413
      10.609672     -58.264795
      10.948531     -58.119050
      11.189847     -58.093478
      11.394015     -58.185528
      11.555527     -58.405779
      11.678265     -58.757646
      11.700337     -59.227797
      11.701872     -59.795811
      11.656032     -60.452684
      11.592254     -61.255429
      11.545249     -62.127984
      11.504279     -63.155045
      11.442720     -64.283103
      11.421122     -65.419389
      11.374927     -66.391960
      11.263242     -67.270998
      11.099600     -68.110918
      10.904049     -68.990054
      10.685231     -70.012021
      10.516542     -71.251693
      10.302967     -72.634327
      10.121334     -74.024602
      10.025415     -75.418330
       9.892032     -76.896030
       9.734330     -78.450346
       9.519344     -79.956771
       9.248875     -81.319404
       8.968054     -82.481010
       8.719598     -83.360869
       8.583153     -83.949210
       8.482697     -84.382059
       8.327711     -84.738865
       8.091601     -84.989614
       7.855251     -84.953478
       7.665941     -84.652031
       7.485375     -84.260215
       7.370685     -83.984472
       7.328688     -83.783226
       7.376542     -83.531681
       7.504703     -83.091761
       7.654927     -82.477513
       7.814136     -81.689169
       7.982641     -80.851100
       8.140320     -80.082655
       8.242437     -79.433296
       8.295154     -78.868230
       8.309364     -78.351714
       8.339563     -77.803585
       8.332938     -77.207856
       8.348835     -76.510849
       8.390323     -75.717163
       8.489913     -74.879205
       8.616715     -74.068407
       8.723445     -73.375427
       8.796719     -72.625245
       8.782663     -71.754818
       8.835530     -70.727431
       8.874244     -69.609786
       8.935289     -68.429267
       9.109356     -67.139679
       9.203117     -65.828754
       9.306519     -64.498663
       9.372478     -63.173642
       9.434568     -61.868346
       9.437819     -60.497320
       9.477101     -58.907738
       9.363148     -56.800397
       9.143847     -54.255288
       8.914029     -51.582045
       8.703733     -49.091893
       8.623910     -47.036333
       8.600340     -45.273170
       8.660714     -43.506646
       8.755401     -41.129158
       9.317973     -38.274170
       9.914910     -35.161979
      10.956303     -32.135196
      11.806775     -29.204670
      12.314370     -26.506656
      12.550482     -24.251281
      12.503044     -22.238511
      12.305389     -20.276792
      12.227593     -18.325888
      12.210605     -16.704597
      12.078368     -15.413366
      11.921491     -14.614073
      11.868307     -14.282258
      11.988942     -14.435139
      12.009306     -15.124717
      12.127800     -16.174051
      12.231391     -17.310617
      12.240656     -18.375232
      12.305823     -19.292881
      12.320055     -20.200135
      12.396515     -21.220219
      12.706839     -22.488269
      13.063053     -23.886504
      13.402353     -25.459441
      13.605143     -27.141749
      13.793915     -28.847598
      13.834444     -30.349917
      13.699137     -31.709327
      13.472724     -32.890335
      13.303705     -33.941499
      13.215256     -34.952561
      13.245915     -36.052048
      13.266090     -37.300956
      13.110174     -38.535884
      12.910254     -39.724438
      12.533434     -40.821577
      12.328087     -41.828088
      12.306468     -43.141898
      12.224605     -44.705680
      12.053747     -46.401316
      11.976481     -48.248932
      11.875638     -50.234037
      11.466227     -52.267177
      11.217935     -54.233489
      10.945356     -56.109777
      10.580792     -57.835711
      10.128205     -59.421689
       9.661493     -60.829789
       9.363951     -62.070467
       9.244126     -63.265882
       9.225717     -64.391784
       9.231811     -65.372723
       9.233013     -66.246040
       9.255926     -67.133656
       9.233991     -68.062120
       9.112574     -68.973846
       8.899519     -69.777820
       8.610201     -70.541436
       8.311781     -71.221696
       8.128744     -71.749883
       8.019819     -72.031037
       7.919400     -72.094698
       7.826798     -71.975098
       7.725917     -71.680078
       7.669741     -71.261932
       7.739151     -70.692096
       8.107239     -69.940059
       8.392304     -68.973516
       8.499799     -67.854555
       8.587237     -66.680200
       8.667722     -65.571244
       8.756885     -64.532166
       8.869124     -63.539265
       8.893171     -62.652299
       8.828956     -61.778943
       8.678039     -60.903931
       8.491930     -59.934595
       8.303613     -58.770440
       7.950816     -57.287425
       7.489163     -55.536031
       6.850105     -53.496261
       5.794462     -50.952531
       4.047262     -47.567113
       1.469913     -43.132301
      -1.102211     -38.223662
      -3.657103     -33.107917
      -6.049333     -28.202168
      -7.800025     -23.774114
      -8.960935     -19.904538
      -9.697194     -16.705099
     -10.329548     -14.366869
     -10.654948     -12.679761
     -10.414740     -11.019780
     -10.085316      -9.402182
      -9.980915      -7.537744
      -9.879638      -5.265419
      -9.780385      -2.799770
      -9.677384      -0.230683
     -10.016377       2.403586
     -11.199105       4.893118
     -12.522538       7.050326
     -13.281369       9.103578
     -14.087346      10.796912
     -14.814799      12.145351
     -15.392341      13.426361
     -15.588181      14.865128
     -15.600792      16.415383
     -15.345212      17.886386
     -15.121711      19.188023
     -14.668818      20.139777
     -14.330497      20.916373
     -14.087569      21.632828
     -13.392957      21.741521
     -12.317551      21.769813
     -11.670968      21.999375
     -11.067539      22.264656
     -10.551768      22.404278
     -10.105607      22.728881
      -9.831933      23.121214
      -9.640009      23.645498
      -9.413690      24.139554
      -8.911310      24.641467
      -8.342680      25.312263
      -7.849619      26.471254
      -7.526485      27.994739
      -7.322343      29.877139
      -7.357311      32.061401
      -7.718263      34.519902
      -7.607282      36.804891
      -7.201848      38.339497
      -6.642593      39.409788
      -6.136838      40.370882
      -5.898337      41.642603
      -5.591465      43.193417
      -5.138889      44.692877
      -4.496159      46.140795
      -3.848468      47.616422
      -3.047828      48.959709
      -2.260956      49.918320
      -1.498419      50.468281
      -0.717197      50.670824
       0.407249      50.727272
       1.728735      50.793371
       2.892565      50.913884
       4.055268      51.036179
       5.244142      51.189661
       6.335624      51.140906
       7.450097      50.932073
       8.499048      50.353563
       9.628388      49.404263
      11.075390      48.043534
      12.516415      46.735241
      13.742637      45.544629
      14.964651      44.438937
      16.310522      43.109366
      17.751733      41.281508
      19.060347      39.147065
      20.190162      36.860237
      21.279530      34.626699
      22.222684      32.365060
      22.982701      30.257026
      23.623316      28.245141
      24.075539      26.524421
      24.510874      25.137870
      24.949857      23.967422
      25.613192      23.038710
      26.523843      22.311014
      27.163389      21.914516
      27.874618      21.716271
      28.321029      21.656933
      28.837204      21.777569
      29.505645      21.983007
      30.051006      22.413038
      30.225694      22.876427
      30.123835      23.140664
      30.139117      23.440452
      30.016363      23.641595
      30.246254      23.830475
      30.444226      24.089255
      30.710328      24.424982
      31.088449      24.645979
      31.730436      24.824647
      32.557913      24.942231
      33.137727      25.024048
      33.314729      25.181209
      33.372389      25.422127
      33.326189      25.784585
      32.993864      26.440215
      32.240292      27.520747
      30.596962      29.207470
      28.078535      31.322818
      25.790717      33.292559
      23.731278      34.838305
      22.162557      36.007565
      20.853815      36.754034
      19.779984      37.034986
      18.981292      36.783139
      18.668635      36.337000
      18.571330      35.736451
      18.593447      34.717913
      18.403410      33.363353
      18.219544      31.646096
      18.390542      29.628438
      19.057698      27.747194
      19.936617      26.124001
      20.912757      24.835311
      21.782179      23.703605
      22.549967      22.646590
      23.143020      21.650915
      23.576776      20.545160
      24.122492      19.577134
      24.780992      18.610300
      24.818411      17.522260
      24.576140      15.344193
      24.588241      11.793825
      25.501503       9.096751
      25.797036       7.976043
      25.911380       6.998822
      25.758483       5.206486
      25.190755       2.388983
      24.624759      -0.947403
      23.995391      -4.135433
      23.393581      -6.849285
      22.929983      -9.317116
      22.721789     -11.508781
      22.603637     -13.414311
      22.644874     -14.805243
      22.415284     -15.756031
      22.433887     -16.477278
      22.299355     -17.055809
      22.292761     -17.537548
      22.409519     -17.938275
      22.752274     -18.349140
      23.060181     -18.743569
      23.547804     -19.081152
      23.935989     -19.467249
      24.283551     -19.728702
      24.485970     -19.932021
      24.513567     -20.111351
      24.633961     -20.423861
      24.927927     -21.516208
      25.514884     -24.168070
      25.367405     -28.081201
      24.177483     -32.328389
      22.800119     -36.055407
      21.808395     -39.081961
      20.968535     -41.683388
      19.923578     -43.959316
      18.761420     -45.983291
      17.694978     -47.601792
      17.056866     -48.914383
      16.584439     -50.058747
      16.160537     -51.104478
      16.195113     -52.306766
      16.250424     -53.824091
      16.146787     -55.557674
      16.022447     -57.257365
      15.881097     -58.818257
      15.709529     -60.211383
      15.589337     -61.387482
      15.476860     -62.306338
      15.333074     -62.995885
      15.317381     -63.377463
      15.433204     -63.370653
      15.604194     -62.984296
      15.776234     -62.472915
      15.840167     -61.933916
      15.754536     -61.248221
      15.517720     -60.643235
      15.246302     -60.195811
      15.032940     -59.815948
      14.868848     -59.525406
      14.720962     -59.215110
