       2.842753      11.543080
       3.022848      12.135745
       3.129013      12.782912
       3.142749      13.396542
       3.135847      13.988603
       3.115766      14.511016
       3.107266      14.934912
       3.084083      15.253788
       3.087191      15.474675
       3.100443      15.641882
       3.109982      15.788870
       3.164649      15.942400
       3.208475      16.005907
       3.280347      15.974833
       3.324918      15.823199
       3.363986      15.570041
       3.411286      15.242129
       3.508041      14.859387
       3.605987      14.485020
       3.691908      14.130169
       3.811623      13.802987
       3.951644      13.489673
       4.124560      13.259163
       4.271033      13.130665
       4.433243      13.127376
       4.578017      13.195203
       4.701054      13.284237
       4.794461      13.420285
       4.849115      13.577933
       4.900572      13.695285
       4.921832      13.758932
       4.932192      13.758087
       4.924540      13.726149
       4.918178      13.680363
       4.945355      13.626702
       4.971619      13.566339
       5.006315      13.514024
       5.011832      13.463014
       5.004118      13.436902
       5.029922      13.449676
       5.066354      13.489990
       5.091568      13.503608
       5.110188      13.536653
       5.121127      13.556983
       5.161391      13.585222
       5.238473      13.616432
       5.283423      13.619164
       5.339034      13.603132
       5.378923      13.583951
       5.441146      13.537612
       5.490158      13.468406
       5.549213      13.393968
       5.582835      13.329157
       5.627808      13.275344
       5.687225      13.212496
       5.758325      13.126652
       5.793156      13.019069
       5.802426      12.933383
       5.818305      12.888393
       5.803575      12.850653
       5.818029      12.867469
       5.842901      12.856739
       5.833297      12.794671
       5.803306      12.723214
       5.787886      12.665767
       5.755032      12.628909
       5.744726      12.659807
       5.725272      12.695431
       5.700118      12.692967
       5.698124      12.681029
       5.722866      12.693222
       5.747683      12.688365
       5.737522      12.639086
       5.733388      12.550001
       5.731488      12.467872
       5.729284      12.403247
       5.718157      12.388440
       5.738565      12.368320
       5.736010      12.357532
       5.753272      12.349877
       5.772844      12.310074
       5.786931      12.247937
       5.809654      12.219888
       5.876332      12.216359
       5.935307      12.193903
       6.045227      12.127321
       6.233658      11.985468
       6.537076      11.644476
       7.307163      10.753477
       8.631223       9.274472
      10.249709       7.728694
      11.986466       6.422927
      14.021883       5.300407
      16.222730       4.273600
      18.543296       3.359359
      21.001604       2.541278
      23.672559       1.754208
      26.363986       0.822727
      28.963885      -0.181466
      31.256097      -1.117195
      33.319285      -1.915432
      34.939833      -2.532212
      36.231403      -2.905865
      37.000418      -2.927344
      37.303023      -2.415294
      37.297692      -1.620500
      37.161249      -0.814497
      36.969919      -0.231875
      36.759437      -0.066650
      36.668652      -0.034417
      36.619329       0.052181
      36.633477       0.236936
      36.646392       0.358604
      36.661204       0.446362
      36.725234       0.681941
      36.975434       1.183393
      37.766104       2.334795
      38.996009       4.690395
      39.948107       7.712532
      40.348639      10.788528
      40.475031      12.975278
      40.610933      14.139669
      40.692113      14.695246
      40.843914      14.959547
      41.137988      15.064918
      41.605078      15.163671
      42.218695      15.265221
      43.106559      15.346771
      44.207068      15.461670
      45.195482      15.714768
      45.972377      16.086638
      46.602353      16.606577
      47.165481      17.175605
      47.704669      17.658165
      48.087383      18.095246
      48.420176      18.387764
      48.792423      18.643602
      49.136956      18.810375
      49.409863      18.818671
      49.663390      18.837347
      49.864441      18.901694
      50.065304      19.034223
      50.232677      19.064751
      50.380233      19.050554
      50.427594      18.994276
      50.371811      18.970218
      50.267103      18.914887
      50.172926      18.817311
      50.108623      18.722491
      50.010390      18.627549
      49.991229      18.654739
      50.015354      18.664692
      50.030231      18.607570
      50.065561      18.521144
      50.083712      18.455996
      50.103820      18.415085
      50.105661      18.346898
      50.120620      18.213987
      50.129785      18.089351
      50.148650      17.919866
      50.140111      17.752491
      50.175281      17.602233
      50.206055      17.457429
      50.209999      17.311980
      50.200785      17.148074
      50.230452      17.045260
      50.255544      16.962285
      50.281431      16.875876
      50.321934      16.801545
      50.341897      16.712971
      50.371500      16.634671
      50.402051      16.554513
      50.422819      16.502604
      50.424442      16.520537
      50.416981      16.522728
      50.417822      16.489829
      50.447177      16.477950
      50.479753      16.420524
      50.457188      16.327128
      50.453516      16.234585
      50.493552      16.199568
      50.524127      16.165014
      50.540796      16.095327
      50.562439      16.036270
      50.579089      16.000161
      50.603763      15.957250
      50.645242      15.887517
      50.670838      15.792024
      50.689975      15.705514
      50.677250      15.645004
      50.668522      15.600669
      50.706066      15.614284
      50.729142      15.605607
      50.720657      15.522873
      50.692569      15.443744
      50.694997      15.434593
      50.683243      15.419466
      50.670950      15.370486
      50.678129      15.320384
      50.671378      15.273880
      50.670989      15.230074
      50.676419      15.157855
      50.682898      15.119722
      50.692515      15.094639
      50.694045      15.060312
      50.690951      15.006110
      50.704590      14.983821
      50.742314      14.973839
      50.704857      14.873333
      50.665986      14.784287
      50.645339      14.774317
      50.655218      14.756652
      50.639423      14.734967
      50.645718      14.699240
      50.625862      14.669537
      50.631725      14.637531
      50.647233      14.613995
      50.682068      14.615567
      50.697304      14.628636
      50.463750      14.836723
      50.504349      15.806351
      49.936442      17.578486
      49.141444      19.802093
      48.148066      21.001548
      46.890277      21.297574
      45.878700      21.181890
      45.238603      20.689744
      44.655274      19.952336
      43.618921      19.334360
      42.891684      18.887066
      42.299875      17.822343
      41.854496      16.668397
      41.680085      16.028937
      41.254129      15.252450
      40.573830      14.518243
      40.114756      14.381182
      39.839344      14.685474
      39.776508      15.212239
      39.655877      16.197219
      39.547912      17.566066
      39.794652      18.814301
      39.628364      19.820448
      39.507963      20.774033
      39.470472      21.796196
      39.434770      22.721678
      39.581919      23.218272
      39.862023      23.392316
      40.111084      23.580582
      40.283506      23.921729
      40.474892      24.163912
      40.617519      24.428873
      40.791473      24.717183
      40.853978      24.872870
      40.792862      24.980750
      40.651547      25.119840
      40.529242      25.151928
      40.307925      25.037390
      40.018713      24.892699
      39.934548      24.689355
      39.897494      24.596520
      39.962845      24.522395
      39.988872      24.438584
      40.002858      24.246800
      39.955524      24.006810
      39.835759      23.966215
      39.701632      24.007091
      39.564565      24.009279
      39.464372      24.148171
      39.428070      24.335251
      39.449810      24.395104
      39.434763      24.388467
      39.398972      24.362579
      39.382055      24.319971
      39.349933      24.282373
      39.230564      24.169549
      39.094866      24.000729
      39.035324      23.908916
      39.064187      23.833025
      39.070348      23.742408
      39.089864      23.651982
      39.049796      23.671794
      39.067281      23.847873
      39.078258      24.091822
      39.067616      24.362640
      38.997646      24.563497
      38.912910      24.656349
      38.914054      24.640110
      38.944796      24.660157
      38.970796      24.642830
      38.929883      24.540215
      38.836487      24.332942
      38.726733      24.197091
      38.697547      24.094098
      38.760985      23.982964
      38.807131      23.902449
      38.755521      23.808310
      38.697219      23.680107
      38.667589      23.423059
      38.576085      23.230643
      38.562923      23.107743
      38.463397      22.924201
      38.297732      22.209165
      37.920057      20.678481
      37.099866      17.895000
      35.758854      13.790079
      34.294478       9.414414
      32.654929       5.423806
      31.233417       2.329915
      30.401173       0.743292
      29.805726      -0.030217
      29.405598      -0.346934
      28.888395      -0.264181
      28.511458      -0.187966
      28.266026      -0.230971
      28.204929      -0.175999
      28.162180      -0.118809
      28.120281      -0.191122
      28.079234      -0.270417
      28.026982      -0.305172
      27.984017      -0.226227
      27.973813      -0.154753
      27.963489      -0.138002
      27.900610      -0.268490
      27.785224      -0.500867
      27.512971      -1.299290
      26.616571      -4.658928
      23.160262     -12.915234
      18.864967     -21.406850
      15.419534     -27.116480
      13.078189     -30.590150
      11.959550     -31.993480
      11.710014     -31.985097
      11.813938     -31.491381
      11.920051     -31.111700
      11.846115     -30.874179
      11.607537     -30.613202
      11.527197     -30.147763
      11.642178     -29.659666
      11.735563     -29.208458
      11.794333     -28.874344
      11.727447     -28.594419
      11.637746     -28.350215
      11.461600     -28.035373
      11.401266     -27.430241
      11.531896     -26.265046
      11.709123     -24.219404
      11.578161     -20.965922
      11.434232     -17.006948
      11.234318     -13.104477
      11.155903      -9.898759
      11.083849      -7.516798
      11.113200      -5.842517
      11.214781      -4.637066
      11.380880      -3.781875
      11.624036      -3.028008
      12.179765      -2.312994
      13.184800      -1.517812
      14.540841      -0.939601
      15.728153      -0.552438
      16.701634      -0.294918
      17.603953      -0.198674
      18.273202      -0.079976
      18.690886      -0.082166
      18.973034      -0.115747
      19.382529      -0.117628
      19.736892      -0.139560
      20.083564      -0.087836
      20.421986      -0.036120
      20.694317       0.022443
      20.902254       0.028041
      20.947827       0.009214
      20.968295      -0.021750
      20.996528      -0.031762
      21.082170      -0.042906
      21.213902      -0.049155
      21.368780      -0.031362
      21.592551      -0.026381
      21.817249      -0.018166
      22.130942      -0.013152
      22.705725       0.024242
      23.630589       0.328502
      24.736245       1.138029
      25.829621       2.776982
      27.080817       5.523946
      28.344656       8.926793
      29.364544      12.405169
      30.030082      15.402285
      30.484687      17.437846
      30.630311      18.404695
      30.614894      18.810681
      30.363072      19.074389
      29.992603      19.158937
      29.042627      19.269320
      26.389881      19.940881
      23.338770      21.315259
      21.048581      23.402210
      19.131855      26.140400
      17.732940      29.234162
      16.659827      32.212440
      15.913684      34.504122
      15.440300      35.929906
      14.915414      36.592807
      14.454924      36.779892
      14.082664      36.807818
      13.827237      36.838672
      13.629681      36.956197
      13.556258      37.092371
      13.578128      37.220704
      13.647521      37.279221
      13.760887      37.305162
      14.007420      37.592528
      14.649373      39.624826
      15.605014      47.529223
      16.850611      57.370558
      17.720868      63.442110
      17.376040      64.909766
      16.714931      64.568633
      16.390357      63.852057
      16.518143      63.429583
      16.851021      63.538463
      17.015279      63.876837
      16.917467      63.958183
      16.772993      63.890384
      16.728394      63.839093
      16.728345      63.633306
      16.626019      63.074462
      16.595867      62.412396
      16.597226      61.821826
      16.450723      60.962026
      16.069716      59.968653
      15.294462      58.461713
      13.716175      55.028370
      10.881624      47.537922
       6.601640      37.423113
       1.616320      26.787769
      -3.329750      16.467627
      -7.042351       7.321526
      -9.121304       0.176917
      -9.912454      -4.185636
     -10.247916      -6.142886
     -10.376927      -6.477706
     -10.577487      -5.890198
     -10.636392      -4.819231
     -10.539674      -3.474530
     -10.459594      -1.886749
     -10.397125      -0.229159
     -10.161848       1.299678
      -9.944413       2.579249
      -9.697782       3.609671
      -9.386199       4.473303
      -8.989618       5.210698
      -8.491186       5.805962
      -8.008113       6.270190
      -7.483657       6.631559
      -7.053556       6.894949
      -6.626436       7.061431
      -6.240089       7.133417
      -5.931859       7.160154
      -5.739554       7.114526
      -5.657674       7.101238
      -5.650568       7.122552
      -5.635544       7.083400
      -5.597760       6.995299
      -5.511277       6.978966
      -5.424590       7.039192
      -5.427374       7.153639
      -5.457316       7.253714
      -5.458050       7.331945
      -5.452822       7.416431
      -5.456209       7.483254
      -5.418394       7.526572
      -5.316058       7.568177
      -5.196864       7.600490
      -5.130961       7.629887
      -5.115710       7.636683
      -5.090347       7.663859
      -5.074059       7.641376
      -5.069488       7.591705
      -5.056092       7.541314
      -5.039767       7.521892
      -5.021518       7.518266
      -4.996411       7.554815
      -4.988196       7.582534
      -5.007370       7.623812
      -4.970551       7.629206
      -4.943275       7.628238
      -4.924484       7.623861
      -4.893227       7.641764
      -4.880901       7.675475
      -4.879160       7.683028
      -4.871621       7.706730
      -4.847145       7.764483
      -4.869075       7.812768
      -4.902466       7.846383
      -4.888079       7.872392
      -4.833095       7.884328
      -4.790537       7.909981
      -4.743107       7.931469
      -4.704215       7.967714
      -4.695537       7.987421
      -4.737742       7.978333
      -4.748293       7.939489
      -4.751532       7.905183
      -4.718585       7.881411
      -4.719854       7.893515
      -4.717845       7.896756
      -4.708251       7.889162
      -4.696853       7.869266
      -4.702499       7.852187
      -4.693771       7.816235
      -4.688069       7.752782
      -4.670894       7.728666
      -4.666398       7.728658
      -4.689438       7.740453
      -4.713053       7.751282
      -4.725511       7.721170
      -4.726332       7.680083
      -4.739885       7.646380
      -4.723951       7.624832
      -4.724421       7.616661
      -4.745841       7.627171
      -4.758500       7.622500
      -4.762955       7.625423
      -4.754248       7.635995
      -4.724103       7.669250
      -4.721524       7.681722
      -4.691149       7.658442
      -4.657162       7.631726
      -4.668232       7.613019
      -4.698568       7.601815
      -4.742833       7.580976
      -4.742971       7.567111
      -4.723790       7.568826
      -4.692856       7.581019
      -4.667828       7.560142
      -4.652174       7.520483
      -4.641652       7.466491
      -4.610421       7.446777
      -4.576143       7.421770
      -4.569126       7.395623
      -4.580674       7.332663
      -4.603518       7.276232
      -4.602017       7.235146
      -4.594364       7.211487
      -4.571731       7.217512
      -4.598203       7.234028
      -4.579965       7.220121
      -4.583264       7.196091
      -4.599245       7.178699
      -4.615769       7.198491
      -4.627623       7.234481
      -4.623707       7.273359
      -4.629197       7.286023
      -4.641044       7.280277
      -4.653413       7.257732
      -4.656488       7.226230
      -4.661459       7.191776
      -4.649392       7.187562
      -4.618541       7.211568
      -4.609390       7.216282
      -4.603382       7.190563
      -4.626529       7.163796
      -4.631482       7.130387
      -4.648576       7.097414
      -4.641994       7.087268
      -4.640718       7.099630
      -4.657983       7.102605
      -4.650601       7.104754
      -4.640554       7.123828
      -4.668434       7.130087
      -4.667610       7.147141
      -4.663175       7.154677
      -4.647795       7.156456
      -4.622150       7.176947
      -4.613010       7.161057
      -4.612833       7.142677
      -4.623978       7.144945
      -4.617744       7.155732
      -4.631814       7.158948
      -4.628569       7.162056
      -4.625623       7.164983
      -4.641378       7.169082
      -4.659291       7.173681
      -4.653580       7.189296
      -4.637892       7.211114
      -4.611514       7.216227
      -4.587780       7.216278
      -4.553487       7.203731
      -4.538194       7.156729
      -4.481072       7.131081
      -4.401075       7.102156
      -4.393700       7.051065
      -4.416015       6.984268
      -4.478059       6.954435
      -4.501718       6.950832
      -4.530381       6.961779
      -4.518546       6.972465
      -4.543557       6.994955
      -4.563334       6.992512
      -4.571118       7.012011
      -4.578796       7.042787
      -4.593478       7.074511
      -4.581784       7.054532
      -4.574505       7.031210
      -4.562019       7.011802
      -4.543759       6.995387
      -4.530186       6.978152
      -4.524416       6.975046
      -4.514923       6.956485
      -4.541596       6.942751
      -4.551638       6.936474
      -4.557223       6.947686
      -4.553014       6.974799
      -4.557793       6.984856
      -4.556931       6.994425
      -4.560068       7.003029
      -4.574124       7.011291
      -4.567339       7.002027
      -4.554315       6.987863
      -4.538859       6.960483
      -4.519569       6.948495
      -4.531929       6.934250
      -4.518945       6.938669
      -4.508131       6.942975
      -4.515389       6.948854
      -4.524969       6.959579
      -4.542308       6.984814
      -4.564876       7.007280
      -4.586986       7.040113
      -4.594461       7.045259
      -4.596528       7.058553
      -4.597783       7.070498
      -4.597596       7.076892
      -4.565994       7.074905
      -4.559559       7.083294
      -4.549932       7.078171
      -4.540071       7.075712
      -4.528687       7.063381
      -4.529660       7.059610
      -4.528232       7.060022
      -4.547633       7.053760
      -4.569050       7.041693
      -4.600322       7.047493
      -4.617865       7.066355
      -4.628814       7.065826
      -4.610044       7.042929
      -4.594308       7.046489
      -4.617852       7.029308
      -4.612062       7.016835
      -4.603666       7.008347
      -4.598393       7.010464
      -4.614109       6.997067
      -4.621506       6.971028
      -4.632076       6.956408
      -4.630322       6.957078
      -4.645085       6.926604
      -4.661935       6.898593
      -4.678709       6.873157
      -4.720968       6.843151
      -4.765861       6.794044
      -4.787270       6.759940
      -4.772442       6.752461
      -4.765626       6.758486
      -4.772616       6.758748
      -4.771094       6.758581
      -4.759614       6.747386
      -4.762307       6.744396
      -4.744459       6.736457
      -4.735432       6.720294
      -4.731520       6.707761
      -4.726368       6.710680
      -4.747762       6.696404
      -4.773494       6.670961
      -4.785600       6.656052
      -4.792496       6.656556
      -4.798541       6.647740
      -4.808525       6.638062
      -4.819631       6.636235
      -4.848395       6.609416
      -4.849477       6.590777
      -4.831791       6.604724
      -4.820921       6.615101
      -4.794143       6.623478
      -4.788737       6.612070
      -4.796863       6.617872
      -4.794106       6.624664
      -4.811904       6.616268
      -4.830017       6.604321
      -4.842860       6.605276
      -4.850889       6.613738
      -4.855217       6.629060
      -4.855061       6.652987
      -4.857122       6.665246
      -4.884881       6.634106
      -4.909460       6.572979
      -4.912990       6.516505
      -4.897772       6.503250
      -4.894562       6.534881
      -4.892774       6.552141
      -4.891007       6.570510
      -4.874018       6.581961
      -4.900649       6.570004
      -4.918308       6.538409
      -4.922030       6.537645
      -4.920391       6.557002
      -4.921427       6.576354
      -4.930285       6.560105
      -4.923957       6.557016
      -4.912233       6.549295
      -4.825406       6.252285
      -4.097682       3.701340
      -3.070956      -1.772959
      -2.021369      -8.254460
      -1.328749     -14.384626
      -0.907218     -19.969372
      -0.652410     -24.403228
      -0.353904     -27.639171
       0.077870     -30.002217
       0.491021     -31.813846
       0.857767     -33.060991
       1.088135     -33.787750
       1.441162     -34.205362
       1.873458     -34.756473
       2.367765     -35.620902
       2.593359     -36.940354
       2.811484     -38.542642
       3.081670     -39.571197
       3.518300     -40.066640
       3.939918     -40.071453
       4.416087     -39.442272
       4.907648     -37.984752
       5.120631     -35.669310
       4.933487     -32.503623
       4.466990     -28.807300
       4.052164     -25.455179
       3.604079     -22.952843
       3.130911     -21.281876
       2.641517     -20.022151
       2.299496     -18.993521
       2.035410     -18.177345
       1.829128     -17.539485
       1.719443     -17.049115
       1.899647     -16.602168
       2.539748     -16.179917
       3.412571     -15.879656
       4.214977     -15.770779
       5.186671     -15.858144
       6.351018     -16.227875
       7.524362     -16.743239
       8.589450     -17.458548
       9.539691     -18.381341
      10.708294     -19.836647
      11.966587     -22.094988
      13.202431     -24.535385
      14.808910     -26.865100
      17.429369     -29.914028
      20.679831     -34.536613
      24.072103     -38.829160
      26.351407     -42.309701
      27.735945     -45.118896
      28.576900     -47.743855
      29.372164     -50.687289
      30.070543     -53.659248
      30.538651     -56.920701
      30.985233     -61.814968
      30.750383     -68.387827
      29.919524     -73.734584
      29.112301     -76.799031
      28.322552     -78.698311
      28.045881     -80.432342
      27.716043     -81.948826
      27.796556     -83.535926
      28.069778     -85.292449
      28.384710     -87.478139
      28.540064     -90.289763
      28.297186     -93.178584
      27.951334     -95.247599
      27.512978     -96.496116
      27.119501     -97.235880
      26.895427     -97.667552
      26.761434     -98.165261
      26.664162     -98.761801
      26.631387     -99.438540
      26.593918     -99.839914
      26.512378     -99.846297
      26.497265     -99.762115
      26.424342     -99.867327
      26.397116    -100.178837
      26.285208    -100.603254
      26.133562    -100.939865
      25.962405    -101.181764
      25.864696    -101.666155
      25.788091    -102.355435
      25.638595    -103.113354
      25.475901    -103.875489
      25.363350    -104.515771
      25.328843    -105.114457
