       0.244084      11.743287
       0.250861      11.737019
       0.247537      11.702370
       0.258269      11.660395
       0.287855      11.617881
       0.264744      11.584375
       0.201928      11.557779
       0.153689      11.519021
       0.108034      11.469078
       0.088059      11.397050
       0.041036      11.333340
       0.001166      11.319232
      -0.049348      11.349180
      -0.112811      11.380986
      -0.179054      11.468011
      -0.230397      11.617974
      -0.313139      11.835058
      -0.375329      12.045996
      -0.434243      12.322453
      -0.500315      12.685269
      -0.528110      13.352846
      -0.555797      14.241004
      -0.638455      15.325024
      -0.771421      16.459520
      -0.839992      17.463763
      -0.937631      18.349766
      -1.029738      19.101107
      -1.092662      19.838353
      -1.124597      20.707922
      -1.207252      21.637704
      -1.263468      22.554125
      -1.338312      23.206226
      -1.474846      23.566047
      -1.780318      23.760624
      -2.138175      23.938180
      -2.464723      24.189356
      -2.711246      24.608894
      -2.973110      25.225767
      -3.138682      26.177535
      -3.179607      27.450976
      -3.231049      28.800136
      -3.187993      30.018882
      -3.197948      31.053386
      -3.195208      31.911921
      -3.294594      32.651551
      -3.402172      33.474617
      -3.508599      34.436527
      -3.596686      35.475765
      -3.790537      36.554247
      -4.309018      37.637371
      -5.306200      38.656250
      -6.655390      39.543468
      -8.575337      40.171651
     -11.333347      40.531727
     -14.900664      40.542274
     -18.238139      40.650661
     -21.116648      40.881717
     -23.538389      41.116515
     -25.271642      41.557625
     -26.428604      42.194842
     -27.304342      42.780400
     -28.113297      43.087490
     -28.701315      43.190546
     -28.956335      43.097792
     -29.017436      42.846844
     -29.126984      42.599932
     -29.402270      42.191175
     -29.742930      41.909346
     -30.369877      41.526962
     -31.784109      40.574012
     -34.653580      38.225051
     -37.417384      34.152503
     -39.785656      28.222067
     -42.198106      19.903788
     -44.032822      10.336658
     -45.344967       1.228189
     -46.202489      -7.051633
     -46.654571     -14.247591
     -47.011717     -20.417666
     -47.165743     -26.022775
     -46.615175     -31.817214
     -45.185870     -38.653649
     -43.464453     -45.957034
     -41.830949     -52.165247
     -40.201541     -56.979956
     -39.054174     -59.939253
     -38.356011     -61.104735
     -37.472217     -61.395438
     -36.422811     -61.562354
     -35.442200     -61.891966
     -34.620474     -62.597862
     -33.585146     -63.656270
     -32.464544     -64.964796
     -31.353021     -66.335667
     -30.712581     -67.023178
     -30.253957     -66.912972
     -29.548447     -66.768933
     -28.908328     -66.687665
     -28.342002     -65.645008
     -27.298006     -63.263400
     -26.148708     -60.761873
     -25.059582     -59.233844
     -24.285578     -58.827238
     -23.829786     -59.479259
     -23.458138     -60.818506
     -22.848611     -62.794411
     -22.071747     -65.539668
     -21.420916     -68.625559
     -20.903742     -71.183248
     -20.472672     -72.693705
     -20.309107     -73.353308
     -20.238421     -73.634000
     -20.055124     -74.036628
     -19.976314     -74.657443
     -19.822193     -75.409393
     -19.724258     -76.143556
     -19.560441     -76.937320
     -19.437831     -77.619528
     -19.255884     -78.085953
     -19.131850     -78.122186
     -18.948743     -77.986884
     -18.692122     -77.972094
     -18.424765     -78.390060
     -18.241913     -78.923833
     -18.113507     -79.468587
     -17.915691     -80.116820
     -17.631046     -80.957925
     -17.265860     -82.109020
     -16.939042     -83.379734
     -16.653671     -84.538095
     -16.502613     -85.258897
     -16.465719     -85.304893
     -16.514203     -84.792224
     -16.668426     -83.954495
     -16.987895     -82.757102
     -17.402855     -81.258861
     -17.998443     -79.248573
     -18.687270     -76.818566
     -19.240483     -73.997388
     -19.688804     -71.103909
     -19.841213     -68.023754
     -19.696541     -65.300125
     -19.395944     -62.979638
     -19.108528     -61.311309
     -18.753380     -59.825176
     -18.258764     -57.994147
     -17.597091     -55.863026
     -16.883542     -53.344848
     -16.046951     -50.579512
     -15.166076     -47.677537
     -14.359797     -44.752298
     -13.424355     -41.974663
     -12.518731     -39.350525
     -11.744419     -37.103246
     -11.083930     -35.219782
     -10.465614     -33.487994
      -9.830441     -31.732202
      -9.221075     -29.629907
      -8.602062     -26.989243
      -7.983205     -23.052065
      -7.041737     -17.440301
      -6.125657     -11.725757
      -5.194676      -6.611551
      -4.467774      -2.454669
      -4.009955       0.347859
      -3.813122       1.896047
      -3.654957       2.766801
      -3.501430       3.441224
      -3.220938       4.131754
      -2.906417       4.878709
      -2.722151       5.668596
      -2.545517       6.491470
      -2.312574       7.382296
      -2.010249       8.408759
      -1.677243       9.597228
      -1.369510      10.861471
      -1.168460      12.086800
      -1.145139      13.277989
      -1.156514      14.356506
      -1.152212      15.343100
      -1.135228      16.264048
      -1.113085      17.118431
      -1.110054      17.888568
      -1.098773      18.555475
      -1.136464      19.202355
      -1.251005      19.809465
      -1.413702      20.302810
      -1.598136      20.613858
      -1.773546      20.651541
      -1.914358      20.265452
      -2.100964      19.133162
      -2.296437      17.045925
      -2.520755      13.554881
      -2.651700       8.871178
      -2.537721       4.442935
      -2.371368       0.652358
      -2.139182      -2.214276
      -1.680774      -4.682758
      -1.035792      -6.995463
      -0.403791      -9.286293
       0.106991     -11.654712
       0.596096     -13.809558
       0.911226     -15.508851
       1.197319     -16.654691
       1.370984     -17.365681
       1.405532     -17.865683
       1.234362     -18.147139
       1.033350     -18.253665
       0.837402     -18.247079
       0.481501     -18.178190
      -0.369930     -17.993075
      -2.435889     -17.525917
      -6.146841     -16.584360
     -10.805907     -15.209600
     -14.057099     -14.327761
     -17.182788     -13.883744
     -19.328254     -13.396068
     -20.729387     -12.736549
     -21.796866     -11.938215
     -22.868501     -10.850017
     -24.089102      -9.586135
     -25.739288      -7.829733
     -27.639759      -5.118754
     -28.648065      -1.853175
     -28.998241       0.927575
     -28.947677       2.662625
     -28.759970       3.411906
     -28.553948       3.419773
     -28.355521       3.085286
     -28.140812       2.832012
     -27.930095       2.772500
     -27.717721       2.764929
     -27.483061       2.744861
     -27.307801       2.636427
     -27.140367       2.444332
     -27.017676       2.244226
     -26.872041       2.170612
     -26.719846       2.164565
     -26.555028       2.173062
     -26.385877       2.203771
     -26.265534       2.187625
     -26.092037       2.125726
     -25.896738       2.096210
     -25.714636       2.123306
     -25.603872       2.197562
     -25.484940       2.284249
     -25.384905       2.324028
     -25.303084       2.274553
     -25.165183       2.213814
     -25.096247       2.232815
     -24.999889       2.366885
     -24.953388       2.482071
     -24.905298       2.517110
     -24.833048       2.455186
     -24.737566       2.312388
     -24.715148       2.141151
     -24.669752       1.993897
     -24.606820       1.873906
     -24.522536       1.755381
     -24.449488       1.643255
     -24.356911       1.520333
     -24.230092       1.344403
     -24.084539       1.086099
     -23.945371       0.826223
     -23.800559       0.559241
     -23.597749       0.357569
     -23.335911       0.233040
     -23.129587       0.104737
     -22.921636      -0.032896
     -22.742760      -0.151077
     -22.625662      -0.247480
     -22.560269      -0.317244
     -22.501637      -0.384012
     -22.424331      -0.471733
     -22.339923      -0.683650
     -22.248642      -0.873720
     -22.126503      -0.977759
     -22.025168      -1.022723
     -21.964339      -1.026383
     -21.907310      -1.041008
     -21.870972      -1.029547
     -21.812936      -1.007742
     -21.753267      -1.042153
     -21.689468      -1.152772
     -21.611933      -1.267471
     -21.530922      -1.375997
     -21.452571      -1.419692
     -21.384253      -1.435216
     -21.332746      -1.453055
     -21.276291      -1.462697
     -21.219483      -1.445776
     -21.140092      -1.426764
     -21.051175      -1.417673
     -20.957029      -1.408127
     -20.860471      -1.412553
     -20.771505      -1.386885
     -20.686429      -1.359204
     -20.577474      -1.338167
     -20.489089      -1.351856
     -20.395528      -1.393382
     -20.320099      -1.402579
     -20.300495      -1.370752
     -20.289765      -1.344862
     -20.238120      -1.328572
     -20.187611      -1.330424
     -20.150072      -1.319712
     -20.120858      -1.314404
     -20.072122      -1.304334
     -20.053852      -1.314617
     -20.028535      -1.288946
     -20.040255      -1.234640
     -20.032900      -1.140218
     -20.001215      -1.046356
     -19.970703      -0.991008
     -19.953571      -0.966941
     -19.942273      -0.888777
     -19.880956      -0.498131
     -19.628403       0.769596
     -19.356528       3.091661
     -19.101645       5.829875
     -18.888000       8.168867
     -18.790539       9.619886
     -18.719679      10.374783
     -18.594671      10.666420
     -18.465926      10.850572
     -18.329139      11.194733
     -18.196234      11.689449
     -18.016254      12.297500
     -17.815734      13.001235
     -17.627914      13.665841
     -17.485339      14.096589
     -17.380385      14.359484
     -17.284002      14.583896
     -17.204363      14.723000
     -17.150905      14.756419
     -17.110023      14.710605
     -17.087291      14.582475
     -17.074999      14.379833
     -17.113032      14.219742
     -17.202797      14.187147
     -17.286634      14.262670
     -17.285684      14.529856
     -17.217145      14.915518
     -17.198248      15.356740
     -17.352748      15.775090
     -17.578398      16.297550
     -17.935037      16.926722
     -18.588795      17.832455
     -20.058604      18.935921
     -21.769992      19.935881
     -22.899318      20.595965
     -23.743003      20.900508
     -24.362383      21.019713
     -24.693959      21.161160
     -24.880119      21.329261
     -25.104997      21.503216
     -25.327782      21.626001
     -25.445370      21.711150
     -25.428487      21.783954
     -25.365812      21.775551
     -25.264191      21.760514
     -25.140247      21.740726
     -25.010924      21.699840
     -24.968304      21.638680
     -24.932459      21.526325
     -24.898139      21.447459
     -24.874349      21.390885
     -24.900949      21.335925
     -24.947545      21.291350
     -24.994757      21.259801
     -25.039551      21.243209
     -25.028907      21.194863
     -25.005703      21.208875
     -24.943037      21.201208
     -24.874374      21.204900
     -24.806392      21.191859
     -24.744149      21.148391
     -24.676447      21.177627
     -24.631821      21.246090
     -24.597807      21.273294
     -24.551073      21.260666
     -24.482684      21.219582
     -24.422972      21.162508
     -24.347003      21.109729
     -24.225653      21.078097
     -24.127128      21.011471
     -24.023362      20.919545
     -23.875636      20.845026
     -23.735030      20.803136
     -23.614632      20.756186
     -23.490323      20.708981
     -23.382648      20.660180
     -23.292902      20.613438
     -23.208835      20.574205
     -23.148187      20.571136
     -23.128640      20.560992
     -23.111859      20.531248
     -23.118057      20.521388
     -23.153086      20.485256
     -23.187303      20.434554
     -23.210658      20.443216
     -23.235862      20.439950
     -23.218597      20.463927
     -23.216047      20.484812
     -23.250452      20.490674
     -23.201197      20.529960
     -23.097228      20.600756
     -22.883691      20.673808
     -22.503675      20.710804
     -21.988432      20.853907
     -21.387803      20.984755
     -20.711276      21.088516
     -19.907148      21.186526
     -19.047501      21.286515
     -18.179731      21.354413
     -17.371374      21.390025
     -16.608293      21.429464
     -15.960198      21.502868
     -15.350920      21.515985
     -14.743638      21.489560
     -14.109349      21.458502
     -13.463545      21.446228
     -12.931145      21.365507
     -12.494632      21.195771
     -12.161930      20.980814
     -11.906094      20.810470
     -11.723062      20.683034
     -11.594487      20.587499
     -11.459491      20.527872
     -11.319915      20.506234
     -11.223072      20.441774
     -11.140987      20.389010
     -11.091323      20.363389
     -10.997975      20.365287
     -10.933280      20.392681
     -10.843311      20.449346
     -10.749851      20.565764
     -10.656069      20.753925
     -10.551939      21.000220
     -10.401068      21.297035
     -10.208815      21.706504
      -9.892530      22.522071
      -9.335173      24.111138
      -8.606259      26.395367
      -7.883831      29.127640
      -7.029900      32.673689
      -6.155916      36.566380
      -5.344454      40.031004
      -4.590557      43.000617
      -4.163351      45.926372
      -3.589296      49.473553
      -3.109642      53.085673
      -2.766121      56.414239
      -2.327455      59.861478
      -1.978297      63.880485
      -1.550080      68.102725
      -1.502195      71.581412
      -1.456878      73.673152
      -1.444711      74.821771
      -1.475466      75.288064
      -1.618687      75.402190
      -1.680338      75.597879
      -1.641200      75.720742
      -1.616268      75.693815
      -1.569701      75.521444
      -1.534721      75.224724
      -1.442206      74.927080
      -1.370521      74.510260
      -1.354338      73.856860
      -1.375246      73.036542
      -1.441662      72.013177
      -1.815899      70.257844
      -2.203425      66.931429
      -4.009733      59.519349
      -6.081609      48.303598
      -7.463024      34.803509
      -7.473249      20.574895
      -6.476754       6.877640
      -4.870592      -4.605329
      -3.302293     -13.394989
      -1.874866     -19.685068
      -0.704212     -24.113246
       0.321291     -27.316635
       1.037735     -29.253082
       1.319288     -30.068317
       1.443282     -29.937303
       1.220451     -29.064411
       0.904449     -27.509163
       0.522530     -25.006980
       0.099223     -21.226096
      -0.537186     -14.647240
      -0.934578      -5.524160
      -0.478383       2.435682
      -0.283847       8.090734
      -0.279931      11.737925
      -0.146259      13.959611
      -0.065853      15.530521
       0.046544      16.858280
       0.052266      17.916983
       0.036488      18.678820
       0.130456      19.362740
       0.376067      19.873920
       0.373209      20.596611
       0.465495      22.154746
       1.190904      25.820252
       2.070145      31.656007
       2.587022      36.020822
       2.341713      37.289809
       2.021563      37.049341
       2.012976      36.751947
       2.036301      36.596341
       2.035743      36.603461
       1.994671      36.720957
       1.930758      36.973726
       2.035990      37.209668
       2.196868      37.203621
       2.274613      36.977452
       2.297170      36.694299
       2.184532      36.388297
       1.958950      36.088721
       1.681423      35.712340
       1.415214      35.312828
       0.852658      34.658515
      -0.470640      33.101907
      -3.394524      29.427840
      -6.435975      24.954459
      -9.299686      20.936122
     -11.795553      17.824138
     -14.519065      15.427782
     -17.465122      13.638510
     -20.552706      12.502498
     -24.617532      11.768155
     -29.909543      10.768021
     -34.609473       9.386601
     -37.445494       7.584301
     -38.878338       5.256299
     -39.904741       2.611928
     -40.945310      -0.323564
     -41.822867      -3.661598
     -42.636258      -6.766100
     -43.608843      -9.022207
     -44.118918     -10.295941
     -43.833184     -11.049811
     -42.931711     -11.302029
     -41.830905     -11.224410
     -40.759732     -11.020610
     -39.829399     -10.516661
     -38.763496      -9.460505
     -37.258100      -7.265777
     -35.356515      -3.956551
     -33.372870       0.069985
     -31.167225       4.417185
     -29.004019       8.720093
     -27.007520      12.538708
     -25.237630      15.695363
     -23.607327      18.328778
     -22.033535      20.295023
     -20.117920      21.655882
     -17.883530      22.598416
     -16.055283      23.265387
     -14.954878      23.687106
     -14.570066      23.811341
     -14.721608      23.640694
     -14.879463      23.284352
     -15.060281      22.797294
     -15.169645      22.342791
     -15.188150      22.005128
     -15.110109      21.724227
     -15.063039      21.554302
     -15.034348      21.435237
     -15.096417      21.393869
     -15.140394      21.361493
     -15.130520      21.339153
     -15.073691      21.373013
     -14.939065      21.437498
     -14.866404      21.539432
     -14.805792      21.651945
     -14.748240      21.813069
     -14.618890      22.036730
     -14.539354      22.335314
     -14.530280      22.551063
     -14.571912      22.633231
     -14.559370      22.605864
     -14.510394      22.549370
     -14.536485      22.497932
     -14.548950      22.422755
     -14.563124      22.295010
     -14.565692      22.178184
     -14.548933      22.098118
     -14.525838      22.101720
     -14.446636      22.132254
     -14.381582      22.131644
     -14.353199      22.057145
     -14.361988      22.007358
     -14.375409      21.971394
     -14.373667      21.975270
     -14.370597      21.989782
     -14.362602      21.997935
     -14.320875      21.961689
     -14.267155      21.901006
     -14.212473      21.852521
     -14.157643      21.774461
     -14.107810      21.655947
     -14.065242      21.560096
     -14.005208      21.495670
     -13.944358      21.422295
     -13.867360      21.323863
     -13.702152      21.248132
     -13.507053      21.161118
     -13.267516      21.015311
     -13.063320      20.800166
     -12.987632      20.457251
     -13.164396      20.017608
     -13.361591      19.648508
     -13.389403      19.411797
     -13.295116      19.225331
     -13.235434      19.079177
     -13.133739      18.989036
     -13.091366      18.928249
     -13.134735      18.885936
     -13.185426      18.822838
     -13.185864      18.765619
     -13.160905      18.751190
     -13.133175      18.748755
     -13.090584      18.746512
     -13.089192      18.756494
     -13.097605      18.788330
     -13.112006      18.826793
     -13.095919      18.837404
     -13.109450      18.827735
     -13.059413      18.842487
     -13.012114      18.853675
     -12.981513      18.854575
     -12.983523      18.862824
     -12.977561      18.844182
     -12.945781      18.790237
     -12.943102      18.759739
     -12.910206      18.781863
     -12.854034      18.769361
     -12.797575      18.743355
     -12.723715      18.702364
     -12.666102      18.675860
     -12.571425      18.650321
     -12.454424      18.630592
     -12.349826      18.613618
     -12.248820      18.581650
     -12.212411      18.496523
     -12.123079      18.419397
     -12.014606      18.358322
     -11.838737      18.274547
     -11.526614      18.062080
     -11.279200      17.700171
     -11.130267      17.274696
     -11.035314      16.839548
     -10.872998      16.459748
     -10.617536      15.934423
      -9.509824      15.024759
      -7.606053      13.130374
      -6.311801      10.682496
      -5.726275       8.169862
      -5.562836       5.664822
      -5.410997       3.322157
      -5.565268       1.144352
      -5.944584      -0.917504
      -6.126635      -2.644635
      -6.157654      -3.925489
      -6.154538      -4.672579
      -6.214929      -5.005993
      -6.391080      -5.041167
      -6.150228      -5.098186
      -6.130010      -5.129254
      -6.078855      -4.956778
      -6.132713      -4.701903
      -6.088572      -4.471055
      -6.059276      -4.346973
      -6.069638      -4.272013
      -6.045362      -4.179409
      -6.066686      -4.032102
      -6.064487      -3.865097
      -6.064553      -3.738033
      -6.100155      -3.637932
      -6.108328      -3.578775
      -6.066469      -3.561859
      -5.981664      -3.515996
      -5.911806      -3.504376
      -5.857604      -3.481764
      -5.785154      -3.472950
      -5.735445      -3.489498
      -5.687149      -3.483811
      -5.643155      -3.426173
      -5.620267      -3.346525
      -5.551517      -3.242317
      -5.465339      -3.141261
      -5.376014      -3.034064
      -5.271933      -2.929458
      -5.140337      -2.822153
      -5.026703      -2.784425
      -4.931936      -2.813115
      -4.631409      -3.074553
      -3.914131      -4.421251
      -2.750646      -7.571058
      -1.802333     -12.072870
      -1.190085     -17.113021
      -1.091704     -22.101608
      -1.506120     -26.645412
      -1.555448     -30.195420
      -1.243364     -32.262258
      -1.091358     -33.302574
      -0.919635     -34.007001
      -0.789667     -34.428299
      -0.702466     -34.599572
      -0.672369     -34.660860
      -0.565582     -34.825072
      -0.467486     -35.050246
      -0.402767     -35.182806
      -0.317162     -35.225482
      -0.276400     -35.163645
      -0.236680     -35.055474
      -0.175019     -34.950866
      -0.194288     -34.890379
      -0.172194     -34.819734
      -0.106606     -34.631689
       0.112504     -34.327776
       0.416282     -33.869833
       0.731515     -33.303196
       0.978615     -32.606255
       1.148347     -31.785488
       1.221486     -30.824424
       1.242417     -29.834864
       1.271782     -28.828671
       1.236965     -27.745193
       1.114079     -26.538472
       0.808891     -24.943642
       0.202328     -23.006401
      -0.257610     -20.715824
      -0.720169     -18.195524
      -1.058664     -15.544043
      -1.246967     -12.729059
      -1.275264      -9.495508
      -1.058270      -6.245691
      -0.758076      -3.335690
      -0.429106      -1.039870
      -0.035436       0.801079
       0.437221       2.394487
       0.948278       3.621518
       1.482253       4.431239
       1.964143       4.967887
       2.351410       5.310002
       2.710177       5.657400
       3.077386       6.010376
       3.499973       6.312840
       4.073763       6.554443
       5.008084       6.646813
       6.511127       6.519336
       7.781352       6.232923
       8.650632       5.875617
       9.170401       5.429039
       9.717237       4.977305
      10.381897       4.616113
      11.320409       4.402828
      12.906804       4.321150
      14.678606       4.351800
      16.593463       4.379800
      18.552046       4.403752
      20.961004       4.440712
      24.343552       4.419910
      28.067628       4.367192
      30.470451       4.228941
      31.651531       4.045328
      32.092258       3.917347
      32.247335       3.790182
      32.347465       3.632138
      32.338237       3.442110
      32.316018       3.380976
      31.869745       3.443666
      30.568952       3.675426
      28.213580       4.127003
      25.172425       4.750637
      22.117865       5.466019
      19.427326       6.092334
      17.437940       6.639795
      16.197816       7.063858
      15.420269       7.313605
      14.914946       7.375124
      14.507520       7.283964
      13.859499       7.239107
      12.945230       7.282447
      11.960682       7.406782
      11.089342       7.586371
      10.446099       7.695265
       9.995148       7.693690
       9.754791       7.683226
       9.507949       7.692685
       9.229207       7.748764
       8.794621       7.805637
       8.267146       7.921783
       7.916861       8.070739
       7.779100       8.188104
       7.771620       8.275199
       7.766669       8.351846
       7.682025       8.433607
       7.553759       8.518185
       7.327902       8.528143
       6.954040       8.462558
       6.279026       8.404415
       5.419459       8.408392
       4.296285       8.405994
       3.306157       8.293215
       2.439106       8.176567
       1.891574       8.203026
       1.586600       8.226015
       1.289715       8.245268
       0.915172       8.218439
       0.361814       8.109086
      -0.438035       8.009584
      -1.131520       7.929301
      -1.886102       7.849912
      -2.795311       7.722781
      -3.836314       7.621608
      -4.921053       7.660177
      -6.018430       7.804838
      -6.908727       8.004016
      -7.953398       8.092511
      -9.277773       8.278897
     -10.954708       8.733450
     -12.520137       9.444708
     -14.195977      10.338682
     -15.734823      11.270782
     -16.624236      12.148542
     -17.061077      12.887360
     -17.386169      13.672102
     -17.667392      14.653558
     -17.647633      15.506686
     -17.288990      16.056400
     -17.061329      16.418673
     -17.049094      16.718518
     -17.173992      17.128646
     -17.271134      17.585304
     -17.286335      18.178793
     -16.944418      18.589645
     -16.765282      18.724613
     -16.748826      18.644618
     -16.996483      18.467923
     -17.017493      18.383474
     -16.847239      18.504403
     -16.333537      18.644681
     -15.447762      18.969201
     -14.774498      19.391530
     -14.292802      19.799868
     -14.048254      20.028121
     -14.214834      20.075141
     -14.612686      20.186173
     -15.011755      20.263123
     -15.419255      20.406981
     -15.733276      20.493657
     -15.709229      20.645332
     -15.452548      20.785668
     -15.295962      20.936532
     -15.125762      21.021790
     -14.832825      21.051039
     -14.595779      20.969363
     -14.240445      20.729552
     -14.063606      20.773331
     -13.911291      20.855794
     -14.064014      20.826686
     -14.061825      20.630268
     -13.779260      20.465175
     -13.488472      20.434306
     -13.258426      20.420923
     -13.216235      20.231071
     -13.049770      20.084180
     -13.104294      20.143423
     -13.237446      20.175806
     -13.599908      20.026847
     -13.746741      19.809776
     -13.964851      19.675968
     -14.252593      19.490463
