       0.670212       6.216971
       0.607129       6.199939
       0.522330       6.146083
       0.421308       6.137247
       0.286669       6.184080
       0.174041       6.187893
      -0.016588       6.207593
      -0.261678       6.217683
      -0.457878       6.207802
      -0.620761       6.122372
      -0.740075       5.990804
      -0.777627       5.886528
      -0.791102       5.776617
      -0.857249       5.643746
      -0.992115       5.504951
      -1.232182       5.436332
      -2.081028       5.272779
      -4.520385       4.647752
      -7.146295       3.485819
      -8.999512       2.419091
     -10.246868       1.511761
     -11.301218       0.732528
     -11.924810       0.198503
     -12.520816      -0.170664
     -13.349282      -0.399004
     -14.421771      -0.749128
     -15.739136      -1.267732
     -17.519586      -1.988792
     -19.495383      -2.596430
     -21.673976      -3.245083
     -24.023945      -3.962847
     -26.194683      -4.882337
     -28.116847      -5.431117
     -29.582918      -5.970352
     -30.558201      -6.427722
     -31.422836      -6.744656
     -32.089647      -6.867897
     -32.606850      -6.919196
     -33.004931      -7.011646
     -33.388697      -7.150369
     -33.838498      -7.350946
     -34.501103      -7.657054
     -35.712938      -8.250114
     -37.769499      -9.157468
     -40.535066     -10.413265
     -43.481181     -11.793218
     -46.211732     -12.890870
     -48.670255     -13.561091
     -50.381748     -13.616376
     -51.525888     -13.339170
     -52.460316     -12.760833
     -53.081297     -12.416200
     -53.629451     -12.627527
     -54.036824     -12.907627
     -54.147326     -13.054590
     -54.155694     -13.134394
     -54.089891     -13.143721
     -53.999765     -13.009578
     -53.855822     -12.824446
     -53.727970     -12.540201
     -53.512017     -12.217240
     -52.966511     -11.924424
     -51.847292     -11.626140
     -50.292418     -10.845496
     -48.478451     -10.057556
     -46.680633      -9.657364
     -45.255524      -9.599870
     -44.246794      -9.543726
     -43.522942      -9.297380
     -42.893457      -8.966463
     -42.180689      -8.856488
     -41.210294      -8.709473
     -40.122710      -8.356628
     -38.721441      -7.481569
     -36.768677      -6.035978
     -34.199057      -4.141373
     -31.016114      -1.903002
     -27.386110       0.331851
     -23.646807       2.070925
     -20.388837       3.400538
     -17.646415       4.396427
     -15.613442       5.164180
     -13.946306       5.753426
     -12.613839       6.422014
     -11.610526       7.173110
     -10.823279       7.882459
     -10.156726       8.361475
      -9.707611       8.661053
      -9.298716       8.873909
      -8.953223       8.986700
      -8.655337       9.002817
      -8.462235       8.657147
      -8.434130       8.107302
      -8.645290       7.496836
      -8.810546       7.025958
      -8.919100       6.689201
      -8.910294       6.479388
      -8.740975       6.427028
      -7.746225       6.676304
      -5.563323       7.488578
      -2.648790       8.837094
      -0.361760      10.088480
       1.342295      10.968312
       2.673685      11.479214
       3.639916      11.734304
       4.187234      11.772594
       4.365442      11.638278
       4.423096      11.414447
       4.536099      11.347822
       4.678378      11.344930
       4.832291      11.330465
       4.915391      11.280377
       4.930304      11.218677
       4.681934      11.065563
       3.994989      10.696971
       1.850599       9.840975
      -1.950995       8.240974
      -5.901362       5.640716
      -8.366588       2.521062
      -9.705046      -0.094510
     -10.107465      -1.671627
     -10.108508      -2.394189
      -9.924893      -2.616510
      -9.881046      -2.742404
     -10.039618      -2.821711
     -10.318171      -2.874257
     -10.603809      -2.857020
     -10.781221      -2.821390
     -10.916070      -2.868242
     -10.983969      -2.895476
     -11.100413      -2.928243
     -11.249637      -3.079187
     -11.590269      -3.517743
     -12.352135      -4.606696
     -13.692845      -6.918039
     -15.304072     -10.499299
     -16.742484     -14.844465
     -18.327683     -19.550234
     -19.948044     -24.628283
     -21.621108     -30.022529
     -22.897043     -35.919194
     -23.192430     -42.024623
     -22.969362     -48.303219
     -22.529036     -54.563791
     -22.042020     -60.891274
     -21.806240     -67.407500
     -21.798044     -73.820680
     -21.848776     -80.002131
     -21.969980     -85.932867
     -22.161675     -91.975092
     -22.183641     -98.227373
     -21.637398    -104.393665
     -20.620184    -110.207503
     -19.603370    -115.858446
     -18.447105    -121.722000
     -17.365549    -128.238969
     -16.281875    -135.404555
     -15.009776    -143.142648
     -13.376618    -150.709327
     -12.060583    -158.022042
     -11.933365    -164.487722
     -12.697337    -170.165193
     -14.149430    -174.779813
     -15.612221    -179.016652
     -17.088298     176.704534
     -18.171321     172.762535
     -18.462624     169.574560
     -18.257431     166.718242
     -17.699991     164.385083
     -16.796755     162.325307
     -15.507393     160.980047
     -14.334028     160.050568
     -13.839429     159.029632
     -14.127297     157.947633
     -14.823243     157.177464
     -14.925048     156.794333
     -14.561090     156.804901
     -14.054809     157.218186
     -13.496257     157.717235
     -12.405969     158.381433
     -10.777661     159.324793
      -8.951491     160.431408
      -7.269498     161.508909
      -5.958343     162.536403
      -5.275543     163.408005
      -5.192629     164.170577
      -5.486687     164.800261
      -5.843693     165.189173
      -6.120032     165.443700
      -6.221308     165.615212
      -6.239375     165.695625
      -6.188998     165.657157
      -6.195614     165.575403
      -6.295370     165.515623
      -6.451083     165.488210
      -6.663055     165.424331
      -6.864084     165.410070
      -7.074482     165.393751
      -7.390192     165.301351
      -7.834731     165.186181
      -8.430293     165.185520
      -9.325631     165.052827
     -10.460956     165.068019
     -11.274562     165.009521
     -11.687174     165.080026
     -11.771908     165.205434
     -11.684693     165.349435
     -11.627387     165.494058
     -11.682050     165.674972
     -11.858233     165.785868
     -12.281662     165.919494
     -13.181107     166.176042
     -15.364215     166.595204
     -18.385625     167.210355
     -20.909333     168.255392
     -22.811936     169.334021
     -23.941325     170.219029
     -24.416092     170.611632
     -24.586136     170.487234
     -24.696524     170.013363
     -24.805219     169.764800
     -24.849782     169.723496
     -24.994077     169.656236
     -25.084025     169.505454
     -25.330421     169.401242
     -25.565093     169.382610
     -25.786146     169.446762
     -25.900786     169.497489
     -25.969185     169.435766
     -25.996278     169.321140
     -26.022829     169.283488
     -26.059956     169.276999
     -26.068623     169.300468
     -26.040088     169.256386
     -25.953461     169.233791
     -25.736772     169.245487
     -25.317043     169.350243
     -24.896106     169.500422
     -24.654287     170.332469
     -24.569433     170.877233
     -24.555699     171.186431
     -24.619064     171.455471
     -24.695424     171.830434
     -24.764250     172.200986
     -24.751962     172.409799
     -24.724692     172.763157
     -24.699577     172.965423
     -24.682339     173.295390
     -24.607963     173.484697
     -24.500847     173.818452
     -24.266316     174.177464
     -23.500839     175.201188
     -21.812960     177.132108
     -19.320015     179.417260
     -16.718156    -178.797465
     -14.577696    -177.994055
     -12.994106    -177.495879
     -11.911216    -177.187556
     -11.409781    -177.044895
     -11.100806    -176.947327
     -10.880864    -176.842124
     -10.576766    -176.830720
     -10.248931    -176.842746
      -9.817136    -176.969786
      -9.420754    -177.151303
      -8.904990    -177.279703
      -8.233570    -177.333169
      -7.348930    -177.251979
      -6.410355    -176.994712
      -5.526049    -176.616117
      -4.870999    -176.258290
      -4.448459    -176.159149
      -4.308425    -176.107800
      -4.182693    -176.081981
      -4.117165    -176.031234
      -4.050968    -176.029389
      -3.980754    -176.018004
      -3.893638    -176.009844
      -3.782988    -175.966578
      -3.598886    -175.932501
      -3.241199    -175.845851
      -2.429636    -175.612345
      -1.237332    -175.177797
      -0.366119    -174.911496
      -0.389497    -174.977785
      -0.880350    -175.352572
      -2.122560    -175.882473
      -3.155076    -176.203290
      -3.401727    -176.232218
      -3.110009    -176.024843
      -2.563467    -175.835768
      -2.011311    -175.501469
      -1.498864    -175.130645
      -0.850507    -174.806410
      -0.026733    -174.522662
       1.193343    -174.319814
       2.357770    -174.326983
       3.456698    -174.497872
       4.517055    -174.828752
       5.470265    -175.265243
       5.862720    -175.925915
       6.346159    -176.710810
       6.867457    -177.337346
       7.710508    -177.354734
       8.507887    -177.567083
       9.504539    -177.868841
      10.420466    -178.052980
      10.632770    -178.274965
       9.932519    -178.374437
       8.753309    -178.235390
       7.306552    -177.709472
       5.497478    -176.953078
       4.921631    -176.194197
       4.815172    -175.757085
       4.810638    -175.732508
       4.685758    -176.069760
       4.588184    -176.593911
       4.542859    -177.046857
       4.565938    -177.263597
       4.776160    -177.274982
       5.024337    -177.087540
       5.070823    -177.201602
       4.955199    -177.667177
       4.786701    -178.234846
       4.517474    -178.569204
       4.533524    -179.118494
       4.740239    -179.784625
       5.425477     178.912226
       6.576163     176.981696
       7.312102     175.262892
       7.655187     174.628681
       7.771664     174.909184
       7.884447     175.871769
       7.976322     176.850051
       8.225502     177.599684
       8.466410     178.310927
       8.742852     178.758472
       9.090131     178.847473
       9.546608     178.750565
       9.982306     178.675786
      10.261286     178.683402
      10.399980     178.861694
      10.547285     179.116552
      10.666805     179.388817
      10.821520     179.568876
      10.798425     179.722125
      10.734293     179.792319
      10.707273     179.798847
      10.732153     179.770307
      10.796506     179.819207
      10.850587     179.915726
      10.911608     179.973020
      11.025489    -179.996547
      11.058183    -179.943470
      11.030911    -179.907761
      11.046180    -179.910209
      11.106537    -179.896551
      11.087466    -179.841317
      11.092789    -179.753541
      11.065063    -179.672215
      11.083181    -179.614902
      11.091749    -179.620050
      11.116905    -179.628929
      11.180340    -179.650455
      11.203667    -179.622109
      11.196078    -179.583642
      11.191405    -179.525377
      11.212666    -179.443313
      11.226313    -179.388797
      11.249846    -179.394024
      11.249499    -179.401853
      11.240795    -179.373041
      11.205242    -179.358859
      11.200090    -179.364940
      11.163448    -179.364629
      11.155960    -179.387671
      11.146492    -179.384057
      11.128010    -179.362181
      11.113744    -179.317730
      11.113140    -179.315942
      11.094202    -179.277261
      11.063095    -179.221832
      11.036993    -179.176584
      11.035229    -179.177206
      11.021020    -179.143887
      10.994535    -179.127703
      10.992068    -179.140215
      11.013178    -179.149677
      11.022388    -179.149288
      11.020942    -179.161586
      11.002779    -179.148181
      10.960599    -179.113987
      10.927824    -179.091043
      10.924076    -179.114706
      10.939695    -179.121428
      10.951734    -179.155369
      10.978498    -179.178352
      10.986314    -179.195138
      10.987913    -179.207669
      10.988059    -179.235374
      11.000587    -179.248002
      11.014686    -179.281962
      11.013645    -179.323500
      11.018424    -179.327133
      11.002560    -179.324160
      10.992978    -179.322606
      10.998017    -179.317011
      10.990513    -179.303858
      10.977355    -179.267838
      10.969297    -179.258610
      10.982233    -179.260125
      10.972275    -179.235413
      10.945965    -179.191466
      10.927430    -179.190825
      10.916487    -179.195760
      10.928452    -179.223309
      10.945934    -179.244835
      10.952611    -179.240950
      10.951638    -179.229720
      10.938188    -179.230051
      10.933594    -179.257153
      10.951699    -179.280525
      10.966846    -179.284877
      10.993513    -179.296864
      10.987778    -179.341024
      10.986252    -179.350582
      10.998607    -179.346211
      11.015336    -179.348892
      11.009850    -179.341024
      11.017289    -179.319478
      11.012590    -179.320819
      11.000839    -179.328240
      10.984656    -179.325870
      10.966967    -179.311202
      10.913395    -179.271879
      10.869868    -179.236306
      10.835815    -179.213478
      10.775950    -179.178508
      10.748456    -179.149871
      10.719056    -179.133707
      10.711700    -179.122516
      10.693934    -179.089644
      10.691161    -179.058870
      10.715294    -179.055217
      10.746336    -179.100504
      10.758999    -179.142274
      10.750060    -179.146141
      10.731174    -179.130443
      10.712863    -179.109965
      10.698522    -179.119641
      10.715520    -179.139341
      10.692644    -179.140487
      10.683813    -179.127276
      10.667742    -179.128597
      10.653866    -179.115328
      10.643844    -179.107420
      10.641821    -179.097590
      10.644032    -179.076977
      10.658683    -179.075655
      10.670868    -179.101592
      10.673532    -179.146704
      10.670319    -179.154145
      10.698681    -179.148064
      10.735705    -179.145227
      10.762405    -179.160168
      10.755062    -179.153135
      10.715948    -179.128480
      10.699469    -179.117834
      10.687938    -179.110082
      10.674438    -179.091353
      10.692453    -179.070721
      10.695215    -179.078706
      10.724727    -179.071964
      10.747105    -179.085797
      10.741642    -179.120884
      10.720611    -179.119738
      10.718626    -179.096036
      10.721821    -179.097240
      10.722775    -179.088031
      10.755462    -179.076569
      10.744305    -179.057626
      10.725365    -179.027998
      10.728020    -179.021412
      10.737767    -179.028737
      10.761872    -179.005811
      10.787232    -178.980866
      10.784951    -178.972512
      10.779409    -178.972512
      10.770215    -178.959747
      10.761317    -178.942359
      10.760466    -178.913722
      10.761902    -178.902143
      10.748282    -178.875507
      10.731534    -178.851378
      10.737321    -178.832474
      10.732670    -178.806207
      10.716526    -178.788819
      10.694368    -178.781203
