      15.877432      49.748495
      16.210660      49.447709
      16.669195      48.974722
      17.063570      48.582736
      17.451209      48.177612
      17.613108      47.856261
      17.811095      48.189322
      18.154653      49.980889
      18.055834      52.634324
      17.521524      55.043082
      16.922015      56.250592
      16.559181      56.061289
      16.062257      55.128736
      15.551483      54.295810
      15.017593      53.813133
      14.547861      53.725522
      14.024395      54.014088
      13.558473      54.803442
      13.094193      55.972823
      12.644883      57.230695
      12.015848      58.396954
      11.373081      59.723903
      10.193275      61.654705
       8.729776      64.148083
       6.704797      66.960698
       5.276596      69.315465
       4.494411      70.565629
       4.030162      70.852975
       3.668220      70.853485
       3.058908      71.003252
       1.953778      71.130574
       0.509405      71.286683
      -0.665680      71.574030
      -1.402208      71.667930
      -2.035171      70.639082
      -3.603099      65.603762
      -6.920538      53.618163
     -10.277313      36.136351
     -11.301589      15.675998
     -10.006918      -3.810160
      -7.341934     -19.697756
      -5.022630     -31.851461
      -3.205452     -40.642613
      -1.980149     -46.431084
      -1.423284     -50.174451
      -1.582908     -51.838098
      -1.791229     -52.084189
      -1.644996     -52.171188
      -1.464952     -52.716830
      -1.145056     -54.295251
      -0.740304     -57.741436
      -0.514279     -62.158456
      -0.370630     -66.358465
      -0.242568     -69.982378
      -0.236945     -73.287194
      -0.409060     -76.110067
      -0.717248     -78.205052
      -0.861573     -79.835273
      -0.965581     -81.359800
      -1.271517     -82.385812
      -1.491589     -83.112161
      -1.830807     -83.704241
      -2.325506     -84.002540
      -3.068825     -83.798779
      -4.162112     -83.363172
      -5.403340     -82.290265
      -6.539592     -80.296112
      -8.092656     -76.747619
      -9.910214     -72.579783
     -11.739354     -68.488970
     -14.109442     -63.809194
     -15.832732     -59.327924
     -16.718778     -55.312875
     -17.417814     -51.264051
     -17.752014     -45.671835
     -17.560169     -36.314759
     -16.317876     -22.528147
     -14.047388      -7.222934
     -10.706157       8.374967
      -7.207531      23.603570
      -4.478563      37.312144
      -3.049121      48.129532
      -2.758926      55.166611
      -3.210349      59.447854
      -3.968220      63.189729
      -4.649479      66.271131
      -5.107954      68.695272
      -5.198508      70.913212
      -5.115561      73.195372
      -4.967275      74.859582
      -4.478570      76.071512
      -3.485688      77.390694
      -2.159293      78.828067
      -1.085824      80.473903
      -0.201867      82.202440
       0.279583      84.055948
       0.358726      85.885443
       0.120068      87.401330
      -0.660343      88.454177
      -2.752380      88.705227
      -5.525651      88.335928
      -8.129913      87.156313
      -9.932350      85.466282
     -11.357530      83.779972
     -12.935334      82.291887
     -13.941804      81.283151
     -14.780214      80.516810
     -14.986948      80.303684
     -14.890909      80.383485
     -14.520762      80.629012
     -13.802286      80.904794
     -12.809391      81.141385
     -11.525068      81.428022
      -9.829586      81.862992
      -7.462112      82.439871
      -4.752905      83.155145
      -2.140067      83.900368
      -0.248934      84.600314
       1.007456      85.293149
       1.429777      85.881742
       1.372946      86.230846
       1.300523      86.394984
       1.217358      86.594569
       1.115267      86.737559
       1.132343      86.906186
       1.235844      87.098106
       1.427496      87.232383
       1.683027      87.320130
       1.885267      87.303714
       1.994735      87.188087
       2.098256      87.052421
       2.194315      86.837468
       2.352152      86.578511
       2.560684      86.278454
       2.760208      85.928098
       2.948096      85.593925
       3.139510      85.233835
       3.332406      84.990022
       3.423704      84.798150
       3.525443      84.663513
       3.610634      84.653265
       3.674666      84.674966
       3.708823      84.720418
       3.775702      84.837424
       3.972326      85.186382
       4.140897      85.807352
       4.189978      86.452821
       4.255805      86.975427
       4.293029      87.261545
       4.364844      87.294621
       4.517312      87.149940
       4.753352      86.814883
       5.025608      86.304012
       5.356483      85.701518
       5.705166      85.162728
       6.003573      84.700504
       6.303536      84.256417
       6.625099      83.809823
       6.970122      83.349786
       7.280744      82.964119
       7.557537      82.675534
       7.787867      82.501196
       7.905543      82.386434
       8.032148      82.376059
       8.069803      82.411992
       8.096897      82.470120
       8.113645      82.554234
       8.150490      82.608779
       8.182276      82.622281
       8.143992      82.605282
       8.089422      82.620377
       8.047738      82.772490
       8.046449      83.020052
       8.037853      83.217500
       8.049437      83.348523
       8.070950      83.454882
       8.116885      83.570110
       8.148989      83.650601
       8.164630      83.736657
       8.202192      83.861726
       8.229243      84.046904
       8.300094      84.367274
       8.382005      84.807738
       8.412727      85.170237
       8.424540      85.438500
       8.426654      85.589359
       8.394876      85.693503
       8.378978      85.831083
       8.381079      86.001060
       8.377067      86.166480
       8.419827      86.354175
       8.415757      86.544872
       8.381348      86.720676
       8.349451      86.888195
       8.320264      87.022210
       8.280110      87.119681
       8.199834      87.194586
       8.069835      87.254395
       7.929579      87.316488
       7.786317      87.422487
       7.681508      87.552762
       7.589327      87.712209
       7.511809      87.877872
       7.423272      88.018978
       7.353201      88.120607
       7.283591      88.181242
       7.205472      88.224498
       7.172378      88.246433
       7.152220      88.291049
       7.156009      88.331227
       7.150624      88.361670
       7.145073      88.380117
       7.133465      88.398205
       7.125104      88.434982
       7.108125      88.500474
       7.100786      88.621395
       7.057657      88.791614
       7.021360      89.044208
       6.907431      89.473579
       6.738382      89.969520
       6.502156      90.488357
       6.271465      90.985376
       6.065017      91.491692
       5.871145      92.163263
       5.709343      93.208144
       5.457057      94.663474
       5.210230      96.143117
       4.900898      97.747081
       4.377497      99.530289
       3.507265     101.458100
       2.233617     103.624186
       0.378692     105.877039
      -2.024231     107.631250
      -4.406135     108.446181
      -6.009445     108.572328
      -6.885476     108.577350
      -7.381740     108.625269
      -7.519031     108.673062
      -7.480154     108.674121
      -7.398887     108.579817
      -7.389712     108.520814
      -7.379187     108.507642
      -7.436781     108.500784
      -7.470737     108.422605
      -7.407883     108.355675
      -7.276674     108.250530
      -7.115814     108.104179
      -6.999012     107.944179
      -6.886880     107.832622
      -6.831443     107.767490
      -6.766004     107.714033
      -6.715670     107.628725
      -6.633543     107.524027
      -6.562645     107.402008
      -6.490714     107.307568
      -6.416022     107.233237
      -6.327183     107.206630
      -6.245116     107.178158
      -6.176183     107.178673
      -6.127592     107.162965
      -6.074181     107.105312
      -6.003381     107.033652
      -5.907622     107.000653
      -5.839800     106.958727
      -5.781623     106.939183
      -5.738285     106.920075
      -5.705168     106.909846
      -5.665076     106.923213
      -5.625433     106.931110
      -5.622546     106.911935
      -5.610412     106.909535
      -5.586276     106.920027
      -5.575170     106.923902
      -5.585726     106.928827
      -5.581061     106.932635
      -5.576550     106.928138
      -5.560291     106.938036
      -5.547580     106.922756
      -5.524011     106.911546
      -5.520248     106.935336
      -5.514182     106.963545
      -5.522830     106.979817
      -5.514779     106.962011
      -5.500328     106.963847
      -5.451060     106.950024
      -5.425479     106.930003
      -5.392388     106.891030
      -5.377677     106.880636
      -5.351980     106.870825
      -5.326665     106.866434
      -5.307762     106.835145
      -5.282564     106.803118
      -5.244889     106.760162
      -5.212522     106.704035
      -5.174052     106.647888
      -5.161408     106.621796
      -5.143869     106.615627
      -5.145304     106.600774
      -5.119295     106.584057
      -5.088258     106.574673
      -5.068715     106.569068
      -5.043994     106.538672
      -5.002822     106.486848
      -4.972323     106.488198
      -4.934705     106.497368
      -4.901723     106.518710
      -4.883909     106.501244
      -4.875009     106.501711
      -4.845691     106.497213
      -4.803579     106.475502
      -4.775500     106.456550
      -4.765844     106.467313
      -4.788537     106.472122
      -4.808904     106.481894
      -4.829228     106.477037
      -4.822425     106.483205
      -4.804484     106.512726
      -4.776286     106.520041
      -4.755273     106.486770
      -4.733993     106.482059
      -4.697246     106.507850
      -4.687512     106.538099
      -4.690821     106.548047
      -4.699473     106.589807
      -4.696128     106.633278
      -4.679020     106.666179
      -4.674958     106.686928
      -4.667493     106.755296
      -4.639975     106.892342
      -4.574749     107.093772
      -4.540369     107.285916
      -4.573663     107.383367
      -4.644543     107.456174
      -4.681409     107.509990
      -4.719237     107.508037
      -4.738923     107.518023
      -4.746456     107.527582
      -4.743355     107.514934
      -4.729705     107.481081
      -4.742842     107.469550
      -4.744920     107.445867
      -4.739051     107.427566
      -4.713574     107.402562
      -4.700129     107.389283
      -4.697744     107.368126
      -4.677259     107.337682
      -4.646157     107.296038
      -4.618876     107.229380
      -4.593403     107.188892
      -4.531821     107.166656
      -4.503698     107.126984
      -4.464949     107.071779
      -4.440536     107.039956
      -4.381239     107.021888
      -4.332398     107.001149
      -4.298496     106.968801
      -4.269837     106.946954
      -4.240041     106.936521
      -4.215369     106.901657
      -4.211905     106.868639
      -4.189974     106.868979
      -4.171761     106.875293
      -4.177749     106.870504
      -4.178048     106.828753
      -4.160836     106.785584
      -4.150764     106.742658
      -4.193219     106.612344
      -4.214953     106.507490
      -4.229028     106.415430
      -4.176091     106.262755
      -4.110698     106.111925
      -4.020907     105.975831
      -3.952035     105.840845
      -3.890590     105.674686
      -3.806094     105.551298
      -3.711278     105.486670
      -3.622109     105.492402
      -3.547690     105.551871
      -3.442417     105.823010
      -3.317844     106.174036
      -3.280086     106.377992
      -3.322532     106.491608
      -3.358013     106.442717
      -3.387542     106.339845
      -3.380864     106.202061
      -3.345152     106.110769
      -3.299620     106.107553
      -3.277887     106.060314
      -3.282098     106.018670
      -3.287209     105.982592
      -3.258880     105.977210
      -3.209572     105.973587
      -3.186080     105.961940
      -3.155514     105.931729
      -3.134564     105.912262
      -3.126377     105.855785
      -3.085563     105.838047
      -3.055566     105.821455
      -3.043029     105.774255
      -3.029298     105.669974
      -3.004913     105.554436
      -2.970719     105.421178
      -2.954819     105.174335
      -3.012856     104.377841
      -2.973768     102.335346
      -3.088148      99.573691
      -3.222135      96.239859
      -3.310617      92.877838
      -3.357583      90.014768
      -3.257643      88.094932
      -3.090232      86.979964
      -3.004417      86.476922
      -2.896329      86.234304
      -2.756865      86.165664
      -2.625187      85.896867
      -2.138033      84.665466
      -0.582501      81.906045
       0.338871      78.466879
       0.759989      75.610789
       0.760469      73.819053
       0.676707      72.936833
       0.699276      72.764403
       0.642991      73.041778
       0.539283      73.487604
       0.509470      72.933807
       0.699749      71.572582
       0.851313      70.683931
       0.858842      70.726406
       0.857437      71.717423
       0.883127      73.486196
       0.776359      75.819942
       0.598642      78.277091
       0.504912      80.682469
       0.522212      83.060870
       0.700466      85.328867
       0.907117      87.349010
       1.131102      89.034232
       1.286513      90.342306
       1.358445      91.439459
