       6.931933       3.712874
       7.015378       3.753940
       6.957515       3.713520
       6.724047       3.595712
       6.396563       3.461203
       6.026069       3.328484
       5.638856       3.235241
       5.261280       3.205672
       4.927064       3.223005
       4.683644       3.331704
       4.586599       3.506230
       4.504738       3.756918
       4.418080       4.012055
       4.240571       4.208637
       3.975831       4.385882
       3.600420       4.549029
       3.294524       4.711965
       3.141157       4.873893
       3.137713       4.968365
       3.178633       4.968992
       3.213534       5.066131
       3.239437       6.139323
       2.715373       9.444436
       1.361651      15.303657
      -0.602443      21.954013
      -2.584917      27.491248
      -4.296219      31.753757
      -5.768281      35.132475
      -6.946852      37.809018
      -7.895319      40.144071
      -8.680654      42.160921
      -9.284263      44.068235
      -9.678019      45.894539
      -9.832121      47.890761
     -10.103195      49.554116
     -10.588366      50.970012
     -11.224542      52.906541
     -11.654531      54.906041
     -11.801548      56.416294
     -11.427066      57.302254
     -10.941591      57.750795
     -10.988938      58.577014
     -11.347226      59.620613
     -11.160932      61.028383
     -11.240224      62.418638
     -11.439027      63.726644
     -11.481282      64.813791
     -11.410782      65.914699
     -11.342489      67.131223
     -11.198275      68.463300
     -11.039532      69.508692
     -10.727229      70.621703
     -10.554663      71.907615
     -10.479889      73.154209
     -10.347505      74.463555
     -10.159679      75.784102
      -9.870336      77.061854
      -9.497550      78.115406
      -9.118945      79.191960
      -8.936912      80.264556
      -8.802053      81.368849
      -8.760382      82.486887
      -8.821763      83.574248
      -8.925723      84.605860
      -8.979272      85.597422
      -9.004636      86.626334
      -9.036961      87.718902
      -9.070880      88.884791
      -9.147100      90.042278
      -9.194213      91.012158
      -9.291215      91.727121
      -9.253771      92.410786
      -9.228565      93.062628
      -9.197682      93.646520
      -9.204243      94.073812
      -9.259534      94.410335
      -9.336129      94.623675
      -9.415561      94.758506
      -9.533237      94.824455
      -9.689716      94.850149
      -9.955004      94.833334
     -10.439958      94.740807
     -11.415586      94.482938
     -13.266826      93.970833
     -16.473211      92.727484
     -19.504808      91.119741
     -21.710462      90.030136
     -23.140338      89.658039
     -23.835294      89.747010
     -24.108960      89.680760
     -24.188455      89.472578
     -24.182709      89.325110
     -24.116085      89.346432
     -24.003640      89.325430
     -23.844196      89.247999
     -23.560209      89.229504
     -22.984588      89.255761
     -22.019131      89.288041
     -20.469639      89.190162
     -18.925071      88.996746
     -17.123578      88.542964
     -15.326744      87.825309
     -13.382112      86.743077
     -11.651170      85.272681
      -9.990319      83.295814
      -8.558591      80.638668
      -7.133249      76.963664
      -5.858995      72.156251
      -4.500408      67.071588
      -3.288809      62.259327
      -2.275110      57.531010
      -1.273847      52.776106
      -0.376135      46.939095
       0.366502      39.712500
       1.096793      31.000503
       1.718772      20.923457
       2.125599      10.179528
       2.461995      -0.376579
       2.706003     -10.185245
       2.916071     -19.170008
       2.990086     -27.971642
       2.783141     -36.516005
       2.340305     -44.568494
       1.952242     -51.868736
       1.463497     -58.372640
       0.580311     -64.338434
      -0.655098     -69.720531
      -2.325827     -74.245834
      -3.535110     -77.979069
      -4.254151     -81.178682
      -4.434896     -83.904798
      -4.076312     -86.066824
      -3.736378     -87.733784
      -3.495118     -89.147741
      -3.243628     -90.475845
      -3.012447     -91.945279
      -2.779130     -93.594103
      -2.378072     -95.390308
      -1.965866     -96.990376
      -1.650825     -98.313167
      -1.475881     -99.361158
      -1.387376    -100.339187
      -1.350664    -101.241700
      -1.348513    -101.822503
      -1.284324    -102.120977
      -1.245100    -102.011917
      -1.366756    -101.375967
      -1.521959    -100.400735
      -1.601527     -99.540343
      -1.601090     -99.142271
      -1.575105     -99.230309
      -1.535595     -99.775850
      -1.495139    -100.492446
      -1.465100    -101.531829
      -1.410829    -102.872290
      -1.283876    -104.540571
      -1.075159    -106.172404
      -0.849975    -107.609122
      -0.659909    -108.928823
      -0.540348    -110.225697
      -0.518900    -111.462898
      -0.481751    -112.497988
      -0.379853    -113.262979
      -0.286426    -113.742765
      -0.257764    -114.001392
      -0.249097    -114.077395
      -0.241598    -113.750235
      -0.302274    -112.841845
      -0.484848    -111.218755
      -0.817681    -109.117529
      -1.226944    -106.869669
      -1.605306    -104.763129
      -1.954348    -102.819786
      -2.312727    -100.902777
      -2.588184     -98.998552
      -2.795767     -97.047680
      -2.934294     -95.094797
      -3.057167     -93.227660
      -3.217573     -91.581372
      -3.490534     -90.132104
      -3.761672     -88.840583
      -3.974882     -87.774116
      -4.052427     -86.917240
      -4.114011     -86.383240
      -4.214739     -86.001244
      -4.349808     -85.672997
      -4.499760     -85.192307
      -4.627446     -84.499783
      -4.749346     -83.600097
      -5.101170     -82.421434
      -6.487773     -80.546069
      -9.778070     -77.613743
     -14.050909     -73.966318
     -17.844700     -70.418481
     -20.865615     -67.007490
     -22.990247     -63.756072
     -24.536640     -60.419278
     -25.845089     -57.164659
     -26.719229     -54.432880
     -27.337997     -52.363730
     -27.719482     -50.763802
     -27.900345     -49.417751
     -27.931510     -48.120192
     -27.849337     -46.832950
     -27.774675     -45.525653
     -27.617579     -44.178106
     -27.080222     -42.865927
     -26.420107     -41.739637
     -25.798845     -40.894311
     -25.334254     -40.202559
     -25.023105     -39.588308
     -24.642939     -39.133093
     -24.076061     -39.072675
     -23.467265     -39.468214
     -22.924208     -40.186312
     -22.649060     -41.142573
     -22.501815     -42.141284
     -22.474273     -42.838572
     -22.318919     -42.806050
     -22.086241     -41.649330
     -21.844324     -39.910759
     -21.616341     -38.241504
     -21.437097     -36.964331
     -21.174572     -35.778576
     -20.837820     -34.484905
     -20.408304     -32.965118
     -19.800976     -30.986160
     -18.941632     -28.005896
     -17.823676     -24.170290
     -16.662173     -19.910439
     -15.630482     -15.854092
     -14.689770     -12.065644
     -13.587359      -8.512172
     -12.427599      -5.342665
     -11.225505      -2.561199
      -9.966702      -0.101136
      -8.568152       2.145951
      -7.285676       4.160251
      -6.280959       5.732795
      -5.631293       6.536110
      -5.385335       6.560786
      -5.347444       6.013292
      -5.457100       5.052600
      -5.513989       3.860803
      -5.484219       2.696666
      -5.357062       1.810320
      -5.113783       1.249722
      -4.819486       0.980026
      -4.531668       0.920496
      -4.322869       0.994189
      -4.288769       1.012294
      -4.447536       0.759550
      -4.979891      -0.066597
      -6.062737      -1.468166
      -7.728864      -3.520042
      -9.875101      -6.247635
     -12.115235      -9.832037
     -14.240908     -14.111388
     -16.136563     -18.805713
     -17.698831     -23.046056
     -18.804332     -26.391222
     -19.768004     -28.918334
     -20.511018     -30.848058
     -21.095612     -32.460447
     -21.439824     -33.983959
     -21.637566     -35.496708
     -21.632884     -37.094919
     -21.579160     -38.693623
     -21.528994     -40.341123
     -21.447105     -42.030558
     -21.382829     -43.780335
     -21.336972     -45.812154
     -21.204997     -48.532490
     -21.015884     -52.621336
     -20.854529     -58.647790
     -20.485839     -66.331086
     -20.057297     -73.988106
     -19.500482     -80.656051
     -18.954062     -85.832628
     -18.526084     -89.647800
     -18.220602     -92.474821
     -18.025780     -94.675665
     -17.609132     -96.813979
     -16.769867     -99.115528
     -15.822572    -101.394900
     -15.077896    -103.890050
     -14.174888    -107.559046
     -13.186777    -111.923188
     -12.023830    -116.035232
     -10.615260    -119.903783
      -8.941925    -123.659418
      -7.228703    -126.969295
      -5.766202    -129.805903
      -4.752337    -132.035393
      -4.053099    -133.591564
      -3.670735    -134.434734
      -3.192022    -134.979022
      -2.803746    -135.454097
      -2.440594    -135.780741
      -1.957409    -135.698522
      -1.243116    -134.997857
       0.042190    -133.387375
       1.538394    -131.116629
       2.801846    -129.026846
       3.795541    -127.527911
       4.192813    -126.530200
       4.356390    -125.431619
       4.538494    -123.718916
       4.840264    -121.704932
       5.134842    -120.141553
       5.507978    -119.053813
       5.839275    -118.108025
       5.891591    -117.194040
       5.768423    -116.256692
       5.815609    -115.466115
       5.904492    -114.849982
       6.000777    -114.170475
       6.218252    -113.281736
       6.460431    -112.270456
       6.778166    -111.194567
       7.378462    -110.229223
       8.001402    -109.553621
       8.480014    -108.863846
       8.839084    -107.786014
       8.820722    -105.954373
       8.379476    -103.244727
       7.204230     -98.988187
       4.335557     -92.446893
       0.154995     -83.714927
      -4.629948     -74.191810
      -9.622530     -64.907726
     -14.968032     -56.372547
     -20.323460     -48.428283
     -24.523182     -41.246057
     -27.465576     -34.670982
     -29.241860     -29.360129
     -29.861291     -25.465932
     -29.779858     -22.731890
     -29.633948     -20.516701
     -30.036702     -18.693979
     -30.847184     -17.319632
     -31.351409     -16.140053
     -31.654902     -14.853152
     -31.605577     -13.410051
     -30.870058     -11.917738
     -29.500968     -10.846703
     -27.849378     -10.748746
     -25.742501     -12.055926
     -23.679534     -14.507911
     -21.617446     -18.704449
     -19.823936     -24.167461
     -18.611749     -30.048973
     -18.062109     -36.072797
     -18.374508     -41.613281
     -19.280751     -46.491151
     -20.314290     -50.479991
     -21.235135     -53.492356
     -22.235985     -55.662445
     -23.302590     -57.416020
     -24.205824     -58.746364
     -24.866670     -59.601030
     -25.159682     -60.433970
     -25.185155     -62.071375
     -25.078383     -63.838457
     -24.735361     -65.564886
     -23.968157     -67.240885
     -23.099632     -69.141525
     -21.962792     -70.955599
     -20.610531     -72.894708
     -19.436296     -74.934983
     -18.460229     -77.195092
     -17.710124     -79.615075
     -16.844004     -81.936178
     -15.802112     -83.657993
     -14.750240     -84.322171
     -13.640040     -83.307520
     -12.426986     -80.540731
     -11.013774     -75.981730
      -9.702309     -70.617478
      -8.782383     -64.941254
      -8.113309     -59.208145
      -7.564712     -53.271969
      -7.193698     -47.810834
      -7.034496     -43.113937
      -7.190135     -39.016556
      -7.660601     -35.367701
      -8.421167     -32.235098
      -9.234613     -29.592904
      -9.865733     -27.311137
     -10.344758     -25.298095
     -10.600950     -23.323905
     -10.715461     -21.257521
     -10.713656     -19.101541
     -10.711348     -16.965909
     -10.794998     -15.048242
     -10.835773     -13.639713
     -10.699751     -12.750402
     -10.478942     -12.513740
     -10.266261     -13.016856
     -10.020134     -14.436579
      -9.853116     -17.251127
      -9.677105     -21.529752
      -9.493898     -27.017465
      -9.241458     -33.273656
      -8.977466     -40.340078
      -8.929301     -47.929092
      -9.125546     -55.801609
      -9.715455     -62.826375
     -10.549785     -68.558653
     -11.480775     -72.607983
     -12.163559     -75.218176
     -12.403077     -76.832020
     -12.278184     -78.154315
     -11.991306     -79.801706
     -11.731862     -81.611447
     -11.443263     -83.549069
     -11.055453     -85.873437
     -10.645302     -88.533415
     -10.380810     -91.183096
     -10.192516     -93.783507
     -10.026560     -96.425087
      -9.815482     -99.202488
      -9.528456    -102.268659
      -9.282588    -105.365934
      -9.103455    -108.441926
      -9.011974    -111.565993
      -8.994762    -114.845222
      -8.893886    -118.003958
      -8.652099    -120.774385
      -8.381051    -123.181496
      -8.166210    -125.514111
      -8.117580    -128.089266
      -8.224656    -130.938192
      -8.089923    -133.937588
      -7.898000    -136.996037
      -7.746158    -139.961298
      -7.520016    -142.861825
      -7.347508    -145.581389
      -7.097842    -148.355012
      -6.992718    -150.974705
      -6.952379    -153.554921
      -6.939370    -156.047983
      -6.996908    -158.457552
      -6.959194    -160.723111
      -6.932638    -162.990962
      -6.864273    -165.364900
      -6.876591    -167.816065
      -6.818323    -170.206964
      -6.810866    -172.602040
      -6.787630    -175.006869
      -6.751153    -177.440879
      -6.714829    -179.762322
      -6.635491     177.979173
      -6.566078     175.934852
      -6.492366     174.041642
      -6.411987     172.278659
      -6.330558     170.610077
      -6.297117     169.524921
      -6.356978     168.987696
      -6.389788     168.634551
      -6.193369     168.264543
      -6.037881     168.242667
      -5.990810     169.096707
      -6.010020     170.925337
      -5.972338     173.451689
      -5.834753     176.018023
      -5.531370     178.671279
      -5.240423    -178.485255
      -5.099892    -175.612734
      -4.968938    -172.883980
      -4.887932    -170.077922
      -4.742848    -166.794847
      -4.537825    -163.258603
      -4.178637    -159.402175
      -3.942262    -155.211264
      -3.938009    -150.984594
      -4.216449    -147.003011
      -4.762117    -143.405365
      -5.095451    -140.059808
      -5.406319    -136.943833
      -5.451911    -133.926952
      -5.385375    -131.148248
      -5.190628    -128.467511
      -4.949163    -125.529313
      -4.604490    -122.364399
      -4.214758    -119.211783
      -4.170254    -116.570446
      -4.246522    -114.562213
      -4.366315    -112.940074
      -4.319063    -111.072160
      -3.908640    -108.787095
      -3.435111    -106.249019
      -3.013236    -103.674457
      -2.754775    -101.088004
      -2.663414     -98.565801
      -2.620078     -96.070311
      -2.664115     -93.615998
      -2.764687     -91.317305
