       7.237047       5.008515
       7.289655       5.243304
       7.209494       5.534164
       7.073307       5.823051
       7.016984       6.169623
       6.983737       6.632898
       7.020994       7.232065
       7.125417       7.906461
       7.284292       8.471377
       7.411846       8.914992
       7.427515       9.267531
       7.301055       9.543463
       6.961108       9.747357
       6.217240       9.889591
       4.766384      10.001145
       3.259165      10.109571
       2.315376      10.231541
       1.744793      10.337103
       1.292720      10.430801
       0.965145      10.519897
       0.574104      10.598446
      -0.092575      10.683619
      -1.250906      10.832644
      -3.431324      11.154175
      -7.257378      11.770410
     -11.120037      12.970982
     -12.905156      14.644971
     -13.565130      16.524604
     -13.911144      18.122657
     -14.025572      19.131754
     -14.126298      19.712293
     -14.277162      20.012806
     -14.531218      20.256766
     -14.720873      20.490742
     -14.719139      20.722167
     -14.592518      20.943043
     -14.404629      21.133317
     -14.196964      21.274863
     -13.936387      21.423507
     -13.472875      21.934257
     -12.648201      23.314431
     -11.436196      26.337515
      -9.827608      32.146569
      -8.043885      40.466864
      -6.411797      49.397560
      -5.523294      56.708177
      -5.607692      61.821025
      -6.210476      65.689561
      -6.903211      69.579998
      -7.486827      73.665070
      -7.923835      77.533034
      -8.224267      80.829403
      -8.244982      84.137507
      -8.186235      87.807552
      -7.883867      91.625959
      -7.659652      95.274419
      -7.370087      98.560098
      -7.126846     101.437545
      -6.831681     103.959797
      -6.390245     106.205675
      -5.788699     107.964510
      -4.818001     109.346974
      -3.258842     110.264184
      -1.588940     110.356973
       0.124967     109.655628
       1.762002     108.645766
       3.144180     107.589587
       4.440916     106.448973
       5.426531     105.179347
       5.987994     103.818545
       6.310782     102.472266
       6.297347     101.238727
       6.064647     100.220297
       5.549667      99.287875
       4.729010      98.315644
       2.873397      97.284197
      -0.752672      95.950187
      -4.283465      94.380261
      -6.673275      92.955443
      -7.858799      91.847119
      -8.441610      91.096311
      -8.658095      90.433463
      -8.590588      89.647266
      -8.527371      88.727968
      -8.513373      87.884672
      -8.556646      87.200589
      -8.517363      86.721774
      -8.338024      86.544804
      -8.086452      86.605361
      -7.803888      86.723630
      -7.572080      86.788189
      -7.433599      86.865872
      -7.368114      86.983898
      -7.347850      87.139779
      -7.388575      87.281002
      -7.424713      87.439088
      -7.416779      87.588277
      -7.404459      87.671555
      -7.386790      87.672245
      -7.384469      87.574570
      -7.370610      87.433571
      -7.315612      87.191205
      -7.156860      86.689766
      -6.916740      85.708162
      -6.609833      83.846805
      -6.295593      80.773601
      -5.827412      76.936145
      -5.398602      73.373144
      -5.132921      70.669870
      -4.930565      68.870270
      -4.830005      67.776945
      -4.840724      67.226576
      -5.048006      66.960226
      -5.291963      66.558575
      -5.463486      64.828561
      -5.429859      59.719522
      -5.322064      50.527173
      -5.012057      38.553092
      -4.287581      27.058050
      -3.517194      18.211101
      -2.831571      13.251820
      -2.620926      10.814999
      -2.637264       9.558190
      -2.936398       8.531602
      -3.686157       7.856648
      -4.759699       7.565206
      -5.912493       7.531046
      -6.776563       7.674870
      -7.237318       8.023259
      -7.506297       9.238413
      -7.940934      12.679212
      -8.960385      19.095670
     -10.590526      28.485575
     -11.620255      39.965592
     -11.434097      51.905625
     -10.563904      62.409399
      -9.812548      70.576756
      -9.246219      76.506220
      -8.722648      81.080779
      -8.324269      85.057127
      -8.216653      89.062170
      -8.448368      92.753236
      -8.724847      95.928262
      -9.000284      98.730833
      -9.340490     101.390713
      -9.759744     103.888855
     -10.099227     106.177135
     -10.207435     108.219475
      -9.878730     109.965196
      -9.097386     111.374782
      -7.953598     112.384168
      -6.741433     113.371125
      -5.658409     114.152348
      -4.931333     114.558871
      -4.393724     114.810659
      -4.029274     115.418448
      -3.668913     116.515572
      -3.545393     117.844249
      -3.420926     119.220254
      -3.323761     120.276540
      -3.215404     121.056733
      -3.218198     121.399892
      -3.274166     121.349981
      -3.462756     120.637300
      -3.513202     119.336803
      -3.366273     117.582485
      -3.115918     115.936819
      -2.845288     114.842735
      -2.568378     113.992902
      -2.329097     113.117074
      -2.247689     111.739903
      -2.424334     109.634743
      -2.447808     107.543620
      -2.425419     105.771622
      -2.405057     104.475516
      -2.388911     103.471103
      -2.362971     102.852707
      -2.511745     102.502408
      -2.785199     102.399770
      -3.053201     102.421170
      -3.297348     102.397701
      -3.496366     102.274041
      -3.681998     102.010266
      -3.913525     101.536988
      -4.103833     101.029613
      -4.213828     100.573092
      -4.274883     100.149161
      -4.293870      99.679827
      -4.336427      99.141912
      -4.451644      98.587356
      -4.557021      98.060573
      -4.605708      97.529593
      -4.666820      96.936124
      -4.663808      96.373185
      -4.683071      95.859652
      -4.671759      95.461774
      -4.695926      95.154626
      -4.770986      94.860057
      -4.874079      94.607297
      -4.923093      94.316974
      -4.976401      93.938388
      -4.982347      93.481381
      -4.955166      93.073051
      -4.950671      92.806158
      -4.975401      92.510598
      -4.965278      91.888977
      -4.981740      90.860832
      -4.887668      89.685880
      -4.696383      88.574068
      -4.326103      87.542757
      -3.528391      86.496447
      -2.269040      85.044867
      -1.295451      82.102172
      -0.717866      76.204958
      -0.627247      67.623895
      -0.765074      57.791643
      -0.936542      48.994014
      -0.983874      42.352734
      -1.002370      37.915292
      -1.100683      34.839757
      -1.358767      32.660872
      -1.545414      31.333557
      -1.548627      31.327332
      -1.339326      33.113782
      -0.459499      37.896964
       1.173000      46.303680
       3.715721      57.980804
       6.917347      71.563621
       9.844082      85.045887
      11.139116      95.034074
      11.437689     100.709331
      11.528107     104.247207
      11.635728     106.920201
      11.687128     109.107727
      11.775167     111.151222
      11.782362     112.910874
      11.829278     114.423419
      11.921169     115.788194
      12.163248     117.235023
      12.631386     118.662969
      13.310029     119.847441
      14.047981     120.743193
      14.655433     121.514051
      15.130592     122.129601
      15.404540     122.656578
      15.430670     122.979425
      15.231712     123.057361
      14.823057     123.076526
      14.248797     123.197321
      13.704909     123.294529
      13.209382     123.044140
      12.839805     122.452535
      12.513815     121.764100
      12.291774     121.312873
      12.091069     121.109034
      11.869108     121.001927
      11.632734     120.930373
      11.359907     120.645567
      11.137124     120.067173
      10.959947     119.339882
      10.689654     118.399592
      10.194317     116.817543
       8.800335     114.046407
       6.334151     110.502771
       3.946678     107.528184
       1.888131     105.500649
      -0.080663     104.262982
      -1.629589     103.742640
      -2.188004     103.680557
      -2.361480     103.886310
      -2.518321     104.055762
      -2.563198     104.131765
      -2.560081     104.163967
      -2.504163     104.349049
      -2.375895     104.657790
      -2.191743     105.016083
      -2.015906     105.287095
      -1.857231     105.405276
      -1.712271     105.355958
      -1.567100     105.257739
      -1.477911     105.168914
      -1.437477     105.127445
      -1.360921     105.377970
      -1.189307     106.223714
      -0.997983     107.682570
      -0.783194     109.999292
      -0.425752     113.699722
      -0.171909     118.601148
      -0.232525     123.887397
      -0.669834     128.664619
      -1.615672     132.236465
      -2.988615     134.844589
      -4.334617     136.902014
      -5.397891     138.510845
      -6.261618     139.607454
      -6.625341     140.476541
      -6.752652     141.286916
      -6.651359     142.244769
      -6.612359     143.017483
      -6.676089     143.641484
      -6.717761     144.081705
      -6.759277     144.471122
      -6.755747     144.831824
      -6.705442     145.140935
      -6.556718     145.365960
      -6.286852     145.409975
      -5.934575     145.222047
      -5.539875     144.907001
      -4.739877     144.266282
      -3.322488     142.938848
      -0.776562     140.362410
       2.157731     136.773488
       4.436445     132.607629
       5.802900     127.804625
       6.318330     122.214696
       6.165064     116.992755
       5.983077     113.354543
       6.202848     111.704078
       6.682080     111.061941
       7.091010     110.429819
       7.359155     109.584891
       7.377214     108.768678
       7.168464     107.969765
       6.545773     106.970112
       5.625695     105.108396
       4.526870     102.709755
       3.641771     100.512719
       3.057935      98.951419
       2.828927      98.122830
       2.625061      97.906634
       2.550253      98.043758
       2.872488      98.400642
       3.527082      99.063403
       4.241763      99.934889
       4.977001     100.869904
       5.433330     101.713472
       5.492139     102.246871
       5.306940     102.556894
       5.173240     102.781755
       5.319040     103.049163
       5.585681     103.205958
       5.788593     103.102727
       5.799874     102.860206
       5.604038     102.659416
       5.320154     102.609642
       5.020393     102.686412
       4.750764     102.857408
       4.493712     103.090157
       4.184089     103.239442
       3.818328     103.268876
       3.155645     103.125895
       2.091198     102.825643
       0.530322     102.314597
      -0.795148     101.692587
      -1.479441     101.090685
      -1.712290     100.613007
      -1.868425     100.226903
      -1.844397      99.848074
      -1.882507      99.450847
      -1.866952      99.025158
      -1.738605      98.714814
      -1.536890      98.592670
      -1.126582      98.706003
      -0.349038      98.924424
       0.316719      99.088397
       0.867869      99.526024
       1.435884     100.047853
       1.997185     100.135377
       2.178331     100.425982
       2.250431     101.308474
       2.741158     102.436955
       3.451763     103.499089
       4.232616     104.229789
       4.879478     104.472446
       4.871539     104.398406
       4.850604     104.377443
       4.842059     104.315428
       4.782857     104.370517
       4.658578     104.575493
       4.548165     104.968407
       4.365149     105.523807
       4.173387     106.205986
       4.074232     107.236568
       4.098186     109.082694
       3.944371     111.606044
       3.603503     114.435969
       3.086622     117.366464
       2.437526     120.372359
       1.752172     123.213426
       0.970699     125.493731
       0.253669     127.287634
      -0.204194     128.707089
      -0.419271     129.851569
      -0.492505     130.601658
      -0.461962     130.874001
      -0.331267     130.692407
      -0.085760     130.214495
       0.115872     129.524031
       0.203031     128.462470
       0.085074     126.474655
      -0.251078     123.257635
      -0.724343     119.113914
      -0.977705     114.886798
      -1.155885     110.857101
      -1.263946     107.239998
      -1.353849     104.220017
      -1.418219     101.760469
      -1.536590      99.870222
      -1.628509      98.441927
      -1.616911      97.416648
      -1.511016      96.488636
      -1.446956      95.510101
      -1.445396      94.415260
      -1.434270      93.160439
      -1.348747      91.697124
      -1.228290      90.012252
      -1.081381      88.112389
      -0.966879      86.184519
      -0.954110      84.308640
      -1.048231      82.495183
      -1.072941      80.707176
      -1.052964      79.066906
      -1.014701      77.580021
      -0.929748      76.183894
      -0.835328      74.781953
      -0.897587      73.500937
      -1.011459      72.395236
      -1.121657      71.401547
      -1.214781      70.426645
      -1.304636      69.476699
      -1.316539      68.613275
      -1.307057      67.929727
      -1.358248      67.484022
      -1.496567      67.265918
      -1.657101      67.253251
      -1.829154      67.388553
      -1.908890      67.597414
      -1.901015      67.848901
      -1.834792      68.179665
      -1.741575      68.619070
      -1.728536      69.184952
      -1.731269      69.831130
      -1.746876      70.530862
      -1.767344      71.231551
      -1.782736      71.989028
      -1.849126      72.827875
      -1.969170      73.765174
      -2.135917      74.735218
      -2.342035      75.758860
      -2.562192      76.916653
      -2.816897      78.333418
      -3.129108      80.209623
      -3.559225      82.415566
      -4.046899      84.694909
      -4.586480      86.830183
      -5.131213      88.745725
      -5.699288      90.514760
      -6.270041      92.199574
      -6.781148      93.851224
      -7.216234      95.438052
      -7.598823      97.004054
      -7.827542      98.557136
      -7.958677     100.093985
      -7.968521     101.578194
      -7.863363     102.936617
      -7.709894     104.159469
      -7.575632     105.309350
      -7.474955     106.386949
      -7.412695     107.402523
      -7.436027     108.458926
      -7.521491     109.586727
      -7.617027     110.757697
      -7.674627     111.986427
      -7.700933     113.639242
      -7.795136     116.033221
      -7.838222     119.378768
      -7.714846     123.931120
      -7.644804     129.991869
      -7.948743     136.999796
      -8.717171     144.616745
      -9.905625     152.255794
     -11.168741     159.685126
     -12.476014     165.883378
     -13.656154     171.339699
     -15.083945     176.269559
     -16.417509    -179.306170
     -16.980950    -175.967180
     -16.951727    -173.372461
     -16.189994    -170.996619
     -15.001795    -169.183200
     -14.082143    -168.037506
     -13.834242    -167.253408
     -13.999907    -166.254454
     -14.331173    -165.309821
     -14.702858    -164.703218
     -14.989837    -164.327265
     -15.249273    -164.084511
     -15.275181    -163.987118
     -15.266487    -164.556866
     -14.930896    -166.023629
     -14.380989    -167.941804
     -13.646531    -170.443715
     -13.161265    -176.066535
     -12.706244     172.976555
     -11.929095     155.381706
     -10.447105     135.386438
      -8.481892     119.641406
      -6.507261     109.771906
      -5.477095     104.735211
      -5.173085     102.400217
      -4.849218     101.168582
      -4.524970     100.090993
      -4.532993      98.785892
      -4.596488      97.417659
      -4.700077      96.165285
      -4.669957      95.232532
      -4.536177      94.651448
      -4.307200      94.131202
      -4.069730      93.606051
      -4.030839      93.501878
      -4.554439      95.287883
      -5.981973     102.328605
      -7.789867     117.305809
      -8.517981     135.660355
      -7.941916     150.042468
      -8.939687     155.181956
     -10.035208     155.075840
     -10.401770     156.289523
     -10.731699     159.027427
     -11.231865     161.637271
     -11.706670     163.799676
     -11.876460     166.169437
     -11.883983     169.205523
     -12.034134     172.617660
     -12.629513     175.763360
     -13.160189     178.388328
     -13.176233    -178.546823
     -13.155454    -174.822108
     -13.241711    -171.026033
     -13.547910    -167.750981
     -13.679918    -165.175029
     -13.197536    -163.418807
     -12.719564    -162.213129
     -12.504549    -160.843361
     -12.535556    -159.382815
     -12.977798    -158.296299
     -13.458942    -157.623786
     -13.670874    -157.048277
     -13.746164    -156.393327
     -13.733982    -155.986532
     -13.624803    -155.900116
     -13.497873    -155.914366
     -13.404338    -155.779817
     -13.427503    -155.624013
     -13.545709    -155.343394
     -13.894804    -154.903367
     -14.246450    -154.665907
     -14.519056    -154.859168
     -14.137859    -156.243614
     -13.757084    -158.384804
     -13.877583    -159.941324
     -14.219871    -160.658503
     -14.704320    -160.641814
     -15.267640    -160.310040
     -15.826633    -159.864525
     -16.249777    -159.493536
     -16.671562    -159.183415
     -16.877410    -158.782128
     -16.944376    -158.250828
     -16.851612    -157.682672
     -16.779033    -157.270000
     -16.652715    -157.149303
     -16.518327    -157.164700
     -16.437196    -157.367568
     -16.239614    -157.452556
     -16.164124    -157.559654
     -16.214794    -157.877216
     -16.325366    -158.456969
     -16.341932    -158.972766
     -16.188367    -159.300790
     -14.862411    -159.865186
      -9.169546    -160.256905
      -1.760039    -159.985504
       6.702476    -158.522384
      15.058570    -156.472992
      21.212498    -155.564971
      24.341204    -155.416764
      25.132879    -155.165792
      24.683966    -154.207453
      23.901021    -153.539767
      23.284760    -152.920002
      22.826774    -152.326425
      22.527375    -151.918124
      22.367253    -151.568506
      21.872680    -151.069068
      20.950914    -150.433769
      19.755815    -149.924500
      18.357561    -149.412522
      17.235367    -149.065759
      16.406745    -148.926003
      16.051462    -149.106568
      16.120904    -149.650496
      16.342353    -149.948242
      16.535400    -150.382586
      16.596729    -150.837815
      16.622537    -151.211427
      16.510346    -151.321643
      16.280946    -151.394158
      15.885659    -151.487364
      15.454237    -151.600601
      15.027117    -151.737132
      14.630770    -151.938174
      14.347931    -152.083632
      14.078841    -152.203289
      14.036920    -152.291143
      14.115724    -152.390683
      14.225112    -152.501569
      14.247446    -152.693208
      14.224479    -152.842007
      14.170359    -152.923091
      14.083148    -152.955613
      13.899871    -152.951543
      13.586860    -152.931756
      13.128203    -152.988155
      12.436603    -153.170993
      11.122642    -153.370393
       8.437185    -153.885792
       4.040402    -154.983440
      -2.233761    -156.628067
      -6.839265    -157.287456
      -8.598035    -156.954507
      -8.844150    -156.291640
      -8.866160    -155.778816
      -8.896471    -155.516906
      -9.008591    -155.423875
      -9.168783    -155.303324
      -9.213594    -155.119223
      -9.151257    -154.985218
      -8.976203    -155.042647
      -8.692365    -155.135776
      -8.390257    -155.253014
      -8.170214    -155.391109
      -8.077778    -155.458913
      -8.040722    -155.421709
      -7.918722    -155.300497
      -7.417207    -155.119524
      -5.580600    -154.774889
       0.225796    -153.899867
       7.130013    -153.316393
      11.620337    -153.451729
      13.208810    -154.140416
      13.693899    -154.755655
      13.497922    -155.123429
      13.313716    -155.305645
      13.314426    -155.483373
      13.336117    -155.729430
      13.379080    -155.941808
      13.225822    -156.001715
      12.810462    -155.870352
      12.259864    -155.690797
      11.737496    -155.620439
      11.381906    -155.679141
      11.300211    -155.870760
      11.387100    -156.126103
      11.502912    -156.449367
      11.530620    -156.832635
      11.322286    -157.321193
      10.651386    -157.559897
       8.761906    -157.749709
       5.168434    -158.025714
       0.874119    -158.452355
      -2.186732    -158.735860
      -3.829169    -158.700345
      -4.336225    -158.309938
      -4.698568    -158.045045
      -4.879789    -157.924135
      -5.036596    -157.773897
      -5.188241    -157.478046
      -5.348107    -157.303523
      -5.378451    -157.321368
      -5.279946    -157.553990
      -5.109593    -157.729718
      -4.960887    -157.824371
      -4.939338    -157.792354
      -5.063644    -157.645215
      -5.260043    -157.177785
      -5.496160    -156.441208
      -5.745859    -155.222542
      -6.118067    -153.299811
      -6.402251    -149.600896
      -7.165083    -145.421243
      -7.788517    -142.703156
      -8.264602    -141.066407
      -8.804820    -139.896389
      -9.314702    -138.947676
      -9.623253    -138.244272
      -9.760080    -137.583834
      -9.852769    -136.925542
     -10.009589    -136.160357
     -10.181235    -135.539794
     -10.326991    -135.161947
     -10.445483    -135.180646
     -10.489625    -135.525670
     -10.464425    -136.032141
     -10.510750    -136.472712
     -10.612151    -137.008772
     -10.643691    -137.643624
     -10.622603    -138.243495
     -10.569664    -138.846009
     -10.581073    -139.460451
     -10.587439    -140.102550
     -10.530973    -140.642991
     -10.457791    -141.056576
     -10.413467    -141.368349
     -10.393838    -141.510756
     -10.470163    -141.414714
     -10.555904    -141.133725
     -10.636355    -140.794569
     -10.686881    -140.406706
     -10.730849    -139.908968
     -10.799162    -139.376979
     -10.853341    -138.799362
     -10.898789    -138.283459
     -10.946802    -137.902425
     -10.947804    -137.662022
     -11.010796    -137.574596
     -11.020944    -137.652959
     -11.004106    -137.948713
     -10.958380    -138.305131
     -10.913094    -138.671146
     -10.869607    -139.196686
     -10.800697    -139.976996
     -10.832992    -140.885687
     -10.828819    -141.598834
     -10.784459    -142.024795
     -10.792776    -142.489291
     -10.811633    -142.920449
     -10.953869    -143.192909
     -11.057225    -143.290059
     -11.123051    -143.300443
     -11.164944    -143.218068
     -11.229981    -142.983387
     -11.299022    -142.711898
     -11.324757    -142.481394
     -11.327823    -142.195878
     -11.391819    -141.743981
     -11.428575    -141.221540
     -11.455372    -140.719275
     -11.483663    -140.285475
     -11.567196    -139.905578
     -11.637091    -139.735835
     -11.653227    -139.751465
     -11.653519    -139.987924
     -11.616680    -140.309547
     -11.580614    -140.667558
     -11.597043    -141.052584
     -11.634890    -141.488676
     -11.544117    -141.882727
     -11.498925    -142.208089
     -11.516634    -142.519269
     -11.519306    -142.903722
     -11.530323    -143.237438
     -11.534902    -143.486390
     -11.509979    -143.602307
     -11.439478    -143.704722
     -11.455166    -143.749844
     -11.681890    -143.631479
     -11.961069    -143.434099
     -12.157566    -143.390735
     -12.206391    -143.502058
     -12.137060    -143.680874
     -12.083285    -143.772274
     -12.023123    -143.771060
     -11.931012    -143.710609
     -11.917899    -143.697631
     -11.926136    -143.711143
     -11.928565    -143.841982
     -11.919682    -143.917295
     -11.921376    -143.901743
     -11.950154    -143.859302
     -11.975198    -143.802048
     -12.017676    -143.738042
     -12.065998    -143.746901
     -12.090571    -143.740742
     -12.114088    -143.767038
     -12.124743    -143.796112
     -12.149754    -143.801202
     -12.188624    -143.788934
     -12.221046    -143.783377
     -12.243010    -143.730912
     -12.317648    -143.644699
     -12.651226    -143.455353
     -13.912236    -142.715123
     -16.900885    -140.294043
     -19.803225    -136.754973
     -21.873840    -134.001041
     -22.879698    -132.808641
     -23.581346    -132.499686
     -23.873560    -132.516588
     -24.041292    -132.554192
     -24.211963    -132.535298
     -24.511024    -132.246217
     -24.737745    -131.881708
     -24.824504    -131.592579
     -24.787287    -131.494525
     -24.578523    -131.672049
     -24.307899    -132.130737
     -24.193033    -132.647301
     -24.127346    -133.120715
     -23.990760    -133.647537
     -23.757664    -134.335641
     -23.404019    -135.246119
     -22.780032    -136.506381
     -22.067745    -137.769877
     -21.367877    -138.880154
     -20.641354    -139.907395
     -19.915911    -140.985673
     -19.203839    -142.048458
     -18.633895    -142.994315
     -18.152109    -143.712086
     -17.895827    -144.196729
     -17.945779    -144.619096
     -18.222637    -144.958311
     -18.646172    -145.034352
     -19.314035    -144.781476
     -20.044358    -144.164177
     -20.333388    -143.482251
     -20.092350    -142.956828
     -19.458290    -142.660288
     -18.966959    -142.520881
     -18.694258    -142.305569
     -18.683750    -141.787587
     -18.807015    -141.030552
     -19.078281    -140.431681
     -19.125043    -139.641745
     -18.906733    -138.173117
     -18.605939    -136.129534
     -18.110405    -134.333698
     -17.712025    -133.278665
     -17.459073    -132.705226
     -17.226015    -131.995177
     -16.728357    -131.256045
     -16.362951    -130.827792
     -16.269745    -130.680604
     -16.206647    -130.930518
     -15.996993    -131.443381
     -15.758911    -132.151428
     -15.382481    -133.138569
     -14.822636    -133.930381
     -14.496839    -134.333815
     -14.322534    -134.404902
     -14.171677    -134.440455
     -14.177280    -134.480526
     -14.302341    -134.288159
     -14.328648    -133.582890
     -14.295245    -132.379679
     -14.290322    -131.011951
     -14.548791    -129.548763
     -14.617256    -127.780165
     -14.488659    -125.343639
     -14.586081    -122.491750
     -14.891629    -119.775771
     -14.675840    -117.407088
     -13.983417    -115.050149
     -13.595890    -112.759985
     -13.684753    -111.025940
     -13.945184    -109.496357
     -14.339538    -108.170302
     -14.523820    -107.153960
     -14.716888    -106.171074
     -14.676437    -104.631640
     -14.700379    -102.699642
     -14.711478    -101.233793
     -14.683032    -100.501237
     -14.565368    -100.086263
     -14.353081     -99.612596
     -13.982480     -99.093011
     -13.772356     -98.891173
     -13.546179     -98.906560
     -13.326004     -98.899837
     -13.148593     -98.841612
     -12.979212     -98.834919
     -12.768458     -98.953236
     -12.493300     -99.197544
     -12.317943     -99.478076
     -12.183366     -99.663216
     -12.186750     -99.823401
     -12.234251    -100.008230
     -12.341066    -100.258260
     -12.429951    -100.533109
     -12.440896    -100.845445
     -12.415801    -101.123363
     -12.391874    -101.416358
     -12.414942    -101.663027
     -12.450007    -101.795080
     -12.497036    -101.910833
     -12.544511    -102.003077
