       7.449801      36.502590
       7.634430      36.661345
       7.806585      36.514189
       7.616457      36.107153
       6.726702      35.669402
       5.015134      35.392651
       2.518766      35.341587
      -0.639076      35.423671
      -3.645368      35.269919
      -6.113447      34.439385
      -7.894997      32.784136
      -9.249270      30.758942
     -10.468876      28.920240
     -11.726095      27.297088
     -12.937262      25.678898
     -14.210717      24.116821
     -15.506101      22.726258
     -16.857785      21.523511
     -18.232558      20.369852
     -19.604459      19.034419
     -20.740236      17.154576
     -21.573084      14.007607
     -22.279608      10.262627
     -23.074924       6.658774
     -23.896276       3.733133
     -24.852592       1.184160
     -25.629801      -0.808720
     -26.036569      -2.601310
     -26.133807      -4.247392
     -26.045098      -5.997258
     -25.628409      -7.971526
     -25.116642      -9.916844
     -24.413685     -11.863189
     -23.786483     -13.830766
     -23.641884     -15.825535
     -23.825723     -17.931499
     -23.895355     -20.056273
     -23.921566     -22.095644
     -23.885537     -24.238082
     -23.625169     -26.434134
     -23.202625     -28.516413
     -22.944722     -30.270631
     -22.913202     -31.819062
     -23.045044     -33.321978
     -23.191133     -34.880250
     -23.226786     -36.287968
     -23.220936     -37.579572
     -23.195296     -38.789379
     -23.266415     -40.023901
     -23.211778     -41.236750
     -23.092514     -42.566147
     -22.934680     -44.095701
     -22.710795     -45.775765
     -22.634448     -47.452861
     -22.801585     -49.185799
     -22.995922     -51.097878
     -22.975127     -53.310106
     -22.715211     -55.735976
     -22.213368     -58.288604
     -21.781295     -60.836292
     -21.739260     -63.383097
     -21.901462     -66.191972
     -21.972695     -69.438654
     -21.960652     -72.948625
     -22.013555     -76.394873
     -22.052137     -79.386105
     -22.020576     -81.929359
     -21.836016     -84.360367
     -21.624770     -86.772579
     -21.491534     -89.198594
     -21.156028     -91.608241
     -20.764304     -94.355500
     -19.998142     -98.279392
     -18.462135    -104.173283
     -15.937136    -111.209196
     -13.508583    -117.427662
     -11.677382    -122.049907
     -10.334195    -125.485561
      -9.203116    -128.406002
      -8.102156    -131.098814
      -6.285183    -133.706433
      -2.847403    -136.025963
       1.217062    -138.798012
       3.785516    -141.186385
       5.041252    -142.075832
       5.357437    -141.488939
       5.526118    -140.594693
       5.481623    -139.964319
       5.532421    -139.482094
       5.785785    -138.883165
       6.271032    -137.781913
       8.479770    -135.524582
      13.276828    -130.657776
      19.058292    -123.427679
      23.677620    -115.141772
      27.163984    -106.188141
      29.670614     -96.216876
      31.562752     -84.924831
      33.101970     -72.281538
      34.630572     -58.874837
      35.662316     -45.699267
      36.101903     -33.723596
      35.891897     -24.443917
      35.125639     -18.530496
      33.794761     -14.918553
      31.622902     -11.950268
      28.252598      -8.964595
      23.995570      -5.956375
      19.312932      -3.154165
      14.258028      -0.586393
       9.052829       1.857034
       3.778550       3.902085
      -0.967643       6.125818
      -4.868057       8.410023
      -7.783112      10.607717
      -9.683466      12.424871
     -10.802643      13.752727
     -11.336803      14.524114
     -11.387195      14.638440
     -11.136152      14.406445
     -10.880999      14.262164
     -10.747360      14.639866
     -10.685880      15.313903
     -10.695583      16.024692
     -10.708374      16.771717
     -10.725656      17.556139
     -10.704860      18.431409
     -10.707550      19.420582
     -10.758003      20.579247
     -10.840059      21.828736
     -10.876199      23.084274
     -10.893615      24.309805
     -10.690697      25.344113
     -10.496752      26.079447
     -10.051020      26.675710
      -9.275968      27.003952
      -8.366857      27.015502
      -7.471765      26.861919
      -6.665790      26.426635
      -5.800053      25.736337
      -5.012614      24.569180
      -4.357885      23.050304
      -4.049718      21.111982
      -4.327258      18.842248
      -5.359147      15.985038
      -7.146047      12.764084
      -9.613319       9.413996
     -12.675465       6.000194
     -16.131537       2.717273
     -19.765201      -0.758275
     -22.693376      -4.657363
     -25.199695      -8.559318
     -27.811872     -12.198882
     -30.062474     -15.176192
     -31.053481     -17.042885
     -30.934049     -17.713303
     -30.234679     -17.341248
     -29.266135     -16.238752
     -28.381589     -14.878249
     -27.767926     -13.720397
     -27.488079     -12.880257
     -27.384891     -12.489530
     -27.332982     -12.329796
     -27.169167     -12.318696
     -26.945600     -12.344507
     -26.700384     -12.369128
     -26.295237     -12.248620
     -25.914510     -11.865921
     -25.593298     -11.131546
     -25.164365     -10.074670
     -24.418945      -8.384977
     -23.335382      -5.873724
     -21.980824      -3.460813
     -20.488955      -2.007790
     -19.060997      -1.839003
     -17.601314      -2.826632
     -15.980544      -4.632465
     -14.001218      -6.750170
     -11.852214      -8.813166
      -9.634692     -10.549041
      -7.413328     -11.984118
      -5.260994     -13.191705
      -3.289458     -14.388883
      -1.586857     -15.549112
      -0.517991     -16.731925
      -0.126327     -18.009284
      -0.170387     -19.320441
      -0.480320     -20.581139
      -0.786928     -21.658701
      -1.093041     -22.470244
      -1.348907     -23.120447
      -1.595391     -23.660130
      -1.864602     -24.185905
      -2.118397     -24.642813
      -2.333556     -24.990891
      -2.507283     -25.137107
      -2.575629     -25.057903
      -2.592963     -24.693653
      -2.598019     -24.134377
      -2.666299     -23.392685
      -2.888791     -22.442681
      -3.344664     -21.155164
      -4.133529     -19.501126
      -5.472587     -17.614317
      -7.315314     -15.596317
      -9.114268     -13.491802
     -10.479021     -11.455489
     -11.469409      -9.598948
     -12.176377      -8.019582
     -12.636249      -6.664369
     -12.898307      -5.355074
     -13.018541      -3.951358
     -13.101949      -2.435528
     -13.106249      -0.756799
     -13.033587       1.051782
     -12.920059       2.820990
     -12.738588       4.402779
     -12.518751       5.676625
     -12.345523       6.721400
     -12.125744       7.608822
     -11.861075       8.329643
     -11.655021       8.957634
     -11.471567       9.551037
     -11.239938      10.141360
     -10.953889      10.697165
     -10.671617      11.412680
     -10.222463      11.964313
      -9.653615      12.146601
      -9.282651      12.065407
      -9.079042      11.679594
      -9.045808      11.201057
      -9.158811      10.759169
      -9.339426      10.299624
      -9.637727       9.701839
     -10.063938       8.922451
     -10.685206       7.982132
     -11.429336       6.903454
     -12.211538       5.784339
     -12.931414       4.428338
     -13.500970       2.817575
     -13.925940       1.038112
     -14.239956      -0.835886
     -14.423437      -2.671559
     -14.470038      -4.421233
     -14.482940      -6.250610
     -14.491408      -8.034841
     -14.543780      -9.113358
     -14.720928      -9.717626
     -14.838857     -10.291937
     -14.898726     -11.149047
     -14.929506     -12.386513
     -14.988482     -14.042341
     -14.867379     -16.405510
     -14.809270     -19.350427
     -14.828268     -22.016001
     -14.860617     -24.009362
     -14.887534     -25.437793
     -14.873033     -26.512584
     -14.814576     -27.446811
     -14.774215     -28.265164
     -14.764859     -28.965131
     -14.793173     -29.515204
     -14.815693     -29.897257
     -14.848036     -30.117620
     -14.855646     -30.341740
     -14.928701     -30.390988
     -15.110084     -30.061347
     -15.476364     -29.433759
     -16.024249     -28.725784
     -16.900810     -28.164084
     -18.224764     -27.851668
     -19.947241     -27.654757
     -21.850148     -27.601085
     -23.310757     -28.071269
     -24.268399     -29.540205
     -24.866869     -31.528537
     -25.090885     -33.568771
     -24.946262     -35.510954
     -24.439949     -37.668912
     -23.726037     -40.210129
     -22.761923     -42.739159
     -21.732227     -44.829578
     -20.816857     -46.328718
     -20.143090     -47.295363
     -19.768349     -47.829470
     -19.693944     -48.049547
     -19.904528     -48.096271
     -20.267146     -48.155930
     -20.721257     -48.569710
     -21.137666     -49.491048
     -21.417892     -50.809458
     -21.469554     -52.427532
     -21.307016     -54.022661
     -20.915387     -55.436292
     -20.101776     -56.487576
     -19.081943     -57.199732
     -18.128066     -57.595244
     -17.292048     -57.736928
     -16.708634     -57.652542
     -16.399103     -57.348920
     -16.427909     -56.619303
     -16.616040     -55.202266
     -16.694336     -52.635495
     -16.470769     -48.582610
     -16.295510     -43.400885
     -15.942182     -37.844416
     -15.279060     -32.610021
     -14.444887     -28.099359
     -13.692342     -24.087708
     -13.177829     -20.353565
     -13.314355     -17.205574
     -13.746877     -14.861719
     -14.303205     -13.183660
     -14.979067     -12.124154
     -15.612218     -11.596319
     -16.283966     -11.671846
     -16.834589     -12.248276
     -17.024908     -12.968498
     -16.690251     -13.503483
     -15.523025     -13.525309
     -13.986371     -12.812230
     -12.537524     -11.716829
     -11.305635     -10.667382
     -10.452380      -9.763953
     -10.116985      -8.858400
     -10.368965      -7.808427
     -10.928175      -6.210616
     -11.953794      -4.145559
     -13.142394      -1.729498
     -14.385052       0.978807
     -15.449623       3.824287
     -16.282609       6.637065
     -16.887215       9.404664
     -17.162541      11.913736
     -17.222506      14.118971
     -17.261923      15.929650
     -17.264559      17.419215
     -17.305203      18.600804
     -17.346449      19.634470
     -17.339387      20.674855
     -17.310913      21.844254
     -17.083846      23.031774
     -16.455173      23.897500
     -15.636914      24.781757
     -14.756221      26.000049
     -13.987221      27.686306
     -13.494994      29.723813
     -13.423086      31.931711
     -13.700415      34.233673
     -13.842230      36.573840
     -13.817520      38.769358
     -13.684422      40.398574
     -13.406836      41.330015
     -13.065831      41.798523
     -12.733995      42.104181
     -12.521626      42.362200
     -12.014408      42.625427
     -11.308371      43.227921
     -10.697023      43.846808
     -10.227662      44.089251
     -10.021836      43.904849
      -9.979455      43.750381
     -10.075692      43.766439
     -10.077830      43.871982
      -9.943068      44.038180
      -9.858901      43.985981
      -9.897606      43.787863
      -9.874873      43.332245
      -9.579110      42.533338
      -8.984531      41.476411
      -7.802175      40.819299
      -6.661079      40.041673
      -5.947423      39.071077
      -5.565098      38.041222
      -5.130535      37.143399
      -4.419528      36.035432
      -3.478099      34.706079
      -2.464343      32.967518
      -1.243151      30.843038
       0.173348      28.342599
       1.431326      25.391664
       2.557939      22.113083
       3.611303      18.678744
       4.732171      15.252948
       5.633425      11.651907
       6.464193       7.911765
       7.227040       4.498607
       7.670487       1.585460
       7.729605      -0.873724
       7.624200      -2.851641
       7.447009      -4.174965
       7.119271      -4.859677
       6.629207      -5.126443
       6.095405      -5.238113
       5.464322      -5.404740
       4.597164      -5.769203
       3.441033      -6.368983
       1.764604      -7.131033
      -0.450744      -8.022647
      -2.366663      -8.849527
      -3.539270      -9.436207
      -4.340062      -9.849084
      -4.915986     -10.210426
      -5.334692     -10.543572
      -5.695313     -10.841294
      -5.993974     -11.087059
      -6.280242     -11.270282
      -6.345298     -11.380668
      -6.261386     -11.434300
      -6.112004     -11.445503
      -5.988219     -11.433130
      -5.940795     -11.396686
      -6.029818     -11.351689
      -6.135191     -11.330373
      -6.272425     -11.356933
      -6.378729     -11.422961
      -6.486662     -11.538295
      -6.556543     -11.676825
      -6.573470     -11.820013
      -6.556197     -11.913918
      -6.501790     -11.943915
      -6.434342     -11.901524
      -6.437915     -11.846149
      -6.449494     -11.817102
      -6.472678     -11.832201
      -6.503495     -11.872240
      -6.509587     -11.897921
      -6.534233     -11.865815
      -6.544393     -11.788984
      -6.559346     -11.682169
      -6.558179     -11.613189
      -6.517459     -11.573675
      -6.476272     -11.611805
      -6.446756     -11.693205
      -6.414283     -11.811478
      -6.389286     -11.936402
      -6.372282     -12.087112
      -6.389904     -12.275674
      -6.404730     -12.454041
      -6.450986     -12.592259
      -6.509807     -12.700087
      -6.552636     -12.789954
      -6.605667     -12.898888
      -6.569017     -12.979971
      -6.476960     -13.050836
      -6.445138     -13.123047
      -6.490362     -13.190889
      -6.654655     -13.270979
      -6.899575     -13.365161
      -7.205681     -13.470843
      -7.642856     -13.544411
      -8.241488     -13.503575
      -8.707242     -13.165898
      -8.858565     -12.411964
      -9.064057     -11.349288
      -9.260553     -10.230123
      -9.435629      -9.522086
      -9.513710      -9.495682
      -9.288284     -10.079011
