      10.201923       4.830068
      10.248540       4.826538
      10.223141       4.769260
      10.210875       4.696094
      10.194312       4.670966
      10.249020       4.752202
      10.326543       4.874219
      10.379344       4.953140
      10.406946       4.917028
      10.406509       4.805938
      10.375530       4.697465
      10.330393       4.638589
      10.285446       4.641029
      10.265365       4.657726
      10.211405       4.645090
      10.124256       4.474758
       9.926774       3.872634
       9.547380       2.555443
       8.828098       0.619738
       7.869403      -1.952792
       6.579899      -4.980442
       4.832074      -7.954387
       2.359160     -10.810744
       0.010952     -13.328203
      -1.014763     -15.344319
      -1.704151     -16.681340
      -2.689167     -17.364648
      -3.727809     -17.558202
      -4.613489     -17.403263
      -5.523395     -16.895891
      -6.554091     -16.102956
      -7.675025     -15.271879
      -8.461468     -14.664879
      -8.999625     -14.228458
      -9.548466     -13.846227
     -10.256303     -13.440585
     -11.204893     -12.964380
     -12.114529     -12.516575
     -13.164589     -12.139845
     -14.684491     -11.796938
     -16.565369     -11.519304
     -18.611458     -11.392633
     -20.984369     -11.615729
     -23.530263     -12.749805
     -25.181568     -14.750384
     -25.856556     -17.170798
     -25.880052     -19.229500
     -25.303832     -20.649426
     -24.310485     -21.447265
     -23.353919     -21.973978
     -22.646413     -22.773529
     -22.458998     -23.950760
     -22.117852     -25.548006
     -20.497392     -27.267871
     -17.663520     -28.983044
     -14.491669     -30.377925
     -11.626473     -31.289528
      -9.350686     -31.698385
      -7.561316     -31.719350
      -6.078580     -31.616111
      -5.108917     -31.367493
      -4.287143     -30.998692
      -3.452630     -30.633152
      -2.501711     -30.363373
      -1.730038     -30.327298
      -1.232781     -30.458583
      -0.818609     -30.717905
      -0.353387     -31.014171
      -0.040985     -31.281441
       0.119786     -31.503390
       0.174371     -31.659706
      -0.051756     -31.841832
      -0.536704     -32.124610
      -1.103969     -32.668699
      -1.163934     -33.726005
      -1.141295     -35.604655
      -1.305086     -38.119948
      -1.348857     -40.922171
      -1.235983     -43.584699
      -1.184314     -46.038700
      -1.071977     -48.018962
      -0.927879     -49.553966
      -0.883148     -50.807695
      -0.836652     -52.004359
      -0.830159     -53.170559
      -0.827916     -54.155452
      -0.956519     -54.862969
      -1.161046     -55.305561
      -1.342961     -55.560739
      -1.490745     -55.771621
      -1.541084     -55.953590
      -1.576442     -55.979317
      -1.623756     -55.760912
      -1.618038     -55.214419
      -1.420274     -54.426920
      -1.098829     -53.835549
      -0.887186     -53.590769
      -0.895853     -53.490175
      -0.985323     -53.428962
      -1.111763     -53.331904
      -0.937022     -53.180360
      -0.789748     -52.457562
      -0.838239     -50.398860
      -1.124264     -46.458993
      -1.445168     -41.040065
      -2.128634     -34.398227
      -2.945199     -26.429682
      -3.085474     -17.996036
      -2.273207     -10.430875
      -1.149299      -4.262467
      -0.454232       0.292271
      -0.260168       3.463220
      -0.374321       5.509208
      -0.474387       6.946324
      -0.559188       8.006293
      -0.576664       8.676554
      -0.559253       8.933667
      -0.432673       8.989398
      -0.387145       8.876585
      -0.564064       7.681562
      -1.095281       3.714522
      -1.779720      -4.359652
      -2.180715     -15.721958
      -1.957583     -27.989676
      -1.235078     -39.431341
      -0.516260     -48.736393
      -0.044619     -55.966791
       0.337687     -61.253015
       0.494563     -64.649634
       0.425904     -66.504618
       0.289941     -67.280965
       0.142915     -67.522573
      -0.042854     -67.497598
      -0.185342     -67.449664
      -0.190086     -67.372947
      -0.153649     -67.164872
      -0.117345     -66.746537
      -0.198920     -65.985257
      -0.395186     -64.809308
      -0.658952     -63.405546
      -0.939645     -61.644433
      -1.234746     -59.223896
      -1.977016     -54.728474
      -2.710765     -47.427712
      -2.940005     -38.166439
      -2.522035     -28.622536
      -2.012590     -20.360143
      -1.555347     -13.794596
      -1.279767      -8.741707
      -1.342853      -4.825830
      -1.772417      -1.485880
      -2.785881       1.802068
      -4.672428       5.382015
      -7.425748       9.196238
     -10.238815      12.978298
     -12.237981      16.224306
     -13.239272      19.117102
     -14.604777      21.868925
     -15.998249      24.078196
     -17.263099      25.716720
     -18.407457      26.794991
     -19.269212      27.509923
     -19.624734      28.103961
     -19.513639      28.749428
     -19.068475      29.295319
     -18.431494      29.639012
     -17.811894      29.787418
     -17.426082      29.923407
     -17.418246      30.153263
     -17.677904      30.534061
     -17.803906      31.125678
     -17.808581      31.756402
     -17.826637      32.023300
     -18.114485      31.857967
     -18.787773      31.721805
     -19.960992      31.832567
     -21.427638      31.957398
     -22.870830      32.000455
     -24.202754      31.951457
     -25.251645      31.676579
     -25.870955      30.912865
     -26.137690      29.655487
     -26.506554      28.526853
     -27.155365      28.116196
     -27.974318      28.297990
     -28.753219      28.806790
     -29.365770      29.199929
     -29.555990      29.230512
     -29.421674      29.237739
     -29.051011      29.324276
     -28.535010      29.300251
     -27.848482      29.224703
     -26.903121      29.381910
     -25.433626      29.777769
     -23.517142      30.141485
     -21.123753      30.258865
     -18.806095      29.799228
     -16.678284      28.638479
     -14.902127      26.653977
     -13.119618      23.952477
     -11.551189      21.296780
     -10.270036      19.433827
      -9.111460      17.950494
      -7.890218      14.955008
      -6.515186       9.196093
      -4.979847       1.795205
      -3.440440      -5.226108
      -2.189418     -11.201394
      -1.044615     -16.503700
      -0.135699     -21.851321
       0.600341     -26.913405
       1.129976     -31.464735
       1.454354     -35.728791
       1.515588     -39.771824
       1.611661     -43.256403
       1.690299     -45.853429
       1.982032     -47.040009
       2.780013     -46.825674
       3.837958     -45.465693
       4.955398     -43.403177
       6.042969     -41.067741
       7.131963     -38.687126
       8.377521     -36.552076
       9.667738     -34.765607
      10.975931     -33.296552
      12.133118     -32.129285
      13.207564     -31.199777
      14.170723     -30.387863
      14.962371     -29.616640
      15.802708     -28.844842
      16.639168     -28.032830
      17.621561     -27.075839
      18.754490     -25.979995
      19.761760     -24.774460
      20.717529     -23.262568
      21.512412     -21.636181
      22.141346     -19.982095
      22.652737     -18.327100
      23.094600     -16.708545
      23.334063     -15.178929
      23.526018     -13.737870
      23.601782     -12.387799
      23.631335     -11.125991
      23.600138      -9.956940
      23.385519      -8.883272
      22.989545      -7.797339
      22.121770      -6.688382
      20.619628      -5.492943
      18.786306      -4.131724
      17.236489      -2.623487
      15.395650      -1.160113
      13.335001       0.414326
      12.074146       2.055439
      10.767149       3.594098
       9.037753       4.970909
       6.920361       6.257876
       5.109649       7.520387
       3.283001       8.737401
       1.716554       9.914927
       0.282827      11.048945
      -1.048319      12.123423
      -1.950828      13.169079
      -2.566794      14.236370
      -2.827669      15.345750
      -2.880085      16.397460
      -2.723478      17.278067
      -2.404065      17.970548
      -2.002287      18.377245
      -1.576363      18.611235
      -1.183514      18.772937
      -0.831832      18.951884
      -0.564931      19.229800
      -0.430971      19.590004
      -0.474095      19.837054
      -0.791962      19.981313
      -1.442434      20.733870
      -2.472755      22.028107
      -4.187977      23.456152
      -6.907395      24.507047
     -10.361450      24.720420
     -13.690015      24.609175
     -16.755082      24.779768
     -19.371382      25.193002
     -21.674440      25.466272
     -23.590711      25.569246
     -24.891259      25.695463
     -25.682480      26.156781
     -26.145661      26.593976
     -26.372746      26.825748
     -26.416818      26.836628
     -26.337462      26.777698
     -26.252705      26.742101
     -26.235401      26.703655
     -26.280705      26.539759
     -26.264580      26.192123
     -26.070700      25.614322
     -25.728998      24.689455
     -25.365263      23.218240
     -24.841229      20.581231
     -23.731494      15.989772
     -22.420666      10.005060
     -20.756565       3.585081
     -18.999199      -2.392257
     -17.454558      -7.355982
     -16.262812     -10.914178
     -15.371119     -13.351932
     -14.603079     -15.453438
     -13.805660     -17.735012
     -13.034701     -20.152686
     -12.251330     -22.746482
     -11.448247     -25.638199
     -10.794708     -28.687305
     -10.217244     -31.616133
      -9.550335     -34.463619
      -8.802771     -37.482286
      -8.091955     -40.392522
      -7.536456     -42.882422
      -7.100053     -44.920900
      -6.857350     -46.542267
      -6.694806     -47.886074
      -6.628940     -48.990653
      -6.566888     -49.887163
      -6.454458     -50.617474
      -6.257081     -51.347121
      -6.035576     -52.012897
      -5.803985     -52.599096
      -5.657886     -53.102575
      -5.562674     -53.460756
      -5.537409     -53.637057
      -5.604589     -53.652653
      -5.782209     -53.487130
      -6.236107     -52.710609
      -6.842588     -51.162500
      -7.588205     -49.203187
      -8.299772     -47.135023
      -9.086425     -45.109940
      -9.717207     -43.241506
     -10.207117     -41.650239
     -10.430929     -40.470060
     -10.472216     -39.700112
     -10.373920     -39.315754
     -10.325708     -39.129703
     -10.349305     -39.000135
     -10.387221     -38.719202
     -10.490772     -38.193760
     -10.517242     -37.457396
     -10.573485     -36.516783
     -10.596472     -35.329464
     -10.416297     -34.148177
     -10.193475     -33.121485
     -10.048073     -32.273318
     -10.001339     -31.515736
      -9.856837     -30.859251
      -9.664707     -30.472406
      -9.654441     -30.403891
      -9.647770     -30.535477
      -9.729904     -30.696752
      -9.903168     -30.733532
     -10.127239     -30.722735
     -10.438142     -30.670335
     -10.853097     -30.609571
     -11.269138     -30.512494
     -11.711895     -30.370074
     -12.049090     -30.160743
     -12.393856     -29.905441
     -12.612506     -29.631226
     -12.791140     -29.368942
     -12.918345     -29.127929
     -13.127758     -28.929369
     -13.276083     -28.740647
     -13.330789     -28.602746
     -13.126997     -28.580299
     -12.651604     -28.843844
     -12.152404     -29.343923
     -11.575282     -29.920962
     -11.139170     -30.351411
     -10.777344     -30.524440
     -10.424085     -30.526463
     -10.221195     -30.341886
      -9.970668     -29.927592
      -9.845883     -29.208038
      -9.804014     -28.110999
     -10.082202     -26.312373
     -10.892182     -23.163633
     -12.550440     -18.607111
     -14.190807     -13.357449
     -15.061930      -8.508934
     -15.675763      -4.762013
     -16.178149      -1.989271
     -16.326566      -0.107104
     -16.233792       1.151174
     -16.018644       2.016379
     -15.653723       2.545046
     -15.123371       2.684566
     -14.315041       2.299183
     -13.255173       1.343818
     -11.933046      -0.284648
     -10.309098      -2.761212
      -8.541206      -5.962219
      -6.864239      -9.388814
      -5.293390     -12.593024
      -4.047891     -15.350196
      -3.040710     -17.538647
      -2.380505     -19.156459
      -1.967548     -20.276747
      -1.790463     -20.940636
      -1.772038     -21.259471
      -1.872611     -21.334679
      -2.231599     -21.243887
      -2.757810     -21.076507
      -3.554378     -20.879231
      -4.469047     -20.642456
      -5.631569     -20.393871
      -6.753579     -20.175762
      -7.896469     -20.032205
      -9.198044     -19.916458
     -10.692794     -19.762332
     -12.102215     -19.451114
     -13.125737     -18.907711
     -13.886900     -18.244633
     -14.445855     -17.556055
     -14.784791     -16.917031
     -15.068448     -16.409259
     -15.213591     -16.010530
     -15.337462     -15.622579
     -15.445626     -15.223113
     -15.535648     -14.881735
     -15.579971     -14.586185
     -15.546438     -14.465938
     -15.505790     -14.713802
     -15.490517     -15.380431
     -15.467481     -16.355294
     -15.460849     -17.616500
     -15.484073     -19.103324
     -15.457156     -21.008418
     -15.449989     -23.309054
     -15.318202     -25.800605
