      13.753593      14.586547
      13.731506      14.632283
      13.736498      14.654156
      13.721369      14.661166
      13.738448      14.665786
      13.731080      14.695528
      13.731376      14.722978
      13.727419      14.786791
      13.711837      14.882171
      13.680291      14.966992
      13.713813      15.013799
      13.730781      15.025067
      13.777298      15.050407
      13.843512      15.081712
      13.926813      15.090717
      13.988920      15.062506
      14.071609      14.998187
      14.205500      14.881058
      14.517549      14.436107
      15.099568      13.245273
      15.902051      11.057865
      16.729428       8.246325
      17.402784       5.253494
      17.909251       2.453335
      18.187062       0.201006
      18.420759      -1.411292
      18.771423      -2.887647
      18.921521      -4.880500
      18.974100      -7.347851
      18.773243     -10.013163
      18.462633     -12.481897
      18.278269     -14.465030
      18.075399     -15.875035
      17.841223     -16.707756
      17.605803     -16.954186
      17.525795     -16.780197
      17.443399     -16.352342
      17.280852     -15.783512
      17.263378     -15.161263
      17.239940     -14.610268
      17.196773     -14.111329
      17.044684     -13.662574
      16.741434     -13.151093
      16.509987     -12.421854
      16.375722     -11.504741
      16.221931     -10.488757
      16.092005      -9.493580
      16.011782      -8.516555
      15.917488      -7.488891
      15.825465      -6.330050
      15.911736      -5.093756
      16.069317      -3.836215
      16.323030      -2.654180
      16.657213      -1.449778
      17.105325      -0.153731
      17.694977       1.281978
      18.305860       2.801873
      18.900260       4.329999
      19.513742       5.856994
      20.183122       7.288012
      20.955467       8.626733
      21.974721       9.796894
      23.093201      10.624740
      23.940315      11.087147
      24.690256      11.347013
      25.410742      11.525900
      26.054574      11.720184
      26.477716      11.946559
      26.781239      12.269610
      27.149037      12.652091
      27.944003      13.161589
      29.045631      14.155307
      29.481435      16.292864
      29.772087      19.280394
      29.963128      22.462451
      30.084299      25.564139
      30.060480      28.455022
      30.109011      31.151445
      30.115520      33.614281
      30.191666      35.882210
      30.238847      37.921623
      30.237149      39.760973
      30.243237      41.362416
      30.220470      42.751884
      30.182607      43.918308
      30.143834      44.972525
      30.149606      45.803149
      30.078562      46.455525
      29.974401      46.971462
      29.887907      47.434269
      29.727521      47.876311
      29.485576      48.478932
      29.193355      49.486856
      28.678657      51.289060
      27.836369      53.754878
      26.763629      56.168076
      25.454057      58.083613
      24.222010      59.383926
      23.155772      60.220728
      22.229110      60.948057
      21.141530      61.639624
      19.400053      62.516201
      17.853282      63.454388
      16.255440      64.448349
      14.907137      65.283305
      13.698902      65.934821
      12.819201      66.419766
      12.155312      66.642062
      11.588043      66.545835
      11.010203      66.305364
      10.474256      65.990119
       9.979318      65.717295
       9.667467      65.553210
       9.566864      65.522708
       9.680053      65.529245
       9.749158      65.368026
       9.709267      65.076818
       9.552663      64.779209
       9.297374      64.606396
       9.039559      64.504219
       8.789081      64.472644
       8.622368      64.417269
       8.430694      64.326413
       8.267621      64.172489
       8.048658      64.008681
       7.823500      63.698818
       7.599737      62.989581
       7.304310      61.621823
       7.065648      59.717574
       6.854878      57.345433
       6.596722      54.788147
       5.998663      52.176686
       4.955746      49.533367
       3.463944      46.866575
       1.782172      44.147016
      -0.469778      41.238567
      -3.739963      37.931845
      -7.858277      34.251960
     -12.500016      30.276962
     -17.129383      26.265240
     -21.421042      22.335860
     -25.276591      18.572643
     -28.329631      15.119121
     -30.563216      12.208910
     -32.415354       9.764066
     -34.196012       7.552458
     -36.094017       5.333152
     -37.838544       3.262808
     -39.338040       1.301062
     -40.484723      -0.523186
     -41.527764      -2.332816
     -42.527781      -4.489055
     -43.591605      -6.827769
     -44.457074      -9.702553
     -45.079011     -12.593851
     -45.249045     -15.178609
     -44.739796     -17.123630
     -43.562959     -18.584817
     -41.649491     -20.126458
     -38.841842     -22.322090
     -35.039242     -25.517854
     -30.981282     -29.158613
     -27.600798     -32.237971
     -24.355894     -34.524104
     -20.337757     -36.497826
     -15.436446     -38.692700
     -10.796750     -41.224530
      -7.212646     -44.048714
      -4.326027     -46.711976
      -1.906992     -48.991484
       0.199015     -50.858130
       1.595258     -52.359800
       2.515176     -53.420016
       3.123945     -53.967616
       3.699508     -54.203881
       4.184564     -54.280025
       4.836206     -54.079779
       6.157691     -53.266956
       7.651160     -52.043375
       8.704470     -51.263711
       9.228983     -51.199618
       9.241555     -51.694155
       9.412329     -52.096511
       9.829281     -52.045454
       9.971224     -52.122846
      10.109200     -52.462497
      10.052582     -52.923798
       9.706495     -53.483453
       9.181325     -54.187770
       8.612498     -54.958012
       8.121186     -55.565232
       7.734826     -55.993291
       7.362727     -56.363416
       7.064513     -56.710280
       6.819812     -57.048989
       6.729779     -57.185880
       6.961953     -57.103966
       7.575140     -56.568659
       8.476937     -55.408904
       9.525266     -53.937920
      10.722219     -52.519902
      11.740106     -51.421166
      12.571118     -50.341105
      13.207137     -49.144966
      13.765090     -47.727400
      13.938799     -45.911567
      14.234317     -43.081667
      14.734232     -40.212790
      15.284167     -37.357329
      15.753863     -34.798220
      16.034337     -32.346273
      16.292936     -29.788163
      16.574537     -26.954219
      17.060031     -23.912870
      17.698596     -20.768183
      18.324279     -17.668876
      18.978355     -14.674983
      19.480449     -11.923107
      19.955893      -9.490371
      20.416102      -7.374828
      20.920956      -5.677545
      21.310435      -4.418242
      21.617142      -3.531002
      21.868600      -2.947037
      22.095780      -2.590631
      22.254876      -2.307525
      22.438409      -2.062613
      22.533490      -1.807050
      22.597862      -1.599091
      22.618616      -1.493693
      22.644429      -1.483710
      22.670953      -1.574237
      22.710718      -1.638704
      22.729247      -1.631666
      22.775049      -1.543254
      22.760723      -1.354348
      22.804449      -1.152562
      22.785980      -0.957860
      22.792007      -0.804362
      22.790548      -0.708791
      22.786854      -0.627972
      22.800728      -0.536171
      22.850508      -0.345086
      22.820829       0.073170
      22.856256       0.987423
      22.842093       2.466542
      22.809820       4.419407
      22.703000       6.506424
      22.562190       8.733000
      22.650284      10.831746
      22.684789      12.675834
      22.713081      14.292861
      22.707150      15.725117
      22.698313      17.065969
      22.585271      18.304776
      22.521957      19.313235
      22.564759      20.227110
      22.592345      21.150545
      22.670179      22.142691
      22.739639      23.174578
      22.838746      24.170948
      22.914365      25.051104
      22.979833      25.809715
      23.020955      26.481818
      23.103816      27.075178
      23.112345      27.559598
      23.067889      27.982961
      23.000160      28.379202
      22.900428      28.823214
      22.923106      29.344394
      22.970277      29.874325
      23.025397      30.402436
      23.130717      30.894120
      23.230895      31.280671
      23.271240      31.589252
      23.290615      31.822435
      23.335630      31.967571
      23.388987      32.020551
      23.491912      32.024284
      23.546410      31.952358
      23.551155      31.824050
      23.540501      31.628460
      23.465288      31.430911
      23.416285      31.250465
      23.425681      31.051249
      23.425021      30.851475
      23.456213      30.683952
      23.480323      30.572609
      23.493932      30.466561
      23.449461      30.354512
      23.421759      30.254243
      23.412652      30.167453
      23.424176      30.005544
      23.483970      29.789570
      23.495965      29.572339
      23.559716      29.307724
      23.638849      28.912573
      23.731261      28.124830
      23.807473      26.613674
      23.823566      24.506065
      23.760476      22.257468
      23.707833      20.209280
      23.612847      18.493028
      23.509681      17.137673
      23.379583      15.912505
      23.243553      14.663600
      23.122642      13.420983
      23.009850      12.170639
      22.846846      11.083902
      22.693400      10.177945
      22.461382       9.522320
      22.350365       9.015212
      22.317962       8.670414
      22.322190       8.521004
      22.355509       8.503782
      22.402078       8.550590
      22.382674       8.582967
      22.269508       8.587879
      22.091464       8.536770
      21.891343       8.459413
      21.645461       8.321709
      21.365393       8.030231
      20.988342       7.365092
      20.373948       6.251738
      19.384714       4.675247
      17.789256       2.826512
      16.154897       0.781949
      14.432542      -1.368386
      13.070125      -3.475966
      11.487685      -5.641898
       9.717212      -8.100779
       8.329175     -10.735042
       7.138459     -13.378352
       6.032391     -15.920269
       5.009106     -18.318097
       4.152247     -20.640280
       3.405165     -23.030747
       2.569347     -25.759328
       1.727739     -28.524361
       1.484205     -31.091422
       1.538502     -33.300933
       1.800709     -35.215741
       2.132762     -36.986729
       2.346486     -38.606998
       2.479017     -40.193277
       2.533912     -41.898821
       2.419686     -44.017523
       2.095906     -46.712665
       1.673521     -49.531288
       1.323272     -51.897956
       1.175646     -53.092657
       1.140296     -53.460023
       1.274035     -53.544909
       1.412098     -53.845802
       1.521783     -54.553043
       1.530072     -55.654494
       1.513653     -57.468991
       1.655765     -59.850146
       1.762784     -62.092401
       1.880639     -63.419145
       1.990856     -63.850454
       2.025639     -63.899083
       1.937661     -63.978485
       1.811594     -64.209475
       1.639594     -64.517372
       1.458322     -64.925376
       1.412765     -65.438191
       1.388773     -65.947464
       1.431405     -66.332204
       1.396518     -66.727842
       1.284079     -67.157519
       1.142732     -67.697459
       0.980702     -68.356669
       0.848245     -69.085009
       0.836329     -69.901178
       0.925128     -70.773543
       1.088844     -71.741582
       1.213722     -72.832868
       1.218102     -73.957259
       1.290170     -75.187495
       1.317304     -76.565937
       1.257664     -78.016317
       1.328447     -79.473638
       1.306540     -80.905348
       1.218757     -82.340448
       1.100496     -83.771492
       1.003704     -85.109174
       0.930330     -86.358605
       0.818836     -87.641539
       0.711720     -88.886656
       0.607405     -90.051983
       0.515092     -91.256651
       0.349666     -92.556905
       0.129936     -93.858665
      -0.100050     -95.135353
      -0.295190     -96.401647
      -0.468491     -97.673313
