       3.909901      17.856204
       3.963838      17.803963
       4.002352      17.761291
       4.006850      17.728598
       4.007676      17.723757
       3.968900      17.743079
       3.896850      17.756684
       3.842169      17.737119
       3.793533      17.667687
       3.715950      17.551200
       3.616046      17.421686
       3.535937      17.281039
       3.395311      17.162684
       3.261630      17.062018
       3.076986      16.937197
       2.870766      16.794177
       2.657465      16.597457
       2.482483      16.367802
       2.261986      16.117157
       2.121767      15.877285
       1.959158      15.597211
       1.792347      15.147734
       1.630121      14.398804
       1.461013      13.404847
       1.285611      12.378363
       1.094298      11.385703
       0.925320      10.417159
       0.791869       9.408141
       0.752497       8.298382
       0.758383       7.105134
       0.877817       5.801897
       1.047853       4.362869
       1.317483       2.771914
       1.718084       0.895511
       2.060465      -1.201776
       2.308126      -3.472066
       2.413725      -5.686944
       2.528361      -7.624057
       2.743413      -9.329232
       2.992531     -10.845682
       3.509687     -12.159976
       4.349162     -13.478870
       5.511532     -15.059949
       6.538848     -16.919388
       7.310728     -18.841403
       8.006577     -20.658332
       8.564883     -22.241296
       9.063171     -23.466968
       9.603618     -24.307916
      10.088029     -24.736553
      10.599744     -24.866153
      11.004386     -24.829235
      11.309969     -24.687614
      11.528946     -24.628416
      11.776185     -24.574346
      12.094297     -24.431714
      12.458688     -24.250887
      12.902475     -23.984992
      13.398755     -23.681479
      13.966627     -23.317158
      14.608989     -22.819304
      15.231002     -22.082557
      15.694632     -21.189831
      16.011999     -20.064599
      16.125210     -18.676860
      15.978161     -16.880755
      15.284484     -14.442483
      14.267858     -11.453810
      13.236836      -8.226372
      12.302923      -5.326440
      11.285774      -2.843983
      10.436953      -0.691837
       9.732296       1.267585
       9.094119       3.231821
       8.639231       5.068542
       8.398769       6.672147
       8.106165       8.091326
       7.901728       9.234260
       7.849125      10.423693
       7.646261      11.774526
       7.552873      13.187474
       7.552430      14.650259
       7.539214      16.208867
       7.462580      18.011092
       7.523878      20.390637
       7.591600      22.935209
       7.572001      25.229031
       7.500838      27.083685
       7.438003      28.575904
       7.446333      29.944766
       7.393097      31.190469
       7.303972      32.340342
       7.133529      33.290199
       6.855648      33.872495
       6.447774      33.973497
       5.910741      33.507473
       5.391509      32.425333
       5.121862      30.858078
       4.984316      28.825205
       4.958256      26.447267
       5.046248      24.112853
       5.107897      21.889483
       5.041697      19.890856
       4.793634      18.073562
       4.461516      16.385610
       4.255885      14.838415
       3.854215      13.258716
       3.595360      11.571500
       3.473713       9.966063
       3.332553       8.408879
       3.155284       7.014549
       3.015190       5.869233
       2.913651       4.985790
       2.882401       4.299267
       2.956058       3.799057
       3.128557       3.455478
       3.252312       3.250692
       3.204989       3.096111
       3.174716       2.952220
       3.127025       2.743111
       3.115326       2.515829
       3.108158       2.325394
       3.137238       2.123243
       3.100748       1.970459
       3.090164       1.862809
       3.048071       1.811071
       3.034608       1.784369
       3.017583       1.764549
       2.990623       1.756092
       2.936960       1.770547
       2.881094       1.772076
       2.827560       1.690676
       2.820252       1.584349
       2.822788       1.502135
       2.856960       1.552542
       2.883631       1.714145
       2.904311       1.868381
       2.926210       1.899383
       2.954494       1.837118
       2.945714       1.692983
       2.915355       1.476977
       2.927139       1.126514
       2.981150       0.641879
       3.046707       0.059617
       3.115769      -0.625588
       3.130166      -1.457165
       3.081783      -2.333988
       3.064862      -3.118015
       3.072898      -3.851870
       3.116950      -4.504171
       3.221604      -5.094383
       3.418913      -5.648798
       3.603307      -6.162647
       3.830061      -6.647827
       4.093693      -7.073828
       4.506298      -7.474682
       5.097733      -7.816229
       6.001905      -8.145073
       6.973771      -8.482059
       7.855765      -8.802817
       8.732962      -9.116611
       9.696632      -9.536539
      10.652759      -9.963132
      11.524544     -10.395141
      12.257019     -10.802405
      12.854295     -11.061559
      13.356181     -11.305657
      13.832610     -11.501493
      14.567877     -11.597588
      15.717619     -11.655773
      17.617072     -11.783081
      20.030153     -12.207123
      22.684356     -12.838731
      25.329042     -13.588324
      28.262330     -14.369853
      31.148572     -15.166143
      33.816894     -15.915525
      36.482893     -16.571010
      38.868352     -17.066935
      41.078635     -17.450295
      43.194505     -17.884330
      45.087607     -18.428170
      46.786356     -18.990268
      47.862983     -19.409410
      48.028423     -19.473134
      47.690491     -19.277326
      47.473659     -19.035227
      47.598217     -18.964581
      48.017728     -18.931983
      48.398286     -18.949276
      48.666063     -18.988161
      48.898685     -19.014046
      49.179912     -18.828743
      49.312339     -18.491921
      49.324812     -18.150091
      49.254929     -17.891784
      49.212580     -17.909383
      49.255575     -18.175996
      49.287505     -18.455981
      49.300862     -18.571386
      49.241727     -18.546044
      49.239474     -18.434535
      49.244068     -18.445127
      49.261816     -18.526379
      49.337794     -18.628739
      49.354347     -18.659832
      49.371007     -18.595538
      49.404918     -18.472917
      49.416876     -18.345849
      49.467331     -18.229091
      49.472858     -18.186086
      49.464908     -18.156119
      49.498547     -18.086648
      49.526325     -17.993245
      49.514906     -17.848733
      49.489586     -17.672339
      49.455684     -17.548634
      49.498202     -17.524210
      49.561839     -17.391356
      49.559260     -17.207770
      49.408921     -17.093150
      49.300055     -16.933426
      49.322276     -16.784807
      49.367223     -16.689166
      49.437451     -16.615615
      49.441769     -16.557260
      49.411427     -16.490540
      49.433390     -16.332396
      49.471353     -16.168661
      49.493321     -16.049359
      49.476802     -15.975514
      49.405356     -16.001957
      49.340607     -16.163950
      49.348577     -16.252800
      49.371016     -16.311512
      49.327046     -16.335654
      49.323748     -16.289775
      49.332758     -16.248733
      49.321470     -16.262915
      49.348664     -16.249267
      49.348096     -16.249505
      49.324442     -16.228886
      49.329489     -16.170600
      49.322840     -16.185963
      49.318580     -16.274375
      49.305621     -16.361749
      49.293736     -16.399982
      49.292736     -16.428241
      49.280049     -16.465177
      49.301537     -16.442832
      49.267640     -16.456674
      49.220672     -16.421818
      49.225534     -16.401733
      49.232907     -16.475994
      49.200860     -16.553344
      49.063402     -16.765102
      48.766186     -17.000505
      48.399689     -17.132587
      48.032707     -17.128531
      47.317919     -16.873947
      46.197772     -16.364964
      44.924246     -15.851852
      43.669527     -15.656059
      42.301187     -15.776608
      40.517967     -15.966175
      38.310894     -15.610959
      36.274123     -14.579393
      34.869370     -13.571104
      33.331056     -13.082373
      30.418862     -12.691391
      25.643379     -12.024209
      19.911468     -10.965966
      13.993934      -9.917733
       9.454566      -9.525583
       5.941200      -9.522091
       3.429926      -9.527622
       1.435139      -9.523341
       0.000887      -9.504594
      -1.163767      -9.478014
      -2.045905      -9.407239
      -2.603675      -9.401894
      -2.867026      -9.377726
      -3.097628      -9.279421
      -3.307639      -9.079980
      -3.518730      -8.793148
      -3.576866      -8.424751
      -3.631895      -8.067340
      -3.681495      -7.733362
      -3.760817      -7.515034
      -3.913408      -7.407140
      -4.082224      -7.296932
      -4.227505      -7.058666
      -4.360164      -6.560443
      -4.489329      -5.368289
      -4.642688      -3.460843
      -4.800645      -1.245772
      -4.922545       1.008751
      -4.859400       3.116004
      -4.673309       4.879131
      -4.242795       6.305640
      -3.500336       7.490832
      -2.639712       8.466601
      -1.785221       9.233436
      -0.951321       9.821816
      -0.074927      10.274838
       0.830922      10.603017
       1.737165      10.791897
       2.641167      10.858681
       3.454483      10.813400
       4.177648      10.678598
       5.287375      10.505152
       6.917351      10.265437
       8.905827       9.892263
      11.170032       9.472193
      13.637419       9.021446
      16.268503       8.601160
      18.704344       8.364588
      20.755130       8.272652
      22.475852       8.192238
      24.165005       7.948398
      25.851801       7.443067
      27.482877       6.636187
      29.326984       5.842914
      31.247978       5.197236
      33.189129       4.738723
      35.233047       4.443129
      36.892255       4.202349
      38.446886       3.953846
      39.774599       3.666380
      40.687970       3.361122
      41.002627       3.288148
      40.802309       3.315435
      40.558132       3.400069
      40.546961       3.419217
      40.687887       3.401366
      40.901650       3.381090
      41.068304       3.416752
      41.338544       3.517131
      41.701043       3.677325
      42.188931       3.824093
      42.724340       3.954559
      43.322337       4.011155
      44.518083       3.976920
      45.697193       3.854176
      46.420802       3.971383
      46.887149       4.249030
      47.029173       4.515282
      47.274332       4.691539
      47.509484       4.888710
      47.769486       5.086210
      47.905060       5.313511
      48.143030       5.450842
      48.415208       5.689403
      48.637863       5.904456
      48.758070       6.083463
      48.774093       6.193183
      48.836656       6.263835
      48.867625       6.337298
      48.829861       6.405542
      48.861102       6.405682
      48.802293       6.315928
      48.787620       6.187025
      48.786071       6.002524
      48.735980       5.820974
      48.745000       5.604749
      48.685438       5.492822
      48.676069       5.399691
      48.606254       5.348529
      48.578141       5.323316
      48.532310       5.270859
      48.498248       5.223259
      48.486402       5.181851
      48.465910       5.171854
      48.453845       5.221637
      48.445413       5.340552
      48.417418       5.419743
      48.326616       5.450874
      48.341765       5.463781
      48.289401       5.354285
      48.283937       5.322765
      48.298926       5.306863
      48.239204       5.350640
      48.186291       5.394216
      47.945057       5.350029
      46.872573       5.095730
      44.508791       4.557457
      41.247708       3.842553
      36.753519       3.218917
      30.256303       2.577662
      23.874873       1.829460
      18.198238       0.729239
      12.982566      -0.656503
       8.659310      -2.243244
       5.790273      -3.985221
       3.167526      -5.399703
       0.746160      -6.478593
      -0.670867      -7.695628
      -1.599051      -9.160372
      -2.313040     -10.994956
      -2.740364     -12.747167
      -2.946421     -14.185982
      -3.078820     -15.315908
      -3.387242     -16.317071
      -3.906039     -17.439016
      -4.477514     -19.198564
      -5.299303     -21.524392
      -6.497709     -24.211193
      -8.373661     -27.182322
     -10.328967     -30.621854
     -12.195190     -34.306701
     -14.413439     -38.345301
     -16.760729     -42.225704
     -19.160494     -45.465411
     -21.886884     -48.033368
     -24.970105     -49.923459
     -28.491411     -51.011126
     -32.074398     -51.200337
     -35.237943     -50.577647
     -37.913667     -49.134814
     -40.019199     -46.401753
     -41.400379     -43.012133
     -42.300249     -39.633236
     -42.765950     -36.601263
     -43.060490     -33.995436
     -43.176053     -31.239194
     -42.923323     -27.753928
     -42.566812     -23.498828
     -42.103039     -18.908103
     -41.477367     -13.531293
     -40.848218      -6.219210
     -40.248905       1.576145
     -39.696530       8.357455
     -39.457283      14.034916
     -39.395035      18.564942
     -39.343689      22.389095
     -39.161937      25.988140
     -38.743825      29.638565
