       8.516941      13.098574
       8.402211      13.896952
       8.336502      14.794362
       8.289283      15.746912
       8.198631      16.807426
       8.148282      17.956349
       8.077270      19.147535
       7.964643      20.356441
       7.833871      21.588893
       7.678699      22.883978
       7.536139      24.261298
       7.385697      25.752128
       7.210085      27.261270
       7.091377      28.795988
       7.121037      30.382549
       7.307352      32.016935
       7.595410      33.705778
       7.972777      35.389596
       8.403161      37.015424
       8.880789      38.623193
       9.489073      40.231186
      10.243562      41.951112
      10.976815      43.814611
      11.611048      45.797267
      12.291664      47.894462
      12.908810      50.120504
      13.513123      52.497866
      14.057303      54.972855
      14.399574      57.475256
      14.841226      60.110837
      15.270949      62.835953
      15.759260      65.803434
      16.555972      69.185880
      17.459056      73.062231
      18.242051      77.383292
      18.800820      82.023546
      18.910509      86.601310
      18.631475      90.697840
      18.111497      93.996896
      17.692308      96.388951
      17.408491      97.984706
      17.328984      99.029122
      17.465066      99.564492
      17.806670      99.797046
      18.244794      99.885415
      18.681227      99.942951
      19.026752      99.900753
      19.355849      99.823061
      19.732181      99.789955
      20.144208      99.766418
      20.476897      99.631597
      20.831987      99.343867
      21.144255      99.048958
      21.437578      98.854891
      21.651561      98.740401
      21.753576      98.551929
      21.681097      98.105850
      21.444244      97.199024
      21.079817      95.806254
      20.788592      94.014818
      20.462744      91.524039
      20.198647      88.292438
      20.018164      84.315605
      19.815933      79.686415
      19.564139      74.384940
      19.273764      68.590763
      19.004541      62.213569
      18.882288      55.344475
      18.782861      48.179079
      18.625896      41.200799
      18.219032      34.679077
      17.643308      28.867017
      16.895439      23.997338
      15.867673      19.766266
      14.920776      16.202389
      14.164104      13.179514
      13.697596      10.586280
      13.419630       8.422494
      13.253036       6.495495
      13.191967       4.702993
      13.392867       2.999876
      13.845177       1.421759
      14.408664      -0.106115
      14.957340      -1.725402
      15.430427      -3.586768
      15.940524      -5.512857
      16.344117      -7.493495
      16.466178      -9.493849
      16.433932     -11.412219
      16.350775     -13.254070
      16.318285     -15.150801
      16.377460     -17.164076
      16.397091     -19.354200
      16.307494     -21.697647
      16.268673     -23.982913
      16.236678     -26.076183
      16.064361     -27.882403
      15.898095     -29.375683
      15.836849     -30.638453
      15.894843     -31.759590
      16.021201     -32.791472
      16.165949     -33.733953
      16.238183     -34.523334
      16.170269     -35.151624
      16.004045     -35.628180
      15.791411     -36.097160
      15.532627     -36.743467
      15.256852     -37.831632
      14.893697     -39.370502
      14.480730     -41.313166
      14.267634     -43.454215
      14.333029     -45.567039
      14.712026     -47.402280
      15.360998     -48.892405
      16.534558     -49.994867
      18.408478     -50.696751
      20.523799     -50.975694
      22.641102     -50.949821
      24.574836     -50.774706
      26.254346     -50.555814
      27.717053     -50.330162
      28.989785     -49.986882
      30.174421     -49.434779
      31.331832     -48.779144
      32.675530     -48.016509
      34.101482     -47.184166
      35.409306     -46.318144
      36.463193     -45.487219
      37.046023     -44.545520
      37.053394     -43.479554
      37.021651     -42.434594
      37.096799     -41.612247
      37.112307     -41.051795
      37.086514     -40.681447
      37.023406     -40.380960
      36.840156     -40.126712
      36.618816     -39.887549
      36.372670     -39.627109
      36.166278     -39.340680
      35.954635     -39.030593
      35.749630     -38.742455
      35.604092     -38.560115
      35.522686     -38.450891
      35.423411     -38.372127
      35.301300     -38.305632
      35.147709     -38.240217
      35.031213     -38.157478
      34.973407     -38.113677
      34.918103     -38.092238
      34.931924     -38.111382
      34.992785     -38.119163
      35.010481     -38.117519
      35.038122     -38.094021
      35.003713     -38.061539
      34.945642     -37.990372
      34.865380     -37.894526
      34.778194     -37.776131
      34.710662     -37.625340
      34.647419     -37.467164
      34.572006     -37.307661
      34.420630     -37.160239
      34.294745     -37.000761
      34.191332     -36.886033
      34.052093     -36.793973
      33.915662     -36.771983
      33.807773     -36.779994
      33.708216     -36.826707
      33.620102     -36.859130
      33.490614     -36.853110
      33.310827     -36.731975
      33.019473     -36.445783
      32.629061     -35.940776
      32.173426     -35.311080
      31.657527     -34.586937
      31.098023     -33.751609
      30.509553     -32.832009
      29.945703     -31.849851
      29.403079     -30.860946
      28.747910     -29.826255
      28.132783     -28.697023
      27.643037     -27.496632
      27.296833     -26.158148
      27.078369     -24.699139
      26.893246     -23.224100
      26.625690     -21.741941
      26.321181     -20.253643
      26.087163     -18.707824
      25.915800     -17.139139
      25.836909     -15.573097
      25.882879     -14.122593
      26.066375     -12.854455
      26.322903     -11.734413
      26.608188     -10.790834
      26.947317      -9.947120
      27.339587      -9.140214
      27.726163      -8.319225
      28.158754      -7.455717
      28.629312      -6.586459
      29.149472      -5.789626
      29.658362      -5.095610
      30.179593      -4.508121
      30.695944      -4.020080
      31.151982      -3.662208
      31.518349      -3.445807
      31.809997      -3.372526
      32.070692      -3.403454
      32.305814      -3.480877
      32.556572      -3.520344
      32.763170      -3.576859
      32.892365      -3.611218
      32.971578      -3.670940
      32.978708      -3.730613
      32.965303      -3.781484
      32.949520      -3.793634
      32.914965      -3.744589
      32.879741      -3.638278
      32.825459      -3.499157
      32.692724      -3.310932
      32.524528      -3.044360
      32.317594      -2.640523
      32.081562      -2.042928
      31.890176      -1.207937
      31.837140      -0.003060
      32.076594       1.468719
      32.357592       3.162567
      32.384786       5.032982
      31.954121       6.982193
      31.327308       8.952827
      30.795972      11.080057
      30.485887      13.167326
      29.960498      15.248604
      29.712926      17.309590
      29.821121      19.262045
      30.314067      21.078551
      31.049559      22.690241
      31.906506      24.165799
      32.820537      25.529584
      33.631995      26.643828
      34.328256      27.494366
      34.893849      28.030249
      35.418690      28.359730
      36.061165      28.556886
      36.770895      28.652242
      37.542991      28.652259
      38.226010      28.466298
      38.381219      28.040755
      38.126033      27.491775
      37.856063      26.981460
      37.589539      26.526111
      37.416022      26.150522
      37.306882      25.875571
      37.217551      25.702945
      37.064800      25.617226
      36.872161      25.618317
      36.697301      25.621789
      36.519328      25.679576
      36.371575      25.794488
      36.289369      25.971276
      36.266811      26.163549
      36.278752      26.340116
      36.288925      26.441424
      36.264246      26.347429
      36.230862      26.096172
      36.231037      25.821022
      36.244993      25.611378
      36.284406      25.456719
      36.339018      25.330897
      36.404799      25.211300
      36.473732      25.102377
      36.488250      24.965904
      36.460929      24.835262
      36.417299      24.763871
      36.349679      24.760059
      36.302525      24.813488
      36.264691      24.887118
      36.190427      24.981398
      36.112124      25.048117
      36.030053      25.089834
      35.930627      25.104815
      35.803077      25.091070
      35.664533      25.071663
      35.536837      25.041042
      35.431240      25.027132
      35.371091      25.005324
      35.315262      24.953196
      35.251358      24.879471
      35.189926      24.813284
      35.125471      24.730941
      35.070599      24.667328
      35.034443      24.612031
      35.006421      24.575169
      34.989730      24.522914
      34.986315      24.431874
      34.963910      24.328937
      34.933235      24.238703
      34.904736      24.142957
      34.872619      24.058673
      34.863177      24.004549
      34.890051      23.983564
      34.939287      23.929017
      34.965364      23.856436
      34.990397      23.789327
      34.993996      23.727387
      35.017196      23.661123
      35.055508      23.588302
      35.069749      23.525969
      35.092589      23.478331
      35.143595      23.446304
      35.229385      23.439101
      35.292677      23.463484
      35.355726      23.475988
      35.454804      23.494462
      35.594266      23.550232
      35.789587      23.656470
      36.030985      23.762550
      36.258484      23.848060
      36.468273      23.887181
      36.642009      23.871636
      36.685598      23.807225
      36.672618      23.760848
      36.665718      23.719449
      36.637419      23.713404
      36.621901      23.712294
      36.598684      23.722419
      36.532697      23.747367
      36.445909      23.766819
      36.344390      23.777913
      36.251489      23.802788
      36.213444      23.856490
      36.209399      23.950291
      36.256150      23.967985
      36.257014      23.949859
      36.211191      23.898005
      36.148389      23.822903
      36.076377      23.740288
      36.018221      23.680318
      35.976937      23.648966
      35.929787      23.610761
      35.852446      23.541723
      35.743404      23.462517
      35.667046      23.424273
      35.541825      23.376050
      35.360585      23.321433
      35.171071      23.277248
      34.966137      23.250047
      34.615833      23.208417
      34.254267      23.192117
      33.687545      23.114934
      33.080536      22.998263
      32.404015      22.779066
      31.854601      22.512901
      31.384910      22.332154
      30.979948      22.269132
      30.791049      22.348685
      30.735378      22.527924
      30.781272      22.737988
      30.847891      22.917561
      30.799194      23.030618
      30.755520      23.042438
      30.717062      23.013070
      30.694360      22.937157
      30.722762      22.927394
      30.832603      22.996099
      30.978158      23.067879
      31.136272      23.131504
      31.279716      23.169517
      31.418734      23.148688
      31.498766      22.977560
      31.321662      22.739194
      31.106109      22.526127
      30.973960      22.355718
      30.800950      22.226009
      30.563847      22.131673
      30.211519      21.947990
      29.677615      21.718217
      29.223921      21.539332
      28.947996      21.455864
      28.815826      21.564485
      28.758375      21.978742
      28.777305      22.641347
      28.813529      23.450926
      28.861655      24.359342
      28.868777      25.319607
      28.744059      26.363063
      28.515988      27.604118
      28.274110      28.963543
      28.148272      30.264992
      28.135270      31.527413
      28.180974      32.743142
      28.378114      33.879110
      28.628709      34.906645
      28.912974      35.790949
      29.207225      36.523883
      29.430968      37.038332
      29.639087      37.295380
      29.874298      37.342202
      30.118890      37.282869
      30.352831      37.139752
      30.604323      36.950626
      31.008969      36.794908
      31.562284      36.654428
      32.144568      36.521431
      32.729477      36.405911
      33.266555      36.281467
      33.793406      36.087694
      34.283479      35.644284
      34.732863      34.818893
      35.001571      33.502351
      34.962669      31.485683
      34.539600      28.789268
      33.913345      25.564357
      33.187121      22.004674
      32.019592      18.219616
      30.800591      14.497531
      29.945123      11.002915
      29.052205       7.710325
      27.975860       4.800455
      26.918505       2.470540
      26.427820       0.783109
      26.253414      -0.404345
      25.655252      -1.096109
      24.792834      -1.353971
      24.189375      -1.380322
      24.065628      -1.266816
      24.028734      -1.024453
      24.019397      -0.639492
      24.183226      -0.103823
      24.446887       0.566685
      24.750653       1.345343
      25.029468       2.126764
      25.236819       2.860336
      25.325069       3.553043
      25.296427       4.230512
      25.153563       4.866081
      25.017211       5.420183
      24.910063       5.920467
      24.642261       6.346254
      24.160428       6.782439
      23.552877       7.367988
      23.112445       7.933366
      22.992573       8.507138
      22.764721       9.132919
      22.758873       9.728146
      23.175110      10.130185
      23.850375      10.509695
      24.520301      10.816207
      25.114189      11.165567
      25.295009      11.571249
      25.213612      11.965055
      25.062709      12.269080
      25.056726      12.568942
      25.189092      12.942260
      25.373095      13.421758
      25.448092      13.901380
      25.306644      14.372640
      25.074663      14.814276
      24.723021      15.247777
      24.318944      15.510867
      23.951447      15.635114
      23.994490      15.632576
      24.150531      15.454229
      24.244447      15.140003
      24.179142      14.764697
      24.060344      14.319986
      23.875813      13.670485
      23.593848      12.774497
      23.405743      11.699625
      23.244060      10.530559
      23.081073       9.370074
      23.205080       8.287432
      23.297407       7.205035
      23.409867       6.165768
      23.657053       5.216198
      23.994104       4.385840
      24.190301       3.656665
      24.119796       3.032191
      23.991182       2.493339
      23.964165       2.070681
      23.873438       1.728759
      23.816567       1.443615
      23.927910       1.193902
      24.145121       1.012681
      24.513708       0.858456
      24.772415       0.728605
      24.875707       0.605181
      24.791646       0.516196
      24.680418       0.506513
      24.465172       0.623128
      24.322305       0.808940
      24.270820       1.133043
      24.219768       1.593466
      24.180589       2.158704
      24.154053       2.787742
      24.141434       3.530529
      24.123206       4.384044
      24.068542       5.127014
      23.967779       5.727487
      23.876447       6.179924
      23.875808       6.618352
      23.895079       7.072316
      23.948292       7.601353
      24.002120       8.167131
      24.140016       8.705714
      24.218051       9.132806
      24.232734       9.473785
      24.256907       9.789737
      24.384783      10.107576
      24.622935      10.416624
      24.831294      10.789002
      25.000989      11.186424
      25.066957      11.654964
      24.969583      12.181614
      24.847415      12.737187
      24.702670      13.290584
      24.447317      13.771426
      24.173580      14.193825
      24.115930      14.436083
      24.266966      14.652559
      24.574989      14.997599
      24.788006      15.369005
      24.815963      15.577262
      24.882618      15.630234
      24.946427      15.700984
      25.038016      15.791666
      25.001717      15.848103
      24.820383      15.851365
      24.560731      15.848091
      24.382627      15.926412
      24.272547      16.039201
      24.214600      16.223420
      24.100591      16.412558
      23.997399      16.516426
      23.905145      16.485524
      23.839930      16.377587
      23.819234      16.291077
      23.866500      16.280111
      23.922127      16.316225
      24.044226      16.339106
      24.178131      16.389029
      24.324799      16.507008
      24.401003      16.606675
      24.386046      16.698948
      24.320330      16.782052
      24.218683      16.860778
      24.114750      16.873099
      24.386017      16.890549
      24.459028      16.878924
      24.604335      16.773100
      24.994580      16.680922
      25.559024      16.660728
      26.070284      16.832544
      26.055803      17.008221
      26.003617      16.896421
      25.846228      16.730735
      25.768527      16.548900
      25.636601      16.364859
      25.429369      15.759074
      25.123165      14.852968
      24.918286      13.814826
      24.517368      12.404980
      24.010312      10.755853
      23.097857       8.674037
      21.647127       5.783651
      19.814533       1.781299
      17.628124      -3.111543
      15.051416      -8.295849
      12.471497     -13.501924
      10.034269     -18.489923
       7.902294     -23.006168
       6.220409     -26.787133
       5.209456     -29.762331
       4.953125     -32.000948
       5.206920     -33.677959
       5.475543     -34.922644
       5.691781     -35.976351
       6.056616     -37.069711
       6.472322     -38.098635
       7.058552     -38.896156
       7.874771     -39.367622
       8.740936     -39.672733
       9.800624     -39.919737
      10.971738     -40.213201
      12.078197     -40.553656
      12.893619     -40.851676
      13.523405     -40.980533
      14.063636     -41.033756
      14.559823     -41.030808
      15.154327     -41.075643
      15.802229     -41.166139
      16.452741     -41.281430
      17.039745     -41.368832
      17.462209     -41.321234
      17.660720     -41.020763
      17.700167     -40.623148
      17.624023     -40.241716
