      16.900610      15.968344
      16.884885      15.959958
      16.853607      15.943330
      16.834974      15.935581
      16.829864      15.897646
      16.828220      15.833299
      16.880162      15.759823
      16.860718      15.690121
      16.858126      15.619971
      16.842880      15.607164
      16.809773      15.616008
      16.794246      15.635135
      16.780711      15.620542
      16.777214      15.589179
      16.766445      15.567943
      16.753802      15.548175
      16.728356      15.501927
      16.696033      15.479811
      16.649151      15.509633
      16.551080      15.659211
      16.261138      16.086865
      15.600162      16.839065
      14.598494      17.760568
      13.092368      18.704963
      11.048259      19.657986
       8.617643      20.634416
       5.635250      21.740889
       1.898738      22.960575
      -2.756560      24.290013
      -8.035268      25.772325
     -13.091734      27.674829
     -16.682920      29.736895
     -18.752075      31.617056
     -20.033188      33.152303
     -21.029972      34.333502
     -21.833636      35.294568
     -22.545912      36.075891
     -23.260883      36.727184
     -24.076566      37.294042
     -25.098763      37.807279
     -26.399163      38.265617
     -28.007120      38.723867
     -29.915449      39.138050
     -32.092792      39.485580
     -34.576224      40.006911
     -36.924668      40.664817
     -38.636635      41.346684
     -39.774274      41.989157
     -40.374061      42.599636
     -40.530670      43.149043
     -40.580720      43.769766
     -40.597343      44.402354
     -40.585951      45.043651
     -40.530942      45.628000
     -40.454359      46.181191
     -40.386281      46.745416
     -40.379277      47.365071
     -40.498233      48.022027
     -40.711808      48.642439
     -40.993122      49.151285
     -41.317421      49.582253
     -41.618474      50.015529
     -41.893333      50.534458
     -42.301604      51.357024
     -42.919835      52.441607
     -43.739065      53.675641
     -44.431142      54.978722
     -44.917043      56.315093
     -45.249919      57.764565
     -45.508838      59.339804
     -45.784066      61.051691
     -46.105304      62.836502
     -46.399460      64.576909
     -46.582473      66.288845
     -46.730729      68.177474
     -46.829924      70.098874
     -46.837909      71.911675
     -46.893866      73.486142
     -47.118125      74.908206
     -47.252378      76.328298
     -47.267376      77.834772
     -47.208096      79.530456
     -47.257298      81.397612
     -47.368602      83.376111
     -47.463323      85.344993
     -47.552649      87.242107
     -47.557686      89.114014
     -47.481974      91.028303
     -47.394830      93.025608
     -47.326700      95.019183
     -47.272243      96.942049
     -47.193462      98.713872
     -47.258148     100.388709
     -47.361399     101.925656
     -47.495958     103.538547
     -47.630813     105.514074
     -47.770919     107.940788
     -47.993161     110.662820
     -48.609003     113.431410
     -49.562106     115.874182
     -50.346185     117.969774
     -50.910775     119.950527
     -51.622902     121.861066
     -52.512622     123.342468
     -53.152748     124.265098
     -53.652254     124.701890
     -53.925680     124.939360
     -54.027197     125.517637
     -53.806878     126.705306
     -53.292718     128.361123
     -52.837047     130.228717
     -52.498901     132.185058
     -52.359489     134.245388
     -52.391303     136.253718
     -52.197051     138.078133
     -51.791660     139.732212
     -51.666319     141.377237
     -51.667150     143.088998
     -51.058142     145.090470
     -49.203571     147.420355
     -46.757365     149.349079
     -43.964333     150.695184
     -40.627638     151.484800
     -37.096706     151.820682
     -33.404837     152.153486
     -29.493925     152.623704
     -25.911525     152.836908
     -22.355359     152.636925
     -18.432717     152.280176
     -14.606676     152.013924
     -10.814397     151.887408
      -7.012897     151.988541
      -3.416314     152.327862
      -0.391390     153.010439
       1.697967     153.716971
       3.235107     154.275286
       4.259247     154.697653
       5.139824     154.937415
       6.035508     154.738306
       6.959614     154.194018
       7.919171     153.547937
       8.880496     152.805502
       9.615549     151.897715
       9.885533     150.816425
       9.927564     149.511177
       9.878104     148.036877
       9.649648     146.495937
       9.044941     144.759386
       8.142463     142.688118
       7.217184     140.147283
       6.327307     137.039575
       5.565391     133.269476
       4.917258     129.216484
       4.483416     125.232860
       4.203066     121.506426
       3.694297     117.838771
       2.739667     113.904106
       1.273770     109.439656
       0.019688     104.427392
      -0.832507      99.058244
      -1.368019      93.492319
      -1.623988      87.724808
      -1.676088      81.751126
      -1.602966      75.827529
      -1.286433      70.112784
      -0.672388      64.759227
       0.246478      59.928218
       1.486247      56.047583
       2.646298      53.570190
       3.468719      52.160366
       4.112493      51.296734
       4.512837      50.542152
       4.771797      49.318701
       5.086983      47.173680
       5.397345      44.337620
       5.658039      41.098476
       5.656242      37.914777
       5.168831      34.935144
       4.772958      32.164081
       4.259702      29.729784
       3.808170      27.591713
       3.608126      25.641067
       3.576329      23.847118
       3.547546      21.940183
       3.400991      19.885777
       2.950870      17.783123
       2.414630      15.716908
       2.045380      13.778098
       1.894943      11.948182
       1.922672      10.235401
       2.086651       8.637968
       2.305319       7.154516
       2.534997       5.757469
       2.677854       4.443162
       2.800851       3.201669
       2.940455       2.107130
       3.107514       1.212778
       3.175652       0.607900
       3.118066       0.332440
       3.030690       0.324487
       2.985011       0.509541
       2.915366       0.822313
       2.801378       1.188675
       2.682664       1.585119
       2.648794       1.963820
       2.801023       2.304767
       3.207922       2.588347
       4.019978       2.796111
       5.488763       2.962260
       7.554102       3.074467
      10.091722       3.171692
      12.986613       3.288151
      15.975698       3.474819
      18.266985       3.255689
      18.077859       2.544475
      15.979775       1.819560
      14.798945       1.344950
      14.655446       1.144138
      14.784687       1.232676
      14.536131       1.630735
      13.959865       2.207015
      13.316327       2.871716
      12.824430       3.685139
      12.527787       4.717916
      12.314717       5.969338
      12.240730       7.437287
      12.264686       8.964136
      12.296795      10.327890
      12.353341      11.533215
      12.464637      12.620323
      12.496809      13.792555
      12.401908      15.117613
      12.248544      16.494798
      11.987810      17.808761
      11.654134      19.062237
      11.470980      20.357705
      11.509657      21.626936
      11.642761      22.650306
      11.717905      23.517275
      11.694888      24.331145
      11.633545      25.087084
      11.616608      25.835875
      11.657324      26.643284
      11.640773      27.478054
      11.598166      28.254366
      11.559631      28.958526
      11.627995      29.580854
      11.685827      30.148950
      11.674851      30.651303
      11.621927      31.136493
      11.600611      31.602373
      11.600038      32.010771
      11.572949      32.335502
      11.515805      32.619570
      11.417753      32.793432
      11.348575      32.803943
      11.301896      32.702120
      11.310803      32.570966
      11.369258      32.467594
      11.409483      32.452588
      11.394934      32.595448
      11.305696      32.841468
      11.182561      33.026314
      11.155670      33.275827
      11.057238      33.685184
      10.948338      34.113943
      10.875061      34.516529
      10.744887      34.945990
      10.634074      35.343141
      10.579220      35.635128
      10.540379      35.799194
      10.543688      35.952698
      10.526266      36.159845
      10.455597      36.546066
      10.291446      37.122269
      10.075488      37.892343
       9.794174      38.916274
       9.142847      40.273328
       7.933160      42.050059
       6.342891      44.246531
       4.463979      46.755966
       2.735687      49.199121
       1.573193      51.200006
       0.843898      52.670193
       0.370369      53.624807
       0.068467      54.133109
      -0.118354      54.317584
      -0.145618      54.286737
       0.004394      54.033506
       0.283187      53.642628
       0.689639      53.301616
       1.217246      53.111357
       1.787772      53.017849
       2.196754      52.949613
       2.333887      52.988343
       2.164657      53.100341
       1.878946      53.162589
       1.640237      53.089908
       1.405204      52.874849
       1.175335      52.583355
       0.959000      52.327574
       0.781502      52.162027
       0.658950      52.071201
       0.604266      51.968407
       0.572682      51.902550
       0.606416      51.943602
       0.717129      52.093407
       0.874953      52.264836
       1.013183      52.428241
       1.123980      52.657099
       1.201015      53.066531
       1.118328      53.684923
       0.850969      54.500927
       0.508397      55.432897
       0.428096      56.342594
       0.538625      57.098973
       0.624757      57.678236
       0.664215      58.139274
       0.696803      58.462165
       0.701221      58.626196
       0.678257      58.672391
       0.686412      58.685092
       0.775189      58.718965
       0.960625      58.757486
       1.169380      58.764320
       1.357156      58.711986
       1.591616      58.576683
       1.913329      58.381528
       2.321636      58.158479
       2.767449      57.939393
       3.191488      57.721915
       3.580834      57.517056
       3.900574      57.306033
       4.100109      57.067582
       4.214398      56.761570
       4.326384      56.394360
       4.437611      55.937139
       4.505826      55.401380
       4.520466      54.829606
       4.495457      54.291720
       4.441231      53.850105
       4.399645      53.518910
       4.364529      53.317547
       4.335569      53.232365
       4.350215      53.212130
       4.374721      53.204864
       4.412094      53.191983
       4.468468      53.187835
       4.591662      53.166829
       4.788778      53.145744
       5.101743      53.124330
       5.475834      53.113950
       5.961404      53.073006
       6.738425      52.978833
       8.349173      52.784474
      11.093831      52.415491
      14.247063      51.865132
      16.542018      51.131221
      17.810343      50.368552
      18.122766      49.686728
      17.635225      49.090994
      17.076035      48.517191
      16.708723      48.109264
      16.579522      47.797443
      16.574481      47.472863
      16.574520      46.984037
      16.466434      46.075123
      16.152864      44.704612
      15.735436      43.024203
      15.391380      41.308241
      15.197238      39.849293
      15.184595      38.729324
      15.229061      37.841742
      15.144739      36.919554
      14.724935      35.683060
      13.824198      33.744539
      12.477988      30.916001
      10.990334      27.367078
      10.201826      23.169114
       9.971969      18.656276
       9.733259      14.276220
       9.561879      10.431038
       9.487232       7.504309
       9.515898       5.705411
       9.452986       4.945509
       9.336286       4.818453
       9.230068       4.863022
       9.291066       4.810077
       9.473263       4.580097
       9.560269       4.145091
       9.472146       3.652287
       9.253528       3.394990
       8.891184       3.629665
       8.554266       4.177389
       8.195334       4.778273
       7.751413       5.246850
       7.218972       5.435885
       6.679688       5.163671
       6.236289       4.445640
       5.918514       3.420779
       5.673901       2.334837
       5.460050       1.201616
       5.321491      -0.396683
       5.069053      -2.889689
       4.641645      -6.163645
       4.166472     -10.046480
       3.852857     -14.044310
       3.745405     -17.841059
       3.707749     -21.193821
       3.559203     -24.072304
       3.424075     -26.438760
       3.290333     -28.488507
       3.074432     -30.352615
       2.755816     -32.217617
       2.402339     -34.327402
       1.966726     -36.764785
       1.620073     -39.570019
       1.423977     -42.693022
       1.433215     -45.882144
       1.524636     -49.049909
       1.669614     -52.046207
       1.833075     -54.848729
       1.990848     -57.408841
       2.152336     -59.656735
       2.342086     -61.637414
       2.765199     -63.425445
       3.437926     -65.089694
       4.121912     -66.640736
       4.653317     -68.034823
       5.126903     -69.166223
       5.470400     -69.926828
       5.629943     -70.280658
       5.510769     -70.262177
       5.206383     -69.990276
       4.939700     -69.626519
       4.867390     -69.232439
       4.894242     -68.623708
       4.846601     -67.714085
       4.778513     -66.487133
       4.871298     -64.906235
       4.984017     -62.815898
       4.824559     -60.183188
       4.379387     -57.070690
       4.152261     -53.429365
       4.203813     -49.473111
       4.246197     -45.431286
       4.214388     -41.413206
       4.113105     -37.438944
       4.116975     -33.620066
       4.290386     -29.923606
       4.343603     -26.445026
       4.015459     -23.090389
       3.305386     -19.729688
       2.422088     -16.283675
       1.863761     -12.855459
       2.035049      -9.436895
       2.561203      -6.171638
       3.094445      -3.112685
       3.238001      -0.225323
       3.027206       2.427135
       2.373144       4.870553
       1.636249       7.220815
       1.364829       9.683987
       1.359815      12.415948
       1.341160      15.585820
       1.160592      19.062355
       0.861132      22.717559
       0.740225      26.354277
       0.962497      30.059287
       1.348076      33.833527
       1.754562      37.421112
       1.981820      40.540389
       1.899937      43.178958
       1.531838      45.712624
       1.088636      48.196753
       0.729250      50.731168
       0.549246      53.440731
       0.501548      56.454732
       0.409490      59.791177
      -0.043432      63.382227
      -1.321524      66.890625
      -3.719268      70.078149
      -7.162847      72.799257
     -11.208373      75.133776
     -15.512763      77.393739
     -19.625214      79.691733
     -23.633751      81.954829
     -27.329089      84.239553
     -30.354636      86.518741
     -32.892343      88.661086
     -34.981086      90.468851
     -36.468764      91.550957
     -37.497933      91.849266
     -38.181474      91.475324
     -38.570813      90.735822
     -38.729815      89.795046
