      16.527975       0.438159
      16.496148       0.858107
      16.285314       1.189972
      16.023145       1.475341
      16.180990       1.665236
      16.139143       1.641267
      15.922790       1.620783
      16.009611       1.688846
      16.425721       1.637176
      16.108365       1.440565
      15.459083       1.430119
      15.221558       1.508148
      15.348801       1.408885
      14.941990       1.095384
      13.739881       0.764781
      12.386890       0.483599
      11.495021       0.200826
      10.203737      -0.126938
       8.420019      -0.482823
       6.979649      -0.867985
       6.045638      -1.873446
       5.066068      -4.126248
       3.800305      -7.292539
       2.785839     -10.819378
       1.755842     -14.448411
       0.421844     -17.983251
      -0.918472     -21.220496
      -1.716998     -24.105021
      -2.352048     -26.846959
      -3.127134     -29.548149
      -3.814848     -31.783793
      -3.965591     -33.531947
      -4.136806     -34.844565
      -4.496033     -35.911291
      -4.599398     -36.814746
      -4.647718     -37.461724
      -4.922028     -37.587501
      -4.993736     -37.402492
      -4.772017     -37.241582
      -4.831841     -37.095361
      -5.138308     -36.592827
      -5.092147     -35.966795
      -4.892192     -35.563983
      -4.980628     -35.377628
      -5.059367     -35.277812
      -4.980080     -35.174651
      -5.030097     -35.125012
      -5.048778     -35.092494
      -4.926016     -35.076270
      -4.820517     -35.130860
      -4.812993     -35.231889
      -4.858960     -35.262184
      -4.894331     -35.208509
      -4.739004     -35.173269
      -4.684527     -35.234385
      -4.911779     -35.238878
      -5.186124     -34.774665
      -5.023428     -34.204711
      -4.915516     -34.055221
      -5.020676     -34.249981
      -4.955736     -34.510747
      -4.751198     -34.634482
      -4.827680     -34.750516
      -5.007615     -34.844655
      -4.816421     -34.760301
      -4.566693     -34.671427
      -4.674278     -34.765148
      -4.897426     -34.897232
      -4.721599     -34.933359
      -4.598294     -35.006013
      -4.826891     -35.192117
      -5.031691     -35.248626
      -4.783349     -35.231546
      -4.642977     -35.346947
      -4.874696     -35.565197
      -5.061947     -35.627731
      -4.811172     -35.527475
      -4.713227     -35.492439
      -5.007643     -35.605765
      -5.242794     -35.841049
      -4.960110     -36.446460
      -4.656730     -37.680865
      -4.458735     -39.511691
      -4.352430     -40.878511
      -3.896465     -41.622194
      -3.477789     -42.369049
      -3.468255     -43.370086
      -3.624775     -44.383995
      -3.494896     -45.233712
      -3.306125     -45.866310
      -3.409606     -46.287671
      -3.559266     -46.503741
      -3.432506     -46.655246
      -3.436499     -46.943952
      -3.738241     -47.040213
      -3.946386     -46.748068
      -3.852248     -46.350793
      -3.932644     -46.206292
      -4.043689     -46.205194
      -3.900291     -46.169097
      -3.640161     -46.119720
      -3.620451     -46.179223
      -3.791793     -46.278244
      -3.718441     -46.471602
      -3.313117     -47.182607
      -2.793084     -48.982328
      -2.225886     -51.599618
      -1.564406     -54.140929
      -0.791135     -55.601373
      -0.507690     -55.793696
      -0.618319     -56.041040
      -0.642607     -56.844159
      -0.637249     -57.970478
      -1.048000     -58.646882
      -1.506992     -58.745960
      -1.678993     -58.661890
      -1.950964     -58.294913
      -2.413314     -57.555800
      -2.681313     -56.290152
      -2.948254     -54.113754
      -3.259039     -51.440686
      -3.600701     -49.118111
      -4.008301     -47.105502
      -4.290193     -45.747760
      -4.402952     -45.051505
      -4.473234     -44.864874
      -4.605608     -44.850492
      -4.801033     -44.859930
      -5.048599     -44.662929
      -5.269311     -44.330951
      -5.416887     -43.974140
      -5.458503     -43.780208
      -5.400674     -43.802288
      -5.267328     -43.955741
      -5.092433     -44.095206
      -5.010067     -44.153340
      -4.993983     -44.094540
      -5.041183     -43.956232
      -5.064710     -43.753573
      -5.027082     -43.161953
      -4.744143     -40.709404
      -4.291574     -36.365039
      -3.879964     -32.556298
      -3.846617     -30.735147
      -3.889540     -29.801423
      -3.619805     -27.085691
      -3.013000     -21.000737
      -2.063764     -12.111661
      -0.864906      -2.330499
       0.262846       7.061506
       1.032660      15.561519
       1.417321      22.995033
       1.347703      29.569121
       1.019159      35.391260
       0.013416      40.443293
      -1.589939      45.326374
      -3.893326      49.832472
      -5.853420      53.661570
      -6.576266      56.216787
      -6.733489      57.575612
      -6.919772      58.583911
      -7.287492      59.530899
      -7.782147      60.796518
      -8.344734      62.429454
      -8.829560      64.219039
      -9.236040      65.927225
      -9.389578      67.307096
      -9.191339      68.356082
      -8.709500      69.518158
      -8.249427      70.970180
      -7.909833      72.718689
      -7.869330      74.678187
      -8.033358      76.817463
      -8.269938      79.098365
      -8.583957      81.075684
      -8.786210      82.588030
      -8.890988      83.840228
      -8.898815      84.976772
      -8.547027      86.217256
      -7.710201      87.788046
      -6.485659      89.617794
      -5.407667      91.426433
      -4.686421      93.080618
      -4.264536      94.511527
      -4.302433      95.511656
      -4.915225      95.847111
      -5.349247      96.104543
      -5.416983      96.343848
      -5.511708      96.430760
      -5.880804      96.735023
      -6.233848      97.337149
      -6.603233      97.951193
      -7.009089      98.595545
      -7.359757      98.809876
      -7.561935      98.503747
      -7.587777      97.983356
      -7.498012      97.639382
      -7.320625      97.447966
      -7.194946      97.148123
      -6.948209      96.399102
      -6.905754      95.448456
      -6.721417      94.796556
      -6.405586      93.923526
      -6.027287      92.457763
      -5.537512      90.792941
      -5.064888      88.949263
      -4.741550      87.061814
      -4.408961      85.575283
      -4.212467      84.135545
      -4.303625      82.646926
      -4.536919      81.037833
      -4.643910      79.413751
      -4.703168      77.711835
      -4.758192      76.059495
      -4.890824      74.642711
      -5.121474      73.299118
      -5.306263      71.842011
      -5.242013      70.451081
      -5.465344      69.067227
      -5.710776      67.834544
      -5.939030      66.452148
      -6.090431      64.741684
      -6.191880      63.001121
      -6.208850      61.610866
      -6.205038      60.637339
      -6.136731      59.886832
      -6.112201      59.202302
      -6.118159      58.385462
      -6.205214      57.622356
      -6.393356      57.027084
      -6.440808      56.660481
      -6.397907      56.442182
      -6.262888      56.382727
      -6.075835      56.354168
      -5.867491      56.411243
      -5.584725      56.591623
      -5.392516      56.648610
      -5.330833      56.502895
      -5.377977      56.299886
      -5.388113      56.247867
      -5.370631      56.361618
      -5.370445      56.549444
      -5.343620      56.800324
      -5.365095      57.080754
      -5.385309      57.422349
      -5.376231      57.742407
      -5.394031      58.045971
      -5.427327      58.339656
      -5.449137      58.699105
      -5.399824      58.859012
      -5.246195      58.619688
      -5.093723      58.126671
      -4.966922      57.729366
      -4.904710      57.423471
      -4.847616      57.253485
      -4.948630      57.110775
      -4.996763      57.093057
      -5.067190      57.114603
      -4.964773      57.134254
      -4.276978      57.210131
      -3.724349      57.143031
      -3.574773      56.948201
      -3.616619      56.864704
      -3.667786      56.874365
      -3.674285      56.864320
      -3.701406      56.783485
      -3.746793      56.626399
      -3.784295      56.447471
      -3.791094      56.366976
      -3.841653      56.385020
      -3.859608      56.438889
      -3.963454      56.470358
      -3.999087      56.546088
      -4.039010      56.621474
      -4.091996      56.682352
      -4.132685      56.705175
      -4.163224      56.681041
      -4.178735      56.638624
      -4.171004      56.606082
      -4.188996      56.558245
      -4.217176      56.527097
      -4.239721      56.523202
      -4.259737      56.539318
      -4.270485      56.599025
      -4.314712      56.639329
      -4.370838      56.673682
      -4.354825      56.688569
      -4.347060      56.650281
      -4.373128      56.579437
      -4.382171      56.552762
      -4.392980      56.600419
      -4.406678      56.602012
      -4.399077      56.596732
      -4.430715      56.599326
      -4.443820      56.600205
      -4.458826      56.622523
      -4.486126      56.642777
      -4.517778      56.637017
      -4.534231      56.619900
      -4.535535      56.606568
      -4.523111      56.595003
      -4.535082      56.574725
      -4.548790      56.566697
      -4.565262      56.577484
      -4.526037      56.590394
      -4.581509      56.593396
      -4.590642      56.598156
      -4.617949      56.603935
      -4.635181      56.611396
      -4.637060      56.582720
      -4.656650      56.573987
      -4.657429      56.559795
      -4.640186      56.540668
      -4.644308      56.527049
      -4.663242      56.521313
      -4.685212      56.520161
      -4.710998      56.546681
      -4.749095      56.564836
      -4.779672      56.582113
      -4.802109      56.581506
      -4.824968      56.595683
      -4.844888      56.597752
      -4.788427      56.575459
      -4.815197      56.538336
      -4.813018      56.511905
      -4.820874      56.522216
      -4.834295      56.551174
      -4.838241      56.532110
      -4.856540      56.537350
      -4.878136      56.488518
      -4.865133      56.440438
      -4.871336      56.439783
      -4.888376      56.454082
      -4.907944      56.449623
      -4.902494      56.440720
      -4.895571      56.437597
      -4.899117      56.444567
      -4.917088      56.455247
      -4.932647      56.462154
      -4.942139      56.476448
      -4.902183      56.465510
      -4.939374      56.433663
      -4.932540      56.419980
      -4.931245      56.431530
      -4.939533      56.441526
      -4.919062      56.423050
      -4.931607      56.439511
      -4.938641      56.452115
      -4.938733      56.438651
      -4.946233      56.440715
      -4.961853      56.441361
      -4.973243      56.440225
      -4.971047      56.442566
      -4.972054      56.440535
      -4.975558      56.433376
      -4.989317      56.424400
      -5.003497      56.419500
      -4.990409      56.418232
      -4.963489      56.408848
      -4.992664      56.387050
      -4.976113      56.395482
      -4.991853      56.414375
      -4.990363      56.423351
      -4.987907      56.426329
      -5.017761      56.419723
      -5.037936      56.381008
      -5.053357      56.365936
      -5.064820      56.383111
      -5.079290      56.367219
      -5.083601      56.361118
      -5.081656      56.364275
      -5.086874      56.357815
      -5.117115      56.350646
      -5.153970      56.305151
      -5.174515      56.310673
      -5.143090      56.318784
      -5.148790      56.288865
      -5.158323      56.266183
      -5.140011      56.273221
      -5.158492      56.289997
      -5.151731      56.275494
      -5.145162      56.272070
      -5.154158      56.260952
      -5.136815      56.256139
      -5.141004      56.265687
      -5.150695      56.258674
      -5.154975      56.245356
      -5.148946      56.234398
      -5.138217      56.213635
      -5.127910      56.167474
      -5.090872      56.111132
      -5.097991      56.114755
      -5.113001      56.118044
      -5.054410      56.072023
      -4.968168      55.845589
      -4.111980      54.507421
      -2.138020      50.965611
      -0.177997      46.352503
       1.957309      40.513239
       4.036353      33.192721
       5.965405      24.627515
       8.274262      15.728607
      10.427653       8.027917
      11.890585       1.415165
      12.613838      -4.618957
      12.675527     -10.254015
      12.454643     -15.788943
      12.290347     -21.601932
      12.061529     -27.379490
      11.491697     -32.463286
      10.969336     -36.301874
      10.495531     -39.058065
      10.202799     -41.024673
       9.775128     -42.548545
       9.094899     -43.390408
       8.619836     -43.591659
       8.550838     -43.603733
       8.747327     -43.708485
       8.905099     -43.713750
       9.109644     -43.629743
       9.216359     -43.391817
       9.347564     -43.037531
       9.531329     -42.647755
       9.765590     -42.209321
      10.010954     -41.843101
      10.195032     -41.569185
      10.279911     -41.363757
      10.280500     -41.310024
      10.212027     -41.456268
      10.108834     -41.685943
      10.027745     -41.994932
      10.033359     -42.367820
      10.044579     -42.574705
       9.995117     -42.641630
       9.931891     -42.663763
       9.882550     -42.666240
       9.849855     -42.700886
       9.826321     -42.744463
       9.801567     -42.744371
       9.803187     -42.645394
       9.835704     -42.484743
       9.835970     -42.351306
       9.799008     -42.294333
       9.778816     -42.284653
       9.755292     -42.313198
       9.750086     -42.321217
       9.719978     -42.236870
       9.697469     -42.118951
       9.717399     -42.000901
       9.712413     -41.918973
       9.684149     -41.888417
       9.666670     -41.884867
       9.643702     -41.890632
       9.630790     -41.921479
       9.620961     -41.918730
       9.623205     -41.894129
       9.620556     -41.845350
       9.607328     -41.832858
       9.572958     -41.835073
       9.546211     -41.852310
       9.527439     -41.836185
       9.554340     -41.864569
       9.532247     -41.892740
       9.531220     -41.861981
       9.500412     -41.762582
       9.624607     -41.532125
       9.788695     -41.233739
       9.816726     -40.955670
       9.797642     -40.786305
       9.759146     -40.766508
       9.670870     -40.853454
       9.486691     -40.859219
       9.316424     -40.758076
       9.410126     -40.738223
       9.482391     -40.781016
       9.437781     -40.857587
       9.350756     -40.936266
       9.280447     -40.971533
       9.236303     -40.943406
       9.267848     -40.885695
       9.255507     -40.817983
       9.337607     -40.698192
       9.409805     -40.584583
       9.467073     -40.514149
       9.505591     -40.501332
       9.460682     -40.536402
       9.457286     -40.625319
       9.418282     -40.684650
       9.385191     -40.747804
       9.356993     -40.766391
       9.346088     -40.753413
       9.343514     -40.726923
       9.356539     -40.702179
       9.359576     -40.689070
       9.361436     -40.678827
       9.356864     -40.644895
       9.362901     -40.627039
       9.388123     -40.626803
       9.357459     -40.675883
       9.370941     -40.693947
       9.341422     -40.702961
       9.342108     -40.732222
       9.348085     -40.762992
       9.330567     -40.798856
       9.328100     -40.802557
       9.320272     -40.767169
       9.311660     -40.746483
       9.310263     -40.729420
       9.303926     -40.709926
       9.299462     -40.696504
       9.299883     -40.702789
       9.290804     -40.727802
       9.271727     -40.749790
       9.241370     -40.763997
       9.245051     -40.763278
       9.201182     -40.773133
       9.138827     -40.731338
       9.034318     -40.641879
       8.972496     -40.577033
       8.968862     -40.553603
       8.942556     -40.551495
       8.912243     -40.535107
       8.861481     -40.507223
       8.781643     -40.483290
       8.689793     -40.470458
       8.614241     -40.472180
       8.591876     -40.497307
       8.592622     -40.542828
       8.573571     -40.598955
       8.537358     -40.638564
       8.503219     -40.653577
       8.519986     -40.660928
       8.619164     -40.801848
       8.693736     -41.130391
       8.706673     -41.449668
       8.640466     -41.698911
       8.597379     -41.871029
       8.580459     -42.015462
       8.520243     -42.100557
       8.517753     -42.126975
       8.512789     -42.135737
       8.493399     -42.159682
       8.484859     -42.192360
       8.482767     -42.246210
       8.463694     -42.332529
       8.447240     -42.433375
       8.417661     -42.506823
       8.378820     -42.576687
       8.342018     -42.616208
       8.336878     -42.660543
       8.333812     -42.744181
       8.285887     -42.828562
       8.247899     -42.893486
       8.200376     -42.940483
       8.212143     -42.946413
       8.217627     -42.903705
       8.188848     -42.832686
       8.196040     -42.739523
       8.184576     -42.660247
       8.168845     -42.623678
       8.158940     -42.599840
       8.151015     -42.560688
       8.146209     -42.503316
       8.136664     -42.463887
       8.138092     -42.433822
       8.141461     -42.419261
       8.133072     -42.390031
       8.119631     -42.341466
       8.140574     -42.285625
       8.132964     -42.258498
       8.158384     -42.210788
       8.146566     -42.162106
       8.158107     -42.158293
       8.177268     -42.184429
       8.165309     -42.213498
       8.139192     -42.235549
       8.146095     -42.216592
       8.134223     -42.212497
       8.126704     -42.213066
       8.113235     -42.204571
       8.115063     -42.191899
       8.116999     -42.175064
       8.120704     -42.197285
       8.112703     -42.236146
       8.096096     -42.285095
       8.077804     -42.328007
       8.065703     -42.359859
       8.067695     -42.367009
       8.037674     -42.400785
       8.031655     -42.407881
       8.019428     -42.381332
       8.029825     -42.381332
       8.047291     -42.386403
       8.038005     -42.378379
       8.019368     -42.373454
       8.025064     -42.333442
       8.016235     -42.311090
       8.010728     -42.319536
       7.996053     -42.337007
       7.992591     -42.340426
       7.990267     -42.339173
       7.992278     -42.357290
       7.985310     -42.382887
       7.973874     -42.393538
       7.962630     -42.393577
       7.956104     -42.379977
       7.973979     -42.363327
       7.935928     -42.385378
       7.948017     -42.385339
       7.933593     -42.352448
       7.940837     -42.370725
       7.948304     -42.377019
       7.933603     -42.394364
       7.918428     -42.398541
       7.920506     -42.366795
       7.903941     -42.346099
