      13.296012      10.656977
      13.261733      10.388322
      13.234432      10.106877
      13.220994       9.788867
      13.162945       9.450405
      13.101902       9.096852
      13.054325       8.698565
      12.976535       8.245914
      12.869813       7.756872
      12.743743       7.225518
      12.600799       6.679544
      12.511119       6.109757
      12.474863       5.541159
      12.389991       4.925178
      12.275949       4.340373
      12.177158       3.749075
      12.091980       3.181265
      11.993291       2.617977
      11.844252       2.056955
      11.608498       1.533707
      11.163479       1.108849
      10.457650       0.811147
       9.515750       0.636913
       8.280359       0.690370
       6.866390       1.051757
       5.400733       1.717529
       4.327887       2.452635
       3.972869       3.044058
       3.820441       3.392394
       3.495094       3.729556
       3.113167       4.154331
       2.710925       4.717743
       2.230678       5.295086
       1.707005       5.812424
       1.316949       6.269615
       1.003878       6.692501
       0.663810       7.031697
       0.127060       7.276617
      -0.599815       7.385192
      -1.874933       7.244990
      -3.817563       6.681857
      -5.335735       5.927354
      -6.402864       5.118058
      -7.305649       4.464439
      -8.098105       4.066138
      -8.642749       3.886429
      -9.045419       3.908063
      -9.383008       4.075506
      -9.639654       4.339885
      -9.991893       4.635027
     -10.609706       4.908721
     -11.128814       5.072326
     -11.504625       5.170397
     -11.627999       5.184309
     -11.622362       5.393490
     -11.914325       6.104433
     -12.608029       7.351673
     -13.244739       8.915167
     -13.882656      10.635606
     -14.763342      12.429074
     -15.741131      14.273961
     -16.808864      15.946579
     -17.741027      17.113248
     -18.675964      17.765876
     -19.718113      18.080090
     -20.078037      18.070671
     -20.232641      17.695289
     -20.767627      17.377392
     -21.952570      17.063364
     -23.423204      16.734551
     -25.339227      16.508718
     -27.446809      15.861512
     -29.309509      14.839387
     -30.758517      13.656579
     -31.322701      12.917845
     -31.304614      12.848169
     -31.213360      12.934807
     -31.310950      12.754307
     -31.543018      12.328889
     -31.930351      11.911838
     -32.288192      11.422223
     -32.537069      11.028327
     -32.535262      10.970720
     -31.987139      11.328948
     -30.947659      11.863451
     -30.064249      12.090117
     -29.451632      12.175806
     -29.002287      12.090911
     -28.707005      11.964726
     -28.496329      12.078578
     -28.293383      12.308597
     -27.684924      12.372888
     -26.235800      12.001484
     -23.642409      11.731889
     -21.214631      11.744999
     -19.964633      11.956782
     -19.066299      12.210602
     -17.611047      12.930320
     -13.571189      14.337583
      -8.021969      16.376531
      -4.177507      19.206941
      -2.580091      22.660426
      -0.991695      26.207439
       1.270549      31.493285
       4.094916      39.224194
       5.156347      47.324738
       5.070327      53.895382
       5.062746      59.081683
       4.637574      63.124480
       4.068450      66.450011
       3.316221      69.227252
       2.908281      71.442336
       3.027358      73.368928
       3.741252      75.142523
       4.685433      77.196369
       5.930083      79.330225
       7.607805      81.661766
       9.142902      83.559288
      10.785396      84.941267
      12.665373      85.826071
      15.043920      86.147820
      17.779735      86.053535
      20.582297      85.889863
      23.138942      85.887493
      25.411468      86.207464
      27.433340      86.661537
      29.004237      86.842141
      30.447689      86.876072
      30.735414      87.834343
      29.865193      87.791330
      29.132269      86.836371
      29.992409      86.023499
      31.743674      84.948164
      33.030292      83.817177
      33.971858      83.182413
      33.678416      82.082763
      32.873277      80.340515
      32.462523      78.689812
      32.500063      76.967331
      32.722114      74.822319
      33.174509      72.396003
      33.601532      69.742140
      33.822570      66.856665
      34.366938      63.835480
      34.874956      60.329219
      35.553130      56.309211
      36.435852      51.394477
      37.432069      45.638404
      38.205859      39.194693
      38.482456      32.402175
      38.209523      25.419407
      37.644122      18.825274
      37.134353      12.894818
      37.079549       7.766164
      37.178581       3.867041
      36.181007       1.180453
      34.573696      -0.734532
      33.931727      -2.107309
      34.891734      -2.709870
      36.006722      -2.192257
      36.586857      -0.731000
      36.668174       0.190636
      36.626095       1.088889
      37.211453       2.103611
      37.559377       3.212398
      37.355569       4.204450
      36.997018       4.569482
      36.903086       4.738703
      36.765989       4.944253
      36.885579       4.829505
      36.814088       4.611835
      36.309541       4.330102
      35.339741       4.345668
      34.142121       4.914815
      33.122573       6.266610
      32.306970       7.957700
      30.779868       9.602349
      28.170017      10.844333
      24.868616      11.477356
      21.142722      11.644903
      17.160524      11.521677
      12.985968      11.235976
       8.684181      10.937816
       4.559951      10.723711
       0.988241      10.534324
      -1.721980      10.378837
      -3.543613      10.254448
      -4.455930      10.247414
      -4.698029      10.326675
      -4.871689      10.579918
      -5.195460      10.878391
      -5.831458      11.125092
      -7.085681      11.353281
      -8.602580      11.556101
      -9.960730      11.617361
     -10.823419      11.447521
     -11.179820      11.054743
     -11.064189      10.570463
     -10.467775      10.206413
      -9.579059       9.805535
      -8.609247       8.936594
      -7.559057       7.234589
      -6.606929       4.963806
      -5.920501       2.771391
      -5.667593       1.108692
      -5.758631       0.047944
      -5.894144      -0.799377
      -5.893102      -1.682462
      -5.822860      -2.507229
      -5.505326      -3.398838
      -4.984169      -4.623105
      -4.398019      -6.244237
      -3.854196      -7.980672
      -3.333127      -9.612342
      -2.815755     -11.025903
      -2.318854     -12.158713
      -1.765112     -13.178933
      -1.340905     -14.115898
      -0.962633     -15.112768
      -0.563377     -16.193820
      -0.383841     -17.330524
      -0.310553     -18.418746
      -0.485252     -19.286051
      -0.779718     -19.735574
      -1.023372     -20.017842
      -1.410625     -20.384199
      -1.815779     -20.827380
      -2.206539     -21.307599
      -2.614653     -21.832090
      -3.013568     -22.285449
      -3.317746     -22.654087
      -3.402983     -22.997357
      -3.349664     -23.444500
      -3.202850     -23.992246
      -2.903560     -24.604078
      -2.565395     -25.071178
      -2.406802     -25.471073
      -2.357788     -25.860352
      -2.447708     -26.309677
      -2.552107     -26.848190
      -2.602195     -27.514758
      -2.676617     -28.251969
      -2.739296     -28.954397
      -2.785459     -29.619073
      -2.844559     -30.371373
      -2.902297     -31.260551
      -3.072289     -32.183798
      -3.339729     -32.891500
      -3.646661     -33.220651
      -3.850550     -33.451415
      -3.914863     -33.787662
      -3.968677     -34.218998
      -3.939746     -34.618473
      -3.927766     -34.839453
      -3.883494     -34.710086
      -3.939309     -34.282819
      -4.157360     -33.525687
      -4.528358     -32.111916
      -5.002984     -30.190607
      -5.301579     -28.101096
      -5.468537     -26.045232
      -5.754004     -23.775329
      -6.163617     -21.030962
      -6.563013     -17.825059
      -6.893466     -14.507346
      -7.112658     -11.227290
      -7.135826      -8.197793
      -7.254140      -5.577172
      -7.538061      -3.331236
      -7.863601      -1.414836
      -8.129912       0.108632
      -8.448938       1.304444
      -8.919702       2.190513
      -9.543545       2.855828
     -10.214194       3.312517
     -10.777276       3.622592
     -11.242085       3.736743
     -11.613164       3.793490
     -11.915173       3.993463
     -12.137015       4.386467
     -12.116145       4.963811
     -11.911033       5.617416
     -11.629987       6.280505
     -11.426023       6.819944
     -11.240844       7.177472
     -11.233014       7.442934
     -11.311955       7.688439
     -11.380402       8.018890
     -11.460717       8.386739
     -11.559065       8.761424
     -11.679746       9.108466
     -11.799182       9.367411
     -11.924215       9.547645
     -12.040288       9.682914
     -12.151305       9.812811
     -12.274405       9.896866
     -12.427236       9.913023
     -12.503313       9.811263
     -12.425441       9.653319
     -12.376723       9.434296
     -12.354559       9.220435
     -12.272307       9.001887
     -12.098687       8.719384
     -11.908178       8.394624
     -11.773042       8.002545
     -11.689965       7.619562
     -11.656821       7.306211
     -11.677992       7.104638
     -11.719444       7.065893
     -11.814208       7.200652
     -11.949293       7.566685
     -12.159349       8.142525
     -12.399134       8.876798
     -12.614117       9.722924
     -12.830348      10.576014
     -13.045992      11.438127
     -13.241276      12.178129
     -13.336284      12.716296
     -13.377499      13.093152
     -13.378709      13.443507
     -13.313368      13.854454
     -13.279505      14.226134
     -13.294704      14.507498
     -13.316456      14.662574
     -13.298800      14.801718
     -13.340483      15.127851
     -13.449745      15.581519
     -13.511384      16.003929
     -13.425914      16.220337
     -13.183693      16.187031
     -12.921210      15.675421
     -12.775264      14.877922
     -12.636129      13.919961
     -12.450663      12.986243
     -12.289432      12.138913
     -12.181779      11.337922
     -12.202600      10.576114
     -12.271650       9.910388
     -12.356650       9.355680
     -12.470177       8.945202
     -12.655340       8.777191
     -12.321955       9.012656
     -11.585164       9.497395
     -10.904453      10.041689
     -10.506833      10.510431
     -10.325613      10.961785
     -10.365111      11.279491
     -10.586215      11.437626
     -10.972043      11.377506
     -11.333800      11.204890
     -11.502103      10.996079
     -11.633614      10.702548
     -11.794113      10.290399
     -11.995892       9.785538
     -12.252050       9.269107
     -12.545358       8.771323
     -12.836089       8.338436
     -13.083219       7.982489
     -13.258686       7.647793
     -13.380137       7.308107
     -13.457436       6.942658
     -13.478501       6.610699
     -13.582150       6.301024
     -13.738672       6.036733
     -13.907988       5.768162
     -14.046514       5.512038
     -14.167635       5.303497
     -14.287707       5.160830
     -14.365523       5.060784
     -14.410946       4.947881
     -14.537270       4.823233
     -14.420884       4.771062
     -13.945072       4.939857
     -13.595960       5.186410
     -13.731848       5.448998
     -14.338407       5.678169
     -15.285645       5.807027
     -16.443868       5.785725
     -17.503695       5.693941
     -17.993685       5.675576
     -17.827621       5.879542
     -17.005476       6.417223
     -15.803610       7.177041
     -14.408424       7.911386
     -13.073247       8.590288
     -12.276886       9.242931
     -12.211198       9.845634
     -12.542851      10.314733
     -13.003614      10.486476
     -13.403743      10.290244
     -13.600700       9.807546
     -13.484093       9.115284
     -13.164503       8.321787
     -12.836116       7.467774
     -12.580645       6.702959
     -12.436884       6.047521
     -12.360514       5.500606
     -12.322398       5.023275
     -12.359528       4.647167
     -12.413498       4.400820
     -12.426096       4.285464
     -12.456616       4.201856
     -12.525140       4.043681
     -12.655624       3.842380
     -12.813497       3.628183
     -13.021223       3.419828
     -13.234961       3.167909
     -13.338774       2.838511
     -13.343583       2.438940
     -13.332297       1.948098
     -13.289246       1.410125
     -13.254897       0.810514
     -13.233918       0.204673
     -13.239499      -0.368677
     -13.261350      -0.926199
     -13.281067      -1.450293
     -13.292051      -1.918512
     -13.305514      -2.291689
     -13.304372      -2.555774
     -13.310613      -2.719630
     -13.351038      -2.856991
     -13.407916      -3.045555
     -13.483203      -3.242288
     -13.528887      -3.383268
     -13.563255      -3.397133
     -13.683375      -3.299885
     -13.812973      -3.063727
     -13.905446      -2.730889
     -13.938328      -2.307442
     -13.917504      -1.830440
     -13.926566      -1.340504
     -13.944452      -0.887706
     -13.960103      -0.434817
     -13.944585       0.040117
     -13.875960       0.541973
     -13.785405       1.057349
     -13.679334       1.599863
     -13.615463       2.177843
     -13.575212       2.775604
     -13.518993       3.315621
     -13.173588       3.785750
     -12.134147       4.449999
     -10.735405       5.298980
      -9.585203       5.942947
      -8.740860       6.209931
      -8.261437       6.224874
      -8.181562       6.179362
      -8.252581       6.237567
      -8.381603       6.243042
      -8.670844       6.161245
      -8.983773       6.018408
      -9.243743       5.927864
      -9.439192       5.913755
      -9.550008       5.890259
      -9.667620       5.824056
      -9.849418       5.699788
     -10.063640       5.600827
     -10.388990       5.528579
     -10.770068       5.493270
     -11.130817       5.505145
     -11.395965       5.584713
     -11.623178       5.698325
     -11.937151       5.794791
     -12.506027       5.917114
     -13.089008       6.132458
     -13.460276       6.397439
     -13.677151       6.604633
     -13.858647       6.654097
     -13.943108       6.582395
     -13.978818       6.491613
     -13.980539       6.466243
     -13.954634       6.484098
     -13.923568       6.486053
     -13.852339       6.490280
     -13.826452       6.430041
     -13.883266       6.361146
     -13.871859       6.375406
     -13.813569       6.448873
     -13.789861       6.528119
     -13.753887       6.593428
     -13.770908       6.643798
     -13.847398       6.675140
     -13.883493       6.671746
     -13.954676       6.614665
     -14.013557       6.564479
     -14.004076       6.565468
     -14.026101       6.577737
     -14.006797       6.588929
     -13.983746       6.571287
     -14.008418       6.563247
     -13.954245       6.600850
     -13.934176       6.557294
     -14.007037       6.494034
     -13.981558       6.519642
     -13.946348       6.583925
     -13.972613       6.616101
     -13.946351       6.601463
     -13.985874       6.581391
     -14.049206       6.624309
     -14.031459       6.684723
     -14.064809       6.676601
     -14.117021       6.677027
     -14.120723       6.723865
     -14.150690       6.751204
     -14.175451       6.769765
     -14.194492       6.771741
     -14.236276       6.751871
     -14.077941       6.767871
     -13.179988       6.697152
     -12.294600       6.400200
     -11.859551       6.042242
     -11.521382       5.857373
     -11.214965       5.926879
     -10.809728       5.961522
     -10.043921       5.625851
      -9.504294       5.112619
      -9.247696       4.701271
      -9.145776       4.502332
      -9.117955       4.534052
      -9.164418       4.582728
      -9.259311       4.422782
      -9.333039       3.896960
      -9.522023       3.310397
      -9.578010       2.987434
      -9.500198       2.990241
      -9.425065       3.128786
      -9.345264       3.243142
      -9.324999       3.308939
      -9.345742       3.373807
      -9.314982       3.491103
      -9.209343       3.637136
      -9.093646       3.730253
      -8.958426       3.814233
      -8.893283       3.919996
      -8.881493       4.015884
      -8.904459       4.090801
      -8.969993       4.135793
      -9.016014       4.150179
      -9.003512       4.216646
      -8.992800       4.296501
      -8.902863       4.410709
      -8.812002       4.472937
      -8.793097       4.454044
      -8.806944       4.401473
      -8.837994       4.374579
      -8.929727       4.406275
      -9.012178       4.479984
      -9.085833       4.542238
      -9.147447       4.620828
      -9.147314       4.704854
      -9.160299       4.725670
      -9.182971       4.725455
      -9.221522       4.739730
      -9.274718       4.784381
      -9.309537       4.846486
      -9.334332       4.894206
      -9.338426       4.955533
      -9.295825       5.034211
      -9.316405       5.063912
      -9.358949       5.053198
      -9.393709       5.042664
      -9.388223       5.075660
      -9.359590       5.133166
      -9.356966       5.145047
      -9.350528       5.171076
      -9.361910       5.229801
      -9.418711       5.302693
      -9.449688       5.402417
      -9.513577       5.506364
      -9.608420       5.632436
      -9.665459       5.848251
      -9.719492       6.704275
      -9.859132       9.080385
     -10.074491      13.254641
     -10.321546      18.567141
     -10.607087      23.810763
     -10.782705      28.200247
     -10.906082      31.095526
     -11.112141      32.409822
     -11.214021      32.505318
     -11.196093      32.129006
     -11.112624      31.921883
     -11.140162      32.083823
     -11.199683      32.329154
     -11.379062      32.219072
     -11.586450      31.511970
     -11.748608      30.453139
     -11.879961      29.326719
     -12.028655      28.418157
     -12.111497      27.819384
     -12.108487      27.446733
     -12.076397      27.158151
     -12.057109      26.889261
     -12.065961      26.577348
     -12.019071      26.266707
     -11.957523      25.898445
     -11.863984      25.295929
     -11.732682      24.453454
     -11.600469      23.503981
     -11.498868      22.452684
     -11.435237      21.423716
     -11.417270      20.428961
     -11.351755      19.450663
     -11.266049      18.446971
     -11.113704      17.397077
     -10.890611      16.421821
     -10.656439      15.666857
     -10.463393      15.175532
     -10.348339      14.977794
     -10.328140      15.027021
     -10.305510      15.217093
     -10.276958      15.465283
     -10.267818      15.651928
     -10.227179      15.786046
     -10.202197      15.885287
     -10.168228      16.017087
     -10.152833      16.134285
     -10.172804      16.179574
     -10.226612      16.124029
     -10.313903      16.000486
     -10.387721      15.823370
     -10.413929      15.629575
     -10.395632      15.433574
     -10.347988      15.230239
     -10.320440      15.043710
     -10.356987      14.883899
     -10.317587      14.789335
     -10.300430      14.727063
     -10.297936      14.647279
     -10.296230      14.573880
     -10.337175      14.539067
     -10.356425      14.572033
     -10.385375      14.572985
     -10.439792      14.504476
     -10.506684      14.373508
     -10.603012      14.040450
     -10.756439      13.517579
     -10.946351      12.882435
     -11.196637      12.195759
     -11.439569      11.550198
     -11.689905      11.009374
     -11.954509      10.556563
     -12.152988      10.248265
     -12.279907      10.081262
     -12.386839      10.041978
     -12.448164      10.012176
     -12.499266       9.924287
     -12.532389       9.809417
     -12.551504       9.711310
     -12.547890       9.628498
     -12.514049       9.599691
     -12.462515       9.623893
     -12.426824       9.684312
     -12.368797       9.743782
     -12.340640       9.804800
     -12.292415       9.883116
     -12.276490       9.892049
     -12.295851       9.857912
     -12.316844       9.830590
     -12.265468       9.843957
     -12.202117       9.888889
     -12.101008       9.884760
     -11.906094       9.862995
     -11.535234       9.835555
     -10.627629       9.850381
      -9.225591       9.883527
      -7.814957       9.937318
      -6.723019       9.988485
      -5.931758      10.032813
      -5.427851      10.119221
      -5.183364      10.271459
      -4.997498      10.510330
      -4.733756      10.835265
      -4.452117      11.106364
      -4.207475      11.280365
      -4.087183      11.332706
      -4.111955      11.369473
      -4.286525      11.462972
      -4.531563      11.550984
      -4.792665      11.665074
      -5.081888      11.788149
      -5.279895      11.912327
      -5.353981      12.014327
      -5.405301      12.064577
      -5.425391      12.064759
      -5.475472      12.054716
      -5.551748      12.059789
      -5.631574      12.131979
      -5.724791      12.298051
      -5.796472      12.520675
      -5.880596      12.815495
      -5.945298      13.148863
      -5.978975      13.503470
      -6.009034      13.829035
      -6.057765      14.086128
      -6.130165      14.324340
      -6.242529      14.651966
      -6.338181      15.118543
      -6.436676      15.688470
      -6.539909      16.284599
      -6.631052      16.849623
      -6.724239      17.387652
      -6.808602      18.042367
      -6.882857      18.864315
      -6.938490      19.806321
      -6.969222      20.839433
      -7.025497      21.780559
      -7.152024      22.639507
      -7.323394      23.321190
      -7.497902      23.860883
      -7.663680      24.261252
      -7.808742      24.544028
      -7.927722      24.682171
