      17.591872       8.070426
      17.296221       7.823685
      16.746746       7.494677
      16.307281       7.109176
      15.909824       6.670740
      15.631233       6.094136
      15.299232       5.337142
      14.844964       4.422226
      14.264945       3.392463
      13.626598       2.472970
      12.723690       1.735310
      11.405481       1.171307
       9.652938       0.721764
       7.976419       0.362397
       7.155426       0.133197
       6.830636       0.248557
       6.589618       0.580906
       6.414781       0.994628
       6.333004       1.299008
       6.241317       1.431154
       6.312658       1.360664
       6.815193       1.147955
       8.033830       0.555133
       9.886417      -0.965339
      12.234615      -3.461696
      14.915839      -6.611043
      17.915885     -10.556365
      20.928987     -14.874022
      23.818617     -18.801060
      26.315455     -22.220246
      28.510111     -25.238998
      30.361571     -28.488283
      31.683386     -32.257467
      32.244144     -36.128825
      32.047223     -39.548311
      31.115743     -42.590728
      30.090389     -45.788199
      29.197270     -49.290375
      28.309715     -52.638739
      27.290993     -55.322857
      25.950195     -57.297154
      24.450712     -59.042725
      22.826754     -61.086089
      20.972331     -63.442042
      18.332338     -66.009678
      14.724026     -68.601434
      10.696336     -70.859620
       7.429996     -72.957213
       5.352641     -75.084599
       3.973170     -77.193411
       3.319972     -79.150918
       3.162198     -80.642588
       3.165915     -81.538155
       3.143059     -82.151441
       3.117249     -82.773626
       2.815808     -83.386174
       2.209794     -84.109842
       1.314797     -84.559573
      -0.148798     -84.036151
      -1.831394     -82.657281
      -3.241176     -81.333640
      -3.754251     -80.488635
      -3.899709     -79.763831
      -4.862298     -78.684420
      -6.505313     -77.330457
      -8.704040     -75.945569
     -10.933932     -74.864469
     -12.831485     -73.730674
     -14.234481     -72.685516
     -15.134464     -72.213894
     -15.488926     -72.544492
     -15.645178     -73.296699
     -15.878925     -73.808110
     -16.309081     -73.804040
     -17.141396     -73.225228
     -18.163689     -72.318601
     -19.292843     -71.351864
     -19.797554     -71.202598
     -19.495667     -72.151097
     -18.876541     -73.492495
     -18.347582     -74.271785
     -17.833296     -74.360688
     -17.347756     -74.329511
     -16.902548     -74.561385
     -16.184229     -75.056025
     -15.162090     -75.554501
     -13.956061     -76.105865
     -12.618948     -76.859816
     -11.482045     -77.723740
     -10.435595     -78.489620
      -9.684109     -79.227047
      -9.417146     -79.880025
      -9.546597     -80.421948
      -9.880846     -80.793952
     -10.459106     -80.977475
     -11.314574     -80.865894
     -12.370868     -80.554574
     -13.368695     -80.208685
     -13.818147     -80.036368
     -13.136670     -80.241679
     -11.377365     -80.947769
      -9.346866     -82.142126
      -7.542435     -83.384552
      -5.942603     -84.301636
      -4.473700     -84.735679
      -3.358439     -84.733862
      -2.643045     -84.517686
      -2.321362     -84.088617
      -2.349015     -83.521307
      -2.389671     -82.947576
      -2.232479     -82.450391
      -1.737877     -82.238198
      -1.056314     -82.086318
      -0.249210     -82.023828
       0.596405     -81.965077
       1.548489     -81.897166
       2.643873     -81.810002
       3.829314     -81.639016
       5.164622     -81.379257
       6.715095     -81.060850
       8.216217     -80.779143
       9.546155     -80.641801
      10.636209     -80.685742
      11.308371     -80.841148
      11.494000     -80.970850
      11.225192     -80.959455
      10.840784     -80.776637
      10.828751     -80.786234
      10.683214     -81.003154
      10.475769     -81.264257
      10.201898     -81.494665
       9.965013     -81.596507
       9.764329     -81.548957
       9.511919     -81.375206
       9.217396     -81.116789
       8.839316     -80.799853
       8.550456     -80.487051
       8.321384     -80.222445
       8.140949     -80.036349
       7.955050     -79.893775
       7.838378     -79.738574
       7.712790     -79.589512
       7.669932     -79.455589
       7.708682     -79.329462
       7.755066     -79.278570
       7.857782     -79.295648
       7.898267     -79.333275
       7.886548     -79.368615
       7.832147     -79.471394
       7.741386     -79.729836
       7.608647     -80.154836
       7.380012     -80.578562
       7.082077     -80.962636
       6.764458     -81.331707
       6.532143     -81.707636
       6.411427     -82.125194
       6.344016     -82.546978
       6.354911     -82.958990
       6.322938     -83.296805
       6.344480     -83.591335
       6.382693     -83.848602
       6.397927     -84.098340
       6.400383     -84.329564
       6.411712     -84.588210
       6.410697     -84.863069
       6.426914     -85.211454
       6.429017     -85.618598
       6.429196     -86.074294
       6.434936     -86.471579
       6.454951     -86.844705
       6.494375     -87.157809
       6.569579     -87.453514
       6.739659     -87.722428
       6.832168     -88.003883
       6.911722     -88.256642
       6.898492     -88.494695
       6.847232     -88.701254
       6.817064     -88.948525
       6.755859     -89.197671
       6.671963     -89.384560
       6.559661     -89.462107
       6.422451     -89.459727
       6.262238     -89.373641
       6.057212     -89.244794
       5.822848     -88.949263
       5.551821     -88.393698
       5.202814     -87.377307
       4.751764     -85.641184
       4.374959     -83.455406
       4.105133     -81.288067
       3.818693     -79.294744
       3.486534     -77.344795
       3.091799     -75.388211
       2.797351     -73.404632
       2.445520     -71.218189
       1.974938     -68.617841
       1.467454     -65.688930
       0.992666     -62.457707
       0.475108     -59.091101
       0.021501     -55.486480
      -0.370383     -51.576348
      -0.693870     -47.725165
      -1.004931     -44.253360
      -1.236808     -41.217842
      -1.485946     -38.607666
      -1.770889     -36.329520
      -1.996650     -34.165723
      -2.135044     -32.071088
      -2.237662     -30.106765
      -2.362597     -28.269195
      -2.416677     -26.389104
      -2.402633     -24.557030
      -2.395515     -22.856875
      -2.419194     -21.419580
      -2.446372     -20.183209
      -2.435999     -18.990806
      -2.316317     -17.743747
      -2.078898     -16.371008
      -1.687644     -14.845091
      -1.164158     -13.210183
      -0.686198     -11.661748
      -0.299043     -10.385172
       0.058859      -9.490392
       0.377532      -8.843004
       0.705646      -8.273753
       1.093768      -7.717172
       1.597122      -7.172138
       2.249228      -6.650459
       3.090077      -6.186699
       4.172668      -5.721155
       5.254191      -5.287240
       6.488425      -4.774932
       7.886052      -4.217150
       9.328914      -3.756474
      10.401586      -3.629694
      11.074373      -3.834195
      11.351957      -4.383412
      11.560520      -5.097342
      11.996362      -5.917567
      12.459234      -6.786997
      12.872858      -7.691219
      13.204748      -8.593663
      13.418236      -9.249724
      13.497170      -9.410903
      13.679628      -8.714849
      13.998444      -7.332257
      14.193302      -5.528002
      13.987113      -3.497461
      13.092502      -1.517444
      11.734592       0.096055
      10.748808       1.450912
      10.835122       2.926315
      12.074661       4.593110
      13.896817       6.126989
      15.417159       6.992408
      16.622029       7.152189
      17.813515       6.881727
      18.583760       6.569517
      19.016486       6.829128
      19.217644       7.681029
      18.852563       8.555249
      17.955878       9.234373
      17.066520       9.655263
      16.296306       9.976689
      15.516126      10.048792
      15.465020       9.891736
      15.428484       9.658333
      15.441772       9.444182
      15.248938       9.221560
      14.813183       9.049003
      14.126198       8.916820
      13.259523       8.662560
      12.235884       8.284438
      11.105766       7.774217
      10.125063       7.266371
       9.033859       6.593615
       7.915940       5.615686
       6.769985       4.370667
       5.691440       2.855931
       4.454274       0.914842
       3.125098      -2.263460
       1.837832      -6.877886
       1.094231     -11.472768
       0.521326     -14.996569
      -0.120662     -17.044824
      -0.705840     -17.933572
      -1.093177     -18.279654
      -1.177482     -18.656928
      -1.163540     -19.315203
      -1.346355     -20.130345
      -1.583883     -20.704845
      -1.858114     -20.824328
      -2.147695     -20.326251
      -2.368230     -19.260087
      -2.385377     -18.114758
      -2.280386     -17.353249
      -2.257197     -16.960117
      -2.395272     -16.828732
      -2.550317     -16.867325
      -2.736674     -16.805730
      -2.918675     -16.673201
      -3.114950     -16.483218
      -3.286152     -16.217611
      -3.333158     -15.848936
      -3.176915     -15.396464
      -2.990195     -15.038526
      -2.946762     -14.694497
      -2.906019     -14.327937
      -2.890263     -14.023174
      -2.955395     -13.851795
      -2.999514     -13.848124
      -3.024127     -13.995775
      -2.996522     -14.228767
      -2.992412     -14.446813
      -3.058319     -14.557110
      -3.236789     -14.530838
      -3.515548     -14.414052
      -3.767704     -14.234606
      -3.997304     -14.031647
      -4.289244     -13.860117
      -4.666260     -13.726550
      -5.158668     -13.663047
      -5.717786     -13.641497
      -6.278572     -13.665852
      -6.737141     -13.692907
      -6.932557     -13.700394
      -6.956304     -13.708558
      -6.844517     -13.770579
      -6.626796     -13.919026
      -6.222614     -14.299164
      -5.779231     -15.012473
      -5.394422     -16.028608
      -5.016952     -17.434572
      -4.632811     -19.502446
      -4.256133     -22.186774
      -3.843576     -25.585534
      -3.361250     -29.587488
      -2.850046     -34.018874
      -2.557800     -38.383647
      -2.524623     -42.534431
      -2.670427     -46.035771
      -2.751109     -48.680576
      -2.960599     -50.409137
      -3.316425     -51.233670
      -3.625012     -51.485619
      -3.872998     -51.578961
      -4.139481     -51.931921
      -4.482020     -52.590431
      -4.888213     -53.370051
      -5.278752     -54.111136
      -5.489703     -54.743788
      -5.566318     -55.235731
      -5.596860     -55.444758
      -5.502740     -55.516428
      -5.211499     -55.615793
      -4.839300     -55.644027
      -4.408858     -55.555435
      -3.975282     -55.531349
      -3.591033     -55.616187
      -3.236506     -55.743315
      -2.952724     -55.883911
      -2.814369     -56.100923
      -2.815313     -56.317847
      -2.773032     -56.580408
      -2.760190     -56.978791
      -2.763633     -57.669731
      -2.760718     -58.340093
      -2.677716     -58.683708
      -2.493728     -58.548202
      -2.224044     -57.536168
      -1.801335     -55.406912
      -1.086184     -52.544105
      -0.247406     -49.839763
       0.459342     -47.404087
       0.847105     -45.138388
       0.983663     -42.815424
       0.925625     -40.427264
       0.638549     -37.955853
       0.278836     -35.471906
      -0.162576     -32.983070
      -0.614104     -30.660247
      -1.104619     -28.431483
      -1.640017     -26.211621
      -2.251159     -23.975958
      -2.830370     -21.699952
      -3.225338     -19.696358
      -3.382615     -18.246782
      -3.322539     -17.544058
      -3.076548     -17.500567
      -2.714141     -18.153705
      -2.373192     -19.503150
      -2.035397     -21.461625
      -1.820333     -23.696167
      -1.695773     -26.032077
      -1.734051     -28.762635
      -1.877425     -32.201570
      -2.020609     -36.326047
      -2.154728     -40.652378
      -2.316710     -44.646969
      -2.529884     -47.983214
      -2.789338     -50.867596
      -3.165839     -53.663081
      -3.627010     -56.862081
      -4.209191     -60.574120
      -4.665309     -64.400842
      -4.799898     -68.168047
      -5.171950     -71.457544
      -5.147873     -74.547077
      -4.370849     -77.656271
      -3.923873     -80.725366
      -4.127713     -83.517324
      -4.540938     -85.946069
      -4.657853     -88.239001
      -4.307317     -90.942382
      -3.994526     -93.967851
      -4.094245     -96.499905
      -4.389910     -98.286085
      -4.796969     -99.589399
      -5.158517    -101.008213
      -5.388623    -102.776063
      -5.589774    -104.410208
      -5.757123    -105.659561
      -5.924303    -106.507597
      -6.327707    -107.237899
      -6.871376    -108.059436
      -7.576077    -109.013365
      -8.168743    -110.293229
      -8.562885    -111.768997
      -8.819508    -113.419851
      -8.911894    -115.172100
      -8.869497    -116.862101
      -8.609878    -118.497636
      -8.031142    -120.260317
      -7.397712    -122.058504
      -6.823732    -123.635609
      -6.339150    -124.945091
      -5.992577    -126.092903
      -5.768786    -127.272266
      -5.778064    -128.587091
      -5.913788    -129.963212
      -6.159531    -131.510952
      -6.507449    -133.169314
      -6.824160    -134.905030
      -7.094128    -136.657949
      -7.187941    -138.327298
      -7.191982    -139.856785
      -7.167884    -141.251799
      -7.082794    -142.431328
      -6.932022    -143.374289
      -6.678942    -143.985002
      -6.360999    -144.367910
      -5.987604    -144.435675
      -5.609691    -144.282582
      -5.237660    -144.010288
      -5.028747    -143.763968
      -4.982316    -143.477647
      -5.148503    -143.185905
      -5.398945    -142.931562
      -5.655268    -142.774418
      -5.906352    -142.645027
      -6.070821    -142.463568
      -6.251628    -142.272386
      -6.507226    -142.012196
      -6.835435    -141.653941
      -7.159072    -140.962486
      -7.423146    -140.109787
      -7.632291    -139.316868
      -7.756913    -138.365504
      -7.686980    -136.906755
      -7.430668    -134.898599
      -7.051182    -132.275010
      -6.526216    -129.134973
      -6.072698    -125.941257
      -5.756275    -122.473041
      -5.599596    -118.854112
      -5.488680    -115.275943
      -5.589484    -111.863010
      -5.807166    -108.649603
      -6.090316    -105.838533
      -6.392644    -103.353330
      -6.661082    -101.320743
      -6.742875     -99.593916
      -6.664800     -98.192091
      -6.446679     -97.028698
      -5.988434     -96.052233
      -5.492315     -95.361642
      -4.972057     -94.815052
      -4.618652     -94.329952
      -4.308632     -93.732509
      -4.084091     -93.087282
      -3.805444     -92.509918
      -3.489829     -92.144077
      -3.092917     -92.011150
      -2.580652     -92.136986
      -1.959468     -92.483243
