      -0.863519      -1.063572
      -0.875801      -0.966784
      -0.829067      -1.001007
      -0.826877      -0.959126
      -0.824097      -0.962431
      -0.854558      -0.954953
      -0.877864      -0.957683
      -0.876379      -0.944857
      -0.812489      -0.942301
      -0.671913      -0.915147
      -0.584440      -0.930055
      -0.487308      -1.125234
      -0.386787      -1.433859
      -0.226302      -1.818514
      -0.030115      -2.249396
       0.529136      -2.821883
       0.984467      -3.704974
       1.548903      -4.755779
       2.120130      -5.734367
       2.592535      -6.492267
       3.082842      -7.020219
       3.524948      -7.462676
       3.873862      -7.802222
       4.021653      -8.145526
       4.193087      -8.508396
       4.575088      -8.926141
       5.056647      -9.332214
       5.568514      -9.706396
       6.051252     -10.188959
       6.447487     -10.680990
       6.910489     -11.182042
       7.338947     -11.623046
       7.728046     -11.991681
       7.914390     -12.402740
       7.831463     -12.899461
       7.719085     -13.336692
       7.753526     -13.722004
       7.781876     -13.968969
       7.885063     -14.144625
       7.977269     -14.264877
       7.956284     -14.336011
       7.884052     -14.380246
       7.804065     -14.327141
       7.709235     -14.195819
       7.568307     -14.011707
       7.425222     -13.844566
       7.317535     -13.682814
       7.258155     -13.513354
       7.242375     -13.319100
       7.172541     -13.106260
       7.103893     -12.936115
       6.973927     -12.779498
       6.916621     -12.638150
       6.821552     -12.648047
       6.708642     -12.663179
       6.697676     -12.665519
       6.653530     -12.648182
       6.610558     -12.622650
       6.502366     -12.589599
       6.335127     -12.606503
       6.194257     -12.677208
       6.133482     -12.782916
       6.142370     -12.824316
       6.083310     -12.818374
       5.919800     -12.830777
       5.520331     -12.884967
       5.169961     -12.922610
       5.122795     -13.002935
       5.056485     -12.975538
       5.173231     -12.886049
       5.244429     -12.728258
       5.271016     -12.683261
       5.280970     -12.765948
       5.276792     -12.828143
       5.228738     -12.847800
       5.158977     -12.839637
       5.080656     -12.800063
       5.071901     -12.758170
       5.201096     -12.773443
       5.421714     -12.796665
       5.832266     -12.802860
       6.285306     -12.808793
       6.579969     -12.747217
       7.006506     -12.764577
       7.732331     -12.901194
       8.414905     -13.191026
       8.962575     -13.426606
       9.381948     -13.764022
       9.844194     -14.068325
      10.381630     -14.295802
      11.206220     -14.561899
      12.126252     -15.357352
      12.841285     -15.635610
      13.526146     -15.545044
      13.929132     -15.401166
      13.579322     -15.841147
      12.952080     -16.851040
      13.472177     -17.719373
      13.478670     -18.155025
      13.548618     -17.946100
      13.605946     -17.767067
      14.399897     -18.032604
      15.566413     -19.169826
      16.163716     -19.883234
      16.462358     -19.968758
      16.251882     -20.258232
      17.029746     -20.470350
      17.385462     -20.071380
      18.190506     -19.395197
      18.325810     -19.068925
      18.159910     -18.748104
      17.911063     -18.558481
      17.675623     -18.290415
      17.571887     -18.241784
      17.734236     -18.250092
      17.639925     -18.317088
      17.325483     -18.622560
      16.848130     -18.959835
      16.678499     -19.276259
      17.028217     -19.626858
      17.346197     -19.936649
      17.263802     -19.856390
      17.212929     -19.516780
      16.876619     -19.117755
      16.706406     -18.640351
      16.489401     -18.231154
      16.323425     -18.003257
      16.245938     -17.958243
      16.118389     -18.026289
      15.967273     -18.137144
      15.959585     -17.913118
      15.929007     -17.546092
      15.837595     -17.272549
      15.758592     -17.134237
      15.766284     -16.982075
      15.696009     -16.859839
      15.619580     -16.825707
      15.487779     -16.838269
      15.345183     -16.790106
      15.218783     -16.678377
      15.181798     -16.450301
      15.296643     -16.179605
      15.934692     -15.773709
      16.674101     -15.170528
      17.219276     -14.314173
      17.705430     -13.532075
      18.098176     -12.819142
      18.326750     -12.259557
      18.412597     -11.834652
      18.510259     -11.595474
      18.553157     -11.432086
      18.526873     -11.560541
      18.455113     -11.800427
      18.346759     -12.338090
      18.265767     -12.940367
      18.296907     -13.314950
      18.341756     -13.558364
      18.421462     -13.686881
      18.515747     -13.836622
      18.606325     -13.965018
      18.677138     -14.121809
      18.702227     -14.235288
      18.679164     -14.370999
      18.621122     -14.493648
      18.597053     -14.502195
      18.641115     -14.394709
      18.824729     -14.157338
      18.973746     -13.850589
      19.081501     -13.619100
      19.020004     -13.481946
      19.071351     -13.392031
      19.669767     -13.215040
      20.312553     -12.822488
      20.961820     -12.395081
      21.391878     -12.040961
      21.943507     -11.653056
      22.366872     -11.333550
      22.324082     -11.128065
      22.213310     -11.045157
      22.120832     -11.009993
      22.157445     -11.018037
      22.158688     -11.123381
      22.262653     -11.212394
      22.336666     -11.293429
      22.440687     -11.318103
      22.496110     -11.355772
      22.603674     -11.398726
      22.668192     -11.419204
      22.747485     -11.422805
      22.845097     -11.437418
      23.044184     -11.455304
      23.148508     -11.444431
      23.278426     -11.435633
      23.511978     -11.398965
      24.332475     -11.358206
      25.956123     -11.414018
      27.455369     -11.443277
      28.796758     -11.445153
      29.705145     -11.445310
      30.676243     -11.463618
      31.575422     -11.496004
      32.024318     -11.538920
      32.108740     -11.617781
      32.157490     -11.720945
      32.266872     -11.782547
      32.257525     -11.827278
      32.256019     -11.866493
      32.090691     -11.934240
      32.075953     -12.018738
      32.088134     -12.011382
      32.047643     -12.016079
      31.899169     -12.053227
      31.729572     -12.047477
      31.656048     -12.004260
      31.579973     -11.964970
      31.481001     -11.964957
      31.377816     -12.027335
      31.357893     -12.029255
      31.319758     -12.057264
      31.343987     -12.057966
      31.286830     -12.018793
      31.242674     -11.952642
      31.154507     -11.881656
      31.156836     -11.819590
      31.167216     -11.780112
      31.163332     -11.800827
      31.136476     -11.821716
      31.112334     -11.848806
      31.038512     -11.842720
      30.998626     -11.842772
      30.942226     -11.882182
      30.909922     -11.878789
      30.932830     -11.893068
      30.973741     -11.896199
      31.009851     -11.921826
      31.015373     -11.920011
      31.060798     -11.899371
      31.183290     -11.833518
      31.269995     -11.713453
      31.385668     -11.586998
      31.629786     -11.143425
      32.123945     -10.576355
      32.507783     -10.255735
      32.901950     -10.274249
      33.458244     -10.094295
      34.421803      -9.767446
      35.586959      -9.325142
      36.862093      -8.895140
      38.040234      -8.503071
      39.097047      -8.142888
      39.907138      -7.981044
      40.398479      -7.982907
      40.648089      -8.086943
      40.699287      -8.271345
      40.733577      -8.395596
      40.914871      -8.591838
      41.148829      -8.687624
      41.308547      -8.804698
      41.367749      -8.922897
      41.327917      -9.015165
      41.157280      -9.026868
      40.983991      -9.066830
      40.806117      -9.131381
      40.699204      -9.177903
      40.428170      -9.201479
      40.198637      -9.202346
      39.909613      -9.178265
      39.639528      -9.122627
      39.422540      -9.099023
      39.326690      -9.048425
      39.218922      -8.960662
      39.081534      -8.906952
      38.943706      -8.901004
      38.790515      -8.966681
      38.626853      -9.164970
      38.530548      -9.319409
      38.461574      -9.464614
      38.369977      -9.575701
      38.283501      -9.712723
      38.186583      -9.773336
      38.138458      -9.843839
      38.075200      -9.913323
      38.008527     -10.061512
      37.929440     -10.146557
      37.887041     -10.201252
      37.872737     -10.270184
      37.822341     -10.336595
      37.715277     -10.439622
      37.632890     -10.515640
      37.585772     -10.602304
      37.490837     -10.716789
      37.490929     -10.842241
      37.459004     -11.002137
      37.478126     -11.191897
      37.461753     -11.339202
      37.471668     -11.413878
      37.458708     -11.447072
      37.424992     -11.547115
      37.322077     -11.621315
      37.271899     -11.642238
      37.197599     -11.615468
      37.111894     -11.623356
      36.987678     -11.666511
      36.943479     -11.692434
      36.871506     -11.668961
      36.805557     -11.677443
      36.720532     -11.706751
      36.650980     -11.697454
      36.492665     -11.632481
      36.374620     -11.615381
      36.254039     -11.582535
      36.205425     -11.509449
      36.145019     -11.474486
      36.104722     -11.451430
      36.024462     -11.415994
      35.970856     -11.364112
      35.890807     -11.371576
      35.814510     -11.409657
      35.776424     -11.480294
      35.742857     -11.520898
      35.689918     -11.608626
      35.669788     -11.665566
      35.549460     -11.708560
      35.359757     -11.714975
      35.057337     -11.710279
      34.817886     -11.702759
      34.425178     -11.648825
      33.929388     -11.659007
      33.152791     -11.616347
      31.945168     -11.559275
      30.519983     -11.466220
      28.472619     -11.338902
      26.171284     -11.354557
      24.032882     -11.385239
      21.631288     -11.316988
      19.358380     -11.179859
      16.743920     -11.099822
      14.605953     -11.091789
      13.069413     -11.100905
      12.084231     -11.053065
      11.272961     -10.970913
      10.617706     -10.929104
      10.265476     -10.950587
      10.107458     -10.934605
      10.037832     -10.913936
       9.881808     -10.906361
       9.725386     -10.925199
       9.712710     -10.964429
       9.716541     -11.018558
       9.759693     -11.041970
       9.810916     -11.060637
       9.962037     -11.088561
      10.066398     -11.032230
      10.180124     -10.921301
      10.396944     -10.829878
      10.601585     -10.730942
      10.789981     -10.708468
      10.925170     -10.762786
      11.051914     -10.840579
      11.275456     -10.926190
      11.500144     -11.045605
      11.668320     -11.213990
      11.841627     -11.402876
      12.056124     -11.373462
      12.299553     -11.219021
      12.508641     -11.231303
      12.640825     -11.321924
      12.695359     -11.438506
      12.680838     -11.535102
      12.719781     -11.634216
      12.723497     -11.742844
      12.728037     -11.886258
      12.778683     -11.983935
      12.846759     -12.030763
      12.937345     -12.067530
      12.971994     -12.090829
      13.018683     -12.098431
      13.137010     -12.036973
      13.296064     -11.973317
      13.507873     -11.932461
      13.692228     -11.945385
      13.794918     -12.062296
      13.876659     -12.133857
      13.969150     -12.247606
      14.102221     -12.449100
      14.203441     -12.622649
      14.251620     -12.744538
      14.268078     -12.812769
      14.344608     -13.099968
      14.395647     -13.552252
      14.117218     -13.802876
      13.803693     -13.912735
      13.664472     -14.065902
      13.604158     -14.147653
      13.611712     -14.129692
      13.563704     -13.957740
      13.482976     -13.680862
      13.455978     -13.369477
      13.476459     -13.230918
      13.496413     -13.196802
      13.529420     -13.175026
      13.598157     -13.169308
      13.600726     -13.175194
      13.572982     -13.252377
      13.547868     -13.309053
      13.575098     -13.325748
      13.637612     -13.317765
      13.718431     -13.326615
      13.754772     -13.396215
      13.731970     -13.456981
      13.683455     -13.548842
      13.682239     -13.607193
      13.695924     -13.628708
      13.703250     -13.555459
      13.744138     -13.466776
      13.800129     -13.370144
      13.867352     -13.352152
      13.891767     -13.377751
      13.835172     -13.425505
      13.763739     -13.419974
      13.741327     -13.418740
      13.820455     -13.446231
      13.891780     -13.453050
      13.933523     -13.418140
      14.053750     -13.389938
      14.207589     -13.384818
      14.325680     -13.396272
      14.388860     -13.356500
      14.436959     -13.304379
      14.552875     -13.270289
      14.817400     -13.272717
      15.068569     -13.247661
      15.271327     -13.235129
      15.373435     -13.248319
      15.504661     -13.251178
      15.628798     -13.254093
      15.759092     -13.324343
      15.778560     -13.412737
      15.699402     -13.374811
      15.628540     -13.299573
      15.611269     -13.325631
      15.555667     -13.346142
      15.523632     -13.357887
      15.538689     -13.324595
      15.552774     -13.386539
      15.493608     -13.480783
      15.447180     -13.503007
      15.420656     -13.416845
      15.435096     -13.341543
      15.466044     -13.306911
      15.527042     -13.328651
      15.528619     -13.354966
      15.563375     -13.343753
      15.547842     -13.339803
      15.467231     -13.298460
      15.342447     -13.153208
      15.156393     -12.808999
      14.932302     -12.398053
      14.720069     -11.934694
      14.449511     -11.372431
      14.115535     -10.754307
      13.831295     -10.172039
      13.696245      -9.808401
      13.660029      -9.726570
      13.644434      -9.859141
      13.631934     -10.071302
      13.666459     -10.296306
      13.638850     -10.457480
      13.585590     -10.577604
      13.544287     -10.669189
      13.523127     -10.767704
      13.508408     -10.892794
      13.466000     -11.056565
      13.397473     -11.258920
      13.315131     -11.483666
      13.249116     -11.648048
      13.188588     -11.762743
      13.141941     -11.799486
      13.117021     -11.788902
      13.103805     -11.734663
      13.115357     -11.661805
      13.095439     -11.650406
      13.002422     -11.684627
      12.837956     -11.808559
      12.765072     -11.759687
      12.708409     -11.385000
      12.694050     -10.880358
      12.635703     -10.290833
      12.557880      -9.794341
      12.545455      -9.440519
      12.567582      -9.132068
      12.593976      -8.762048
      12.536246      -8.348283
      12.419192      -7.906692
      12.345965      -7.546711
      12.344948      -7.359132
      12.351863      -7.281732
      12.351186      -7.295869
      12.402174      -7.348830
      12.467147      -7.391962
      12.530569      -7.428709
      12.589371      -7.462820
      12.609339      -7.497210
      12.632102      -7.568480
      12.658064      -7.667356
      12.704550      -7.785753
      12.785363      -7.897718
      12.866644      -8.037966
      12.919407      -8.216081
      12.935247      -8.402499
      12.955333      -8.510792
      12.981776      -8.602268
      12.985692      -8.696367
      13.000026      -8.785926
      13.028330      -8.828257
      13.099854      -8.832313
      13.164295      -8.857103
      13.164260      -8.864041
      13.126007      -8.896626
      13.085848      -8.912003
      13.067257      -8.942973
      13.105503      -9.013258
      13.154898      -9.097476
      13.113887      -9.231696
      13.092827      -9.343808
      13.092359      -9.421900
      13.099866      -9.417147
      13.052124      -9.402324
      13.039107      -9.402127
      13.045801      -9.401003
      13.071434      -9.401633
      13.141160      -9.390150
      13.192495      -9.343434
      13.204272      -9.308994
      13.205633      -9.260036
      13.209719      -9.197130
      13.260966      -9.138145
      13.303267      -9.168772
      13.371954      -9.225152
      13.466814      -9.266788
      13.640677      -9.300673
      13.728023      -9.331475
      13.794722      -9.392340
      13.865244      -9.418772
      13.914295      -9.423641
      13.932629      -9.439320
      13.992163      -9.447453
      14.003778      -9.438173
      14.016085      -9.415424
      14.018354      -9.426126
      14.024413      -9.431918
      14.063395      -9.379807
      14.075690      -9.415255
      14.051368      -9.418157
      14.041779      -9.432243
      14.060188      -9.458608
      14.027272      -9.516290
      13.937306      -9.549266
      13.891444      -9.565572
      13.943458      -9.581296
      14.005618      -9.616395
      14.041976      -9.681552
      14.008345      -9.686933
      13.915383      -9.679717
      13.835535      -9.712050
      13.796818      -9.724821
      13.786363      -9.691054
      13.791115      -9.704587
      13.885828      -9.765593
      14.022964      -9.839039
      14.009360      -9.799597
      13.951503      -9.727973
      13.895281      -9.703279
      13.899799      -9.723272
      13.940215      -9.771208
      13.995706      -9.807800
      14.029609      -9.827914
      14.081248      -9.873800
      14.051053      -9.914306
      14.029604      -9.908201
      14.040394      -9.871036
      14.112684      -9.878640
      14.148076      -9.931648
      14.154510      -9.979396
      14.154706     -10.018235
      14.168139     -10.016420
      14.115080     -10.027893
      14.089851     -10.034201
      14.089546     -10.016622
      14.148434     -10.017338
      14.275803     -10.044901
      14.334992     -10.058466
      14.270454     -10.093651
      14.268424     -10.160640
      14.302189     -10.202244
      14.317507     -10.202104
      14.352984     -10.123320
      14.370101     -10.100532
      14.359211     -10.088522
      14.335172     -10.126245
      14.325118     -10.122836
      14.353494     -10.110859
      14.488898     -10.093695
      14.641173     -10.054657
      14.703518      -9.975724
      14.733692      -9.896206
      14.689254      -9.907175
      14.620357      -9.960399
      14.600211      -9.980843
      14.614613      -9.945245
      14.597329      -9.927949
      14.549210      -9.976763
      14.531573     -10.083423
      14.422018     -10.270237
      14.322280     -10.402648
      14.372148     -10.382881
      14.425158     -10.246063
      14.436102     -10.117043
      14.406881     -10.065069
      14.337028     -10.068917
      14.247874     -10.115941
      14.184206     -10.119983
      14.165633     -10.080864
      14.174605     -10.045470
      14.150046     -10.055690
      14.103436     -10.102680
      14.059498     -10.159177
      14.113044     -10.198597
      14.225591     -10.259668
      14.290661     -10.287376
      14.325168     -10.262974
      14.337310     -10.230892
      14.328441     -10.139385
      14.322166     -10.009535
      14.346054      -9.886968
      14.363686      -9.819862
      14.425661      -9.891417
      14.504726      -9.947858
      14.578771     -10.002289
      14.558563     -10.042952
      14.519390     -10.100744
      14.474173     -10.155110
      14.411876     -10.169688
      14.396829     -10.143882
      14.442399     -10.153791
      14.452785     -10.192381
      14.473953     -10.239539
      14.488742     -10.221772
      14.488824     -10.217758
      14.477095     -10.274495
      14.454830     -10.333379
      14.462651     -10.302158
      14.485601     -10.250085
      14.490255     -10.249044
      14.458673     -10.315957
      14.370151     -10.393914
      14.308602     -10.449460
      14.255920     -10.483908
      14.258126     -10.502404
      14.316650     -10.486348
      14.344734     -10.467903
      14.308219     -10.505649
      14.249096     -10.613861
      14.214438     -10.684433
      14.194138     -10.709602
      14.171542     -10.702452
      14.157161     -10.697685
      14.141867     -10.666232
      14.085130     -10.653690
      13.928218     -10.669638
      13.895580     -10.734523
      13.922092     -10.784225
      13.939977     -10.815406
      13.995383     -10.844225
      14.077361     -10.807323
      14.147254     -10.726947
      14.156812     -10.703414
      14.153720     -10.687797
      14.178227     -10.665679
      14.230845     -10.634969
      14.259549     -10.586618
      14.262365     -10.612333
      14.290129     -10.647648
      14.315529     -10.630967
      14.353196     -10.636432
      14.371556     -10.671403
      14.356128     -10.731733
      14.325024     -10.777553
      14.277683     -10.793980
      14.288297     -10.756201
      14.322325     -10.705807
      14.319576     -10.680525
      14.346281     -10.622305
      14.445619     -10.609395
      14.499625     -10.641152
      14.467143     -10.680287
      14.446858     -10.742908
      14.452941     -10.789280
      14.418646     -10.851560
      14.387127     -10.894056
      14.359636     -10.922386
      14.310758     -10.940415
      14.210360     -10.939888
      14.140727     -10.959430
      14.104709     -10.949572
      14.125588     -10.905754
      14.126654     -10.918712
      14.123210     -10.955076
      14.159267     -10.984053
      14.204248     -10.971856
      14.233156     -10.956580
      14.229351     -10.987898
      14.224295     -10.982735
      14.243700     -10.959148
      14.291074     -10.928354
      14.315394     -10.925138
      14.318158     -10.906506
      14.303207     -10.876357
      14.298751     -10.855875
      14.365336     -10.810860
      14.420093     -10.736268
      14.422972     -10.691660
      14.367800     -10.730077
      14.335738     -10.842539
      14.308955     -10.900267
      14.297248     -10.883316
      14.314292     -10.876118
      14.363815     -10.824378
      14.402325     -10.798440
      14.424499     -10.779958
      14.384463     -10.818634
      14.304344     -10.857087
      14.268521     -10.874885
      14.298492     -10.846739
      14.329868     -10.794705
      14.383989     -10.738955
      14.403477     -10.758142
      14.366503     -10.807218
      14.348084     -10.861681
      14.341250     -10.865212
      14.322953     -10.849580
      14.292514     -10.868600
      14.251881     -10.912531
      14.217106     -10.901621
      14.176533     -10.879634
      14.069346     -10.859401
      13.996977     -10.877933
      13.931042     -10.971761
      13.856154     -11.258731
      13.793150     -11.791316
      13.766673     -12.211489
      13.698344     -12.394168
      13.432878     -12.462891
      13.028531     -12.696254
      12.133671     -13.346458
      10.430225     -14.636545
       8.075033     -16.540893
