       0.914884     -12.359069
       0.880324     -11.857121
       0.856398     -11.417536
       0.867722     -11.030927
       0.875411     -10.755595
       1.067717     -10.461379
       1.306541     -10.046580
       1.347431      -9.606671
       1.004256      -9.241841
       0.159515      -8.965088
      -0.664700      -8.667628
      -1.819728      -8.523655
      -3.561286      -8.701464
      -6.388167     -10.054598
     -10.296147     -13.694574
     -13.582300     -18.774660
     -16.074456     -24.279551
     -17.975167     -29.648089
     -19.440778     -34.618920
     -19.858432     -39.026433
     -19.683522     -42.876171
     -18.920384     -46.170743
     -17.280909     -48.811011
     -16.037044     -50.859680
     -15.540911     -52.470011
     -15.618187     -53.852990
     -15.924839     -55.219465
     -16.282966     -56.691940
     -16.745960     -58.422084
     -17.360702     -60.582085
     -18.113410     -63.341249
     -19.402240     -66.715690
     -20.885754     -70.492905
     -22.035684     -73.988942
     -23.020654     -77.101832
     -23.907054     -79.638850
     -24.707406     -81.787339
     -25.264254     -83.726224
     -25.605688     -85.783252
     -25.780602     -87.862164
     -25.915557     -89.896431
     -25.995219     -91.930456
     -25.941561     -93.752306
     -25.825405     -95.245802
     -25.711591     -96.572012
     -25.611896     -98.231346
     -25.595047    -100.265749
     -25.782006    -102.464650
     -25.766230    -104.878522
     -25.663188    -107.490824
     -25.663844    -109.918442
     -25.711508    -112.111466
     -25.567750    -114.059725
     -25.400462    -115.898438
     -25.145352    -117.855246
     -24.912460    -120.112499
     -24.629346    -122.615663
     -24.237288    -125.338326
     -23.805280    -128.009999
     -23.369381    -130.610032
     -23.242647    -133.247959
     -23.297691    -135.728470
     -23.064503    -137.393458
     -22.874149    -138.247662
     -22.899862    -138.508164
     -22.897801    -138.568634
     -23.198261    -138.396365
     -23.956403    -137.359595
     -24.693153    -135.710868
     -24.955381    -134.067242
     -25.187890    -132.687808
     -25.539511    -131.554538
     -25.808743    -130.484478
     -26.187912    -129.392978
     -26.396145    -128.427762
     -26.862414    -127.284875
     -27.216435    -125.912037
     -27.482515    -124.567380
     -27.704282    -123.383772
     -27.915863    -122.538553
     -28.100353    -121.864641
     -28.007855    -121.391946
     -27.839067    -121.278447
     -27.899447    -121.074102
     -28.088880    -120.878150
     -28.082858    -120.591693
     -28.010571    -120.374846
     -28.029659    -120.088767
     -27.918243    -119.846616
     -27.848018    -119.472197
     -27.764217    -119.115672
     -27.689759    -119.053473
     -27.564064    -119.476734
     -27.333489    -120.005508
     -27.373344    -120.447818
     -27.331539    -120.698800
     -27.093487    -120.661274
     -26.490007    -120.469334
     -25.536818    -120.909264
     -24.870801    -121.466005
     -24.619426    -121.972311
     -24.533491    -122.169740
     -24.459688    -122.143395
     -24.438582    -121.938176
     -24.319403    -121.735386
     -24.143132    -121.419864
     -23.752382    -120.991115
     -23.255244    -120.154531
     -22.765544    -119.097964
     -22.399259    -117.967870
     -22.209233    -116.847355
     -22.226305    -115.715465
     -22.291103    -114.545650
     -22.405216    -113.310267
     -22.449140    -112.152508
     -22.442591    -111.035800
     -22.362404    -109.952305
     -22.270446    -108.441479
     -22.181110    -106.765330
     -22.144437    -105.291525
     -22.229931    -104.296855
     -22.500137    -103.812833
     -22.741888    -103.684919
     -22.991731    -103.668191
     -23.232199    -103.560627
     -23.298408    -103.295172
     -23.429662    -102.793606
     -23.393241    -102.135625
     -23.178524    -101.409160
     -23.017643    -100.817167
     -22.896343    -100.348124
     -22.808572    -100.041209
     -22.672253     -99.925767
     -22.518902     -99.993017
     -22.432464    -100.129189
     -22.356983    -100.250731
     -22.245655    -100.292074
     -22.134056    -100.242863
     -22.090272    -100.124342
     -22.038571     -99.982594
     -21.949986     -99.862597
     -21.894024     -99.871028
     -21.804472    -100.240191
     -21.356351    -101.664902
     -21.484404    -103.755627
     -21.893470    -105.774585
     -22.289471    -107.557423
     -22.529029    -108.902052
     -22.712027    -109.833522
     -23.093461    -110.340848
     -23.778447    -110.421066
     -25.025133    -110.196613
     -26.995873    -109.602007
     -28.976001    -109.139337
     -30.532493    -109.299900
     -31.541325    -110.048027
     -32.209800    -111.110093
     -32.653970    -112.150419
     -32.791769    -113.050484
     -32.626921    -113.821711
     -32.299912    -114.411888
     -32.002852    -114.964238
     -31.613494    -115.481550
     -30.987151    -116.246308
     -30.130346    -117.168191
     -29.138758    -118.019423
     -27.287136    -118.670497
     -24.529229    -119.155684
     -22.532351    -119.961902
     -21.326804    -120.798796
     -20.436521    -121.469726
     -19.535323    -121.829019
     -18.304395    -122.074513
     -15.883251    -122.398175
     -12.754263    -123.377740
     -10.253391    -124.357100
      -7.870914    -125.261711
      -5.395261    -126.056213
      -3.567155    -126.821563
      -1.985780    -127.566475
      -0.601248    -128.343463
       0.482565    -129.187798
       1.579999    -130.090709
       2.488849    -131.089129
       3.100905    -132.246810
       3.621753    -133.683780
       3.627197    -134.831475
       2.918753    -135.145433
       2.145127    -134.625051
       1.897959    -133.809713
       1.653701    -132.891454
       1.301755    -132.096203
       0.932348    -131.329318
       0.751740    -130.557032
       0.589375    -129.722858
       0.442504    -128.597068
       0.163210    -127.212933
       0.208397    -126.010392
       0.274587    -125.037851
       0.283804    -124.477010
       0.169751    -124.497050
       0.025656    -125.365214
      -0.128034    -126.990743
      -0.283768    -129.265812
      -0.349962    -132.085887
      -0.317208    -135.234579
      -0.254558    -138.657702
      -0.351293    -141.638370
      -0.532684    -143.501718
      -0.786708    -144.311258
      -1.073072    -144.701879
      -1.624290    -144.491424
      -2.360575    -143.658231
      -3.629568    -141.746468
      -6.040585    -138.854042
      -9.747028    -134.533059
     -11.391285    -130.696234
     -11.631697    -128.373188
     -11.995527    -126.655541
     -12.543601    -125.199016
     -12.816422    -124.423768
     -13.169843    -123.559548
     -13.518582    -122.650361
     -13.985931    -121.303655
     -14.214459    -119.647429
     -14.695046    -117.311861
     -15.185764    -113.372961
     -15.963737    -107.519655
     -16.333550    -101.953584
     -16.228034     -97.576017
     -16.223326     -94.644998
     -16.358825     -92.918578
     -16.880196     -92.247270
     -17.633416     -92.190452
     -19.084094     -92.303737
     -21.309802     -92.296170
     -23.103700     -92.239489
     -24.068249     -92.268475
     -24.607820     -92.238148
     -25.172515     -92.118015
     -25.445458     -91.957548
     -25.439216     -91.799685
     -25.162351     -91.666039
     -25.065500     -91.511984
     -25.022583     -91.521329
     -24.980308     -91.696289
     -24.824822     -92.081431
     -24.761734     -92.595635
     -24.722749     -93.186317
     -24.804821     -93.759659
     -24.617891     -94.210517
     -24.324046     -94.500530
     -24.125362     -94.451620
     -24.086698     -94.274756
     -23.993676     -94.030351
     -23.860455     -93.817526
     -23.651319     -93.625003
     -23.282734     -93.174106
     -21.829231     -92.200885
     -19.535427     -91.214210
     -18.213160     -90.204911
     -18.334328     -89.449061
     -18.970374     -89.226434
     -18.874469     -89.219654
     -19.174535     -89.281445
     -19.492081     -89.524636
     -19.562026     -89.864229
     -19.491410     -90.249751
     -19.305460     -90.521540
     -19.307302     -90.686543
     -19.585217     -90.937865
     -20.237147     -91.447192
     -21.481485     -92.258703
     -22.724521     -93.682812
     -23.420428     -96.236547
     -23.940929     -98.979483
     -24.238929    -101.314992
     -24.480972    -102.928680
     -24.694338    -103.777542
     -24.809149    -104.133504
     -24.905376    -104.140954
     -25.224261    -103.953221
     -25.606072    -103.723066
     -25.958104    -103.494164
     -26.308441    -103.178545
     -26.566592    -102.854999
     -26.750445    -102.599092
     -26.942720    -102.425667
     -27.100959    -102.345342
     -27.187866    -102.206110
     -27.206041    -101.941636
     -27.050560    -101.528400
     -26.274663    -101.070490
     -23.917501    -101.050081
     -21.772564    -101.331885
     -21.022045    -101.471962
     -20.890378    -101.507904
     -20.735796    -101.397406
     -20.613955    -101.221922
     -20.609069    -101.000685
     -20.594486    -100.887642
     -20.534082    -100.892072
     -20.451026    -100.974748
     -20.395370    -101.103809
     -20.405730    -101.224302
     -20.405111    -101.296099
     -20.462834    -101.309591
     -20.485723    -101.265043
     -20.478763    -101.253298
     -20.494592    -101.274757
     -20.568294    -101.360357
     -20.550234    -101.462646
     -20.570053    -101.524962
     -20.584347    -101.521290
     -20.634969    -101.468941
     -20.689800    -101.405323
     -20.802522    -101.321064
     -20.931631    -101.202251
     -21.078226    -101.086605
     -21.286556    -100.935406
     -21.431936    -100.750771
     -21.636310    -100.507289
     -21.769223    -100.265603
     -21.894723    -100.023568
     -22.098070     -99.693631
     -22.265683     -99.307128
     -22.383923     -98.811440
     -22.432753     -98.255534
     -22.460712     -97.585750
     -22.719001     -96.758920
     -23.365615     -95.651013
     -24.584791     -94.246042
     -26.373501     -92.192949
     -28.036026     -89.689328
     -28.726214     -87.365301
     -29.184661     -85.448797
     -29.363830     -83.979392
     -29.558358     -82.967684
     -29.686045     -82.413604
     -29.931732     -82.219731
     -30.237426     -82.119638
     -30.628567     -81.985700
     -30.986867     -81.772458
     -30.880829     -81.716446
     -30.449666     -82.092166
     -30.158300     -82.781562
     -29.977772     -83.459574
     -29.372303     -83.910597
     -28.406622     -84.341094
     -27.941744     -84.452427
     -27.899886     -84.173984
     -27.698026     -83.701104
     -27.319933     -83.340149
     -27.044664     -83.211934
     -26.754299     -82.894896
     -26.249555     -81.934566
     -25.874282     -80.766932
     -25.616087     -79.681737
     -25.654365     -78.809489
     -25.953094     -78.342811
     -26.314469     -78.262204
     -26.679282     -78.267056
     -27.065831     -78.125464
     -27.258451     -77.800505
     -27.290964     -77.364806
     -27.142055     -76.910271
     -26.610976     -76.374969
     -25.930150     -75.644337
     -25.615157     -74.776658
     -25.524549     -74.059237
     -25.535230     -73.762813
     -25.653914     -73.901267
     -25.724989     -74.131315
     -25.737593     -74.288013
     -25.737326     -74.306256
     -25.691723     -74.247024
     -25.378919     -74.365453
     -24.483531     -74.971921
     -23.950777     -75.918647
     -24.006428     -76.988401
     -24.047849     -77.874721
     -24.013386     -78.467234
     -23.976621     -78.742374
     -24.027032     -78.777845
     -23.945524     -78.690569
     -23.738512     -78.511865
     -23.538262     -78.255934
     -23.417211     -78.019674
     -23.351325     -77.847322
     -23.390852     -77.752770
     -23.451679     -77.683111
     -23.529022     -77.657573
     -23.602635     -77.608755
     -23.737476     -77.537167
     -23.829302     -77.372859
     -23.950143     -77.193246
     -24.074225     -76.964806
     -24.208281     -76.873887
     -24.319308     -76.931768
     -24.393137     -77.113280
     -24.441586     -77.332842
     -24.447123     -77.559145
     -24.447951     -77.724949
     -24.219448     -77.940572
     -23.364774     -78.726691
     -22.456132     -80.189796
     -21.910351     -81.681019
     -21.542361     -82.907204
     -21.113711     -83.828504
     -20.796390     -84.465502
     -20.520771     -84.905306
     -20.459283     -85.149915
     -20.449521     -85.316453
     -20.381488     -85.426425
     -20.390090     -85.504633
     -20.494485     -85.565356
     -20.638231     -85.622542
     -20.734626     -85.679165
     -20.910571     -85.742715
     -21.059716     -85.834629
     -21.278105     -85.975939
     -21.481065     -86.239656
     -21.714904     -86.533875
     -21.948279     -86.732489
     -22.091017     -86.777057
     -22.164446     -86.585340
     -22.321481     -86.334903
     -22.548185     -86.289305
     -22.782349     -86.364530
     -22.994310     -86.461875
     -23.289809     -86.594753
     -23.534168     -86.722891
     -23.678285     -86.880482
     -23.775518     -86.962838
     -23.890887     -86.981907
     -24.007723     -86.953406
     -24.143834     -86.890760
     -24.322424     -86.802925
     -24.503270     -86.656739
     -24.743365     -86.470579
     -24.902280     -86.268080
     -25.096233     -86.031523
     -25.423305     -85.757062
     -25.947047     -85.412389
     -26.693390     -85.038981
     -27.801750     -84.993276
     -29.411484     -85.319143
     -30.902275     -85.404375
     -31.763658     -85.108349
     -32.391608     -84.690752
     -33.310482     -84.215161
     -34.062298     -83.545854
     -34.550990     -82.617337
     -35.071221     -81.396942
     -35.624028     -79.753510
     -35.934115     -77.871724
     -36.101109     -75.932232
     -36.062942     -74.129339
     -36.159053     -72.452442
     -36.185954     -70.987325
     -36.108321     -69.788180
     -35.968068     -68.710678
     -35.906502     -67.723634
     -35.887480     -66.966113
     -35.866294     -66.256555
     -35.817854     -65.588020
     -35.667819     -64.790681
     -35.459239     -63.844300
     -35.090756     -62.203496
     -34.432053     -59.673424
     -34.166134     -57.559574
     -33.834729     -56.224043
     -33.654279     -55.585758
     -33.696018     -55.500449
     -33.909440     -55.733183
     -34.073311     -55.967860
     -34.248562     -56.013258
     -34.315208     -55.791589
     -34.354390     -55.595268
     -34.499826     -55.410997
     -34.790791     -55.289455
     -35.152989     -55.112989
     -35.400119     -54.984356
     -35.554327     -54.936218
     -35.728143     -54.829893
     -35.848177     -54.717380
     -35.873934     -54.642402
     -35.940004     -54.729882
     -35.919051     -54.892524
     -35.879301     -55.169516
     -35.831920     -55.451485
     -35.749448     -55.768940
     -35.562377     -56.185585
     -35.335601     -56.697749
     -35.229533     -57.211428
     -35.111449     -57.670484
     -34.986565     -58.234540
     -34.812346     -58.948663
     -34.614826     -59.882460
     -34.187225     -61.170839
     -33.550445     -62.775279
     -33.237323     -63.824964
     -33.181890     -64.396369
     -33.142288     -64.795820
     -33.138327     -65.106689
     -33.050155     -65.489908
     -32.936870     -65.873467
     -32.830200     -65.643371
     -32.551562     -64.456154
     -32.186953     -64.006146
     -32.140937     -64.536144
     -32.160766     -65.360410
     -32.148747     -65.912474
     -32.089887     -66.179601
     -32.066404     -66.347173
     -32.094351     -66.515066
     -32.078260     -66.759583
     -32.158243     -67.040882
     -32.207928     -67.284433
     -32.252802     -67.466921
     -32.301299     -67.692612
     -32.342321     -68.024604
     -32.310916     -68.179242
     -32.177953     -68.070192
     -32.031283     -67.981998
     -31.816629     -68.112293
     -31.611815     -68.485196
     -31.527881     -69.060899
     -31.474498     -69.902903
     -31.459363     -71.186220
     -31.349971     -72.433543
     -31.280205     -73.673638
     -31.266068     -74.735840
     -31.213629     -75.712369
     -31.082742     -76.443667
     -31.026454     -77.049245
     -31.016514     -77.687405
     -30.974207     -78.425925
     -30.831909     -79.229811
     -30.537823     -79.859533
     -30.307362     -80.255376
     -30.137670     -80.431327
     -30.047545     -80.494380
     -29.972264     -80.455005
     -29.885639     -80.405774
     -29.816439     -80.458506
     -29.743865     -80.588150
     -29.672056     -80.724011
     -29.646773     -80.754897
     -29.677333     -80.579976
     -29.710636     -80.301275
     -29.740424     -79.925482
     -29.782342     -79.172925
     -29.942354     -77.964527
     -30.068232     -76.488992
     -30.220303     -75.094366
     -30.624633     -73.489508
     -31.580662     -71.911607
     -33.228048     -70.489961
     -35.600845     -69.274734
     -38.314610     -68.061624
     -40.144306     -66.726740
     -40.309724     -65.394643
     -39.982424     -63.776530
     -39.437090     -61.633694
     -38.387684     -58.661754
     -36.587554     -54.472912
     -34.521935     -50.369844
     -32.810845     -46.902429
     -31.596504     -43.998571
     -30.581393     -41.913888
     -29.525413     -40.561126
     -28.512129     -39.881048
     -27.062973     -39.314739
     -25.472256     -38.927088
     -24.114665     -38.507480
     -22.901645     -38.051264
     -21.961913     -37.548184
     -21.489997     -37.027265
     -20.975211     -36.607291
     -20.247387     -36.086460
     -19.547967     -35.753475
     -18.746701     -35.428885
     -17.956522     -35.152457
     -16.761139     -35.006923
     -14.740107     -34.997729
     -13.201658     -34.930185
     -12.024884     -34.622677
     -10.931363     -34.234356
     -10.093383     -33.894641
      -9.444554     -33.701253
      -9.127052     -33.743048
      -8.882846     -33.843071
      -8.761185     -33.879603
      -8.656681     -33.686726
      -8.650574     -33.338820
      -8.657684     -32.871560
      -8.754946     -32.615420
      -8.801701     -32.577792
      -8.404835     -32.097770
      -8.075042     -31.643515
      -7.990636     -31.595792
      -8.148822     -32.606206
      -8.262312     -34.704894
      -8.113956     -37.058100
      -7.819764     -38.969737
      -7.421679     -40.052013
      -6.986416     -40.147255
      -6.702000     -39.832791
      -6.465614     -39.270035
      -6.254215     -38.661037
      -6.081646     -37.689700
      -5.969554     -36.351435
      -5.922220     -34.928762
      -5.922631     -33.648598
      -5.755624     -32.512735
      -5.445408     -31.559702
      -5.203023     -30.794626
      -4.998630     -30.254642
      -4.748288     -29.838341
      -4.391390     -29.506619
      -4.006592     -29.242346
      -3.506041     -28.939661
      -2.741619     -28.454461
      -1.789042     -27.659014
      -0.673798     -26.330276
       0.358104     -24.677263
       1.097342     -23.267245
       1.472501     -22.444140
       1.590504     -22.369777
       1.624835     -22.783189
       1.725966     -23.322980
       2.008421     -23.620557
       2.163504     -23.561666
       2.104508     -23.377138
       1.921447     -23.299472
       1.701470     -23.294916
       1.465261     -23.282088
       1.139232     -23.315109
       0.798847     -23.491414
       0.619698     -23.816621
       0.523486     -24.024237
       0.522257     -24.125831
       0.530962     -24.178943
       0.454462     -24.225152
       0.273681     -24.378151
       0.003225     -24.713856
      -0.323068     -25.326718
      -0.575376     -26.250167
      -0.865114     -27.442430
      -0.946433     -28.541341
      -0.836901     -29.269071
      -0.658828     -29.437528
      -0.764616     -29.847322
      -0.799305     -30.477001
      -0.850444     -31.138377
      -0.856154     -31.585376
      -0.878339     -31.985665
      -0.826655     -32.319472
      -0.815068     -32.610053
      -0.851383     -32.787171
      -0.935836     -32.833175
      -0.960806     -32.920016
      -0.986436     -33.093322
      -0.980373     -33.311069
      -1.084388     -33.763304
      -1.286499     -34.569366
      -1.510514     -35.610909
      -1.670876     -36.725384
      -1.864081     -37.850305
      -1.931893     -38.884659
      -1.883446     -39.772353
      -1.848920     -40.572914
      -1.902911     -41.412244
      -1.938302     -42.202098
      -1.903899     -43.086232
      -1.738691     -43.949806
      -1.539994     -44.756305
      -1.348478     -45.414650
      -1.168579     -45.973388
      -0.832904     -46.374301
      -0.392212     -46.676719
      -0.155985     -46.896290
      -0.008951     -47.123278
       0.015323     -47.397341
      -0.122399     -47.693192
      -0.328844     -47.945961
      -0.431064     -48.090919
      -0.379105     -48.110959
      -0.340761     -48.130435
      -0.288075     -48.164197
      -0.226787     -48.131402
      -0.159701     -48.026077
      -0.120462     -47.901403
       0.014257     -47.815977
       0.298412     -47.840617
       0.634569     -47.965258
       1.015238     -48.191775
       1.339499     -48.445647
       1.581444     -48.670493
       1.736559     -48.768542
       1.834538     -48.808155
       1.907175     -48.794808
       1.990791     -48.796683
       2.050821     -48.820245
       1.925712     -48.838390
       1.783818     -48.829517
       1.697754     -48.802196
       1.596800     -48.750347
       1.525746     -48.687502
       1.475239     -48.587520
       1.396860     -48.569005
       1.268846     -48.600323
       1.159636     -48.707610
       1.015465     -48.856337
       0.905583     -48.949602
       0.880738     -48.964649
       0.868547     -48.959738
       0.833481     -48.987467
       0.769207     -49.095939
       0.681083     -49.259863
       0.654027     -49.405793
       0.635544     -49.519952
       0.604835     -49.581369
       0.584289     -49.555272
       0.590194     -49.568124
       0.556536     -49.568974
       0.491304     -49.504264
       0.479679     -49.323180
       0.445783     -49.040268
       0.465199     -48.732512
       0.498229     -48.408374
       0.460053     -48.120819
       0.396466     -47.872149
       0.309732     -47.672146
       0.212440     -47.511777
       0.110990     -47.363949
       0.002741     -47.238895
      -0.083418     -47.091338
      -0.146856     -46.895571
      -0.193377     -46.713248
      -0.272118     -46.517792
      -0.342994     -46.349642
      -0.388770     -46.201337
      -0.425874     -46.094517
      -0.424167     -46.001806
      -0.370046     -45.893509
      -0.345265     -45.711142
      -0.334849     -45.429824
      -0.245765     -44.941027
      -0.179257     -44.160411
      -0.064133     -42.922099
       0.017846     -41.367492
       0.039133     -39.641879
      -0.014604     -37.838485
      -0.147369     -35.948924
      -0.296940     -33.918897
      -0.582898     -31.712968
      -1.400697     -29.453354
      -2.009957     -27.305081
      -2.462834     -25.323136
      -2.780183     -23.365695
      -2.940088     -21.526809
      -2.978408     -19.769796
      -2.974637     -18.176870
      -3.018891     -16.822823
      -3.109876     -15.618440
      -3.172362     -14.410405
      -3.236003     -13.222958
      -3.122924     -11.957535
      -2.905055     -10.806215
      -2.820327      -9.835777
      -3.331283      -9.365923
      -4.327416      -9.458223
      -4.973355      -9.353643
      -5.623952      -8.898715
      -6.341038      -8.291146
      -7.024456      -7.592552
      -7.645047      -6.788245
      -8.221364      -5.963078
      -8.792889      -5.159852
      -9.219455      -4.542033
      -9.399933      -4.027387
      -9.554634      -3.513551
      -9.676909      -2.887167
      -9.724403      -2.159559
      -9.720046      -1.417295
      -9.544835      -0.416756
      -9.531028       0.710917
      -9.736628       1.841411
      -9.949150       2.767983
     -10.078713       3.579522
     -10.121389       4.447154
     -10.176882       5.367154
     -10.293767       6.409395
     -10.383580       7.442405
     -10.419197       8.414551
     -10.405687       9.277546
     -10.515824      10.106468
     -10.691678      10.861537
     -10.882108      11.403916
     -11.017977      11.856734
     -11.063556      12.024770
     -11.107836      12.162763
     -11.156384      12.093135
     -10.772573      11.559724
     -10.975928      10.953388
     -11.764811      10.437678
     -12.525708      10.141621
     -13.159310       9.892548
     -13.648730       9.847756
     -14.208133       9.814015
     -14.799591       9.972563
     -15.354566      10.161007
     -15.779670      10.245137
     -16.184371      10.198548
     -16.425427      10.168511
     -16.511534      10.003579
     -16.591552       9.792846
     -16.625122       9.577482
     -16.647555       9.400207
     -16.620794       9.199092
     -16.584661       9.002151
     -16.434567       8.936899
     -15.800225       8.950154
     -15.387812       8.748128
     -15.379270       8.247367
     -15.403960       7.629040
     -15.161848       6.934715
     -14.874747       6.392636
     -14.591319       5.922383
     -14.269427       5.474986
     -13.918796       4.895452
     -13.657600       4.342752
     -13.408049       3.875057
     -13.206608       3.524752
     -13.012674       3.172976
     -12.772859       2.811600
     -12.516524       2.495256
     -12.266611       2.189852
     -12.061701       1.859266
     -11.912723       1.499485
     -11.827885       1.162852
     -11.781140       0.875097
     -11.664284       0.665766
     -11.659399       0.538400
     -11.667889       0.382812
     -11.573613      -0.019233
     -11.350523      -0.727864
     -11.108291      -1.496604
     -10.803370      -2.257878
     -10.461280      -2.977079
     -10.147849      -3.787834
      -9.858163      -4.581107
      -9.499888      -5.407840
      -9.039987      -6.175193
      -8.566548      -7.062230
      -8.211480      -8.025102
      -8.020609      -9.226084
      -7.824989     -10.400560
      -7.526949     -11.600968
      -7.164503     -12.715557
      -6.779910     -14.016002
      -6.337933     -15.109809
      -5.872251     -16.235821
      -5.374802     -17.336040
      -4.858306     -18.618971
      -4.344002     -19.969838
      -4.331786     -21.292933
      -4.454533     -22.111771
      -4.707967     -22.582810
      -5.255311     -22.740829
      -6.049729     -22.595791
      -6.608693     -22.602200
      -6.629812     -23.008485
      -6.462365     -23.745422
      -6.449144     -24.569034
