       2.882273      24.422809
       2.843751      24.389584
       2.841297      24.393414
       2.810561      24.408740
       2.785685      24.437263
       2.798383      24.422928
       2.785636      24.399699
       2.769580      24.392797
       2.700770      24.354490
       2.646746      24.291878
       2.650735      24.255482
       2.686781      24.287247
       2.709104      24.344897
       2.700869      24.327565
       2.720826      24.269405
       2.756325      24.229181
       2.902541      24.258858
       3.300680      24.339892
       3.670141      24.411371
       4.021625      24.390898
       4.347634      24.302486
       4.630189      24.108494
       4.865073      23.891169
       5.076121      23.676362
       5.303573      23.500006
       5.614341      23.316175
       6.102724      23.056705
       6.725270      22.722581
       7.521970      22.356400
       8.582209      22.046284
       9.841317      21.738594
      11.005692      21.371146
      11.915935      20.948427
      12.736348      20.063341
      13.331300      18.929435
      13.375935      17.871092
      13.146912      16.926608
      12.654180      16.725377
      11.882469      17.257450
      10.990253      17.758829
      10.205054      18.219674
       9.475963      18.648727
       9.009860      19.194992
       8.834667      19.386229
       8.658006      19.357109
       8.475879      19.214369
       8.295443      19.216650
       8.177381      19.252766
       8.172904      19.238954
       8.239235      19.088546
       8.250154      18.921685
       8.278052      18.873108
       8.330186      18.869211
       8.398846      18.786648
       8.609228      18.526906
       8.985370      18.109487
       9.354583      17.540623
       9.581291      16.831406
       9.752230      15.966187
      10.033602      15.083701
      10.269117      14.264048
      10.670534      13.274789
      11.592879      11.183247
      12.394412       8.004653
      12.506215       4.584067
      12.372382       1.536535
      12.236991      -1.109789
      12.241067      -3.754275
      12.387252      -6.629909
      12.853896      -9.799625
      14.975340     -13.398543
      16.918119     -16.967612
      17.929940     -19.886502
      18.729038     -22.118163
      18.577248     -23.543950
      17.029839     -24.087157
      14.937123     -24.747207
      12.912007     -25.347477
      10.408268     -25.611429
       8.441412     -25.327874
       7.684099     -24.230116
       7.940685     -23.147707
       8.252867     -22.258949
       8.572550     -21.373701
       8.937001     -20.339517
       9.407740     -19.120649
       9.883011     -17.735190
      10.257833     -15.979478
      10.854097     -13.702593
      11.500915     -10.920269
      12.242022      -7.915042
      12.957735      -4.821098
      13.716294      -1.656438
      14.239054       1.604884
      14.736340       4.699415
      15.155728       7.738499
      15.511194      10.509023
      15.783848      13.142920
      16.101493      15.536551
      16.251190      18.132373
      16.333516      21.261516
      16.314132      25.298018
      16.350913      30.634361
      16.454737      37.624126
      16.217101      46.199730
      15.489832      56.387560
      14.326638      67.232453
      12.862458      77.900123
      10.916864      87.090286
       8.849700      94.465744
       7.177507     100.112073
       6.332398     104.343881
       6.095443     107.969930
       6.083109     111.446772
       6.496843     114.881348
       6.853176     118.320393
       7.173958     121.801645
       7.527135     125.452543
       8.262873     129.429445
       9.241538     133.880596
      10.040134     138.564544
      10.710895     142.892696
      11.288765     146.843292
      11.544773     150.625767
      11.352532     154.452179
       9.976503     158.207367
       8.305100     161.618940
       7.394658     164.847549
       6.375012     167.858185
       5.517626     170.940549
       4.839194     174.064392
       4.514308     177.007477
       4.349942     179.867039
       4.159260    -177.132574
       3.861845    -174.101636
       3.790504    -171.128127
       3.804348    -168.597327
       3.861702    -166.915456
       3.749365    -166.020307
       3.573206    -165.573597
       3.344071    -165.502432
       3.162222    -165.413121
       2.977523    -165.512418
       2.780409    -165.931598
       2.583426    -166.799121
       2.283626    -168.222540
       2.001490    -170.172518
       1.676654    -173.360998
       1.801140    -178.528114
       1.630378     173.793681
       1.181478     163.202748
       0.809434     150.725035
       0.431116     137.219693
       0.424082     123.163797
       0.447904     108.874347
       0.362959      94.895707
       0.330644      80.809805
       0.347508      67.129649
       0.404860      53.668622
       0.642950      40.893976
       0.898387      28.960104
       1.087435      17.895844
       1.192970       7.769666
       1.448584      -1.228434
       2.024904      -9.240666
       2.726469     -16.021589
       3.482468     -22.037520
       3.988697     -27.201993
       4.324651     -32.231266
       4.777831     -37.388606
       5.271845     -42.409819
       5.704734     -46.981400
       5.894296     -51.364077
       5.833136     -55.868082
       5.707849     -60.759197
       5.446376     -66.194186
       5.178033     -71.607339
       4.833164     -76.587852
       4.249932     -81.093130
       3.535804     -84.971002
       2.907015     -88.646651
       2.507065     -92.083267
       2.301410     -95.169760
       2.243010     -98.058018
       2.360563    -101.039832
       2.383463    -104.002587
       2.174538    -106.936239
       1.731863    -109.939473
       1.081436    -113.125816
       0.635837    -116.477201
      -0.009347    -120.060257
      -0.622561    -123.445631
      -0.877321    -126.262986
      -0.773265    -128.417319
      -0.457263    -130.161126
      -0.058023    -131.622566
       0.157165    -133.108572
      -0.029407    -134.627266
       0.048678    -135.949319
       0.144753    -137.007684
       0.113517    -138.328415
       0.060373    -139.989002
       0.157359    -141.924079
       0.221924    -143.688918
      -0.082230    -145.125431
       0.292847    -146.123744
       0.855953    -147.009509
       1.309926    -147.912828
       1.617379    -148.900242
       1.870176    -150.033016
       2.133719    -151.035370
       2.614934    -151.103455
       3.143089    -149.923432
       2.803325    -148.681073
       2.496566    -147.731613
       2.456737    -146.978133
       2.705322    -145.885099
       3.029276    -144.767089
       3.148452    -143.786398
       3.232170    -142.976023
       3.260471    -142.072937
       3.263966    -141.433821
       3.248049    -140.893973
       3.211647    -140.615384
       3.144105    -140.632189
       3.269648    -141.433734
       3.854904    -143.386490
       6.067405    -147.797940
       8.438148    -152.646930
       9.000983    -155.585808
       8.506359    -156.407306
       7.676313    -156.032052
       7.193792    -155.884058
       6.636116    -156.198531
       5.420754    -156.791710
       3.763550    -157.497222
       1.429991    -158.311434
      -1.861000    -158.669474
      -5.956613    -158.276900
      -9.516568    -157.395273
     -10.753974    -156.974217
     -11.311853    -156.883692
     -11.423856    -156.858970
     -11.284654    -157.022360
     -10.942196    -157.314199
     -10.373703    -157.690026
      -9.978165    -158.017564
      -9.758130    -158.387485
      -9.280706    -158.781079
      -8.452302    -159.124490
      -7.482361    -159.368613
      -6.580114    -159.464316
      -5.925096    -159.440614
      -5.581258    -159.398212
      -5.449411    -159.300897
      -5.112766    -159.318052
      -4.638615    -159.401826
      -3.898716    -159.444480
      -3.360772    -159.312554
      -2.850159    -158.925740
      -2.319537    -158.375090
      -1.670244    -157.770798
      -0.937736    -157.174842
      -0.123287    -156.777634
       0.710302    -156.359134
       1.534300    -155.815302
       2.397818    -155.035381
       3.142174    -154.228950
       4.043272    -153.451156
       4.882078    -152.624908
       5.381190    -151.678644
       5.504125    -150.572971
       5.694314    -149.224156
       6.215812    -146.789331
       6.689135    -143.828003
       7.266865    -141.236004
       7.864997    -139.179871
       8.129844    -137.947392
       8.049746    -137.631471
       7.777900    -138.181150
       7.445356    -139.621889
       7.097832    -142.162462
       6.755115    -146.319783
       7.027251    -152.385933
       7.146204    -158.175145
       6.733184    -161.638815
       6.180333    -162.783091
       5.570798    -162.464548
       4.837559    -161.388300
       4.300744    -160.392144
       3.779414    -159.157352
       3.554352    -157.724083
       3.575946    -156.474663
       3.535536    -155.425274
       3.305686    -154.667248
       3.059926    -154.168053
       2.786851    -153.864790
       2.578154    -153.522642
       2.364442    -153.177676
       2.288384    -152.801918
       2.238163    -152.462169
       2.233862    -151.650045
       2.064671    -149.621170
       1.683320    -145.096308
       1.186983    -136.933245
       1.188805    -126.013821
       1.651308    -114.351379
       2.038184    -103.950773
       2.168190     -95.001124
       2.313950     -87.128521
       2.569393     -80.007415
       3.335699     -73.132896
       4.580600     -66.447781
       6.052023     -59.735778
       7.488830     -53.117195
       8.372559     -47.035206
       8.940453     -41.724119
       9.096766     -37.314706
       8.676200     -33.555718
       8.449654     -30.339542
       8.504180     -27.252987
       8.580822     -24.142430
       8.121706     -21.671271
       6.413659     -20.614968
       4.212821     -21.181074
       1.564024     -22.967676
      -1.704714     -25.465301
      -4.946464     -28.112257
      -7.069359     -30.186257
      -8.918893     -31.962915
     -10.677119     -33.620209
     -11.934394     -35.299319
     -12.548065     -37.387032
     -12.695941     -39.860287
     -12.973550     -43.107462
     -13.552953     -47.385150
     -14.285464     -53.156017
     -14.110735     -61.211507
     -12.933769     -70.584693
     -11.148627     -80.360623
      -8.742910     -90.330747
      -5.840625    -100.878385
      -2.837605    -112.050928
      -0.999925    -122.431115
       0.084759    -131.290977
       0.677865    -138.271112
       0.347310    -143.084898
      -0.454436    -145.018722
      -0.816080    -144.504198
      -0.995445    -142.895115
      -0.963091    -141.176117
      -0.806722    -139.770310
      -0.058487    -138.247021
       1.538452    -136.683575
       3.885492    -134.842102
       6.376944    -132.705944
       8.090992    -130.127001
       8.326871    -127.175679
       7.948445    -124.385805
       7.608245    -121.920157
       7.513914    -119.904871
       7.585760    -118.154108
       7.651809    -116.205218
       7.988864    -114.076617
       8.607270    -111.218094
      10.929130    -105.646350
      12.575115     -97.491874
      13.491604     -90.762905
      14.056346     -86.227980
      14.309121     -83.111801
      14.439973     -80.593070
      14.431030     -78.393174
      14.433421     -76.343806
      14.396516     -74.774721
      14.269045     -73.630770
      13.938515     -72.681455
      13.374715     -71.798511
      12.872443     -70.775768
      12.152627     -69.486991
      11.064817     -68.150110
       9.673034     -66.699370
       8.293630     -65.020477
       6.858611     -62.992806
       5.820957     -60.832232
       5.169410     -58.954254
       4.920298     -57.625979
       4.481379     -56.655284
       4.008567     -55.570507
       3.431155     -54.213308
       3.033264     -52.589285
       2.794055     -50.886568
       2.349248     -49.169052
       1.679662     -47.144591
       0.887287     -44.811359
       0.450399     -42.341874
       0.137214     -40.063131
      -0.180237     -38.195848
      -0.597445     -36.760467
