       3.817064       1.689461
       3.795128       1.608849
       3.774457       1.524913
       3.749726       1.439299
       3.704084       1.328335
       3.643223       1.229689
       3.574447       1.165485
       3.465482       1.123179
       3.275048       1.103292
       2.900678       1.064509
       2.437342       0.974537
       2.113931       0.936045
       1.873149       1.068088
       1.579110       1.271350
       1.161361       1.532359
       0.743372       1.827367
       0.400597       2.114723
       0.143922       2.401113
       0.028471       2.653980
      -0.143438       2.870410
      -0.398190       3.150542
      -0.804357       3.557734
      -1.259495       4.091412
      -1.585623       4.636114
      -1.761464       5.071230
      -1.850164       5.247449
      -1.892095       5.179281
      -1.948408       4.978714
      -2.033038       4.714017
      -2.096955       4.426689
      -2.173274       4.151055
      -2.220495       3.886644
      -2.251717       3.564483
      -2.324688       3.131700
      -2.445618       2.533604
      -2.653206       1.854191
      -2.918778       1.113362
      -3.308076       0.339189
      -3.835473      -0.496565
      -4.632136      -1.466699
      -6.098276      -2.873853
      -7.998890      -4.617205
     -10.034214      -6.666262
     -11.959185      -8.706241
     -13.732430     -10.428572
     -15.371499     -11.711606
     -16.870354     -12.498186
     -18.119417     -12.924646
     -19.058564     -13.057183
     -19.737049     -13.035997
     -20.258005     -13.010398
     -20.727666     -13.107945
     -21.169601     -13.272881
     -21.519598     -13.397474
     -21.655233     -13.430831
     -21.516662     -13.310517
     -21.209895     -12.941356
     -20.749644     -12.057950
     -20.008257     -10.103861
     -18.995332      -6.962941
     -17.832398      -3.116063
     -16.769631       0.700900
     -15.940200       3.980777
     -15.218900       6.420705
     -14.517721       8.126511
     -14.105395       9.653563
     -13.845159      11.288076
     -13.649966      13.153480
     -13.462561      15.221227
     -13.303828      17.494791
     -13.212874      19.844184
     -13.125853      22.220554
     -13.115411      24.614027
     -13.173600      26.909163
     -13.278382      29.031706
     -13.424825      30.991372
     -13.529962      32.956441
     -13.701766      34.994147
     -13.820500      37.163549
     -13.880053      39.345579
     -13.882976      41.391777
     -13.876217      43.269784
     -13.930233      45.084708
     -13.963276      46.922110
     -13.957742      48.744480
     -13.944874      50.512378
     -13.925503      52.151818
     -13.923976      53.613777
     -13.911012      54.836892
     -13.934070      55.800185
     -13.977742      56.563190
     -14.008774      57.144799
     -13.995416      57.603181
     -13.954929      57.880123
     -13.925172      57.968142
     -13.852198      57.889653
     -13.793213      57.713134
     -13.680609      57.573222
     -13.519481      57.492120
     -13.334233      57.262582
     -13.201325      56.844620
     -13.092495      56.307322
     -13.040291      55.728151
     -13.010407      55.137216
     -12.994087      54.588436
     -12.960870      54.043065
     -12.903772      53.461276
     -12.857302      52.852239
     -12.829860      52.242231
     -12.858336      51.662803
     -12.870207      51.113347
     -12.898478      50.535769
     -12.971072      49.896303
     -13.037041      49.220080
     -13.150473      48.525579
     -13.295686      47.740616
     -13.473127      46.800699
     -13.646249      45.719875
     -13.825489      44.625102
     -13.967370      43.451262
     -14.100303      42.112389
     -14.216763      40.612834
     -14.282948      39.026096
     -14.369075      37.346367
     -14.428566      35.564495
     -14.486729      33.562364
     -14.558465      31.393130
     -14.606518      29.165163
     -14.710871      26.943529
     -14.807075      24.659751
     -14.932515      22.282319
     -15.104351      19.808562
     -15.236173      17.289521
     -15.333423      14.805027
     -15.411936      12.391029
     -15.448258      10.039018
     -15.481299       7.645604
     -15.456852       4.648927
     -15.471656       0.911872
     -15.507651      -3.326281
     -15.242213      -7.880731
     -14.781020     -12.587824
     -14.228235     -17.346985
     -13.592963     -21.911376
     -12.690881     -26.215150
     -11.946884     -30.158759
     -11.376481     -33.917935
     -10.926263     -37.529348
     -10.582359     -41.285695
     -10.351483     -45.230613
     -10.394776     -49.293309
     -10.686952     -53.336970
     -11.180239     -57.266210
     -11.549114     -60.978438
     -11.782050     -64.430111
     -12.038539     -67.300116
     -12.266244     -69.321347
     -12.308284     -70.582628
     -12.175766     -71.686484
     -12.124294     -73.022569
     -12.207416     -74.348332
     -12.454559     -75.568999
     -12.766999     -76.634771
     -12.979936     -77.354004
     -13.057948     -77.629485
     -13.131404     -77.395740
     -13.222574     -76.498051
     -13.236250     -75.048574
     -13.222422     -73.078167
     -13.194292     -70.464433
     -13.070830     -67.009185
     -12.789912     -62.963639
     -12.366090     -58.846622
     -11.804286     -55.057517
     -11.329717     -51.573667
     -10.960021     -48.700548
     -10.710919     -46.257490
     -10.623940     -44.072504
     -10.623467     -42.067539
     -10.639414     -40.204997
     -10.619947     -38.476302
     -10.671326     -36.894093
     -10.765398     -35.394133
     -10.886463     -33.935311
     -11.046303     -32.496721
     -11.177712     -31.052697
     -11.290218     -29.618777
     -11.386695     -28.131739
     -11.413761     -26.536054
     -11.377891     -24.888153
     -11.322729     -23.294369
     -11.252500     -21.832910
     -11.256521     -20.564176
     -11.270349     -19.467153
     -11.245050     -18.552035
     -11.170159     -17.756967
     -11.138205     -17.028132
     -11.145599     -16.323915
     -11.208155     -15.532699
     -11.312423     -14.689186
     -11.442885     -13.848287
     -11.547141     -13.009509
     -11.657432     -12.168176
     -11.785701     -11.319020
     -11.903379     -10.481208
     -12.050531      -9.658447
     -12.149973      -8.844981
     -12.225557      -8.023794
     -12.312594      -7.177604
     -12.367614      -6.321277
     -12.451840      -5.555505
     -12.563346      -4.976060
     -12.684202      -4.591614
     -12.822756      -4.328144
     -12.973220      -4.153700
     -13.121811      -4.035615
     -13.280180      -4.000364
     -13.439633      -4.070078
     -13.545495      -4.232245
     -13.621731      -4.446314
     -13.631593      -4.541469
     -13.624581      -4.449417
     -13.579661      -4.280188
     -13.513404      -4.159776
     -13.452565      -4.087563
     -13.413096      -4.025122
     -13.389032      -3.994757
     -13.389550      -3.986230
     -13.405273      -3.987431
     -13.426626      -3.988485
     -13.430045      -3.998643
     -13.433854      -3.993885
     -13.435322      -3.967247
     -13.443856      -3.970197
     -13.411849      -3.978891
     -13.352371      -3.993188
     -13.284593      -4.006690
     -13.196841      -3.987641
     -13.106411      -3.945557
     -13.025052      -3.920204
     -12.971915      -3.936498
     -12.938400      -3.958738
     -12.908444      -3.970572
     -12.883625      -3.958900
     -12.868374      -3.948015
     -12.846935      -3.937530
     -12.838027      -3.926723
     -12.859419      -3.930345
     -12.879189      -3.930475
     -12.908767      -3.934428
     -12.919099      -3.942180
     -12.932148      -3.932349
     -12.961222      -3.937435
     -12.988172      -3.947956
     -13.024355      -3.959785
     -13.053485      -3.962940
     -13.079614      -3.956891
     -13.104759      -3.948888
     -13.129915      -3.954880
     -13.129110      -3.958077
     -13.160390      -3.958943
     -13.171405      -3.964885
     -13.193434      -3.970894
     -13.207473      -3.969422
     -13.207910      -3.966045
     -13.215932      -3.941340
     -13.216684      -3.907444
     -13.214060      -3.890250
     -13.233520      -3.886764
     -13.259883      -3.894270
     -13.282469      -3.879427
     -13.302493      -3.853950
     -13.330339      -3.824638
     -13.349160      -3.771878
     -13.454733      -3.683915
     -13.530587      -3.489696
     -13.516198      -3.164231
     -13.480123      -2.754483
     -13.398546      -2.368671
     -13.327660      -2.109200
     -13.270784      -2.000729
     -13.214160      -1.973201
     -13.169826      -1.911295
     -13.120840      -1.804532
     -13.048937      -1.674516
     -12.972857      -1.558074
     -12.928436      -1.466057
     -12.873534      -1.440309
     -12.869064      -1.479027
     -12.852790      -1.524770
     -12.818515      -1.551249
     -12.723704      -1.574779
     -12.690660      -1.699155
     -12.745321      -1.884633
     -12.808507      -2.079253
     -13.052589      -2.516663
     -13.770814      -3.164711
     -13.651784      -3.792164
     -13.560605      -4.380891
     -13.380535      -4.793290
     -13.087074      -5.039508
     -12.786619      -5.028838
     -12.452781      -4.857284
     -12.040693      -4.729819
     -11.316393      -4.610752
     -10.397422      -4.474725
      -9.745701      -4.232857
      -9.131190      -3.924754
      -8.529327      -3.582328
      -8.280356      -2.880881
      -8.276770      -1.615855
      -8.024230       0.317384
      -7.457194       2.664618
      -6.704975       4.991381
      -5.895823       6.976264
      -5.229286       8.654451
      -4.832327      10.041817
      -4.578956      11.304616
      -4.355456      12.449388
      -4.241982      13.609789
      -4.244172      14.791362
      -4.237690      15.995588
      -4.279625      17.158452
      -4.358720      18.201883
      -4.506226      19.144819
      -4.714086      20.106925
      -4.971288      21.196784
      -5.250279      22.400172
      -5.450250      23.734981
      -5.650821      25.126579
      -5.799846      26.480560
      -5.925040      27.844771
      -6.030724      29.241097
      -6.119328      30.649081
      -6.215950      32.146331
      -6.244027      33.642537
      -6.288446      35.119235
      -6.338641      36.481081
      -6.396815      37.614353
      -6.465923      38.564946
      -6.505676      39.475288
      -6.515959      40.352682
      -6.525183      41.176334
      -6.536144      41.911716
      -6.579362      42.578858
      -6.622122      43.152200
      -6.653888      43.633070
      -6.678123      44.020481
      -6.695556      44.282677
      -6.741851      44.435261
      -6.779662      44.499636
      -6.803071      44.519127
      -6.801689      44.496959
      -6.783423      44.441711
      -6.745030      44.419164
      -6.690532      44.499767
      -6.647811      44.581520
      -6.614262      44.602182
      -6.577616      44.611279
      -6.549699      44.706365
      -6.499929      44.860284
      -6.447721      45.028172
      -6.406113      45.139811
      -6.413518      45.134449
      -6.411080      45.048722
      -6.404997      44.989967
      -6.363548      44.983259
      -6.314441      44.989277
      -6.226009      44.954306
      -6.157329      44.863592
      -6.112880      44.697059
      -6.081504      44.499223
      -6.077190      44.333516
      -6.074222      44.241941
      -6.033432      44.218370
      -5.982055      44.173113
      -5.974818      44.027033
      -6.002620      43.803095
      -6.034096      43.544847
      -6.050481      43.342994
      -6.035663      43.201183
      -6.052713      43.049032
      -6.089945      42.803786
      -6.207293      42.420616
      -6.392968      41.811239
      -6.641888      40.976239
      -6.913998      39.999982
      -7.167289      38.962928
      -7.387389      37.917815
      -7.561403      36.866580
      -7.707097      35.774775
      -7.845347      34.603681
      -7.971848      33.374723
      -8.046183      32.100961
      -8.102509      30.775948
      -8.135906      29.397285
      -8.153773      27.980829
      -8.188163      26.498217
      -8.196531      24.934040
      -8.194232      23.272309
      -8.203282      21.551713
      -8.212766      19.780122
      -8.233438      17.997760
      -8.246322      16.226520
      -8.286522      14.464167
      -8.324149      12.720569
      -8.367372      11.030108
      -8.384433       9.458501
      -8.375199       8.044361
      -8.345406       6.789085
      -8.339099       5.664324
      -8.337572       4.594374
      -8.341782       3.485073
      -8.363989       2.256033
      -8.440720       0.945501
      -8.526322      -0.313112
      -8.585301      -1.450123
      -8.620583      -2.460470
      -8.654768      -3.379064
      -8.676722      -4.171704
      -8.696095      -4.812235
      -8.719824      -5.351733
      -8.744855      -5.849000
      -8.753818      -6.296056
      -8.761748      -6.646565
      -8.766088      -6.908235
      -8.743909      -7.032032
      -8.674780      -6.997495
      -8.562812      -6.843513
      -8.410288      -6.702632
      -8.261332      -6.744475
      -8.135087      -6.866527
      -7.985017      -6.907812
      -7.821368      -6.930904
      -7.615695      -6.961643
      -7.354742      -6.940668
      -7.013723      -6.859458
      -6.462100      -6.724282
      -5.802318      -6.544202
      -5.049960      -6.419031
      -4.191260      -6.359393
      -3.236887      -6.322644
      -2.064890      -6.290630
      -0.680497      -6.302131
       0.816719      -6.432876
       2.325121      -6.610366
       3.645251      -6.913573
       4.678369      -7.501386
       5.320578      -8.470326
       5.549169      -9.464642
       5.443918     -10.295975
       5.434066     -10.911671
       5.467951     -11.382652
       5.539346     -11.755229
       5.522726     -12.157613
       5.551336     -12.553884
       5.465251     -12.886510
       5.466877     -13.107263
       5.386029     -13.240127
       5.391132     -13.319854
       5.238143     -13.348964
       4.987204     -13.253525
       4.435060     -13.029785
       3.924655     -12.671575
       3.762780     -12.297643
       3.784446     -12.076389
       3.742117     -12.043105
       3.765707     -12.247529
       3.857466     -12.724370
       4.002125     -13.302501
       4.217377     -13.901302
       4.296145     -14.510524
       4.225403     -14.931782
       4.299566     -15.358258
       4.360271     -15.712485
       4.259051     -15.947916
       4.201252     -16.218312
       4.171971     -16.595266
       3.984426     -17.041872
       3.818211     -17.433517
       3.731608     -17.595488
       3.696996     -17.447274
       3.603358     -17.267427
       3.365585     -17.335347
       3.214233     -17.673638
       3.156145     -18.002970
       3.083368     -18.115099
       2.957357     -17.944953
       2.811349     -17.714176
       2.736031     -17.636100
       2.710250     -17.731784
       2.695354     -17.949601
       2.619463     -18.091754
       2.691984     -18.126047
       2.787787     -18.020226
       2.746896     -17.751574
       2.696838     -17.501525
       2.736595     -17.349722
