       5.829610      -7.004141
       5.723563      -6.645942
       5.533209      -6.166213
       5.270843      -5.668535
       4.965624      -5.245931
       4.562736      -4.943215
       4.116603      -4.799055
       3.625542      -4.832073
       3.122890      -5.028137
       2.685012      -5.312216
       2.322875      -5.569406
       1.927215      -5.720561
       1.570230      -5.723577
       1.159207      -5.527630
       0.582697      -5.106659
      -0.410038      -4.461844
      -1.765361      -3.619384
      -3.154247      -2.660967
      -4.646286      -1.596492
      -6.340913      -0.449569
      -8.077789       0.609835
      -9.885226       1.328863
     -11.940503       1.559395
     -14.274823       1.233458
     -16.576075       0.458969
     -19.041537      -0.736706
     -21.412545      -2.179083
     -23.540378      -3.628652
     -25.385481      -4.888084
     -26.668709      -5.870222
     -27.394384      -6.431619
     -27.599958      -6.459028
     -27.385622      -6.013877
     -26.834168      -5.265486
     -25.979813      -4.396859
     -24.709240      -3.577688
     -23.003332      -2.992021
     -21.276271      -2.516390
     -19.559649      -1.890450
     -17.820044      -0.988766
     -16.073768       0.153594
     -14.485814       1.361528
     -13.108600       2.588599
     -12.013643       3.833942
     -11.377423       5.017609
     -11.032752       6.224044
     -10.796926       7.385017
     -10.573859       8.548810
     -10.375918       9.751079
     -10.078970      10.945459
      -9.819805      11.984647
      -9.590084      12.856818
      -9.392658      13.625823
      -9.210610      14.307784
      -9.039207      14.927232
      -8.847054      15.491100
      -8.643057      15.932591
      -8.453860      16.261041
      -8.322943      16.479670
      -8.320143      16.719080
      -8.376645      17.135071
      -8.477667      17.880583
      -8.571798      18.888727
      -8.613709      19.976821
      -8.578758      21.014074
      -8.565055      22.078418
      -8.533616      23.124879
      -8.529936      23.980635
      -8.602660      24.514791
      -8.661884      24.812434
      -8.669603      25.064101
      -8.648362      25.488335
      -8.550710      26.169057
      -8.391416      27.052615
      -8.283451      27.973103
      -8.190189      28.747993
      -8.134047      29.313115
      -8.144637      29.674480
      -8.161298      29.888320
      -8.192517      30.162142
      -8.175478      30.750068
      -8.074475      31.627960
      -7.991968      32.417037
      -7.975084      32.728734
      -8.008356      32.581649
      -8.065178      32.131767
      -8.111220      31.442759
      -8.075324      30.385356
      -7.993223      28.807484
      -8.093851      26.913821
      -8.336696      25.260592
      -8.518364      24.286941
      -8.597825      23.769250
      -8.629170      23.016249
      -8.740049      21.692219
      -8.936188      19.676836
      -9.261968      17.117757
      -9.675874      14.228983
     -10.147992      11.236752
     -10.553616       8.290675
     -10.879435       5.544859
     -11.135959       3.064151
     -11.295517       0.893530
     -11.421654      -0.949645
     -11.513487      -2.483108
     -11.528876      -3.723904
     -11.494422      -4.766463
     -11.361419      -5.690671
     -11.158826      -6.499866
     -10.941392      -7.273797
     -10.771026      -7.993026
     -10.619051      -8.544228
     -10.457152      -8.844393
     -10.258044      -8.962792
     -10.034962      -8.996035
      -9.802148      -8.969878
      -9.600567      -8.893326
      -9.462350      -8.755674
      -9.349261      -8.579283
      -9.245985      -8.398665
      -9.163174      -8.227107
      -9.077881      -8.027677
      -8.954242      -7.832657
      -8.885952      -7.652460
      -8.805564      -7.451140
      -8.760518      -7.254625
      -8.736070      -7.121098
      -8.719875      -7.014636
      -8.724978      -6.901655
      -8.730220      -6.782113
      -8.738531      -6.629717
      -8.733080      -6.463208
      -8.720900      -6.290300
      -8.721634      -6.127136
      -8.734957      -5.968406
      -8.736307      -5.837185
      -8.735058      -5.724438
      -8.737693      -5.654167
      -8.734568      -5.646669
      -8.743604      -5.739112
      -8.805504      -5.953812
      -8.944118      -6.231775
      -9.086096      -6.476955
      -9.200016      -6.618750
      -9.296694      -6.657314
      -9.378459      -6.672213
      -9.458917      -6.708012
      -9.521176      -6.755138
      -9.588169      -6.814155
      -9.640902      -6.855785
      -9.656126      -6.853759
      -9.645839      -6.817986
      -9.634794      -6.771281
      -9.616995      -6.736272
      -9.622794      -6.698315
      -9.633043      -6.632916
      -9.617680      -6.558920
      -9.611997      -6.587096
      -9.626603      -6.836146
      -9.681264      -7.285918
      -9.742374      -7.855579
      -9.808139      -8.510759
      -9.887079      -9.178307
      -9.970249      -9.845818
     -10.069767     -10.538829
     -10.180231     -11.173616
     -10.273892     -11.737699
     -10.399361     -12.262914
     -10.532013     -12.725711
     -10.642699     -13.111928
     -10.725120     -13.386226
     -10.786464     -13.605036
     -10.846236     -13.759534
     -10.864535     -13.836176
     -10.879879     -13.866218
     -10.871162     -13.884525
     -10.852594     -13.898064
     -10.830893     -13.934036
     -10.800331     -13.938473
     -10.790701     -13.889949
     -10.794114     -13.807177
     -10.833288     -13.723307
     -10.876017     -13.634982
     -10.924203     -13.513302
     -10.955552     -13.356440
     -10.971518     -13.204369
     -10.964260     -13.094021
     -10.977886     -13.009412
     -11.029753     -12.933661
     -11.156662     -12.851012
     -11.363171     -12.779997
     -11.635310     -12.718333
     -11.831631     -12.700498
     -12.004392     -12.705033
     -12.149254     -12.721296
     -12.300911     -12.731741
     -12.446458     -12.706794
     -12.550436     -12.625903
     -12.642480     -12.480885
     -12.687003     -12.325384
     -12.732518     -12.160791
     -12.785194     -11.979497
     -12.876177     -11.771274
     -13.004038     -11.568549
     -13.178090     -11.405792
     -13.352234     -11.290117
     -13.512268     -11.207793
     -13.647396     -11.177234
     -13.760178     -11.165306
     -13.882970     -11.129130
     -14.023662     -11.076081
     -14.176521     -11.026841
     -14.344007     -11.006007
     -14.471737     -10.993764
     -14.576054     -10.983570
     -14.659745     -10.980236
     -14.738249     -10.962339
     -14.834406     -10.908111
     -15.006168     -10.812034
     -15.269279     -10.680111
     -15.515747     -10.547263
     -15.698971     -10.464163
     -15.863524     -10.431630
     -16.048085     -10.430517
     -16.279026     -10.445886
     -16.576534     -10.472057
     -16.859441     -10.471677
     -17.047806     -10.445147
     -17.142675     -10.389254
     -17.125605     -10.322060
     -17.071704     -10.271995
     -16.989013     -10.230860
     -16.917144     -10.186848
     -16.840178     -10.125979
     -16.764932     -10.067359
     -16.707461     -10.033011
     -16.646570      -9.999728
     -16.600446      -9.965851
     -16.569156      -9.927293
     -16.539414      -9.916672
     -16.508941      -9.961782
     -16.471112      -9.981912
     -16.433701      -9.966404
     -16.412362      -9.966238
     -16.397254      -9.978850
     -16.383057     -10.027781
     -16.358571     -10.083026
     -16.321827     -10.099073
     -16.307088     -10.090580
     -16.303141     -10.104735
     -16.317585     -10.152268
     -16.337245     -10.201945
     -16.349006     -10.237610
     -16.354828     -10.267755
     -16.357499     -10.277333
     -16.374875     -10.239933
     -16.416160     -10.230755
     -16.497413     -10.259033
     -16.623641     -10.320265
     -16.778754     -10.434431
     -16.959355     -10.567310
     -17.173261     -10.692327
     -17.440974     -10.827890
     -17.698730     -10.979900
     -17.935865     -11.131740
     -18.196675     -11.279425
     -18.444597     -11.436686
     -18.703992     -11.594329
     -18.967789     -11.752883
     -19.191864     -11.894616
     -19.370896     -12.015495
     -19.499997     -12.118492
     -19.596427     -12.195938
     -19.683263     -12.256896
     -19.747485     -12.310406
     -19.820054     -12.353987
     -19.869550     -12.401259
     -19.913546     -12.433287
     -19.936129     -12.429623
     -19.932429     -12.398186
     -19.890730     -12.338349
     -19.796579     -12.246488
     -19.656802     -12.113582
     -19.499328     -11.930732
     -19.334093     -11.706681
     -19.148026     -11.416049
     -18.853641     -10.929601
     -18.371625     -10.260843
     -17.616142      -9.446617
     -16.571342      -8.470605
     -15.239204      -7.238265
     -13.581423      -5.630770
     -11.779302      -3.597506
      -9.911573      -1.004043
      -8.010859       2.168231
      -6.147970       6.016431
      -4.408527      10.231730
      -3.185022      14.045994
      -2.502218      17.031603
      -2.104393      19.197328
      -1.993427      20.779573
      -2.027923      21.742414
      -2.073593      22.185756
      -2.156071      22.262927
      -2.201447      22.087122
      -2.272483      21.733849
      -2.360383      21.256484
      -2.484028      20.585981
      -2.652031      19.606589
      -2.885442      18.195368
      -3.229062      16.433081
      -3.618177      14.459452
      -4.088310      12.479471
      -4.662239      10.481880
      -5.224205       8.559699
      -5.704200       6.757555
      -6.056737       5.233200
      -6.398227       3.855360
      -6.670866       2.491242
      -6.930827       1.184356
      -7.129341       0.088052
      -7.310826      -0.699660
      -7.447443      -1.206537
      -7.519587      -1.454548
      -7.554727      -1.538605
      -7.520726      -1.539122
      -7.456875      -1.523578
      -7.379226      -1.559355
      -7.279637      -1.671573
      -7.210135      -1.839708
      -7.172249      -2.002352
      -7.173109      -2.139059
      -7.187735      -2.267240
      -7.250362      -2.411617
      -7.332571      -2.602468
      -7.450967      -2.839175
      -7.618494      -3.098485
      -7.787338      -3.335209
      -7.938255      -3.567101
      -8.097061      -3.790539
      -8.240470      -3.991397
      -8.385409      -4.196831
      -8.532337      -4.400863
      -8.665715      -4.533511
      -8.755393      -4.551033
      -8.782579      -4.461942
      -8.794625      -4.304323
      -8.752162      -4.126120
      -8.693831      -3.929130
      -8.608346      -3.704338
      -8.514707      -3.455096
      -8.420015      -3.180852
      -8.314417      -2.948152
      -8.214012      -2.765580
      -8.128167      -2.657253
      -8.072226      -2.580220
      -8.019895      -2.520359
      -7.985546      -2.468088
      -7.984476      -2.445079
      -7.979870      -2.462325
      -8.007493      -2.483602
      -8.013548      -2.512651
      -8.034812      -2.528824
      -8.052570      -2.534962
      -8.062938      -2.519304
      -8.075112      -2.497919
      -8.080213      -2.474645
      -8.087747      -2.441634
      -8.126654      -2.418389
      -8.158651      -2.390645
      -8.179174      -2.341070
      -8.222247      -2.315838
      -8.266746      -2.310801
      -8.319384      -2.305286
      -8.360261      -2.283882
      -8.391844      -2.242311
      -8.425237      -2.207337
      -8.445392      -2.177272
      -8.474570      -2.146147
      -8.521770      -2.128509
      -8.552431      -2.130466
      -8.591171      -2.130506
      -8.618207      -2.116558
      -8.627417      -2.087500
      -8.659333      -2.041756
      -8.695327      -2.009047
      -8.742384      -1.994612
      -8.770369      -1.985583
      -8.798744      -1.973620
      -8.810244      -1.964001
      -8.811342      -1.958828
      -8.812955      -1.948603
      -8.845290      -1.962791
      -8.869247      -1.985619
      -8.904702      -2.002122
      -8.925239      -2.018649
      -8.938734      -2.008500
      -8.948353      -1.999339
      -8.960140      -2.007661
      -8.975283      -2.013251
      -8.979255      -2.010948
      -8.983370      -2.013903
      -8.960821      -2.004939
      -8.949619      -1.975352
      -8.940545      -1.936391
      -8.925640      -1.879475
      -8.933433      -1.827312
      -8.921898      -1.790057
      -8.904158      -1.766384
      -8.890454      -1.758610
      -8.867191      -1.766068
      -8.867170      -1.799290
      -8.860304      -1.852459
      -8.860845      -1.883058
      -8.852660      -1.880830
      -8.845218      -1.870434
      -8.826303      -1.886330
      -8.815620      -1.909593
      -8.786289      -1.939523
      -8.761739      -1.941911
      -8.738214      -1.942958
      -8.718991      -1.935525
      -8.707543      -1.944968
      -8.707079      -1.977033
      -8.706537      -1.999735
      -8.720270      -1.998865
      -8.747951      -1.998561
      -8.813634      -2.002939
      -8.871988      -2.019233
      -8.923314      -2.034322
      -8.962225      -2.025928
      -8.994161      -2.010522
      -9.009922      -1.996258
      -9.042373      -1.976870
      -9.072341      -1.960702
      -9.099519      -1.954426
      -9.119315      -1.951158
      -9.125634      -1.942588
      -9.144306      -1.924391
      -9.175807      -1.931889
      -9.219852      -1.958248
      -9.257701      -1.984776
      -9.298754      -2.004316
      -9.324427      -1.996964
      -9.348127      -1.987293
      -9.385546      -1.992855
      -9.411502      -1.998976
      -9.459635      -2.005752
      -9.494107      -2.007924
      -9.519270      -2.013183
      -9.545945      -2.000803
      -9.549037      -1.980455
      -9.549210      -1.961685
      -9.550984      -1.962940
      -9.544985      -1.971332
      -9.531997      -1.967741
      -9.527104      -1.984869
      -9.607297      -1.998325
      -9.698940      -1.939639
      -9.755380      -1.824129
      -9.778456      -1.719655
      -9.804012      -1.679751
      -9.837912      -1.709174
      -9.875784      -1.774853
      -9.916609      -1.844076
      -9.932581      -1.895698
      -9.903292      -1.895791
      -9.874244      -1.877306
      -9.860394      -1.889288
      -9.874545      -1.941587
      -9.879702      -2.020616
      -9.866315      -2.096203
      -9.838261      -2.125766
      -9.793690      -2.117570
      -9.743349      -2.103300
      -9.726376      -2.122596
      -9.721322      -2.160544
      -9.713676      -2.199178
      -9.694285      -2.239779
      -9.656984      -2.271799
      -9.609063      -2.271128
      -9.572564      -2.270012
      -9.548748      -2.287289
      -9.540966      -2.305143
      -9.542942      -2.320131
      -9.557822      -2.326557
      -9.568385      -2.326600
      -9.596490      -2.320680
      -9.634094      -2.308613
      -9.690548      -2.296041
      -9.731924      -2.272518
      -9.755141      -2.246668
      -9.780422      -2.225443
      -9.766988      -2.205567
      -9.771353      -2.156654
      -9.768914      -2.118198
      -9.796090      -2.094423
      -9.846976      -2.077852
