       7.077334      -9.551384
       6.857666     -10.502158
       6.629254     -11.531363
       6.394453     -12.537377
       6.174086     -13.489397
       5.926712     -14.434776
       5.692297     -15.310835
       5.445294     -16.200124
       5.126806     -17.048127
       4.734433     -17.772912
       4.323224     -18.342737
       3.795654     -18.648388
       3.067429     -18.555917
       2.195258     -18.108343
       1.228326     -17.211813
       0.163370     -15.151187
      -0.978997     -11.652009
      -1.904942      -7.095865
      -2.615887      -2.334466
      -3.012616       2.143100
      -3.298119       5.823337
      -3.551599       8.607950
      -3.821007      10.694938
      -4.025141      12.032967
      -4.244323      12.722479
      -4.444043      13.085149
      -4.636320      13.328474
      -4.802153      13.494223
      -4.916490      13.737994
      -5.022267      14.052878
      -5.119825      14.532374
      -5.129250      15.278907
      -5.080129      16.259516
      -5.021299      17.308535
      -5.017404      18.276455
      -5.058425      19.004687
      -5.138619      19.448508
      -5.186316      19.672314
      -5.235608      19.892967
      -5.261935      20.126015
      -5.279257      20.367228
      -5.332421      20.505646
      -5.389195      20.535262
      -5.450308      20.436708
      -5.520883      20.142992
      -5.616526      19.631432
      -5.749111      18.999656
      -5.894911      18.431479
      -6.038783      18.107167
      -6.139720      17.839253
      -6.213271      17.430142
      -6.267410      16.877100
      -6.386575      16.168154
      -6.533738      15.402753
      -6.588249      14.624317
      -6.618768      13.604055
      -6.488510      11.579139
      -6.228027       7.636762
      -6.009112       1.861325
      -5.715985      -5.115461
      -5.163592     -12.675426
      -4.257185     -20.529108
      -3.339206     -28.464309
      -2.468783     -36.544057
      -1.592891     -44.825639
      -0.756459     -53.286040
      -0.053036     -61.977460
       0.560421     -70.624409
       0.860175     -79.406179
       0.814205     -88.144183
       0.599301     -96.632608
       0.702221    -104.726527
       1.042509    -112.533424
       1.610046    -120.708494
       2.347846    -129.270533
       3.471573    -137.229766
       4.722014    -144.330317
       6.087664    -150.505556
       7.144995    -155.858948
       7.825598    -160.621706
       8.286638    -165.216975
       8.649731    -169.735930
       8.961301    -174.024079
       9.079480    -177.931108
       8.826044     178.865288
       8.311867     176.235035
       7.761172     174.209967
       7.309862     172.497672
       6.939117     170.978589
       6.637294     169.523153
       6.329674     168.321331
       6.075527     167.734195
       5.818885     168.134958
       5.517386     169.153534
       5.168275     170.189012
       4.771251     171.135258
       4.290465     172.181519
       3.740608     173.238096
       2.919147     174.082208
       1.987195     174.480192
       1.040905     174.382683
       0.202293     173.894455
      -0.507899     173.199026
      -1.031025     172.370962
      -1.339639     171.105766
      -1.099714     168.886203
      -0.491484     165.926042
       0.083506     163.090375
       0.585489     160.985002
       0.826040     159.477100
       0.818567     158.530641
       0.768515     157.965565
       0.749984     157.433361
       0.857819     157.177746
       0.892395     157.624165
       1.107279     158.929597
       1.488117     159.766374
       1.894515     160.027808
       2.559310     160.216844
       3.870207     161.112294
       5.816750     162.269063
       8.062414     162.436105
      10.434910     161.118181
      12.342332     158.376051
      13.669839     155.749810
      14.086778     154.109001
      13.897064     153.544110
      13.744480     153.948049
      13.718835     154.643147
      13.963430     155.317652
      14.287620     155.709419
      14.762211     155.930832
      15.147788     156.024543
      15.364336     156.377513
      15.317171     157.310556
      15.188045     159.606481
      15.267717     164.559275
      15.865336     171.266592
      16.447049     178.781184
      17.609741    -173.947396
      18.846674    -168.409749
      19.915268    -164.207374
      20.469175    -160.969556
      20.412226    -158.279659
      20.379694    -156.200357
      20.486211    -154.770829
      20.772416    -153.727618
      20.885606    -152.795837
      20.913821    -151.661702
      20.925060    -150.356193
      20.886119    -148.936465
      20.648783    -147.336484
      20.161261    -145.335934
      19.339708    -142.706760
      18.141585    -139.734825
      16.346772    -136.789642
      13.770913    -134.098608
      10.684892    -131.803393
       7.328958    -129.532297
       4.111356    -127.242230
       1.450081    -124.645092
      -0.864817    -121.316846
      -2.828875    -117.327909
      -4.699054    -112.692385
      -6.435750    -107.769151
      -8.186993    -102.664973
     -10.047483     -97.078949
     -12.103825     -90.959799
     -14.240581     -84.235629
     -16.121458     -76.622808
     -17.098320     -67.454210
     -16.678767     -57.553119
     -15.208318     -47.859229
     -13.742129     -39.444849
     -12.759053     -32.189376
     -12.018100     -25.933139
     -11.619640     -20.269915
     -11.307095     -15.025946
     -11.003764     -10.154886
     -10.610372      -5.757462
     -10.199514      -1.959501
      -9.737553       1.344393
      -9.266016       4.164227
      -8.831807       6.552103
      -8.339399       8.683799
      -7.857340      10.706327
      -7.575190      12.583004
      -7.374700      14.439470
      -7.264524      16.283793
      -7.113443      17.953340
      -7.047724      19.298446
      -7.017217      20.470544
      -6.978174      21.735823
      -6.811391      23.378498
      -6.545708      25.130365
      -6.285252      26.557150
      -6.117729      27.372603
      -5.905763      27.367302
      -5.757880      26.611466
      -5.608851      25.350593
      -5.593651      24.040814
      -5.681761      22.793642
      -5.788200      21.627487
      -5.796283      20.700918
      -5.927068      19.899696
      -5.932465      19.309832
      -6.098231      18.796639
      -6.354310      18.272081
      -6.756336      17.841994
      -7.125457      17.519196
      -7.323869      17.524329
      -7.375270      17.602067
      -7.474087      17.511162
      -7.608227      17.148387
      -7.814432      16.713898
      -7.758284      16.363418
      -7.695583      16.092856
      -7.712019      15.781474
      -7.700444      15.455370
      -7.705496      15.044630
      -7.674079      14.571501
      -7.640332      13.864727
      -7.688721      12.937962
      -7.690348      11.837171
      -7.745754      10.616881
      -7.771334       9.386198
      -7.797165       8.064484
      -7.938922       6.635128
      -8.082798       5.299594
      -8.199814       4.188389
      -8.208032       3.482047
      -8.077265       3.264924
      -7.831876       3.184622
      -7.651201       2.896415
      -7.682830       2.226315
      -7.809963       1.413847
      -7.820304       0.675785
      -7.712965       0.040279
      -7.499953      -0.602079
      -7.337693      -1.312587
      -7.321958      -2.149025
      -7.327068      -3.020982
      -7.348064      -3.915000
      -7.323844      -4.632074
      -7.310253      -5.014620
      -7.321606      -5.078726
      -7.202619      -4.934139
      -7.026380      -4.674374
      -6.939184      -4.403839
      -6.989017      -4.115504
      -7.087189      -3.772435
      -7.147902      -3.458689
      -7.181546      -3.166690
      -7.207931      -2.990614
      -7.266398      -2.984253
      -7.336814      -3.183190
      -7.403164      -3.649619
      -7.563501      -4.274936
      -7.727832      -4.914057
      -7.812507      -5.517131
      -7.902675      -6.048901
      -7.891726      -6.391017
      -7.867587      -6.503937
      -7.881472      -6.523163
      -7.989284      -6.567646
      -8.131185      -6.652196
      -8.297303      -6.855363
      -8.437520      -7.211716
      -8.595476      -7.667367
      -8.741461      -8.136900
      -8.821622      -8.514215
      -8.863476      -8.854524
      -8.885967      -9.082016
      -8.891424      -9.140184
      -8.886466      -9.084691
      -8.846494      -8.963873
      -8.823270      -8.835190
      -8.787101      -8.756967
      -8.735776      -8.767424
      -8.714565      -8.765488
      -8.665904      -8.665261
      -8.602033      -8.454877
      -8.519927      -8.120503
      -8.433435      -7.705527
      -8.392970      -7.268143
      -8.364384      -6.773876
      -8.375882      -6.195314
      -8.409009      -5.604329
      -8.418605      -5.073278
      -8.441584      -4.708350
      -8.481046      -4.496024
      -8.535498      -4.343724
      -8.621750      -4.174307
      -8.711589      -3.990396
      -8.846021      -3.835353
      -9.020833      -3.676330
      -9.191072      -3.463056
      -9.376992      -3.230313
      -9.544092      -2.997084
      -9.723487      -2.749822
      -9.912317      -2.412812
     -10.053288      -1.916090
     -10.188526      -1.190929
     -10.282502      -0.183557
     -10.312050       1.033950
     -10.259787       2.372491
     -10.206999       3.683835
     -10.147698       4.935084
     -10.123885       6.061457
     -10.098860       6.923263
     -10.124371       7.329410
     -10.231031       7.352438
     -10.314397       7.238202
     -10.393821       7.212329
     -10.452106       7.321211
     -10.463592       7.549721
     -10.467716       7.717590
     -10.478494       7.741038
     -10.499426       7.614114
     -10.550896       7.357936
     -10.620897       7.021410
     -10.700924       6.659361
     -10.762706       6.296930
     -10.811228       5.933306
     -10.890294       5.634683
     -10.940317       5.466140
     -10.964825       5.394635
     -10.969230       5.307055
     -10.923221       5.227749
     -10.876847       5.180227
     -10.831044       5.159476
     -10.765047       5.142085
     -10.711613       5.080803
     -10.652328       4.990762
     -10.609836       4.878602
     -10.615342       4.754928
     -10.666045       4.669008
     -10.741444       4.620632
     -10.809066       4.553776
     -10.904948       4.458350
     -11.026696       4.319362
     -11.126609       4.237118
     -11.204338       4.378577
     -11.143225       5.207942
     -10.851917       6.570704
     -10.183035       8.225644
      -9.274242       9.934684
      -8.291244      11.501482
      -7.360355      12.799227
      -6.485498      13.824281
      -5.731357      14.506917
      -5.066534      14.839702
      -4.439997      14.883344
      -3.803215      14.733751
      -3.156340      14.441442
      -2.400013      13.943826
      -1.723221      13.283040
      -1.253258      12.482458
      -1.071857      11.486505
      -1.190691      10.466732
      -1.531129       9.446864
      -2.065738       8.545000
      -2.714729       7.680057
      -3.339274       6.961039
      -3.910513       6.254291
      -4.369190       5.607886
      -4.790048       4.955116
      -5.161122       4.335386
      -5.460564       3.828416
      -5.730907       3.397931
      -5.978221       2.951783
      -6.229234       2.497941
      -6.454050       2.055841
      -6.661086       1.637438
      -6.818541       1.326761
      -6.940016       1.191435
      -7.035956       1.177939
      -7.092386       1.186255
      -7.145044       1.165045
      -7.203513       1.098967
      -7.249144       1.004850
      -7.270891       0.919858
      -7.293855       0.867599
      -7.321326       0.840209
      -7.333807       0.834417
      -7.372014       0.821631
      -7.404867       0.788937
      -7.456082       0.747516
      -7.507544       0.694546
      -7.577555       0.651811
      -7.675422       0.627589
      -7.743097       0.628814
      -7.844691       0.631170
      -7.891937       0.619553
      -7.933477       0.607840
      -7.979052       0.610248
      -8.005869       0.622027
      -8.018634       0.648771
      -8.036499       0.666067
      -8.035878       0.665886
      -8.050973       0.620284
      -8.075293       0.503567
      -8.114990       0.358568
      -8.151703       0.219909
      -8.152660       0.106317
      -8.137870      -0.007279
      -8.037197      -0.211717
      -7.601814      -0.725448
      -6.953924      -1.857874
      -6.154115      -3.646795
      -5.346822      -5.871972
      -4.474019      -8.169499
      -3.611118     -10.266845
      -3.162670     -11.994824
      -3.073641     -13.286168
      -3.108655     -14.268310
      -3.276162     -14.998363
      -3.456687     -15.482130
      -3.525330     -15.787320
      -3.746022     -15.890335
      -3.978740     -15.629158
      -4.492998     -15.135283
      -5.910750     -14.287812
      -8.079149     -12.740191
      -9.438767     -11.211094
      -8.884269     -10.398295
      -7.506189      -9.481370
      -6.005745      -8.985711
      -5.529648      -8.772434
      -6.042154      -8.952160
      -6.743755      -9.213452
      -7.433478      -9.171944
      -7.692548      -8.834258
      -7.839481      -8.606636
      -8.055538      -8.492921
      -8.413272      -8.383912
      -8.786785      -8.449684
      -9.072756      -8.764301
      -9.287980      -9.128630
      -9.509704      -9.168283
      -9.703774      -8.979583
      -9.826952      -8.613945
      -9.884553      -8.258401
     -10.024541      -7.964975
     -10.108818      -7.718400
     -10.298655      -7.435950
     -10.482489      -7.132268
     -10.619389      -6.834029
     -10.750003      -6.510145
     -10.800478      -6.255108
     -10.921034      -6.088420
     -10.959361      -5.813998
     -10.839636      -5.435860
     -10.437058      -5.152863
      -9.762226      -4.722607
      -9.107032      -4.077912
      -8.449108      -3.426451
      -7.811049      -2.564067
      -7.132012      -1.470709
      -6.654890      -0.377629
      -6.364995       0.201376
      -6.329708       0.308250
      -6.376628       0.403043
      -6.667858       0.547919
      -6.956364       0.510306
      -7.097195       0.530737
      -7.065503       0.776190
      -7.199354       1.212234
      -7.382795       1.577326
      -7.489584       1.764727
      -7.581673       1.806618
      -7.649038       2.005548
      -7.677290       2.523146
      -7.622033       3.284298
      -7.506726       3.951396
      -7.379811       4.573144
      -7.420148       5.334985
      -7.449116       6.308188
      -7.350963       7.520676
      -7.220023       9.037261
      -7.079636      10.708605
      -7.092778      12.341364
      -7.168874      13.853828
      -7.287981      15.201754
      -7.485372      16.254267
      -7.694282      16.983151
      -7.978405      17.408888
      -8.191732      17.560496
      -8.378324      17.433925
      -8.526426      17.126361
      -8.657653      16.692095
      -8.812279      16.166760
      -8.982295      15.539689
      -9.167471      14.931155
      -9.313198      14.394298
      -9.401943      13.829913
      -9.550499      13.215809
      -9.680022      12.558142
      -9.807323      11.949478
      -9.917157      11.417597
     -10.004061      10.984575
     -10.103068      10.655261
     -10.165223      10.411402
     -10.195754      10.250856
     -10.181082      10.166809
     -10.021495      10.115219
      -9.592120      10.050150
      -8.708384       9.952309
      -7.142390       9.875537
      -5.290033       9.843199
      -3.038329       9.762842
      -0.852955       9.631998
       1.099953       9.524480
       3.102830       9.531962
       4.979173       9.635018
       6.600400       9.660003
       8.018457       9.558797
       9.135161       9.380843
      10.058389       9.243518
      10.795486       9.294391
      11.433246       9.737563
      12.011897      10.450619
      12.662205      11.012673
      13.516160      11.137984
      14.704742      10.814646
      16.007851      10.102205
      17.293383       9.248932
      18.387252       8.469580
      19.118410       7.694870
      19.448624       7.004738
      19.536358       6.462869
      19.530903       6.096155
      19.507198       5.783241
      19.487387       5.521898
      19.510973       5.348464
      19.525062       5.362327
      19.443108       5.482505
      19.167386       5.703068
      18.676616       5.941616
      18.147610       6.118808
      17.634486       6.235279
      17.145556       6.368054
      16.783809       6.559095
      16.536629       6.806410
      16.302381       7.064269
      15.978347       7.345869
      15.502158       7.636496
      14.958123       7.974269
      14.392105       8.477112
      13.771463       9.451468
      13.175575      11.529856
      12.679649      15.050817
      12.137409      19.448130
      11.312184      23.964158
      10.340552      27.858410
       9.144629      30.925737
       7.758464      33.108864
       6.290367      34.641408
       4.952603      35.869968
       3.718444      37.097814
       2.622165      38.266455
       1.543408      39.326454
       0.528635      40.082787
      -0.401066      40.534741
      -1.209423      40.549147
      -1.869756      40.332472
      -2.428048      39.938492
      -2.883352      39.465302
      -3.297464      38.610869
      -3.636457      37.031722
      -3.940950      34.376649
      -4.147237      30.926810
      -4.253793      27.055808
      -4.410756      23.237481
      -4.707893      19.775904
      -5.085690      16.977992
      -5.418280      14.786019
      -5.784867      13.057822
      -6.109734      11.480359
      -6.382814       9.894527
      -6.720231       8.298608
      -7.068753       6.889455
      -7.371714       5.715802
      -7.572692       4.956800
      -7.676029       4.457929
      -7.683944       4.150347
      -7.638077       3.894211
      -7.613644       3.653311
      -7.554595       3.318032
      -7.486904       2.817835
      -7.498111       2.197156
      -7.514557       1.602055
      -7.492983       1.221605
      -7.507355       1.085011
      -7.510084       1.034268
      -7.522358       1.007185
      -7.576210       0.914442
      -7.664956       0.781070
      -7.759728       0.693971
      -7.837471       0.650258
      -7.921276       0.635392
      -8.005379       0.621692
      -8.060524       0.590777
      -8.109006       0.548451
      -8.126929       0.466233
      -8.157580       0.320736
      -8.199645       0.134784
      -8.221446      -0.040989
      -8.247704      -0.148223
      -8.290865      -0.181497
      -8.333783      -0.151456
      -8.381961      -0.115853
      -8.431123      -0.103032
      -8.493217      -0.120561
      -8.551985      -0.152764
      -8.587515      -0.166663
      -8.633596      -0.168207
      -8.675475      -0.153710
      -8.713935      -0.129358
      -8.758173      -0.114002
      -8.794754      -0.102355
      -8.832345      -0.095185
      -8.892226      -0.094625
      -8.966901      -0.085609
      -9.076733      -0.075468
      -9.210533      -0.068918
      -9.335445      -0.052830
      -9.443167      -0.032081
      -9.518110       0.001449
      -9.579395       0.063417
      -9.616540       0.123007
      -9.643626       0.156009
      -9.666450       0.174156
      -9.658957       0.205810
      -9.626520       0.280476
      -9.609588       0.365482
      -9.616052       0.416466
      -9.657337       0.425136
      -9.695126       0.411440
      -9.719518       0.399568
      -9.736460       0.405362
      -9.737276       0.426184
      -9.727466       0.455280
      -9.733927       0.460800
      -9.732162       0.466516
      -9.727951       0.471331
      -9.705962       0.468903
      -9.659483       0.477070
      -9.634823       0.474390
      -9.626986       0.454912
      -9.636957       0.416406
      -9.667017       0.387904
      -9.693455       0.376632
      -9.735663       0.377204
      -9.768796       0.378322
      -9.818889       0.395735
      -9.854767       0.388004
      -9.873953       0.405562
      -9.903319       0.417993
      -9.921229       0.421211
      -9.930405       0.439597
      -9.954524       0.454543
      -9.984266       0.468458
     -10.025245       0.487356
     -10.071396       0.500317
     -10.110287       0.507142
     -10.155461       0.499411
     -10.179256       0.498858
     -10.206703       0.521740
     -10.248809       0.544085
     -10.277894       0.553744
     -10.316491       0.550980
     -10.344158       0.541267
     -10.361660       0.554689
     -10.385964       0.575340
     -10.408911       0.580972
     -10.448610       0.566032
     -10.500717       0.550235
     -10.555116       0.551399
     -10.593241       0.561575
     -10.623076       0.565387
     -10.633957       0.577020
     -10.662985       0.612149
     -10.699341       0.636389
     -10.723149       0.642138
     -10.758999       0.632041
     -10.768587       0.623867
     -10.744757       0.635148
     -10.727133       0.655928
     -10.708827       0.668042
     -10.731390       0.668089
     -10.762978       0.631715
     -10.789358       0.587546
     -10.792415       0.565215
     -10.779184       0.544781
     -10.751146       0.514844
     -10.723911       0.510294
     -10.731083       0.497861
     -10.719062       0.475145
     -10.720490       0.440025
     -10.714662       0.401645
     -10.683217       0.374865
     -10.665930       0.355300
     -10.656428       0.321623
     -10.665167       0.273488
     -10.683053       0.217063
     -10.694418       0.169421
     -10.708352       0.122865
     -10.743112       0.035611
     -10.772028      -0.129681
     -10.687729      -0.430725
      -9.989528      -1.036697
      -8.442828      -1.964616
      -6.623993      -3.144112
      -4.876995      -4.433190
      -3.229833      -5.798186
      -1.729615      -7.356944
      -0.250743      -9.274076
       1.199697     -11.551852
       2.727978     -14.100706
       4.356180     -16.823702
       6.072741     -19.569676
       7.719006     -22.237588
       9.094458     -24.612881
      10.312201     -26.733093
      11.471555     -28.740907
      12.786440     -30.613335
      14.444325     -32.419383
      16.527574     -34.101171
      18.706901     -35.471622
      20.951676     -36.611781
      22.803822     -37.668261
      24.113482     -38.719027
      25.064035     -39.717068
      25.850849     -40.396009
      26.562422     -40.850083
      27.224826     -41.201333
      27.874984     -41.487315
      28.608142     -41.630466
      29.320257     -41.509822
      29.878116     -41.252113
      30.079932     -41.117826
      29.958800     -41.107690
      29.813165     -41.186582
      29.787282     -41.266932
      29.804340     -41.299824
      29.706624     -41.326562
      29.520432     -41.352663
      29.341458     -41.405459
      29.249517     -41.473880
      29.238538     -41.532465
      29.226543     -41.553103
      29.165342     -41.517176
      29.064550     -41.468984
      28.964560     -41.396663
      28.872440     -41.326202
      28.869064     -41.232025
      28.968881     -41.108782
      29.032126     -40.958545
      29.032700     -40.831607
      29.043290     -40.717527
      29.108107     -40.650408
      29.458763     -40.638963
      30.208449     -40.873673
      31.116792     -41.240578
      31.792616     -41.555381
      32.012318     -41.798834
      31.940051     -42.000804
      31.797276     -42.176997
      31.743038     -42.278849
      31.790401     -42.337891
      31.884904     -42.350884
      31.976238     -42.304339
      32.099810     -42.263156
      32.288916     -42.243937
      32.584573     -42.335681
      33.012443     -42.500820
      33.560895     -42.852342
      34.178949     -43.396790
      34.753270     -44.165511
      35.188217     -44.826144
      35.532038     -45.362398
      35.736242     -45.732907
      35.824623     -46.002889
      35.860924     -46.047627
      35.762921     -45.883644
      35.637676     -45.575976
      35.491883     -45.345078
      35.430543     -45.383716
      35.453607     -45.720686
      35.541371     -46.094269
      35.677630     -46.433892
      35.870869     -46.597146
      35.960158     -46.752959
      35.902704     -46.937997
      35.725712     -47.243276
      35.355876     -47.536062
      34.741060     -47.707180
      33.888045     -47.842084
      32.677204     -47.949997
      31.150075     -48.057235
      29.009818     -48.120955
      26.290849     -48.153982
      23.359266     -48.116481
      20.676541     -48.057706
      18.319975     -47.922093
      16.417800     -47.828227
      14.720362     -47.641892
      12.898175     -47.249464
      10.958988     -46.549363
       8.625523     -45.086296
       5.731812     -42.128519
       2.298685     -37.170941
      -0.871428     -30.938304
      -3.543423     -24.214243
      -5.183044     -17.534828
      -5.944696     -11.059468
