       4.970423       1.325907
       4.968211       1.334118
       4.967243       1.341539
       4.975256       1.334822
       4.999100       1.346568
       5.037039       1.371225
       5.024444       1.391183
       5.061098       1.414549
       5.068160       1.451904
       5.065184       1.488772
       5.032158       1.476482
       4.961068       1.361799
       4.830492       1.241031
       4.659925       1.178585
       4.422101       1.215451
       4.069496       1.316242
       3.548549       1.464232
       2.941189       1.517958
       2.330570       1.484604
       1.672331       1.479882
       1.207481       1.478326
       0.727457       1.528318
       0.138021       1.620497
      -0.481168       1.739357
      -1.070398       1.911973
      -1.564058       1.983284
      -1.956037       1.947399
      -2.309564       1.889426
      -2.720311       1.894167
      -3.298416       1.964766
      -4.122450       2.181411
      -5.101938       2.618611
      -6.194012       3.259829
      -7.205048       3.782265
      -8.292163       4.027994
      -9.233435       4.023876
      -9.875194       3.914777
     -10.471501       3.805959
     -11.054080       3.891488
     -11.390873       4.370594
     -11.403134       4.916549
     -11.234092       4.781653
     -11.086937       3.589665
     -10.838398       1.532559
     -10.378709      -1.251608
      -9.809730      -4.143625
      -9.179782      -6.672615
      -8.396835      -8.481685
      -7.895976      -9.523351
      -7.631817      -9.976254
      -7.552787     -10.357372
      -7.550248     -11.039243
      -7.653706     -11.903890
      -7.736397     -12.704220
      -7.562999     -13.470572
      -7.173182     -14.347886
      -6.636376     -15.212114
      -6.117711     -15.958116
      -5.507270     -16.651135
      -4.847448     -17.553465
      -4.182939     -18.579324
      -3.727196     -19.786096
      -3.562791     -20.937895
      -3.456392     -21.842620
      -3.312186     -22.681063
      -3.179155     -23.724313
      -3.102509     -25.074709
      -2.973507     -26.561181
      -3.003599     -28.180027
      -3.214503     -29.936808
      -3.507788     -31.437902
      -3.759305     -32.724074
      -4.250504     -33.522865
      -4.833735     -34.038275
      -5.114398     -33.490733
      -4.573393     -31.256191
      -3.885167     -27.242857
      -2.700755     -22.500683
      -1.697758     -18.865550
      -0.971661     -16.433662
      -0.409025     -15.089910
      -0.004049     -14.768621
       0.229841     -15.585001
       0.312410     -17.767496
       0.368737     -20.891454
       0.496996     -24.393900
       0.774313     -27.815496
       0.962810     -31.351518
       1.132017     -34.345084
       1.275397     -36.581150
       1.452578     -36.983698
       1.673838     -34.526078
       1.552866     -28.871140
       0.792437     -21.646833
      -0.292421     -14.516856
      -1.562730      -8.452527
      -2.777982      -4.085121
      -3.895497      -1.210619
      -4.691652       0.688957
      -5.027287       2.272156
      -5.050580       3.844346
      -4.963206       5.219867
      -5.078673       5.988494
      -5.424078       6.043779
      -5.835166       5.471328
      -6.250602       4.434972
      -6.449599       2.860861
      -6.488505       0.792194
      -6.431867      -1.742447
      -6.303424      -4.772153
      -6.203294      -7.976654
      -6.170539     -11.480294
      -6.145618     -15.408651
      -6.280012     -20.197537
      -6.596288     -25.800202
      -7.069788     -31.881684
      -7.412888     -38.018917
      -7.968725     -44.203741
      -8.408586     -50.138484
      -8.696081     -55.755433
      -8.912929     -61.165695
      -8.944866     -66.722990
      -9.208026     -71.994147
      -9.552640     -76.817983
      -9.869138     -81.170318
     -10.077971     -84.872618
     -10.300967     -87.910395
     -10.506215     -90.399658
     -10.709431     -92.878741
     -10.823045     -95.295615
     -10.895554     -98.110183
     -10.730273    -101.478334
     -10.481879    -105.173188
     -10.068390    -108.968350
     -10.117301    -112.133769
     -10.783559    -114.211021
     -11.738272    -114.652690
     -12.475042    -114.321392
     -13.054008    -113.974416
     -14.011773    -114.136087
     -15.323116    -114.602361
     -16.831880    -114.906294
     -18.229650    -115.066867
     -19.495175    -114.961344
     -20.633128    -114.691993
     -21.892120    -114.236851
     -23.353984    -113.179331
     -24.703154    -111.641044
     -25.805351    -109.985420
     -26.514959    -108.719155
     -27.083610    -107.934814
     -27.420496    -107.574472
     -27.423738    -107.191622
     -27.088103    -106.784943
     -26.437121    -106.441037
     -25.806436    -106.497631
     -25.372141    -106.889796
     -25.113723    -107.534974
     -24.915369    -108.234823
     -24.653704    -108.929766
     -24.308479    -109.550862
     -24.049384    -109.983798
     -23.715760    -110.139534
     -23.138767    -110.175310
     -22.288091    -110.635892
     -21.186710    -111.752745
     -20.027544    -113.426534
     -18.764397    -115.539252
     -17.542574    -117.764390
     -16.619250    -119.888648
     -15.874987    -121.805715
     -15.343882    -123.640330
     -14.931432    -125.572949
     -14.665770    -127.550408
     -14.569789    -129.144134
     -14.565880    -129.938529
     -14.518459    -130.449177
     -14.427675    -131.552285
     -14.337846    -133.583949
     -14.294772    -136.354987
     -14.203522    -139.114962
     -14.038200    -141.474708
     -13.832526    -143.447349
     -13.821965    -144.776104
     -14.041380    -144.282747
     -14.162942    -141.674827
     -14.428735    -137.301660
     -14.692999    -131.756940
     -14.785069    -126.014093
     -15.063606    -120.268050
     -15.300527    -114.166880
     -15.397348    -108.989614
     -15.796585    -104.757417
     -15.819165    -101.058784
     -15.560050     -97.945180
     -15.197978     -95.137898
     -14.651681     -92.185411
     -14.303504     -88.932167
     -14.120325     -85.442298
     -14.236232     -82.130799
     -14.565453     -79.360523
     -15.024785     -77.284481
     -15.437494     -75.448059
     -15.686229     -73.806211
     -15.811343     -72.493503
     -15.768036     -71.502588
     -15.735979     -70.679667
     -15.772841     -69.812154
     -15.754489     -69.415437
     -15.812734     -69.438887
     -15.817152     -69.893490
     -15.728954     -70.895902
     -15.665706     -72.484192
     -15.619631     -74.471361
     -15.623882     -76.451224
     -15.733052     -78.175331
     -15.889071     -79.508040
     -16.049809     -80.596757
     -16.124732     -81.664360
     -16.240025     -83.073780
     -16.578020     -84.778450
     -17.033785     -86.608858
     -17.534335     -88.341213
     -18.119004     -89.806975
     -18.816688     -91.010895
     -19.757452     -91.967981
     -20.879567     -92.617317
     -22.025800     -93.078977
     -22.949909     -93.361209
     -23.630793     -93.640536
     -24.116304     -93.956262
     -24.237040     -94.194499
     -23.915592     -94.055277
     -23.150546     -93.340003
     -22.094374     -92.279948
     -20.988767     -91.147134
     -19.846832     -89.787158
     -18.855491     -88.263228
     -18.054733     -86.922797
     -17.400404     -85.778278
     -16.888225     -84.734008
     -16.462332     -83.943343
     -16.166208     -83.499926
     -16.016988     -83.340062
     -15.991950     -83.148656
     -15.912347     -82.948052
     -15.792386     -83.128723
     -15.765250     -83.812213
     -15.801587     -84.745772
     -15.695555     -85.066637
     -14.921383     -83.356012
     -13.553946     -79.866586
     -11.996715     -75.462222
     -10.268757     -71.005204
      -8.699647     -67.416262
      -7.749337     -65.583066
      -7.494369     -65.431075
      -7.638780     -66.175905
      -7.701948     -66.536199
      -7.586899     -66.282069
      -7.174055     -65.562268
      -6.255260     -64.703605
      -4.772550     -63.750521
      -2.871862     -62.813514
      -0.704387     -61.713859
       1.686813     -60.576301
       4.182480     -59.355944
       6.685421     -58.051931
       8.802943     -56.678389
      10.404830     -55.284030
      11.546371     -53.807067
      12.448094     -52.311881
      13.122047     -50.522787
      13.152951     -48.230694
      12.918563     -46.211013
      12.474473     -44.825819
      12.003010     -44.404181
      11.238855     -45.275696
      10.308242     -47.999364
       8.763005     -53.762305
       6.863196     -64.108785
       4.726705     -79.162881
       2.241542     -97.823754
       0.235146    -120.767663
      -0.934717    -139.702691
      -1.675264    -155.501752
      -1.990333    -167.980601
      -2.302421    -177.602928
      -3.052727     175.536051
      -4.527252     169.722136
      -6.469111     163.598614
      -8.124386     157.162689
      -9.451369     150.589815
     -10.525357     144.048444
     -11.562812     137.807946
     -12.076104     131.920360
     -11.929817     127.113335
     -11.454997     123.732594
     -10.591911     121.609132
     -10.020711     119.740140
      -9.756112     118.012225
      -9.516242     116.983624
      -9.039763     116.820904
      -8.766256     117.130636
      -8.404997     117.666609
      -7.867620     118.111852
      -7.364419     118.354965
      -6.829579     118.530566
      -6.380612     118.843582
      -5.992964     119.061128
      -5.636928     119.158210
      -5.389931     118.963822
      -5.235078     118.692392
      -5.114957     118.410957
      -5.113624     118.377958
      -5.225471     118.614748
      -5.498657     118.823134
      -5.666575     118.813643
      -5.804861     118.531372
      -5.936895     118.367584
      -6.097001     119.310808
      -6.955873     123.366316
      -8.178391     130.768740
      -9.787176     140.282949
     -11.262647     153.138247
     -12.500683     169.213567
     -13.711635    -172.911743
     -14.199502    -153.920403
     -14.035698    -135.656421
     -13.880533    -119.785942
     -13.810567    -107.653670
     -14.018840     -98.965660
     -14.086653     -93.307810
     -14.205090     -89.899521
     -14.414720     -88.693862
     -14.462495     -88.815938
     -14.222960     -89.599716
     -13.760132     -90.085583
     -13.092553     -89.944448
     -12.007987     -89.321583
      -9.173818     -89.114635
      -3.666800     -90.109480
       2.697062     -92.621532
       7.954403     -97.854023
      11.506914    -107.813816
      13.203387    -122.392259
      14.348450    -138.728139
      16.337649    -152.821511
      18.818537    -163.465202
      21.070472    -170.491585
      22.769667    -174.889270
      23.622490    -177.875660
      23.483315     179.621935
      23.059095     177.690704
      23.148814     176.105586
      23.829327     174.227103
      24.915377     171.970763
      26.047090     169.650990
      27.042845     167.489828
      26.907412     165.375100
      24.731900     163.101294
      19.327825     159.904071
      11.606210     155.821315
       3.732042     152.096328
      -2.439236     149.572862
      -6.590779     148.317234
      -9.246116     147.651598
     -10.465372     146.933322
     -10.692448     145.628716
     -10.268376     144.452869
      -9.743803     143.323320
      -9.537745     141.883931
      -9.756316     140.230863
     -10.240230     138.548516
     -10.901613     136.954927
     -11.732745     135.507922
     -12.428991     134.408166
     -12.769996     133.778676
     -12.953539     133.226238
     -12.921946     132.546381
     -12.729332     131.612755
     -12.420085     130.449158
     -12.019341     129.363496
     -11.366165     128.495498
     -10.657139     127.666724
      -9.833641     126.956521
      -8.975649     126.592982
      -8.354281     126.694970
      -8.122581     126.969907
      -8.305583     126.941221
      -8.874331     126.625165
      -9.750972     126.421160
     -10.612198     126.469245
     -11.424631     126.305524
     -12.610049     125.459110
     -14.002312     123.905154
     -15.474985     121.811893
     -17.111973     119.159114
     -18.825452     116.415983
     -20.597228     113.602067
     -22.056346     111.102332
     -23.202807     109.062586
     -23.850236     108.160714
     -24.114356     108.293262
     -24.056572     108.796236
     -24.035250     108.915437
     -24.094379     108.915369
     -24.087511     109.564142
     -23.836913     111.554841
     -23.548253     114.889722
     -23.238132     119.607621
     -22.572499     125.684097
     -22.136741     133.032511
     -21.783514     142.257951
     -21.397502     152.618361
     -20.978660     163.508643
     -20.717366     175.271091
     -20.500486    -171.334765
     -20.179805    -156.647058
     -19.683639    -141.333679
     -19.139696    -126.597227
     -19.003247    -113.208114
     -18.610955    -100.243990
     -18.306427     -87.872694
     -18.201908     -76.003071
     -18.169294     -66.237370
     -18.323394     -58.612081
     -18.571083     -52.788957
     -18.746294     -48.038113
     -18.798917     -44.806770
     -18.455138     -44.540716
     -18.099972     -46.582604
     -17.305425     -49.424691
     -16.378743     -50.659016
     -15.373351     -49.674410
     -14.067915     -46.935957
     -12.069011     -43.602548
      -9.960347     -40.640582
      -7.637978     -38.797296
      -5.472198     -37.848695
      -3.408670     -37.714558
      -1.703198     -37.704636
      -0.502919     -37.867487
       0.057539     -37.354672
       0.412349     -36.727395
       0.508654     -36.238640
       0.575615     -35.982899
       1.292237     -36.303124
       3.236499     -38.398240
       5.014625     -41.683014
       5.754141     -45.291175
       4.457921     -50.416734
       0.567664     -57.447916
      -4.814309     -64.338410
      -8.811357     -69.083353
     -11.314737     -70.898126
     -11.972534     -70.054670
     -11.535741     -67.386265
     -10.375372     -62.848824
      -8.822223     -56.459556
      -7.260722     -49.796759
      -5.932841     -44.205494
      -4.747855     -40.004009
      -3.793394     -36.941595
      -3.275381     -34.776190
      -2.749441     -32.773033
      -2.228115     -30.707302
      -1.831991     -28.792376
      -1.703119     -27.158122
      -1.643597     -25.902134
      -1.628832     -25.058124
      -1.532910     -24.095669
      -1.326914     -22.465717
      -1.125209     -20.376175
      -0.997066     -18.365281
      -1.152482     -17.133128
      -1.356158     -16.023312
      -1.237111     -14.483442
      -0.792449     -12.427423
      -0.391183     -10.353802
       0.008752      -8.481706
       0.489962      -6.855392
       1.346882      -5.237589
       2.428554      -3.753854
       3.714156      -1.959043
       5.197126       0.428799
       6.715124       3.453761
       8.148018       6.786057
       9.826197       9.627798
      12.371390      11.990847
      15.912574      14.158607
      20.144207      16.499862
      23.867151      18.697375
      27.048336      20.615573
      29.423246      22.355538
      30.992540      24.511588
      32.039906      26.974125
      32.771612      29.843628
      33.377215      33.400118
      33.753214      37.953271
      33.984248      43.547975
      33.638979      49.630731
      32.737178      56.026120
      31.128566      62.592262
      28.717199      69.276818
      24.376310      75.675771
      17.700609      81.779432
       9.946469      88.071638
       2.631193      94.864457
      -3.552697     101.606394
      -8.448963     107.721377
     -12.246901     112.819241
     -14.934564     117.432947
     -16.240399     120.392331
     -16.922654     121.709692
     -17.460364     122.811061
     -17.786106     123.804108
     -17.860535     124.810668
     -17.808114     125.401098
     -17.409333     125.094270
     -16.975739     123.678214
     -16.745908     121.613222
     -16.669752     119.072377
     -16.420185     117.045745
     -15.936495     115.500561
     -15.464062     114.679763
     -14.781172     113.919910
     -14.197122     113.179836
     -13.707075     112.161279
     -13.460464     110.932103
     -13.181945     109.484001
     -13.041893     108.098826
     -12.936355     106.741900
     -12.930683     105.516220
     -12.849457     104.404496
     -12.889444     103.531320
     -12.947869     102.800630
     -13.158651     102.153111
     -13.324248     101.498578
     -13.422632     100.854537
     -13.546314     100.124575
     -13.606709      99.486187
     -13.627822      98.959142
     -13.520814      98.732999
     -13.420179      98.610641
     -13.229644      98.602763
     -12.945705      98.702215
     -12.442998      99.181632
     -11.514993     100.511388
     -10.553881     102.493666
     -10.040815     104.863301
     -10.156579     107.320634
     -10.620904     109.566220
     -11.237615     111.552762
     -11.787907     113.103260
     -12.351443     114.372498
     -12.931122     115.569890
     -13.544400     117.377839
     -13.993060     118.953195
     -14.377107     119.492189
     -14.692299     118.410607
     -15.146839     116.847229
     -15.433028     115.121489
     -15.684514     113.450547
     -15.829910     111.434756
     -15.998506     109.279374
     -16.256837     106.320786
     -16.510803     102.920559
     -16.663144      99.277821
     -16.672934      96.246679
     -16.791275      94.284937
     -17.391515      93.866320
     -18.634106      95.135295
     -20.050654      97.412568
     -21.596521     100.409634
     -23.067670     103.519906
     -24.353186     106.396517
     -25.219062     108.587093
     -25.547462     110.142351
     -25.601657     112.060574
     -25.411813     115.384313
     -24.291101     120.097364
     -22.572096     125.658141
     -20.233597     131.122516
     -17.527409     136.431913
     -15.359510     141.622633
     -12.979806     145.261311
     -11.677683     148.319264
     -10.875459     149.793710
     -10.321118     151.240355
     -10.079561     153.105355
     -10.072773     155.460681
      -9.838093     157.531036
      -9.228808     159.440701
      -8.562578     161.165828
      -8.177327     162.582846
      -8.000335     163.511635
      -8.133871     164.356815
      -8.236576     165.373565
      -8.326244     166.261662
      -8.431119     166.639791
      -8.582177     166.639927
      -8.729328     166.541388
      -8.880486     166.519648
      -9.006506     166.271648
      -9.123977     165.091566
      -9.390537     162.832914
      -9.308907     159.109627
      -9.501522     153.154013
      -9.875199     146.066081
     -10.049555     138.920001
     -10.060676     132.946940
     -10.128256     128.439069
     -10.208447     125.066556
     -10.380506     122.499425
     -10.546271     120.276122
     -10.636827     117.578424
     -10.721811     113.808150
     -10.957730     109.316210
     -10.842655     104.665620
     -10.598223     100.231167
     -10.169160      95.628156
      -9.829008      90.866933
      -9.497948      86.305799
      -9.120991      82.426135
      -8.646963      79.379043
      -8.301545      76.850753
      -7.901604      74.633012
      -7.529888      71.985837
      -6.885616      68.993692
      -6.120510      65.787357
      -5.393102      62.947203
      -4.668820      60.693005
      -4.091778      58.848439
      -3.773535      57.206959
      -3.517427      55.890652
      -3.377197      54.966400
      -3.252418      54.161523
      -3.212397      52.905686
      -3.417458      50.477053
      -3.982086      46.926695
      -4.438115      43.656204
      -4.649228      41.264693
      -4.785291      39.319737
      -5.121609      37.132685
      -5.857221      34.110480
      -6.820300      30.283388
      -7.684985      26.250820
      -8.516342      22.349814
      -9.272532      18.795193
      -9.829355      16.047498
     -10.347437      13.878534
     -10.884963      12.312667
     -11.331791      11.231403
     -11.688287      10.466595
     -12.090360       9.868260
     -12.576622       9.331087
     -13.302575       8.754127
     -14.036098       8.109319
     -14.737525       7.551831
     -15.196133       7.174500
     -15.481075       7.075968
     -15.683569       7.084805
     -15.733213       7.221755
     -15.751644       7.373268
     -15.741942       7.334723
     -15.718708       7.249017
     -15.728014       7.242391
     -15.720764       7.413574
     -15.669084       7.751797
     -15.463271       8.204560
     -15.232370       8.572331
     -14.942908       8.919742
     -14.738741       9.102588
     -14.699668       8.983779
     -14.828569       8.626787
     -14.971435       8.368509
     -15.107634       8.352832
     -15.302040       8.457473
     -15.625067       8.581233
     -16.083584       8.710910
     -16.621010       8.807012
     -17.069749       8.925843
     -17.322327       9.076881
     -17.461413       9.242488
     -17.527266       9.440839
     -17.474137       9.689138
     -17.304139       9.797160
     -17.067194       9.885865
     -16.788875       9.922088
     -16.580308      10.038228
     -16.349904      10.340370
     -16.102329      10.900320
     -15.434383      12.936824
     -14.127479      17.957512
     -12.919461      22.858529
     -11.824018      25.419152
