      -7.019567     -32.842590
      -6.383870     -28.482972
      -5.526554     -24.329984
      -4.746994     -20.276154
      -4.337622     -16.545551
      -4.135653     -13.543574
      -4.076187     -11.543470
      -4.217310     -10.719789
      -4.398749     -10.849011
      -4.580835     -11.427333
      -4.709540     -11.901978
      -4.846767     -12.015091
      -4.960530     -11.823638
      -4.980998     -11.461559
      -4.914734     -11.041067
      -4.802524     -10.640248
      -4.706498     -10.266929
      -4.607337      -9.943295
      -4.464116      -9.668462
      -4.380774      -9.451350
      -4.240739      -9.278016
      -4.043737      -9.151100
      -3.839572      -9.042132
      -3.711167      -8.959851
      -3.693821      -8.907678
      -3.659005      -8.950733
      -3.657531      -9.008760
      -3.624877      -9.053489
      -3.515476      -9.056672
      -3.316175      -9.032121
      -3.109373      -8.986238
      -2.956197      -8.964348
      -2.942853      -8.945853
      -2.993253      -8.954935
      -3.082655      -9.022911
      -3.168747      -9.158717
      -3.214529      -9.301721
      -3.245366      -9.421309
      -3.270717      -9.508102
      -3.297564      -9.621766
      -3.368285      -9.766237
      -3.469045      -9.952640
      -3.569603     -10.149118
      -3.624026     -10.314013
      -3.606802     -10.399075
      -3.553315     -10.442849
      -3.544892     -10.476269
      -3.576070     -10.526283
      -3.627431     -10.580925
      -3.701004     -10.620689
      -3.753114     -10.636852
      -3.779407     -10.645879
      -3.775735     -10.626485
      -3.756634     -10.583668
      -3.737747     -10.546501
      -3.745735     -10.547930
      -3.752930     -10.552820
      -3.755448     -10.548334
      -3.734954     -10.523326
      -3.668929     -10.502541
      -3.653177     -10.521786
      -3.670725     -10.558114
      -3.678556     -10.580252
      -3.719768     -10.593564
      -3.767400     -10.594092
      -3.806456     -10.587864
      -3.822481     -10.588844
      -3.824485     -10.600349
      -3.836510     -10.625054
      -3.848382     -10.642083
      -3.853459     -10.610944
      -3.836535     -10.575328
      -3.815929     -10.575539
      -3.810864     -10.594144
      -3.813523     -10.592992
      -3.821675     -10.574818
      -3.808167     -10.560976
      -3.818337     -10.547274
      -3.860818     -10.537192
      -3.894931     -10.522532
      -3.945645     -10.518873
      -4.032414     -10.532165
      -4.119660     -10.573449
      -4.179980     -10.618505
      -4.218717     -10.654758
      -4.238564     -10.676913
      -4.237693     -10.669230
      -4.237928     -10.628804
      -4.208138     -10.602154
      -4.185823     -10.617005
      -4.188644     -10.644128
      -4.204391     -10.648871
      -4.214008     -10.627528
      -4.188590     -10.605213
      -4.196534     -10.595828
      -4.224509     -10.589361
      -4.232411     -10.587428
      -4.273959     -10.599669
      -4.313495     -10.629743
      -4.350931     -10.637281
      -4.377570     -10.643200
      -4.405588     -10.652499
      -4.426796     -10.676073
      -4.461812     -10.709372
      -4.502536     -10.746232
      -4.552699     -10.751473
      -4.587820     -10.765136
      -4.634295     -10.815479
      -4.673746     -10.879637
      -4.700822     -10.917429
      -4.722793     -10.936801
      -4.720323     -10.946855
      -4.725232     -10.963964
      -4.743921     -10.965514
      -4.738314     -10.963780
      -4.756366     -10.975891
      -4.808241     -11.004452
      -4.860556     -11.035727
      -4.895577     -11.086475
      -4.922259     -11.127460
      -4.925067     -11.142765
      -4.929200     -11.126621
      -4.926464     -11.114954
      -4.935851     -11.099407
      -4.956824     -11.112672
      -4.981391     -11.150697
      -4.995655     -11.175817
      -5.005923     -11.179997
      -5.008831     -11.174277
      -5.018295     -11.179828
      -5.045994     -11.203253
      -5.084876     -11.225850
      -5.092576     -11.245504
      -5.097270     -11.271087
      -5.103270     -11.284681
      -5.103718     -11.271709
      -5.094480     -11.247297
      -5.079841     -11.229358
      -5.066227     -11.225030
      -5.049639     -11.234740
      -5.035753     -11.235039
      -5.007413     -11.216426
      -4.987734     -11.233365
      -4.995005     -11.280102
      -5.004266     -11.285387
      -5.013555     -11.253111
      -4.995092     -11.211718
      -4.968287     -11.185651
      -4.976403     -11.169053
      -4.977190     -11.154459
      -4.969410     -11.148880
      -4.995955     -11.172084
      -5.028581     -11.200432
      -5.042923     -11.220348
      -5.047357     -11.231602
      -5.051002     -11.256242
      -5.049921     -11.290445
      -5.051859     -11.322393
      -5.053113     -11.356645
      -5.059894     -11.371476
      -5.047572     -11.397721
      -5.039090     -11.464690
      -5.042381     -11.543509
      -5.058322     -11.600276
      -5.065527     -11.640057
      -5.041307     -11.661309
      -5.030153     -11.684063
      -5.033508     -11.706829
      -5.022661     -11.723941
      -5.039132     -11.755440
      -5.059020     -11.809650
      -5.081406     -11.874073
      -5.102681     -11.942183
      -5.159476     -12.349286
      -5.442552     -13.869306
      -5.836300     -16.365483
      -6.209228     -19.389441
      -6.423072     -22.747138
      -6.571134     -26.379580
      -6.698727     -30.197479
      -6.791198     -34.080704
      -6.864301     -37.702923
      -6.851297     -40.977823
      -6.724100     -43.961978
      -6.536857     -46.835296
      -6.370805     -49.461226
      -6.269152     -51.648601
      -6.167062     -53.322710
      -6.130245     -54.467748
      -6.133150     -55.130742
      -6.160922     -55.491327
      -6.159624     -55.674539
      -6.192336     -55.756715
      -6.198125     -55.844438
      -6.155491     -56.087959
      -6.090645     -56.607360
      -6.080182     -57.554678
      -6.153350     -59.163548
      -6.409060     -61.203847
      -6.867581     -63.419636
      -7.400022     -65.644264
      -7.839168     -67.767172
      -8.171094     -69.695702
      -8.406624     -71.454930
      -8.554988     -73.110918
      -8.612141     -74.853074
      -8.579638     -76.881479
      -8.646265     -79.257569
      -8.881478     -81.745054
      -9.115384     -84.204661
      -9.321205     -86.709981
      -9.647577     -89.552972
     -10.290635     -92.909467
     -11.119207     -96.467401
     -11.870558     -99.946448
     -12.481190    -103.302001
     -12.881110    -106.813862
     -13.058705    -110.626110
     -13.168871    -114.683415
     -13.205392    -119.064654
     -13.104369    -123.520691
     -12.934435    -127.776104
     -12.776665    -131.580184
     -12.655922    -135.065584
     -12.491279    -138.392324
     -12.302521    -141.757697
     -11.950592    -144.970463
     -11.518039    -148.032000
     -10.929794    -150.992385
     -10.101377    -153.964689
      -9.081716    -156.909638
      -8.121301    -159.762246
      -7.272966    -162.348038
      -6.748858    -164.582200
      -6.220100    -166.533597
      -5.612771    -168.409535
      -4.913132    -170.139063
      -4.267441    -171.623252
      -3.682713    -172.900280
      -3.192618    -174.132352
      -2.772046    -175.520994
      -2.484950    -176.994188
      -2.363452    -178.722705
      -2.284512     179.407584
      -2.185041     177.581305
      -2.083953     176.102030
      -1.790826     175.043160
      -1.329186     174.283677
      -0.876453     173.732755
      -0.459015     173.390820
      -0.126221     173.298440
       0.117944     173.432902
       0.278654     173.698561
       0.387167     174.090465
       0.434473     174.572321
       0.450257     175.107254
       0.459796     175.689494
       0.398995     176.366855
       0.393780     177.258779
       0.499899     178.312384
       0.754085     179.287946
       1.078908     179.901874
       1.311497    -179.972126
       1.211078     179.693352
       0.850974     179.007133
       0.585964     178.009228
       0.252302     176.792388
      -0.146350     175.547494
      -0.530861     174.357776
      -0.928169     173.091006
      -1.283649     171.641029
      -1.576440     170.091347
      -1.784033     168.655456
      -1.782356     167.416099
      -1.576589     166.324240
      -1.170646     165.163994
      -0.768137     163.749668
      -0.524815     162.066991
      -0.392306     160.321027
      -0.282151     158.645791
      -0.287049     157.110739
      -0.425648     155.817226
      -0.543515     154.813357
      -0.660662     153.999562
      -0.657054     153.152857
      -0.642254     152.274960
      -0.643931     151.508007
      -0.726468     151.044044
      -0.893237     150.918714
      -1.060575     151.044375
      -1.199618     151.319981
      -1.331166     151.712720
      -1.433575     152.244982
      -1.517292     153.025156
      -1.593966     154.137366
      -1.732436     155.681132
      -1.872993     157.477706
      -2.077887     159.508632
      -2.202493     161.687240
      -2.022396     163.783006
      -1.633870     165.842171
      -1.174857     167.925193
      -0.798722     170.100265
      -0.569302     172.416385
      -0.530718     174.839612
      -0.613936     177.429183
      -0.722411    -179.730596
      -0.865304    -176.519482
      -0.980572    -172.841880
      -1.065091    -168.665092
      -1.316085    -163.940199
      -1.679136    -158.731071
      -1.799364    -153.107347
      -1.412619    -146.703594
      -0.679378    -139.893912
       0.130103    -132.904946
       0.790194    -126.102044
       1.352411    -119.524527
       1.754891    -113.286729
       1.851451    -107.341587
       1.610189    -101.586432
       1.044356     -96.037409
       0.311649     -90.414355
      -0.204399     -84.648505
      -0.348018     -78.739042
      -0.351661     -72.780189
      -0.254915     -66.817590
      -0.127827     -60.827987
      -0.084256     -54.791639
      -0.153069     -48.762456
      -0.427161     -42.417041
      -0.951382     -35.768672
      -1.535055     -29.209622
      -1.908492     -23.120264
      -2.068403     -17.796227
      -2.153351     -13.416568
      -2.152203      -9.927035
      -2.077745      -7.071124
      -1.977474      -4.844152
      -2.127218      -3.278071
      -2.407841      -2.091166
      -2.460445      -1.087022
      -2.346564      -0.114495
      -2.252555       0.874356
      -2.365212       1.922344
      -2.656401       2.853556
      -2.911332       3.686898
      -3.056045       4.519681
      -3.095758       5.484663
      -2.939201       6.597022
      -2.587955       7.743613
      -2.213844       8.744303
      -1.919749       9.521004
      -1.665791      10.046817
      -1.523901      10.327841
      -1.548151      10.391500
      -1.799690      10.343040
      -2.229823      10.219144
      -2.732374      10.050634
      -3.215788       9.903719
      -3.621730       9.817964
      -3.919291       9.745141
      -4.067303       9.682537
      -4.105633       9.571140
      -4.146243       9.416155
      -4.202421       9.183709
      -4.276466       8.827235
      -4.334715       8.328876
      -4.296896       7.602667
      -4.243398       6.604577
      -4.416541       5.560864
      -4.624983       4.628123
      -4.827043       3.911971
      -4.979076       3.414141
      -5.011641       3.085351
      -4.770819       2.649142
      -4.525273       1.897737
      -4.346233       1.048190
      -4.127007       0.426769
      -3.838984       0.255046
      -3.696939       0.524946
      -3.615224       1.007778
      -3.428542       1.468984
      -3.241491       1.852643
      -3.166664       2.087686
      -3.253710       2.200919
      -3.355333       2.271883
      -3.483011       2.369766
      -3.715029       2.563695
      -3.942763       2.887831
      -4.074761       3.262516
      -4.173461       3.651415
      -4.258928       3.995271
      -4.333289       4.361031
      -4.454272       4.770491
      -4.569624       5.158545
      -4.692572       5.471746
      -4.813480       5.646610
      -4.919086       5.662039
      -5.004837       5.572564
      -5.088125       5.468061
      -5.154458       5.408419
      -5.173210       5.354434
      -5.219703       5.264335
      -5.311593       5.121646
      -5.426038       4.959297
      -5.574157       4.777640
      -5.727016       4.622582
      -5.860949       4.515064
      -5.944002       4.482555
      -5.966830       4.487215
      -5.971661       4.540134
      -6.001305       4.593827
      -6.030095       4.611024
      -6.063674       4.588803
      -6.111240       4.563887
      -6.141943       4.530876
      -6.120426       4.501382
      -6.040205       4.450888
      -5.973379       4.389090
      -5.904314       4.274858
      -5.846785       4.096441
      -5.809811       3.872992
      -5.776907       3.627755
      -5.714913       3.365386
      -5.614296       3.117636
      -5.494369       2.911545
      -5.368968       2.764133
      -5.273680       2.667774
      -5.207101       2.592041
      -5.160966       2.527617
      -5.156103       2.502370
      -5.136424       2.530979
      -5.123659       2.581138
      -5.131949       2.646162
      -5.141898       2.680103
      -5.149216       2.689695
      -5.175412       2.679634
      -5.207034       2.690075
      -5.224214       2.694180
      -5.231389       2.700793
      -5.228669       2.704759
      -5.185701       2.729652
      -5.151986       2.779094
      -5.103412       2.837784
      -4.982275       2.860928
      -4.798502       2.891100
      -4.553057       3.032605
      -4.374392       3.358321
      -4.245594       3.778407
      -4.165673       4.218171
      -4.153982       4.670249
      -4.176394       5.276968
      -4.271545       6.311073
      -4.481400       7.708408
      -4.794610       9.407079
      -5.184717      11.441825
      -5.629834      13.952018
      -6.204354      17.037623
      -6.870374      20.692559
      -7.596238      24.640773
      -8.318113      28.578969
      -9.003345      32.197655
      -9.595161      35.297398
      -9.973005      37.795477
     -10.205762      39.719207
     -10.338384      41.182901
     -10.458890      42.266391
     -10.576408      43.005110
     -10.611624      43.413455
     -10.574592      43.552259
     -10.498903      43.634187
     -10.372997      43.720244
     -10.228623      43.784250
     -10.069267      43.810264
      -9.898191      43.819070
      -9.736979      43.771252
      -9.624897      43.658185
      -9.559838      43.523296
      -9.501220      43.418924
      -9.456983      43.408583
      -9.400491      43.489720
      -9.351407      43.611388
      -9.325957      43.726262
      -9.271413      43.829420
      -9.179522      43.958121
      -9.051489      44.164083
      -8.908219      44.411714
      -8.754229      44.644093
      -8.614621      44.832152
      -8.419431      44.968615
      -8.220995      45.131680
      -8.047637      45.290466
      -7.918366      45.437342
      -7.817385      45.576579
      -7.698950      45.701322
      -7.564730      45.750081
      -7.444876      45.735792
      -7.299262      45.706946
      -7.144746      45.690291
      -7.031234      45.691593
      -6.967897      45.713022
      -6.943515      45.697815
      -6.915359      45.637083
      -6.879280      45.549676
      -6.823995      45.492280
      -6.789850      45.458227
      -6.749198      45.380345
      -6.762114      45.271388
      -6.803897      45.157432
      -6.868750      45.045754
      -6.927753      44.963574
      -6.948867      44.909802
      -6.971009      44.866953
      -6.999484      44.811389
      -7.018667      44.722554
      -7.054057      44.635773
      -7.089577      44.574696
