      -0.612542      24.420169
      -0.660252      24.078538
      -0.791545      23.532941
      -0.953189      22.874074
      -1.112179      22.217210
      -1.264353      21.628896
      -1.405159      21.189078
      -1.530112      20.966447
      -1.614961      20.977266
      -1.650973      21.118797
      -1.683798      21.263985
      -1.689438      21.309943
      -1.722629      21.189588
      -1.758769      20.793549
      -1.767867      20.107673
      -1.839859      19.098751
      -1.952849      17.861715
      -2.072429      16.481869
      -2.147854      15.105042
      -2.223277      13.801947
      -2.272100      12.526229
      -2.302447      11.260763
      -2.372414      10.054793
      -2.426802       8.884505
      -2.440399       7.856287
      -2.434927       7.061666
      -2.345427       6.433313
      -2.229486       5.942123
      -2.115368       5.526996
      -2.024699       5.223103
      -1.908943       4.981507
      -1.775415       4.843341
      -1.600716       4.762572
      -1.297003       4.672331
      -0.956389       4.589099
      -0.591073       4.569416
      -0.207794       4.565531
       0.164147       4.628037
       0.586454       4.745559
       1.059878       4.888623
       1.548088       4.992480
       2.006959       5.061292
       2.346500       5.087644
       2.563389       5.139437
       2.654791       5.227045
       2.694489       5.321987
       2.777753       5.324701
       2.874882       5.240998
       2.990062       5.053431
       3.110560       4.811391
       3.243082       4.526763
       3.382998       4.167958
       3.552340       3.730787
       3.762031       3.309005
       3.971364       3.014908
       4.192326       2.848386
       4.429564       2.794535
       4.669510       2.817703
       4.942245       2.853063
       5.167928       2.870327
       5.371159       2.874941
       5.467248       2.875494
       5.494814       2.876619
       5.565557       2.919054
       5.681793       3.069605
       5.870772       3.206001
       6.078272       3.307988
       6.306317       3.406915
       6.584064       3.506281
       6.801995       3.609635
       7.044060       3.642569
       7.280044       3.600393
       7.524878       3.568498
       7.920869       3.477328
       8.353165       3.320437
       8.716549       3.236298
       8.979143       3.195405
       9.191940       3.172943
       9.436810       2.952691
       9.632004       2.598017
       9.793301       2.295814
       9.970987       2.071948
      10.045045       1.903074
       9.968880       1.709731
       9.919772       1.513894
       9.992260       1.272578
      10.071378       1.012896
      10.164936       0.741630
      10.298381       0.523143
      10.584002       0.376891
      10.896783       0.307670
      11.158666       0.255482
      11.401212       0.066426
      11.666122      -0.191088
      11.985014      -0.312646
      12.351273      -0.140366
      12.667204       0.065794
      12.961513       0.091781
      13.094760      -0.149900
      13.081470      -0.645365
      12.907971      -1.172728
      12.790708      -1.506739
      12.744460      -1.595688
      12.653040      -1.464317
      12.600335      -1.200078
      12.501417      -0.885283
      12.342481      -0.670210
      12.235343      -0.513271
      12.220601      -0.445315
      12.102106      -0.457427
      11.886461      -0.538514
      11.639730      -0.706253
      11.323627      -0.882875
      11.114740      -1.095576
      10.907647      -1.360027
      10.792152      -1.692850
      10.667795      -2.150967
      10.423516      -2.736439
      10.156174      -3.328637
       9.760199      -3.985963
       9.475107      -4.574322
       8.990071      -5.010764
       8.360311      -5.306347
       7.590019      -5.718632
       6.275899      -6.281593
       5.062561      -6.998286
       3.875929      -7.794969
       2.743647      -8.577194
       1.556754      -9.367104
       0.227517     -10.045488
      -0.984384     -10.480515
      -2.127290     -10.537022
      -3.124218     -10.341446
      -3.913826     -10.085441
      -4.454664      -9.898993
      -4.813389      -9.657177
      -5.080246      -9.242191
      -5.220819      -8.598029
      -5.429657      -7.516244
      -5.613414      -5.660940
      -5.742003      -2.816673
      -5.955015       1.409073
      -6.070678       7.044011
      -5.975348      13.475893
      -5.766048      20.317257
      -5.389600      27.246500
      -4.801251      33.612642
      -4.192346      39.446818
      -3.713321      45.282593
      -3.502886      51.584624
      -3.369465      57.724470
      -3.333059      63.385253
      -3.542479      68.567066
      -3.839542      72.859747
      -4.056819      76.073581
      -4.260189      78.309565
      -4.438079      79.756739
      -4.565895      80.579971
      -4.684938      81.062098
      -4.796936      81.418279
      -4.879797      81.820649
      -4.841282      82.241306
      -4.740404      82.635162
      -4.527175      82.962351
      -4.240960      83.152406
      -3.989441      83.234082
      -3.773235      83.260912
      -3.637068      83.294668
      -3.503389      83.391333
      -3.431393      83.511719
      -3.406546      83.661403
      -3.454267      83.820188
      -3.574281      84.047361
      -3.615015      84.261332
      -3.602013      84.450824
      -3.559556      84.547596
      -3.466801      84.574329
      -3.383382      84.487699
      -3.253525      84.379824
      -3.125660      84.214822
      -3.023198      84.007592
      -2.958163      83.793290
      -2.889604      83.614008
      -2.833259      83.449257
      -2.836799      83.366193
      -2.850371      83.266857
      -2.778018      83.150735
      -2.673802      83.035954
      -2.495481      82.937259
      -2.277034      82.774695
      -2.125801      82.558645
      -2.042747      82.299474
      -2.051225      82.101676
      -2.082627      81.957617
      -2.107346      81.915798
      -2.128887      81.863935
      -2.140924      81.764686
      -2.163345      81.543624
      -2.193214      81.289495
      -2.213263      81.069719
      -2.279746      80.891233
      -2.360653      80.772654
      -2.450523      80.735211
      -2.480205      80.733375
      -2.456949      80.803418
      -2.396393      80.867327
      -2.375525      80.912264
      -2.375294      80.915159
      -2.408852      80.900986
      -2.430960      80.871480
      -2.455226      80.844737
      -2.477276      80.809810
      -2.511410      80.793092
      -2.488438      80.733715
      -2.494855      80.662657
      -2.517456      80.578222
      -2.554122      80.546875
      -2.568828      80.548871
      -2.563966      80.582919
      -2.569686      80.608661
      -2.559039      80.633894
      -2.535754      80.646872
      -2.531624      80.641092
      -2.535575      80.620556
      -2.545474      80.617749
      -2.546112      80.614946
      -2.543444      80.630261
      -2.532077      80.629770
      -2.486219      80.623077
      -2.456799      80.582191
      -2.453060      80.536947
      -2.470923      80.510676
      -2.491662      80.525708
      -2.479831      80.539002
      -2.485518      80.544898
      -2.494273      80.519851
      -2.501485      80.483064
      -2.522422      80.447190
      -2.545322      80.431686
      -2.562389      80.422778
      -2.573328      80.429102
      -2.583140      80.459677
      -2.527850      80.464165
      -2.498982      80.426805
      -2.487534      80.360463
      -2.526699      80.290492
      -2.578712      80.262686
      -2.582801      80.266848
      -2.587197      80.272652
      -2.590205      80.262788
      -2.568840      80.248154
      -2.575230      80.220920
      -2.589707      80.186236
      -2.613739      80.169518
      -2.639502      80.177377
      -2.682544      80.188441
      -2.709751      80.191045
      -2.737670      80.197369
      -2.696114      80.174482
      -2.705245      80.141615
      -2.701835      80.109063
      -2.692262      80.109874
      -2.670348      80.132571
      -2.616947      80.142941
      -2.575261      80.126976
      -2.532752      80.078906
      -2.512303      80.015701
      -2.504470      79.961332
      -2.498116      79.929484
      -2.468267      79.910051
      -2.422305      79.903028
      -2.398509      79.922344
      -2.347563      79.944755
      -2.339742      79.951749
      -2.338049      79.927420
      -2.355517      79.899988
      -2.349789      79.916710
      -2.322185      79.942865
      -2.311711      79.949413
      -2.331251      79.939694
      -2.352319      79.911499
      -2.377647      79.885975
      -2.383913      79.851903
      -2.382148      79.847799
      -2.388210      79.860825
      -2.361897      79.881735
      -2.331999      79.869529
      -2.324921      79.817627
      -2.333154      79.749051
      -2.340461      79.728714
      -2.334117      79.706469
      -2.336301      79.659788
      -2.363420      79.582018
      -2.365211      79.511401
      -2.362948      79.442267
      -2.390123      79.391394
      -2.436656      79.348686
      -2.462601      79.346996
      -2.483469      79.384832
      -2.441065      79.422863
      -2.426788      79.418963
      -2.427667      79.399248
      -2.444547      79.382472
      -2.469088      79.407733
      -2.475778      79.418652
      -2.494732      79.409924
      -2.518105      79.382010
      -2.520592      79.351790
      -2.535404      79.302069
      -2.571231      79.259327
      -2.596528      79.226416
      -2.611671      79.229053
      -2.607881      79.246533
      -2.617729      79.275117
      -2.580124      79.245625
      -2.565684      79.189629
      -2.556137      79.112266
      -2.570177      79.065736
      -2.574237      79.035666
      -2.570012      79.024757
      -2.560288      78.991642
      -2.560788      78.966050
      -2.549376      78.911855
      -2.539622      78.821068
      -2.517748      78.734875
      -2.500707      78.699783
      -2.495459      78.714223
      -2.498985      78.762308
      -2.530331      78.840812
      -2.526456      78.894404
      -2.520186      78.894443
      -2.517448      78.859914
      -2.536078      78.846363
      -2.550892      78.896910
      -2.558757      78.974579
      -2.555973      79.041518
      -2.567268      79.081715
      -2.547239      79.098117
      -2.541502      79.090196
      -2.532252      79.070170
      -2.530562      79.074493
      -2.524848      79.087922
      -2.518456      79.107496
      -2.526098      79.126439
      -2.514091      79.151229
      -2.489009      79.143535
      -2.493431      79.121650
      -2.503768      79.096218
      -2.534334      79.115486
      -2.540821      79.168403
      -2.538843      79.211665
      -2.533034      79.208148
      -2.521876      79.186967
      -2.499381      79.151103
      -2.493147      79.133821
      -2.466854      79.126730
      -2.444503      79.149019
      -2.422532      79.168957
      -2.408600      79.207376
      -2.385349      79.252299
      -2.339156      79.263970
      -2.287506      79.233439
      -2.236828      79.215701
      -2.211647      79.209683
      -2.199658      79.234250
      -2.162973      79.241322
      -2.175556      79.233249
      -2.177854      79.199717
      -2.171011      79.180900
      -2.162689      79.163804
      -2.162141      79.161307
      -2.164434      79.162725
      -2.177579      79.187491
      -2.172272      79.218324
      -2.141408      79.249647
      -2.125399      79.231035
      -2.126222      79.204855
      -2.140961      79.199289
      -2.139463      79.217736
      -2.123355      79.220179
      -2.117807      79.196312
      -2.112469      79.166135
      -2.092678      79.134579
      -2.084622      79.097141
      -2.091589      79.073366
      -2.098094      79.075522
      -2.094691      79.097544
      -2.092154      79.138771
      -2.049679      79.169622
      -2.020801      79.167160
      -2.002811      79.128741
      -2.002257      79.108618
      -2.004652      79.118828
      -2.018328      79.140903
      -2.006999      79.148096
      -2.015448      79.157329
      -2.001083      79.156421
      -1.999281      79.152977
      -2.007417      79.157383
      -2.013623      79.164319
      -2.023332      79.183416
      -2.038328      79.219820
      -1.993794      79.241764
      -1.975384      79.224245
      -1.971637      79.152482
      -1.971554      79.087820
      -1.957017      79.094771
      -1.933006      79.139519
      -1.907124      79.148548
      -1.907067      79.121295
      -1.878185      79.102800
      -1.859865      79.110886
      -1.851036      79.120858
      -1.871789      79.129911
      -1.898050      79.148043
      -1.926642      79.205190
      -1.934460      79.259662
      -1.942855      79.302020
      -1.956317      79.337899
      -1.922184      79.370441
      -1.913731      79.387868
      -1.932582      79.397344
      -1.959884      79.393813
      -1.973002      79.424534
      -1.947973      79.475085
      -1.925269      79.520348
      -1.921549      79.526954
      -1.916791      79.527289
      -1.908190      79.512179
      -1.924499      79.496932
      -1.927363      79.479287
      -1.924783      79.472613
      -1.904708      79.473531
      -1.901763      79.496490
      -1.867652      79.497389
      -1.839535      79.477208
      -1.827705      79.418234
      -1.802726      79.406660
      -1.787915      79.444166
      -1.789333      79.477631
      -1.765617      79.472822
      -1.770524      79.475275
      -1.744803      79.475207
      -1.727448      79.480419
      -1.724391      79.467926
      -1.729676      79.465561
      -1.727185      79.480117
      -1.714913      79.523413
      -1.709508      79.561832
      -1.708904      79.605691
      -1.680223      79.610281
      -1.661952      79.581916
      -1.666514      79.559758
      -1.707443      79.589731
      -1.744426      79.649035
      -1.773580      79.713609
      -1.821650      79.758435
      -1.822359      79.780830
      -1.778626      79.792327
      -1.756794      79.791064
      -1.759685      79.779961
      -1.772938      79.779252
      -1.786007      79.804319
      -1.798477      79.875586
      -1.782166      79.936061
      -1.757676      79.959554
      -1.756735      79.965081
      -1.755283      80.016347
      -1.772234      80.100908
      -1.775302      80.187621
      -1.762539      80.217083
      -1.762155      80.197169
      -1.752640      80.155501
      -1.736507      80.114692
      -1.734978      80.078177
      -1.727627      80.039238
      -1.713653      80.014895
      -1.697176      79.996045
      -1.689488      79.970764
      -1.673947      79.900386
      -1.666338      79.724353
      -1.681600      79.445297
      -1.735272      79.144201
      -1.783236      78.980412
      -1.774242      78.991525
      -1.739251      78.968789
      -1.755052      78.837043
      -1.797142      78.653287
      -1.825467      78.493899
      -1.816043      78.389847
      -1.790042      78.297437
      -1.773869      78.201754
      -1.763516      78.112229
      -1.759158      78.060652
      -1.782753      78.038402
      -1.754500      78.017658
      -1.721801      77.993567
      -1.679760      77.941019
      -1.652441      77.889462
      -1.630655      77.878689
      -1.607874      77.896912
      -1.589094      77.915996
      -1.588873      77.929513
      -1.551122      77.929513
      -1.532808      77.907369
      -1.529904      77.877887
      -1.520855      77.828598
      -1.457334      77.690746
      -1.382896      77.551879
      -1.280459      77.465026
      -1.208921      77.471733
      -1.171600      77.502619
      -1.150807      77.522989
      -1.161859      77.457041
      -1.190923      77.303185
      -1.232306      77.082948
      -1.273268      76.865684
      -1.274273      76.668362
      -1.260919      76.534906
      -1.263666      76.413097
      -1.249382      76.319210
      -1.228162      76.214405
      -1.222121      76.114030
      -1.186429      75.996709
      -1.147349      75.860634
      -1.049960      75.709562
      -0.968481      75.589350
      -0.848733      75.450619
      -0.788098      75.320601
      -0.758932      75.216700
      -0.767931      75.137846
      -0.793887      75.092384
      -0.795167      75.076750
      -0.795023      75.063330
      -0.782696      75.065938
      -0.753172      75.061265
      -0.747099      75.017261
      -0.766718      74.955965
      -0.795630      74.915739
      -0.830354      74.911849
      -0.826430      74.947203
      -0.792388      74.986433
      -0.758473      74.990266
      -0.732940      74.952857
      -0.719019      74.933089
      -0.722518      74.939092
      -0.708384      74.956567
      -0.694429      74.956004
      -0.685451      74.946295
      -0.662293      74.919737
      -0.662881      74.872177
      -0.696313      74.806519
      -0.729259      74.766017
      -0.756893      74.759707
      -0.755986      74.769232
      -0.754578      74.813110
      -0.699693      74.840159
      -0.680406      74.829284
      -0.692888      74.806689
      -0.727404      74.805325
      -0.764790      74.839353
      -0.789918      74.879351
      -0.801848      74.899036
      -0.827113      74.894116
      -0.825723      74.866975
      -0.858621      74.829012
      -0.886564      74.810692
      -0.914347      74.824772
      -0.927940      74.852598
      -0.930099      74.883503
      -0.925269      74.898147
      -0.934799      74.920009
      -0.894359      74.907881
      -0.896416      74.877884
      -0.887813      74.835992
      -0.902541      74.841592
      -0.915674      74.866319
      -0.906157      74.894135
      -0.921189      74.898220
      -0.955991      74.886699
      -0.956093      74.876295
      -0.974400      74.876057
      -0.997314      74.869908
      -1.031823      74.871477
      -1.053294      74.865396
      -1.062145      74.863361
      -1.073330      74.840936
      -1.100986      74.841864
      -1.101635      74.848484
      -1.074331      74.849951
      -1.054690      74.825544
      -1.050575      74.806908
      -1.030204      74.811493
      -0.954591      74.885878
      -0.889237      74.998416
      -0.886302      75.043324
      -0.948784      74.990984
      -1.005997      74.892804
      -1.078876      74.817720
      -1.129875      74.821683
      -1.124331      74.817088
      -1.122106      74.769854
      -1.090092      74.681553
      -1.030570      74.594525
      -1.012650      74.452612
      -1.047356      74.015650
      -1.260361      72.915802
      -1.741325      70.859183
      -2.402796      67.561404
      -3.110206      62.739837
      -3.802466      56.236822
      -4.363176      48.161161
      -4.751637      39.126629
      -4.821948      29.859805
      -4.667260      21.116118
      -4.414611      13.287693
      -4.084262       6.364762
      -3.621643       0.386452
