     -11.284418    -174.172315
     -11.334702    -174.190034
     -11.377606    -174.211152
     -11.384745    -174.222013
     -11.371659    -174.199010
     -11.389768    -174.165632
     -11.413487    -174.174958
     -11.451547    -174.223489
     -11.493292    -174.228327
     -11.517180    -174.180903
     -11.533515    -174.134722
     -11.572312    -174.142591
     -11.615382    -174.163068
     -11.631751    -174.150634
     -11.620019    -174.131827
     -11.601855    -174.139424
     -11.570309    -174.155840
     -11.513483    -174.166798
     -11.444307    -174.149041
     -11.373823    -174.125358
     -11.309959    -174.133168
     -11.275481    -174.162699
     -11.235863    -174.155899
     -11.196829    -174.115760
     -11.111183    -174.056602
     -10.990045    -174.011140
     -10.811469    -173.957946
     -10.537978    -173.876134
     -10.176774    -173.752066
      -9.772891    -173.590813
      -9.369637    -173.385517
      -9.008322    -173.123451
      -8.645508    -172.782333
      -8.323779    -172.375916
      -8.039130    -171.967207
      -7.836308    -171.570699
      -7.688193    -171.189112
      -7.476193    -170.944085
      -7.201556    -170.938606
      -7.038523    -171.155638
      -6.962664    -171.516126
      -6.948729    -171.977951
      -7.030638    -172.493087
      -7.115386    -173.068722
      -7.231451    -173.701281
      -7.464667    -174.337202
      -7.796665    -174.947652
      -8.125430    -175.469354
      -8.369720    -175.869223
      -8.626015    -176.109549
      -8.819582    -176.231888
      -8.902736    -176.244399
      -8.953461    -176.228449
      -9.024376    -176.260855
      -9.122769    -176.360482
      -9.267586    -176.502016
      -9.507579    -176.734609
      -9.866788    -177.077690
     -10.399134    -177.520981
     -11.164366    -178.112508
     -12.367078    -178.752042
     -14.152182    -179.333661
     -16.126866    -179.855752
     -17.781224     179.810659
     -19.371939     179.504433
     -20.797830     178.872088
     -22.026606     177.947388
     -23.021754     177.017191
     -23.551923     176.211585
     -23.532227     175.696624
     -23.279737     175.356341
     -22.718465     175.281368
     -21.841791     175.518760
     -20.702232     176.061426
     -19.538548     176.742283
     -18.514597     177.363574
     -17.604658     177.733058
     -16.876271     177.791322
     -16.956511     177.936547
     -16.984532     178.504198
     -16.431644     179.180936
     -15.932811     179.748023
     -15.493111     179.748470
     -15.176909     179.692536
     -14.390578    -179.886817
     -13.596493    -179.287305
     -12.849463    -178.756394
     -12.706288    -178.405289
     -12.578939    -178.346694
     -12.229656    -178.522441
     -11.706129    -178.684859
     -11.152895    -178.939581
     -10.588415    -179.226223
     -10.713106    -179.330707
     -11.005476    -179.454192
     -10.971442    -179.527572
     -10.732408    -179.357305
     -10.279709    -178.963983
      -9.796868    -178.499943
      -9.096246    -178.246795
      -7.245734    -178.165274
      -5.296240    -178.022245
      -4.113394    -177.771273
      -3.509874    -177.614993
      -3.241734    -177.652217
      -3.022209    -177.766552
      -2.510803    -177.803776
      -1.724022    -177.806282
      -0.759061    -177.947893
       0.134098    -178.381412
       0.624965    -179.047737
       0.557511    -179.734754
      -0.111922     179.814953
      -1.006490     179.700949
      -1.807267     179.928704
      -2.312122    -179.572607
      -2.409048    -178.932568
      -2.235279    -178.124203
      -1.896193    -177.156743
      -1.461460    -176.050721
      -1.173704    -174.904852
      -1.128888    -173.728792
      -1.269610    -172.452230
      -1.491087    -171.075633
      -1.737101    -169.777448
      -2.044632    -168.622311
      -2.358620    -167.633188
      -2.548653    -166.781985
      -2.525266    -165.911859
      -2.340818    -164.948012
      -2.193153    -163.871327
      -2.162724    -162.764683
      -2.171036    -161.668900
      -2.209056    -160.560469
      -2.182678    -159.396998
      -2.143552    -158.143779
      -2.234085    -156.808826
      -2.499334    -155.425759
      -2.771460    -154.064491
      -2.923027    -152.679929
      -2.867476    -151.023538
      -2.578608    -148.842579
      -2.070274    -146.205866
      -1.559505    -143.422967
      -1.262128    -140.992735
      -1.547332    -139.559302
      -2.936564    -138.780400
      -5.275539    -138.415317
      -7.587995    -138.669466
      -9.550953    -139.570065
     -11.610442    -141.071682
     -13.801791    -143.105473
     -16.007060    -145.138360
     -17.977986    -146.885801
     -19.587432    -148.266837
     -20.858370    -149.125695
     -21.871601    -149.511041
     -22.826116    -149.392831
     -23.909905    -148.706233
     -25.171330    -147.189209
     -26.706278    -144.885222
     -28.207703    -142.050721
     -29.508528    -139.050402
     -30.469711    -136.214629
     -31.193750    -133.505391
     -31.790141    -130.874439
     -32.238804    -128.333545
     -32.666839    -125.923480
     -32.908944    -123.651695
     -33.139386    -121.430850
     -33.292989    -119.337803
     -33.498971    -117.512213
     -33.602211    -116.083763
     -33.595290    -115.166835
     -33.568921    -114.752929
     -33.599776    -114.776262
     -33.604638    -115.044302
     -33.632981    -115.344932
     -33.678085    -115.402245
     -33.570233    -115.137333
     -33.389486    -114.742933
     -33.053069    -114.213547
     -32.612134    -113.507802
     -32.008042    -112.527042
     -31.296682    -111.303762
     -30.517067    -109.828033
     -29.593421    -107.970008
     -28.602557    -105.783201
     -27.584741    -103.448673
     -26.573574    -101.163152
     -25.616573     -98.999717
     -24.849996     -97.049078
     -24.195971     -95.241459
     -23.634176     -93.542201
     -23.177645     -91.921257
     -22.876634     -90.456767
     -22.573512     -89.105456
     -22.202311     -87.840939
     -21.693142     -86.765167
     -21.233933     -85.838272
     -21.003598     -84.988681
     -21.066698     -84.216230
     -21.202328     -83.313591
     -21.103764     -82.122892
     -20.870807     -80.578611
     -20.665537     -78.708059
     -20.360913     -76.451010
     -19.883795     -73.807838
     -19.252470     -70.558003
     -18.483479     -66.943742
     -17.718407     -63.427140
     -17.423661     -60.538124
     -17.653657     -58.457589
     -17.738765     -56.568304
     -17.487625     -54.443459
     -16.943145     -52.181203
     -16.286618     -49.828223
     -15.602186     -47.302940
     -15.021490     -44.547035
     -14.492691     -41.507559
     -13.905201     -37.882981
     -13.357045     -34.074795
     -12.730434     -30.418387
     -12.149851     -27.095534
     -11.565725     -24.212444
     -11.145053     -21.694403
     -10.838904     -19.393983
     -10.517170     -17.098709
     -10.183009     -14.783292
      -9.810800     -12.620118
      -9.438280     -10.614070
      -9.028720      -8.732909
      -8.697375      -6.905329
      -8.386863      -5.212106
      -8.035922      -3.764399
      -7.609100      -2.567070
      -7.128877      -1.676022
      -6.482186      -1.098519
      -5.796201      -0.714109
      -5.161569      -0.407600
      -4.620871      -0.098671
      -4.184046       0.213703
      -3.852963       0.541757
      -3.558618       0.812346
      -3.244641       1.105992
      -2.966052       1.390134
      -2.703277       1.709751
      -2.489729       2.092307
      -2.292078       2.496410
      -2.167707       2.962908
      -2.119509       3.402415
      -2.105508       3.860408
      -2.064359       4.427552
      -1.968154       5.034984
      -1.928761       5.824767
      -1.948022       7.032673
      -2.043847       8.579103
      -2.274998      10.273124
      -2.595164      12.077932
      -2.884982      13.895439
      -3.081142      15.930397
      -3.215934      18.184945
      -3.239706      20.528695
      -3.069828      22.581978
      -3.033100      24.234152
      -3.123759      25.537158
      -3.379116      26.444873
      -4.085718      26.624116
      -4.940412      25.912861
      -5.681680      24.239466
      -6.140145      21.930420
      -6.491055      19.285659
      -6.695000      16.726490
      -6.865276      14.453252
      -7.279416      12.745915
      -7.578713      11.505054
      -7.742303      10.524169
      -7.968508       9.632879
      -8.217610       8.884564
      -8.436559       8.342185
      -8.606482       8.019317
      -8.631945       7.813550
      -8.589194       7.586981
      -8.712898       7.227888
      -8.988991       6.705727
      -9.092390       6.105402
      -8.947058       5.603275
      -8.613685       5.237015
      -8.282069       4.934793
      -8.085133       4.621425
      -8.029411       4.271543
      -8.088203       3.840372
      -8.195946       3.376778
      -8.323269       2.842685
      -8.401612       2.271644
      -8.486939       1.729790
      -8.615848       1.381805
      -8.718509       1.323446
      -8.854923       1.498801
      -8.973685       1.711600
      -8.990996       1.826936
      -8.941478       1.720342
      -8.819523       1.418621
      -8.630272       1.017794
      -8.475656       0.648805
      -8.354673       0.300502
      -8.329421      -0.006553
      -8.360948      -0.268115
      -8.365855      -0.429689
      -8.367817      -0.514856
      -8.344768      -0.489790
      -8.364840      -0.403438
      -8.346132      -0.297007
      -8.327532      -0.231660
      -8.327364      -0.202153
      -8.314912      -0.215139
      -8.310085      -0.223117
      -8.277889      -0.237194
      -8.236658      -0.261708
      -8.233459      -0.328496
      -8.234987      -0.384457
      -8.238356      -0.434521
      -8.246410      -0.435169
      -8.253664      -0.388211
      -8.237617      -0.350665
      -8.216098      -0.338130
      -8.189497      -0.354302
      -8.145959      -0.355524
      -8.111553      -0.343638
      -8.053205      -0.297791
      -7.982554      -0.269655
      -7.942783      -0.251633
      -7.917410      -0.270583
      -7.911471      -0.287857
      -7.925941      -0.323571
      -7.942770      -0.353789
      -7.940211      -0.371498
      -7.908536      -0.378695
      -7.891332      -0.400950
      -7.866971      -0.430323
      -7.840290      -0.459624
      -7.776502      -0.432431
      -7.705224      -0.446209
      -7.657691      -0.497221
      -7.608107      -0.563102
      -7.542830      -0.594553
      -7.493516      -0.635379
      -7.451306      -0.689681
      -7.424057      -0.730069
      -7.354201      -0.763097
      -7.283272      -0.816794
      -7.189461      -0.854502
      -7.108693      -0.876936
      -7.039548      -0.867715
      -6.963270      -0.864243
      -6.918279      -0.852375
      -6.889362      -0.855075
      -6.883586      -0.868967
      -6.907636      -0.920867
      -6.950672      -0.971871
      -6.986709      -0.993518
      -6.988940      -1.003208
      -6.994199      -1.039133
      -6.972080      -1.068186
      -6.958824      -1.067655
      -6.944682      -1.030571
      -6.908206      -1.056700
      -6.869522      -1.135967
      -6.767618      -1.319131
      -6.587106      -1.792278
      -6.392264      -2.841702
      -6.277326      -4.598756
      -6.137779      -6.987415
      -5.738791      -9.865520
      -5.169853     -13.173609
      -4.306459     -16.719953
      -3.190975     -20.055360
      -2.053336     -22.810534
      -0.931732     -24.997460
      -0.020875     -26.566310
       0.695643     -27.611491
       1.320094     -28.157799
       1.836822     -28.388615
       2.218786     -28.448354
       2.534981     -28.487683
       2.742311     -28.497541
       2.915222     -28.410386
       2.912877     -28.147628
       2.720421     -27.648431
       2.599080     -26.937955
       2.540225     -26.057022
       2.391239     -25.034238
       2.201597     -23.869902
       1.996990     -22.539605
       1.834592     -21.081429
       1.723646     -19.479250
       1.686415     -17.721323
       1.775065     -15.850704
       2.010503     -14.005175
       2.404105     -12.299997
       2.944606     -10.760936
       3.479983      -9.383407
       4.029516      -8.161857
       4.717127      -7.137910
       5.550520      -6.352775
       6.635133      -5.840336
       8.043284      -5.642618
       9.828295      -5.768790
      11.899672      -6.153082
      14.278758      -6.684914
      16.860998      -7.332764
      19.511067      -7.985525
      22.052511      -8.493395
      23.967371      -8.304159
      24.502109      -7.285912
      23.706859      -6.041501
      22.955259      -5.114100
      22.995432      -4.459112
      23.361384      -4.167374
      23.500715      -4.542963
      23.335848      -5.214203
      23.176208      -5.982934
      23.176183      -6.817878
      23.236668      -7.613851
      23.376494      -8.340895
      23.592246      -8.998561
      23.845566      -9.821995
      24.106240     -10.892992
      24.304467     -12.112549
      24.470315     -13.333951
      24.581830     -14.408319
      24.640027     -15.094201
      24.567225     -15.399109
      24.441248     -15.457861
      24.294035     -15.445920
      24.189490     -15.410760
      24.107943     -15.474472
      24.112821     -15.842436
      24.175093     -16.476804
      24.288264     -17.265234
      24.360160     -18.083101
      24.371150     -18.860099
      24.345779     -19.561410
      24.289136     -20.139560
      24.246453     -20.553109
      24.204369     -20.777775
      24.182894     -20.866419
      24.147877     -20.892894
      24.095127     -20.883824
      24.089520     -20.791926
      24.116532     -20.706775
      24.158995     -20.710875
      24.149718     -20.761257
      24.116491     -20.842612
      24.091239     -20.905690
      24.057362     -20.946780
      24.034803     -20.911701
      23.994650     -20.766636
      23.976847     -20.578613
      23.948479     -20.407855
      23.923053     -20.292039
      23.908996     -20.267816
      23.902284     -20.333398
      23.932291     -20.435486
      23.901718     -20.579910
      23.764495     -20.733475
      23.681756     -20.892911
      23.649942     -21.172736
      23.605666     -21.580020
      23.503318     -22.083776
      23.280864     -22.789676
      22.853354     -23.914247
      22.078003     -25.583409
      21.012481     -27.791854
      19.909427     -30.281686
      19.159741     -32.555834
      18.903066     -34.178813
      18.819664     -34.994164
      18.752689     -34.883191
      18.693929     -34.109209
      18.575416     -33.024053
      18.504601     -31.826326
      18.400345     -30.693525
      18.317577     -29.696990
      18.179874     -28.918921
      18.038698     -28.350159
      17.848907     -27.904328
      17.563121     -27.527044
      17.084955     -27.364504
      16.372790     -27.369373
      15.546158     -27.322993
      14.774802     -27.095957
      14.015201     -26.724431
      13.295768     -26.346154
      12.759654     -25.971777
      12.264314     -25.627756
      11.952553     -25.322060
      11.853617     -24.810681
      11.555197     -23.820135
      10.894657     -22.372523
       9.914667     -20.689271
       8.947419     -18.924000
       8.069438     -17.264978
       7.213894     -15.808152
       6.355203     -14.580112
       5.551900     -13.605165
       4.766946     -12.807215
       3.994330     -12.115615
       3.276946     -11.480668
       2.645457     -10.903063
       2.133747     -10.401097
       1.744490      -9.967140
       1.471032      -9.622061
       1.279026      -9.368907
       1.135994      -9.216495
       1.064410      -9.138494
       1.036263      -9.148793
       1.070283      -9.215411
       1.229369      -9.350718
       1.341260      -9.527908
       1.398959      -9.682766
       1.422062      -9.767389
       1.454153      -9.811712
       1.514061      -9.828924
       1.554150      -9.840162
       1.634088      -9.867332
       1.698604      -9.904371
       1.737984      -9.924986
       1.732189      -9.965662
       1.794778     -10.091754
       1.897249     -10.259865
       1.911368     -10.411073
       1.841297     -10.500464
       1.741196     -10.523180
       1.672782     -10.547259
       1.625269     -10.640726
       1.600664     -10.784276
       1.555866     -10.898631
       1.545722     -10.968507
       1.524857     -10.991388
       1.484675     -10.999660
       1.445525     -11.001669
       1.407068     -10.983164
       1.409904     -10.967652
       1.401362     -10.968204
       1.368944     -10.974016
       1.348920     -10.973981
       1.342866     -10.976274
       1.315024     -11.001061
       1.289235     -11.026603
       1.284285     -11.030031
       1.329261     -11.041669
       1.331495     -11.079561
       1.339427     -11.136175
       1.336859     -11.173621
       1.294937     -11.172468
       1.250668     -11.193083
       1.221744     -11.274979
       1.226614     -11.381174
       1.247271     -11.472401
       1.249157     -11.538741
       1.237099     -11.586076
       1.218539     -11.631826
       1.208648     -11.694076
       1.213896     -11.751192
       1.267982     -11.775733
       1.357737     -11.789969
       1.440968     -11.794723
       1.468177     -11.812435
       1.456336     -11.832937
       1.414506     -11.822683
       1.398843     -11.787513
       1.416472     -11.787041
       1.369559     -11.822849
       1.325679     -11.858064
       1.313255     -11.877996
       1.286868     -11.925675
       1.262238     -12.020060
       1.237633     -12.152881
       1.241322     -12.279487
       1.266544     -12.393389
       1.302429     -12.487735
       1.316876     -12.549082
       1.324627     -12.550259
       1.331483     -12.497741
       1.359129     -12.422415
       1.380191     -12.383116
       1.362183     -12.347850
       1.339773     -12.292523
       1.320036     -12.256708
       1.302749     -12.266652
       1.284049     -12.294905
       1.296653     -12.324136
       1.310985     -12.308670
       1.339299     -12.313166
       1.351303     -12.362757
       1.366979     -12.427348
       1.384177     -12.476255
