      -3.968300      12.189888
      -3.955044      12.215721
      -3.963483      12.243303
      -3.988036      12.262561
      -4.004101      12.262911
      -4.026032      12.241012
      -4.003775      12.252396
      -4.007989      12.283030
      -4.016469      12.319807
      -4.002436      12.349314
      -3.957897      12.362109
      -3.907329      12.363379
      -3.775974      12.410665
      -3.471504      12.518626
      -2.842239      12.669577
      -1.712925      12.820111
       0.098514      12.909342
       1.924401      12.780231
       3.700664      12.582577
       5.215625      12.371878
       6.639314      12.202066
       8.048036      12.114603
       9.261744      12.132712
      10.596360      12.239758
      12.071293      12.397541
      13.750990      12.569899
      15.345833      12.666232
      16.889446      12.699439
      18.480175      12.708158
      20.011762      12.700509
      21.266249      12.618804
      22.194409      12.573521
      22.422500      12.830625
      22.092730      13.117812
      21.504971      13.208687
      21.430965      13.059391
      21.562981      12.820508
      21.470229      12.550834
      21.234265      12.296826
      21.029513      11.994422
      20.949260      11.586705
      20.971551      11.048623
      20.971051      10.350413
      20.895901       9.505478
      20.703781       8.532488
      20.669610       7.457815
      20.762007       6.441437
      20.840426       5.585508
      20.837534       4.870770
      20.768134       4.215419
      20.681279       3.665069
      20.489793       3.146018
      20.428883       2.581455
      20.452292       2.044222
      20.426639       1.655146
      20.332073       1.174277
      20.416576       0.408875
      20.536923      -0.803692
      20.644496      -2.709220
      20.434061      -4.984527
      20.134209      -7.281314
      19.866566      -9.468282
      19.577163     -11.318237
      19.329401     -12.784003
      19.117174     -13.774187
      18.835808     -14.224025
      18.830213     -14.311416
      18.778451     -14.377800
      18.595895     -14.491207
      18.307845     -14.591235
      18.053917     -14.730813
      17.942971     -14.841304
      17.648893     -14.732354
      17.760651     -14.649242
      18.094546     -14.593324
      18.224269     -14.443513
      18.075127     -14.267444
      18.043275     -14.142926
      18.196456     -13.921310
      18.490403     -13.685653
      18.698473     -13.472335
      18.618289     -13.269659
      18.692546     -13.045785
      19.469537     -12.652587
      20.057995     -11.813638
      19.714494     -10.127590
      18.720801      -7.718610
      17.758036      -5.130762
      17.303639      -2.739610
      17.201603      -0.722061
      17.475517       1.047628
      18.026841       2.548581
      18.521287       3.861434
      18.980476       4.935988
      19.567542       5.817523
      19.984752       6.654480
      20.127787       7.134488
      19.870210       7.530977
      19.683376       8.020371
      19.583891       8.442479
      19.608358       8.801951
      19.726869       9.116677
      19.601546       9.427319
      19.444722       9.647926
      19.323587       9.727083
      19.267282       9.757070
      19.208256       9.708350
      19.136981       9.604621
      19.072156       9.458833
      19.083829       9.267860
      19.107699       9.112537
      19.081551       9.041378
      19.021699       9.067250
      19.000599       9.213328
      18.981243       9.447797
      19.029025       9.736854
      19.084960       9.988376
      19.042816      10.173762
      19.004566      10.305735
      18.953307      10.413859
      18.984664      10.486119
      19.010433      10.546418
      18.964430      10.593463
      18.925408      10.615866
      18.930666      10.636423
      18.894060      10.718325
      18.875296      10.798294
      18.879756      10.817922
      18.858530      10.840845
      18.802519      10.854441
      18.794066      10.869703
      18.806776      10.864991
      18.798701      10.857820
      18.804725      10.861566
      18.793221      10.854597
      18.788073      10.813314
      18.757987      10.783392
      18.736168      10.772857
      18.732950      10.748158
      18.755942      10.711944
      18.723408      10.726082
      18.656324      10.749080
      18.673831      10.733358
      18.710209      10.692906
      18.659851      10.652771
      18.606760      10.613459
      18.575041      10.565379
      18.570029      10.497245
      18.575690      10.449757
      18.544863      10.439006
      18.516617      10.439329
      18.527593      10.431887
      18.531135      10.424624
      18.475562      10.396547
      18.480725      10.334908
      18.522585      10.294039
      18.493005      10.292524
      18.449212      10.294768
      18.484368      10.323161
      18.512697      10.336013
      18.506024      10.332211
      18.481457      10.299843
      18.467427      10.272007
      18.487968      10.209943
      18.467939      10.174172
      18.414504      10.151620
      18.388535      10.118076
      18.363694      10.029215
      18.387633       9.917116
      18.386583       9.843639
      18.331159       9.811535
      18.293920       9.783069
      18.342945       9.747674
      18.325453       9.709273
      18.295062       9.679933
      18.283837       9.653248
      18.306257       9.622835
      18.295090       9.625420
      18.276645       9.644111
      18.285281       9.655336
      18.300158       9.623921
      18.262946       9.590508
      18.239014       9.523324
      18.262434       9.489367
      18.254054       9.520141
      18.192144       9.590780
      18.202821       9.691141
      18.264327       9.898294
      18.245037      10.195907
      18.247503      10.507454
      18.300322      10.895704
      18.343636      11.350540
      18.377230      11.789782
      18.377602      12.259981
      18.422088      12.715525
      18.432675      13.097591
      18.351265      13.374228
      18.340898      13.576797
      18.410570      13.722354
      18.402523      13.844072
      18.326937      13.904268
      18.331942      13.920453
      18.353273      13.935344
      18.344239      13.952041
      18.340862      13.954687
      18.324633      13.962900
      18.332974      13.993762
      18.344616      14.052039
      18.362147      14.101769
      18.339856      14.086701
      18.334401      14.000448
      18.331306      13.887942
      18.302493      13.659164
      18.237833      13.227478
      18.208552      12.607320
      18.111279      11.866785
      17.942313      10.886078
      17.729987       9.799385
      17.588665       8.649157
      17.482759       7.500462
      17.307988       6.390262
      17.136990       5.308277
      16.970780       4.230304
      16.835365       3.222703
      16.675927       2.369421
      16.601051       1.726911
      16.522031       1.389021
      16.591825       1.276698
      16.715283       1.296864
      16.699939       1.430112
      16.796311       1.672032
      16.913583       1.958745
      17.086129       2.307274
      17.300819       2.790710
      17.492918       3.364834
      17.678829       3.958120
      17.757896       4.479878
      17.827383       4.870424
      17.938060       5.157589
      18.006952       5.408639
      18.059928       5.654133
      18.087224       5.859078
      18.125915       6.030421
      18.140789       6.179987
      18.252447       6.485968
      18.350663       6.892314
      18.428779       7.382791
      18.482972       7.930751
      18.531009       8.447799
      18.545716       8.921861
      18.550867       9.353424
      18.589270       9.779400
      18.585264      10.215360
      18.616999      10.629081
      18.675545      10.963157
      18.736454      11.205494
      18.711620      11.333374
      18.637609      11.356051
      18.589493      11.317016
      18.562545      11.267110
      18.503427      11.208055
      18.421495      11.107976
      18.320567      10.952174
      18.268360      10.731142
      18.208552      10.445791
      18.151221      10.134110
      18.069579       9.881543
      17.962654       9.665540
      17.900909       9.434190
      17.791841       9.165869
      17.562652       8.811358
      17.252894       8.378283
      16.871035       7.876465
      16.344117       7.272319
      15.684872       6.597938
      15.057128       5.957327
      14.568656       5.372764
      14.222555       4.826019
      13.923357       4.279029
      13.707553       3.714018
      13.480573       3.139688
      13.293280       2.546107
      13.138614       1.943958
      12.975831       1.301477
      12.863268       0.604058
      12.809937      -0.105148
      12.812856      -0.947834
      13.046850      -1.946566
      13.619537      -3.236271
      14.092787      -4.668931
      14.479071      -6.078103
      14.748796      -7.335650
      14.965554      -8.441754
      15.210471      -9.453118
      15.438917     -10.384866
      15.673585     -11.282780
      15.890216     -12.113041
      16.015061     -12.901393
      15.999305     -13.538384
      16.007824     -14.048136
      16.081161     -14.513147
      16.187801     -14.930650
      16.334728     -15.337937
      16.533270     -15.736121
      16.747488     -16.123890
      16.974209     -16.454951
      17.145255     -16.677002
      17.182422     -16.783044
      17.111200     -16.719966
      17.099170     -16.583677
      17.137532     -16.438075
      17.205100     -16.326944
      17.344928     -16.203790
      17.445742     -15.996394
      17.498171     -15.768974
      17.521095     -15.522472
      17.563101     -15.264318
      17.621635     -14.930865
      17.728009     -14.497571
      17.835840     -13.914299
      17.891238     -13.202009
      17.939831     -12.462928
      18.028539     -11.842263
      18.074109     -11.364384
      18.133340     -11.169964
      18.192938     -11.119377
      18.226047     -11.148520
      18.288260     -11.133452
      18.370133     -11.098443
      18.421248     -11.013231
      18.469352     -10.836233
      18.508365     -10.421364
      18.539841      -9.582724
      18.671743      -8.423990
      18.779169      -6.986732
      18.924516      -5.520402
      19.046196      -4.068489
      19.276705      -2.638000
      19.512228      -1.180818
      19.759845       0.194484
      20.062699       1.475523
      20.348568       2.588412
      20.494983       3.436848
      20.484057       4.017471
      20.383460       4.362337
      20.361465       4.572362
      20.361150       4.640580
      20.330711       4.693969
      20.225346       4.764570
      20.130807       4.924762
      20.099255       5.101191
      20.073465       5.215531
      20.029676       5.299000
      19.893099       5.295716
      19.769519       5.263290
      19.710409       5.223411
      19.706231       5.228463
      19.667484       5.306770
      19.609607       5.402491
      19.596591       5.455516
      19.587307       5.523042
      19.575407       5.576832
      19.515377       5.583916
      19.495798       5.599067
      19.477769       5.636083
      19.492902       5.682921
      19.487768       5.714613
      19.443211       5.752950
      19.420427       5.812835
      19.398789       5.916230
      19.381401       6.020242
      19.348152       6.132328
      19.298760       6.231834
      19.243330       6.315003
      19.245131       6.416770
      19.188752       6.569635
      19.185954       6.803187
      19.292143       7.338692
      19.382762       8.321961
      19.392186       9.721414
      18.835811      11.636999
      17.791596      14.305721
      16.666724      17.807287
      15.750277      22.160915
      15.084619      27.044341
      14.849046      31.745687
      14.955756      35.437210
      15.297776      37.767568
      15.736742      38.873029
      16.337721      39.308012
      16.844470      39.382256
      16.963772      39.251758
      16.947978      39.042219
      17.006105      38.837857
      17.291479      38.566157
      17.460943      38.115273
      17.383687      37.573625
      17.294800      37.037672
      17.308837      36.509643
      17.301578      35.981310
      17.305733      35.567706
      17.269475      35.232782
      17.278748      34.895984
      17.293221      34.535676
      17.291134      34.063029
      17.103118      33.458225
      16.841704      32.673109
      16.676309      31.756052
      16.596056      30.784893
      16.417016      29.809670
      16.167360      28.807747
      16.066808      27.615379
      16.081573      26.240001
      16.224737      24.858817
      16.363224      23.502952
      16.595850      22.206136
      17.002055      20.981586
      17.448492      19.632667
      17.941906      17.526648
      18.386966      14.642796
      18.520950      11.397103
      18.334674       8.274492
      17.914952       5.470193
      17.494339       3.358497
      16.992649       1.718231
      16.693435       0.352810
      16.507185      -0.855988
      16.402349      -1.780844
      16.278962      -2.364369
      16.121407      -2.694491
      16.060167      -2.838340
      16.109776      -2.773950
      16.220429      -2.419745
      16.356297      -1.876141
      16.510375      -1.249391
      16.695933      -0.643520
      16.864275      -0.106158
      16.961725       0.326599
      17.000670       0.626180
      17.084591       0.883834
      17.213622       1.129441
      17.344743       1.317131
      17.476891       1.427966
      17.572247       1.412867
      17.549365       1.257096
      17.387095       0.986525
      17.184650       0.717139
      17.117442       0.469293
      17.106891       0.310894
      17.087427       0.262591
      17.035319       0.220893
      17.006819       0.132594
      16.965010       0.015225
      16.904778      -0.160410
      16.850573      -0.363713
      16.822601      -0.510687
      16.733135      -0.614487
      16.699748      -0.765992
      16.701704      -0.941075
      16.623555      -1.175200
      16.509224      -1.541452
      16.363670      -1.993149
      16.226156      -2.427729
      16.133576      -2.790873
      16.078001      -3.066185
      16.011032      -3.254281
      15.985851      -3.390150
      15.961177      -3.526802
      15.948004      -3.654454
      15.928409      -3.695028
      15.918427      -3.645756
      15.932096      -3.534648
      16.008058      -3.383813
      16.051397      -3.209024
      16.151451      -3.008001
      16.453323      -2.666552
      16.966096      -2.099991
      17.619529      -1.293527
      18.291339      -0.275716
      18.802966       0.720899
      19.172653       1.591388
      19.436002       2.369773
      19.541273       3.082963
      19.592691       3.705349
      19.599991       4.255281
      19.678040       4.776901
      19.699923       5.234751
      19.774830       5.567653
      19.847886       5.816810
      19.868271       6.021979
      19.904933       6.204913
      19.935636       6.354888
      19.981998       6.492489
      20.022044       6.609389
      20.037644       6.734428
      20.098994       6.858061
      20.121616       6.950769
      20.126475       7.005034
      20.119357       7.062899
      20.132249       7.099648
      20.135871       7.104980
      20.153739       7.102420
      20.145056       7.127358
      20.124179       7.182753
      20.149982       7.207258
      20.198218       7.199902
      20.191973       7.180734
      20.169283       7.162787
      20.126580       7.122314
      20.082088       7.084160
      20.050246       7.083462
      20.011925       7.118323
      19.976090       7.162962
      19.944341       7.213090
      19.951021       7.260917
      20.000314       7.286896
      20.039162       7.289008
      20.102663       7.326473
      20.288416       7.382742
      20.360563       7.418012
      20.432427       7.435301
      20.409907       7.435783
      20.404557       7.398480
      20.449295       7.342170
      20.453632       7.274789
      20.467567       7.245848
      20.423528       7.255065
      20.444181       7.259812
      20.461265       7.269733
      20.464619       7.279104
      20.439887       7.279069
      20.393461       7.235763
      20.363963       7.188682
      20.272511       7.187554
      20.185534       7.161642
      20.100742       7.096093
      20.103856       7.041067
      20.009575       6.987549
      19.990576       6.955581
      19.970545       6.951223
      19.931627       6.950635
      19.931013       6.983622
      19.912863       7.001447
      19.891155       6.989089
      19.835470       6.959240
      19.810414       6.908158
      19.769358       6.827960
      19.720190       6.712476
      19.700098       6.625350
      19.644804       6.579216
      19.621970       6.533223
      19.629132       6.484999
      19.628582       6.451991
      19.607750       6.426569
      19.614365       6.400939
      19.603781       6.379157
      19.602887       6.362305
      19.603758       6.359293
      19.577209       6.326045
      19.542604       6.224654
      19.521582       6.044780
      19.474269       5.788894
      19.420981       5.534614
      19.369501       5.310749
      19.292703       5.053492
      19.243568       4.741563
      19.180416       4.417359
      19.087490       4.117093
      19.007602       3.835828
      18.949113       3.548851
      18.866704       3.282259
      18.827557       3.054935
      18.767883       2.848650
      18.710196       2.661746
      18.676613       2.505519
      18.653339       2.336044
      18.626577       2.099797
      18.636052       1.721367
      18.646872       1.138603
      18.804726      -0.005217
      18.843896      -1.554378
      18.833436      -3.262996
      18.766472      -4.918891
      18.788044      -6.530603
      18.919760      -8.097030
      18.902547      -9.364336
      18.714841     -10.181442
      18.399399     -10.468519
      18.280221     -10.326789
      18.380935      -9.580210
      18.707775      -7.941638
      19.018114      -5.675033
      19.363342      -3.130550
      19.756942      -0.692967
      20.079933       1.439596
      20.310759       3.034036
