      -0.004891      26.245040
      -0.013597      26.256894
      -0.010263      26.273706
      -0.002574      26.287950
      -0.015971      26.293297
      -0.027023      26.297209
      -0.022214      26.315649
      -0.037524      26.345126
      -0.039860      26.367529
      -0.018133      26.370286
      -0.042053      26.363054
      -0.066345      26.369407
      -0.070917      26.382722
      -0.095041      26.394253
      -0.103548      26.404622
      -0.120075      26.419762
      -0.139703      26.443855
      -0.158955      26.483284
      -0.186380      26.512446
      -0.220474      26.524955
      -0.238900      26.532561
      -0.265827      26.559753
      -0.267240      26.630178
      -0.074040      26.853608
       0.386443      27.333115
       1.034953      28.030676
       1.907758      28.868610
       2.888549      29.748032
       3.886074      30.686710
       4.907768      31.855891
       5.998241      33.327064
       7.141408      34.909671
       8.333816      36.483500
       9.571602      37.863380
      10.837014      39.036737
      12.130281      40.007346
      13.400926      40.785611
      14.625111      41.427189
      15.781646      41.917302
      16.837853      42.364799
      17.689399      42.732981
      17.826647      42.951377
      17.466865      43.111319
      17.101050      43.164260
      16.863431      43.044000
      16.618649      42.795364
      16.305179      42.460545
      15.854711      42.013826
      15.115294      41.494581
      14.011760      40.927373
      12.672466      40.229875
      11.378987      39.522457
      10.303368      38.874127
       9.424589      38.296447
       8.626325      37.855092
       7.771010      37.584121
       6.735736      37.495570
       5.612499      37.586828
       4.774768      37.718614
       4.060797      37.829272
       3.423681      37.809516
       2.989391      37.678099
       2.623078      37.472283
       2.267408      37.299145
       1.999754      37.167488
       1.713954      37.097034
       1.521041      37.054800
       1.476428      37.029308
       1.568936      36.998694
       1.672874      37.024519
       1.661695      37.077788
       1.644947      37.097593
       1.609639      37.111617
       1.582694      37.153852
       1.586154      37.202949
       1.604017      37.236450
       1.624344      37.244722
       1.575165      37.242655
       1.546457      37.219876
       1.493490      37.200433
       1.448351      37.220488
       1.461034      37.240537
       1.485229      37.250246
       1.461215      37.236501
       1.458503      37.212753
       1.535249      37.131604
       1.934335      36.646399
       2.547233      35.175382
       3.191391      32.298647
       3.633553      28.130449
       3.724653      23.397088
       3.706613      18.725398
       3.666992      14.503854
       3.612244      10.577327
       3.335219       6.943661
       2.941713       3.453782
       2.429037       0.312818
       1.907817      -2.390130
       1.378655      -4.735963
       0.821847      -6.490363
       0.454151      -7.786748
       0.275889      -9.084465
      -0.136561     -10.840605
      -0.906114     -12.702992
      -1.685076     -14.433882
      -2.393663     -15.689906
      -2.938397     -16.510640
      -3.367567     -16.941152
      -3.716096     -17.111174
      -4.036227     -17.185905
      -4.273675     -17.240836
      -4.522978     -17.356680
      -4.852384     -17.688535
      -5.640782     -18.605897
      -7.524082     -20.180768
     -11.264134     -22.368077
     -15.366090     -24.536563
     -18.631091     -26.226724
     -20.852515     -27.098055
     -22.142567     -27.141365
     -23.016861     -26.774949
     -23.907253     -26.542356
     -24.845528     -26.605186
     -25.988497     -26.775485
     -27.292358     -26.874032
     -28.787318     -26.695459
     -30.545208     -26.147837
     -32.464121     -24.958130
     -34.253713     -23.348829
     -35.625684     -21.042593
     -36.467484     -18.512557
     -37.024560     -15.904165
     -37.381695     -13.262167
     -37.669718     -10.671824
     -37.991708      -7.706411
     -38.297273      -4.884741
     -38.718768      -1.251288
     -39.166743       2.795990
     -39.717792       6.723895
     -40.398018      10.138134
     -41.450877      12.962148
     -42.883121      15.270995
     -44.363382      17.424649
     -45.574548      19.765635
     -46.592605      22.822594
     -47.431957      26.152558
     -48.057080      29.470504
     -48.527813      32.829107
     -48.779980      36.319250
     -48.794755      39.939617
     -48.461208      43.658268
     -47.748421      47.336613
     -46.841114      50.870176
     -45.817409      54.254826
     -44.490116      57.518571
     -42.971228      60.546493
     -41.354922      63.400951
     -39.497317      66.150711
     -37.351251      68.924387
     -35.114720      71.379685
     -32.920183      73.249790
     -30.785820      74.874595
     -28.603997      76.414811
     -26.001684      77.807752
     -23.145113      79.060184
     -20.114974      80.337722
     -16.696773      81.588503
     -13.142820      82.730088
      -9.727759      83.677596
      -6.629810      84.542301
      -3.765433      85.390794
      -1.095630      86.226659
       1.412277      86.936999
       3.976242      87.454281
       6.661140      87.912065
       9.497326      88.280092
      12.124649      88.767620
      14.375043      89.440231
      16.332812      90.168639
      18.159868      90.744623
      19.924838      91.434359
      21.521949      92.029374
      23.045801      92.828791
      24.547520      93.596434
      25.981496      94.272202
      27.376591      94.797304
      28.960347      95.174695
      31.000826      95.571688
      33.222183      96.031037
      35.406013      96.335543
      37.073172      96.273849
      37.741925      95.645088
      38.385481      94.947716
      39.379405      94.157722
      40.283343      93.239443
      41.019000      92.167158
      41.552039      90.926839
      42.132944      89.575402
      43.146721      87.763557
      44.145835      85.276266
      44.988179      82.326780
      45.650818      79.221491
      46.373529      76.262606
      47.138558      73.292449
      47.826230      69.954028
      48.345111      66.547564
      48.421337      63.171321
      48.216929      59.988096
      47.995867      56.714102
      47.672476      52.951274
      47.004747      49.059205
      46.097353      45.572936
      44.680293      42.847553
      43.788485      40.648385
      43.305716      39.267873
      43.209911      38.998020
      43.193767      39.865598
      42.667780      41.538886
      42.140502      42.992900
      40.826526      43.800399
      37.731847      43.657957
      33.178883      41.721171
      29.692628      38.160297
      28.210163      33.725767
      27.812360      29.616623
      28.079484      26.366949
      28.849141      23.886863
      29.680393      21.844028
      30.677327      20.315584
      32.125679      18.843403
      34.321884      17.217608
      36.964814      15.600430
      39.957719      13.785839
      42.966613      11.663301
      45.499017       9.686305
      48.089496       7.488012
      50.309962       5.815930
      51.917617       5.723159
      53.342226       7.065334
      54.613517       8.589878
      55.155153       9.626398
      55.357167      10.541801
      55.529916      11.143442
      55.638102      11.504167
      55.684651      11.348762
      55.986234      11.484733
      56.241567      11.986791
      56.669622      12.717811
      57.167141      14.001967
      57.556446      15.762197
      57.927027      17.714989
      58.170413      19.444830
      58.170364      21.019726
      58.074399      22.389375
      57.973266      23.552962
      58.004594      24.338731
      57.784848      24.812167
      57.608446      25.276232
      57.452428      25.689829
      57.408506      26.166687
      57.312323      26.484890
      57.209718      26.753711
      57.069360      26.936467
      56.941771      27.044472
      56.086575      26.634394
      54.311746      25.568678
      52.720478      24.029764
      51.142013      22.627250
      48.241428      22.055415
      44.019125      22.342252
      39.092389      23.289350
      34.348573      24.689491
      30.190187      25.886189
      26.415286      26.433481
      23.545910      26.041786
      21.817535      25.587958
      20.846259      25.332724
      20.393072      25.230056
      20.455585      25.226799
      21.319336      25.275316
      23.497767      25.350537
      26.803285      25.384954
      30.990733      25.411419
      35.542211      25.428662
      40.056926      25.373049
      44.562656      25.767925
      48.722949      26.530308
      51.913838      27.571697
      54.287776      29.118948
      55.505150      30.724661
      55.950335      31.834690
      56.789522      32.784473
      58.021754      34.587063
      59.372793      36.533452
      60.515515      38.739866
      61.072411      40.851812
      61.116217      42.873179
      60.959850      44.717774
      61.030549      46.158911
      61.207155      47.025798
      61.201924      47.159924
      61.037485      46.682105
      61.051570      46.170763
      60.980487      46.195825
      60.891978      46.735586
      60.766327      47.656798
      60.643459      48.789781
      60.366803      49.685645
      60.207259      50.156407
      60.167300      50.064046
      60.260929      49.747295
      60.266544      49.616665
      60.215113      49.754313
      60.068746      50.208542
      59.662141      50.849757
      59.111995      51.780503
      58.488718      52.683837
      57.821785      53.781155
      56.838967      54.980830
      55.464191      56.142304
      53.769061      57.042019
      52.108964      57.856333
      50.552050      58.445670
      49.197451      58.900040
      48.152870      59.228137
      47.479594      59.342063
      46.912561      59.074096
      46.403812      58.734702
      45.825516      58.529468
      45.266127      58.230407
      44.813535      57.716097
      44.487100      56.987470
      44.201808      56.276781
      43.928270      55.526176
      43.707081      54.813326
      43.414834      54.069419
      43.018792      53.404284
      42.579951      52.839903
      42.161707      52.407156
      41.854068      51.904357
      41.685015      51.378094
      41.658646      50.859427
      41.680697      50.474887
      41.709247      50.178001
      41.749502      49.909816
      41.794308      49.614625
      41.849916      49.260087
      41.911129      48.964357
      42.019489      48.699038
      42.081829      48.433009
      42.098984      48.154798
      42.115435      47.893515
      42.102194      47.647482
      42.090902      47.425205
      42.098333      47.175404
      42.114993      46.945705
      42.148273      46.657038
      42.151226      46.379989
      42.176871      46.117981
      42.172495      45.821994
      42.187586      45.451428
      42.148904      45.142429
      42.081023      44.904561
      42.004388      44.779449
      41.912843      44.668825
      41.840041      44.585124
      41.795813      44.430200
      41.717775      44.260966
      41.608726      44.061887
      41.516607      43.940777
      41.456934      43.791739
      41.349861      43.695055
      41.119453      43.610514
      40.916420      43.654790
      40.703153      43.777751
      40.528621      43.869354
      40.394360      43.886228
      40.234438      43.760057
      40.101997      43.570735
      39.956153      43.481283
      39.716417      43.531092
      39.458487      43.684064
      39.257509      43.969312
      39.223764      44.348325
      39.234037      44.785870
      39.272400      45.123574
      39.194880      45.379476
      39.071944      45.632410
      38.704847      45.882887
      38.393697      46.175556
      38.162121      46.449308
      38.049266      46.442008
      37.857144      46.399013
      37.451840      46.416091
      36.832236      46.779556
      36.139924      47.334330
      35.295251      47.977706
      34.383274      48.487330
      33.440378      48.760872
      32.765946      48.660944
      32.213365      48.308003
      31.483197      47.962980
      30.752712      47.858870
      30.062325      47.779618
      29.473154      47.659921
      28.974556      47.416565
      28.516590      47.135363
      27.977074      46.853475
      27.495663      46.586125
      27.086065      46.253342
      26.621204      45.959773
      26.168248      45.698368
      25.775084      45.559273
      25.391226      45.526440
      24.967407      45.539141
      24.588198      45.574577
      24.347399      45.655602
      24.223185      45.795310
      24.185065      45.918824
      24.069837      46.040322
      23.880029      46.213116
      23.708387      46.494522
      23.900730      46.968247
      24.306680      47.782668
      24.450846      48.716183
      24.312550      49.831836
      24.252019      50.838755
      24.309006      51.421166
      24.352474      51.603188
      24.298124      51.721039
      24.451213      51.938211
      24.823885      52.325918
      25.821360      52.466431
      27.033379      52.343908
      27.648577      52.223639
      28.627884      52.480065
      29.039376      52.688835
