      -5.519521      10.328457
      -5.432428      10.339726
      -5.401436      10.372904
      -5.389615      10.384208
      -5.413228      10.342003
      -5.397059      10.258979
      -5.390663      10.181187
      -5.370060      10.122235
      -5.340352      10.089311
      -5.363033      10.079549
      -5.370043      10.108152
      -5.388884      10.125363
      -5.439792      10.105514
      -5.497491      10.088437
      -5.515302      10.131705
      -5.530764      10.234362
      -5.553459      10.355650
      -5.576938      10.446662
      -5.587115      10.481351
      -5.576787      10.474676
      -5.565824      10.462598
      -5.564813      10.475671
      -5.550900      10.489806
      -5.569548      10.455529
      -5.560897      10.328988
      -5.521647       9.946945
      -5.479182       9.164151
      -5.376454       7.898097
      -5.257548       6.402643
      -5.142797       5.006195
      -5.052206       3.809812
      -4.994512       2.827582
      -4.934790       2.013965
      -4.910101       1.373806
      -4.844259       0.886401
      -4.795609       0.539441
      -4.748728       0.320467
      -4.720283       0.190590
      -4.719122       0.118850
      -4.694303       0.049836
      -4.686425       0.050331
      -4.699494       0.129720
      -4.710159       0.229120
      -4.672051       0.319087
      -4.657683       0.392803
      -4.623392       0.666028
      -4.601938       1.715121
      -4.771748       4.138045
      -5.225771       8.046682
      -6.207522      13.110470
      -7.098741      18.909266
      -7.669108      25.032970
      -7.947919      30.793215
      -8.051225      35.820793
      -8.084565      40.131756
      -8.179408      43.765453
      -8.094064      46.753251
      -7.849671      49.339353
      -7.376560      51.396779
      -6.700460      53.051994
      -5.967595      54.564462
      -5.233043      56.153301
      -4.384077      58.016892
      -3.277712      60.544793
      -2.108203      63.871762
      -0.951345      67.636271
       0.116202      71.215882
       1.187082      74.028405
       2.159471      75.992473
       3.114595      77.394623
       4.013083      78.465903
       4.746578      79.223035
       5.390699      79.619057
       5.834782      79.572658
       6.216045      79.225988
       6.466665      78.800751
       6.607935      78.397050
       6.732855      78.022486
       6.893748      77.706279
       7.050245      77.419341
       7.207275      77.157484
       7.283508      76.875655
       7.351539      76.578755
       7.309718      76.156898
       7.245768      75.678209
       7.134863      75.121017
       7.028121      74.588099
       6.926158      74.121747
       6.952516      73.870969
       6.897569      73.713757
       6.930411      73.621255
       6.982957      73.555846
       6.972138      73.536554
       6.960455      73.548094
       7.066908      73.700400
       7.348119      74.160594
       7.560523      74.942302
       7.856370      75.981560
       8.187255      76.980305
       8.408719      77.723900
       8.462441      78.163990
       8.309440      78.281550
       8.004781      78.130525
       7.713500      77.869504
       7.466313      77.655844
       7.286670      77.528658
       7.094041      77.447531
       6.948855      77.338787
       6.744940      77.193596
       6.641411      77.104251
       6.540514      77.031774
       6.449706      76.934945
       6.343792      76.834152
       6.232770      76.747405
       6.126165      76.684536
       5.996179      76.654767
       5.855496      76.591548
       5.727866      76.505982
       5.631949      76.399128
       5.574107      76.357692
       5.476360      76.326258
       5.423952      76.277100
       5.314879      76.190222
       5.279113      76.082270
       5.155826      75.972734
       5.103251      75.869872
       4.990288      75.737562
       4.960471      75.609468
       4.865500      75.488781
       4.824331      75.431924
       4.730683      75.366869
       4.675242      75.281546
       4.570038      75.149022
       4.502993      74.993107
       4.376698      74.810220
       4.228529      74.614269
       4.036501      74.363734
       3.836736      74.032193
       3.765936      73.721888
       3.664976      73.487672
       3.611996      73.314583
       3.524073      73.138224
       3.464328      72.968593
       3.403904      72.816471
       3.424259      72.738666
       3.381498      72.681917
       3.387042      72.594529
       3.332980      72.498860
       3.343015      72.442917
       3.337183      72.440435
       3.325899      72.446798
       3.325043      72.417116
       3.311635      72.362694
       3.376517      72.218362
       3.619372      71.527528
       4.083042      69.624551
       4.728947      66.066393
       5.316244      60.699125
       5.734768      53.481200
       5.929352      44.505678
       5.996712      34.497485
       6.157225      24.395461
       6.315407      15.152252
       6.614134       7.605571
       6.483695       1.858292
       6.479082      -2.491019
       6.253995      -5.895484
       5.937057      -8.407568
       5.561753     -10.062790
       5.186807     -11.011278
       4.771615     -11.594102
       4.401734     -12.115275
       3.868489     -12.798269
       3.345961     -13.561018
       2.847254     -14.266441
       2.333771     -14.823750
       1.808001     -15.157321
       1.404429     -15.268722
       1.139378     -15.243876
       0.880738     -15.109243
       0.711876     -14.940662
       0.527028     -14.712344
       0.359931     -14.365922
       0.175496     -13.953922
      -0.015643     -13.605816
      -0.236520     -13.294759
      -0.461706     -12.917782
      -0.962114     -11.917845
      -2.045040      -9.628000
      -3.828806      -5.519537
      -6.001804      -0.044013
      -8.297983       6.256289
     -10.798893      12.724384
     -13.163822      18.764287
     -15.798842      24.218542
     -18.135346      28.904326
     -20.262629      33.160735
     -21.879380      36.972893
     -22.825965      40.377453
     -23.509319      43.375278
     -24.082511      46.005463
     -24.554679      48.345674
     -24.999680      50.283452
     -25.313434      51.706842
     -25.708468      52.742553
     -25.967095      53.635619
     -26.027652      54.470196
     -25.947122      55.260978
     -25.788125      56.161198
     -25.421748      57.539665
     -24.683784      59.790881
     -23.465472      63.007581
     -21.410347      67.293646
     -18.553067      72.412012
     -15.363303      77.746573
     -11.798257      82.759269
      -8.320400      87.001170
      -5.519581      90.149055
      -3.435455      92.068891
      -1.837395      93.210942
      -0.616116      94.085857
       0.315877      94.956508
       0.920094      95.908523
       1.671728      96.831202
       2.213723      97.608365
       2.578959      98.194345
       2.828770      98.594020
       2.924859      98.828342
       2.954654      98.917692
       2.888485      98.819599
       2.871921      98.624639
       2.883298      98.368023
       2.886875      98.081138
       2.888232      97.855228
       2.728191      97.650203
       2.672366      97.529059
       2.480031      97.406857
       2.420613      97.328173
       2.368998      97.177828
       2.342940      96.981770
       2.343367      96.737967
       2.403017      96.492211
       2.473710      96.317144
       2.460141      96.181915
       2.464548      96.071661
       2.388680      95.918490
       2.409823      95.746532
       2.398565      95.544849
       2.404607      95.385548
       2.449949      95.240993
       2.505714      95.163261
       2.510512      95.035842
       2.525872      94.920906
       2.479758      94.750900
       2.498624      94.592639
       2.467472      94.391412
       2.572884      94.235609
       2.544370      94.115271
       2.602266      94.050857
       2.591894      94.015032
       2.599046      94.023833
       2.542240      93.983733
       2.555202      93.953532
       2.532626      93.902174
       2.536676      93.852535
       2.514399      93.777591
       2.564084      93.694128
       2.520090      93.573645
       2.479004      93.446041
       2.405742      93.302915
       2.356868      93.181343
       2.365811      93.082017
       2.383728      93.024947
       2.376844      92.935374
       2.348702      92.769516
       2.276186      92.475657
       2.125296      91.729317
       1.844263      90.215703
       1.673724      88.229443
       1.531492      85.924960
       1.495367      83.438572
       1.348153      80.995640
       1.492640      78.914740
       1.447730      77.296594
       1.417118      76.116988
       1.287050      75.338878
       1.298552      74.810420
       1.333552      74.485970
       1.421109      74.261343
       1.418883      73.988155
       1.285194      73.611604
       0.915539      73.107212
       0.814538      72.584917
       0.664568      72.208687
       0.477635      72.074706
       0.352206      72.093070
       0.384627      72.218916
       0.366757      72.405178
       0.337907      72.566145
       0.253619      72.694967
       0.234952      72.761577
       0.182100      72.850873
       0.134806      72.969064
       0.061855      73.146554
      -0.001856      73.352448
      -0.074066      73.597592
      -0.129724      73.809135
      -0.167152      73.990608
      -0.231741      74.194097
      -0.271170      74.401633
      -0.302528      74.614599
      -0.298452      74.751655
      -0.305790      74.863818
      -0.324664      74.977487
      -0.336619      75.096357
      -0.329062      75.201318
      -0.334740      75.287501
      -0.333299      75.364081
      -0.353239      75.433095
      -0.365735      75.518690
      -0.435038      75.631640
      -0.507913      75.739355
      -0.596306      75.834329
      -0.653650      75.885007
      -0.701672      75.897567
      -0.703895      75.952558
      -0.736707      76.073999
      -0.761833      76.193914
      -0.752264      76.282846
      -0.765599      76.363900
      -0.801391      76.434769
      -0.819887      76.477758
      -0.813358      76.512379
      -0.828446      76.546320
      -0.853401      76.549414
      -0.857523      76.565291
      -0.861285      76.567739
      -0.897217      76.563587
      -0.949623      76.567433
      -0.943840      76.554509
      -0.945488      76.545246
      -0.922513      76.552653
      -0.870117      76.581815
      -0.861934      76.620613
      -0.891163      76.621730
      -0.887768      76.612978
      -0.894200      76.622968
      -0.865127      76.620734
      -0.854317      76.616839
      -0.831029      76.631323
      -0.822811      76.642941
      -0.835573      76.658128
      -0.857582      76.678518
      -0.868387      76.694828
      -0.881478      76.728502
      -0.893284      76.757503
      -0.888193      76.770122
      -0.896461      76.774100
      -0.876026      76.764522
      -0.869318      76.734947
      -0.855709      76.722163
      -0.848841      76.715184
      -0.841570      76.698194
      -0.824334      76.676255
      -0.827275      76.667760
      -0.834522      76.657691
      -0.821661      76.638239
      -0.836083      76.597149
      -0.834422      76.554203
      -0.856117      76.543294
      -0.850500      76.549331
      -0.863607      76.558919
      -0.867520      76.562450
      -0.887601      76.581324
      -0.900699      76.614916
      -0.893154      76.628136
      -0.887027      76.615829
      -0.882399      76.606246
      -0.901713      76.629763
      -0.919517      76.629778
      -0.929346      76.602792
      -0.920721      76.582665
      -0.928052      76.562931
      -0.921906      76.523152
      -0.916433      76.476073
      -0.930144      76.435473
      -0.962189      76.398710
      -0.980091      76.374765
      -0.993077      76.378077
      -0.998856      76.366241
      -1.015031      76.340416
      -1.051270      76.315140
      -1.078543      76.321804
      -1.108799      76.346060
      -1.100863      76.355546
      -1.116982      76.329031
      -1.119978      76.346992
      -1.147713      76.396466
      -1.129850      76.425103
      -1.119485      76.426871
      -1.136241      76.438640
      -1.111751      76.470851
      -1.084209      76.507925
      -1.064748      76.494719
      -1.068245      76.456057
      -1.074933      76.410192
      -1.100242      76.385402
      -1.105443      76.354084
      -1.113645      76.313732
      -1.119854      76.287926
      -1.097583      76.266288
      -1.109249      76.241911
      -1.108555      76.215683
      -1.129013      76.211593
      -1.122501      76.204512
      -1.103210      76.192714
      -1.103129      76.190392
      -1.097469      76.187978
      -1.095147      76.188309
      -1.110441      76.192393
      -1.120075      76.195808
      -1.130801      76.211613
      -1.146318      76.238550
      -1.140187      76.257978
      -1.134805      76.274992
      -1.153796      76.306708
      -1.147810      76.333189
      -1.136261      76.331926
      -1.131765      76.318967
      -1.156712      76.320201
      -1.186521      76.302939
      -1.193077      76.243873
      -1.172723      76.172606
      -1.168604      76.131666
      -1.175502      76.105390
      -1.182976      76.082503
      -1.203763      76.071002
